month,day_of_month,hour,lozaradiante_zonanorth_heating_rate,lozaradiante_zonasouth_heating_rate,lozaradiante_zonaeast_heating_rate,lozaradiante_zonawest_heating_rate,outdoor_temperature,outdoor_humidity,north_perimeter_air_temperature,south_perimeter_air_temperature,east_perimeter_air_temperature,west_perimeter_air_temperature,north_perimeter_air_humidity,south_perimeter_air_humidity,east_perimeter_air_humidity,west_perimeter_air_humidity,heat_pump_power,total_electricity_HVAC
-1.481285033214008,0.6681144931180489,-1.6613247691510074,0.3048345725838086,93.58952937729923,0.093899609495756,0.09298421688104433,1.286455154044659,-0.7242950309363673,0.8364845872655785,1.9268335517011799,1.3134875406093685,1.285115146032655,0.41390077802624936,0.21675417881679274,0.5398448786584663,0.546918180008268,0.8471188671773779,0.840283736778472
-1.481285033214008,0.6681144931180489,-1.5168617455966513,-0.7030746009502787,-0.010684955963028146,-0.6865507261215884,0.03651341507679374,1.230694387668533,-0.6293212720588123,0.8036341903834795,1.8904124888620835,1.2617910684036149,1.252334117831597,0.41390077802624936,0.2414586124958111,0.564083844408582,0.5625762198339781,-0.9059415452679693,-0.9142082782632215
-1.481285033214008,0.6681144931180489,-1.372398722042295,-0.7030746009502787,-0.010684955963028146,-0.6865507261215884,-0.6874206446824462,1.1888738843617719,-0.5564903535975286,0.7433306492142263,1.8043589785281615,1.1377104175662076,1.196925196392856,0.41390077802624936,0.30067694766590686,0.6233899033609014,0.5893962710092762,-1.2676136780735823,-1.2761757670616813
-1.481285033214008,0.6681144931180489,-1.227935698487939,-0.7030746009502787,-0.010684955963028146,-0.6865507261215884,-0.6874206446824462,1.1470533810550105,-0.4822605076951512,0.6514557305565878,1.685080102096441,0.9252998332102733,1.0583373860744718,0.41390077802624936,0.38439051214006115,0.7277584002277017,0.6578539870962913,-1.2676136780735823,-1.2761757670616813
-1.481285033214008,0.6681144931180489,-1.083472674933583,-0.7030746009502787,-0.010684955963028146,-0.6865507261215884,-0.6874206446824462,1.1191728549162814,-0.43197805473009104,0.5577590593269215,1.5729892820623574,0.7283608914740695,0.8618904588076308,0.41390077802624936,0.4647621090298908,0.8276444006233689,0.7575976506444637,-1.2676136780735823,-1.2761757670616813
-1.481285033214008,0.6681144931180489,-0.9390096513792268,-0.7030746009502787,-0.010684955963028146,-0.6865507261215884,-0.6874206446824462,1.1470533810550105,-0.4822605076951512,0.46705657511352044,1.4667861140693932,0.5456270826649493,0.6720991771980348,0.41390077802624936,0.5424820163652174,0.9231229417426878,0.8569762343222037,-1.2676136780735823,-1.2761757670616813
-1.481285033214008,0.6681144931180489,-0.7945466278248707,-0.7030746009502787,-0.010684955963028146,-0.6865507261215884,-0.6874206446824462,1.2446346507378976,-0.6532905660128199,0.3861187108420037,1.3757271949924068,0.40691857642450946,0.5013268160311736,0.41390077802624936,0.6103678719642387,0.9974592110550579,0.949035315956499,-1.2676136780735823,-1.2761757670616813
-1.481285033214008,0.6681144931180489,-0.6500836042705146,-0.7030746009502787,-0.010684955963028146,-0.6865507261215884,-0.6874206446824462,1.4816179793117654,-1.0384450394269833,0.33130854489084277,1.3192128323074714,0.31180601933600194,0.4004090324599688,0.41390077802624936,0.6531144958514907,1.0494478422928044,1.0046885979753895,-1.2676136780735823,-1.2761757670616813
-1.481285033214008,0.6681144931180489,-0.5056205807161585,-0.7030746009502787,-0.010684955963028146,-0.6865507261215884,-0.6874206446824462,1.7464818340243624,-1.423049477932393,0.28773230183538745,1.2755605749914956,0.23292103211833362,0.3230394912202658,0.41390077802624936,0.6864777732802888,1.0932621904500948,1.0480697812874675,-1.2676136780735823,-1.2761757670616813
-1.481285033214008,0.6681144931180489,-0.3611575571618023,-0.7030746009502787,-0.010684955963028146,-0.6865507261215884,-0.6874206446824462,1.9834654484995626,-1.7308365566677009,0.258167729315973,1.2489429885479757,0.18460385311737182,0.2553315810954263,0.41390077802624936,0.7070251135730076,1.1205249816536438,1.086605359046532,-1.2676136780735823,-1.2761757670616813
-1.481285033214008,0.6681144931180489,-0.2166945336074462,-0.7030746009502787,-0.010684955963028146,-0.6865507261215884,-0.6874206446824462,2.1925682509347015,-1.9770404859613357,0.23946762879377326,1.2342259457715923,0.1482472335829648,0.20890236986914373,0.41390077802624936,0.7185202673280037,1.141321128134359,1.1134317423487696,-1.2676136780735823,-1.2761757670616813
-1.481285033214008,0.6681144931180489,-0.07223151005309006,-0.7030746009502787,-0.010684955963028146,-0.6865507261215884,-0.6874206446824462,2.331970309825682,-2.1291597007736884,0.2276497773098333,1.2257841019740383,0.12147729670899941,0.17428145722854166,0.41390077802624936,0.7252225199304051,1.1568408152245535,1.133693675157775,-1.2676136780735823,-1.2761757670616813
-1.481285033214008,0.6681144931180489,0.07223151350126605,-0.7030746009502787,-0.010684955963028146,-0.6865507261215884,-0.6874206446824462,2.443491842577934,-2.2444254360215927,0.22115267265955788,1.2215489166780924,0.10317672897081068,0.147887537813853,0.41390077802624936,0.7286975299282986,1.1676197130719703,1.1493200543487887,-1.2676136780735823,-1.2761757670616813
-1.481285033214008,0.6681144931180489,0.2166945370556222,-0.7030746009502787,-0.010684955963028146,-0.6865507261215884,-0.6874206446824462,2.5131928720234242,-2.3137099867281785,0.21760398234785852,1.2192389421122078,0.08977808421842964,0.12725332740539733,0.41390077802624936,0.7306936481695633,1.1756257046404233,1.1616585312138614,-1.2676136780735823,-1.2761757670616813
-1.481285033214008,0.6681144931180489,0.3611575606099783,-0.7030746009502787,-0.010684955963028146,-0.6865507261215884,-0.6874206446824462,2.5131928720234242,-2.3137099867281785,0.21345893943540928,1.2146210803068533,0.07603545941209017,0.10737102023539308,0.41390077802624936,0.7344771623148632,1.1838103975051273,1.1735646766534218,-1.2676136780735823,-1.2761757670616813
-1.481285033214008,0.6681144931180489,0.5056205841643344,-0.7030746009502787,-0.010684955963028146,-0.6865507261215884,-0.6874206446824462,2.429551865409902,-2.2303184436459427,0.20461565810586774,1.2027434972302817,0.05621889283368461,0.08243859239674207,0.41390077802624936,0.7438855747352939,1.1954259817614479,1.18839451794531,-1.2676136780735823,-1.2761757670616813
-1.481285033214008,0.6681144931180489,0.6500836077186906,-0.7030746009502787,-0.010684955963028146,-0.6865507261215884,-0.6874206446824462,2.3180300467563177,-2.1143580355248925,0.19073476664893874,1.1840090468805795,0.02977552979407977,0.051799349177939644,0.41390077802624936,0.7586301448303928,1.21080600424632,1.2065515644200036,-1.2676136780735823,-1.2761757670616813
-1.481285033214008,0.6681144931180489,0.7945466312730467,-0.7030746009502787,-0.010684955963028146,-0.6865507261215884,-0.6874206446824462,2.178628273766669,-1.9613166966556415,0.17153051277676296,1.1586821239369742,-0.011405928039344261,0.00712295134518996,0.41390077802624936,0.7785522821868835,1.2346912542025212,1.2330106843597604,-1.2676136780735823,-1.2761757670616813
-1.481285033214008,0.6681144931180489,0.9390096548274028,-0.7030746009502787,-0.010684955963028146,-0.6865507261215884,-0.6874206446824462,1.969525185430198,-1.7136077568713188,0.1443166942043835,1.1233610821185596,-0.06461839908531458,-0.048740041529758735,0.41390077802624936,0.8064015300185247,1.2656499525549911,1.2662307690770727,-1.2676136780735823,-1.2761757670616813
-1.481285033214008,0.6681144931180489,1.083472678381759,-0.7030746009502787,-0.010684955963028146,-0.6865507261215884,-0.6874206446824462,1.8161828634698527,-1.516944155466769,0.11294410091624806,1.0838834776324955,-0.12137096365045716,-0.10745440772454923,0.41390077802624936,0.837692527244667,1.298864537902126,1.301377567177577,-1.2676136780735823,-1.2761757670616813
-1.481285033214008,0.6681144931180489,1.227935701936115,-0.7030746009502787,-0.010684955963028146,-0.6865507261215884,-0.6874206446824462,1.6907210676482367,-1.3458148581672225,0.07959085847496403,1.0433601226125386,-0.1786540034795356,-0.16619481385833373,0.41390077802624936,0.8700146031759689,1.332628673109334,1.3368069091490977,-1.2676136780735823,-1.2761757670616813
-1.481285033214008,0.6681144931180489,1.3723987254904713,-0.7030746009502787,-0.010684955963028146,-0.6865507261215884,-0.6874206446824462,1.5652592718266205,-1.1648545138652195,0.04452898736508403,1.001686650737941,-0.23694163083969272,-0.22552111861948296,0.41390077802624936,0.9034795905658649,1.367254651704044,1.3728851849572965,-1.2676136780735823,-1.2761757670616813
-1.481285033214008,0.6681144931180489,1.5168617490448273,-0.7030746009502787,-0.010684955963028146,-0.6865507261215884,-0.6874206446824462,1.4676780021437335,-1.0169117773085923,0.00924936908848284,0.9606219824010388,-0.2937895151788238,-0.2831051887123156,0.41390077802624936,0.9366871698077689,1.4012989836039176,1.4081979284534518,-1.2676136780735823,-1.2761757670616813
-1.481285033214008,0.6681144931180489,1.6613247725991833,-0.7030746009502787,-0.010684955963028146,-0.6865507261215884,-0.6874206446824462,1.3700964465595138,-0.8623293825253509,-0.026166913325790207,0.9199852159792026,-0.3495880531364816,-0.3393807518707003,0.41390077802624936,0.9697800240698561,1.4349880816163405,1.4429997348103654,-1.2676136780735823,-1.2761757670616813
0.48543435034820953,0.6681144931180489,-1.6613247691510074,-0.7030746009502787,-0.010684955963028146,-0.6865507261215884,0.6828701212144573,-1.968656687177283,1.0784898955540754,-0.1551059307945108,1.0082429430073179,-0.313344159595661,-0.604036858088015,-9.851007846327608,-2.2712286139405524,-1.4315977976267706,-1.3742401810640967,-0.4645999926117958,-1.2761757670616813
0.48543435034820953,0.6681144931180489,-1.5168617455966513,2.32310581619491,-0.010684955963028146,-0.6865507261215884,-0.6874206446824462,-1.968656687177283,1.0784898955540754,-0.6390839922360111,0.6295942778041008,-0.7893288386465476,-0.8015823452811649,-8.16794836993851,-2.1629130488050734,-1.3288380461672404,-1.3293850314449882,0.9994895281856166,-1.2761757670616813
0.48543435034820953,0.6681144931180489,-1.372398722042295,-0.7030746009502787,-0.010684955963028146,1.42612159295597,1.1378941889480771,-1.968656687177283,1.0784898955540754,-0.7033795647951526,0.27921705734052027,-1.4508455835238163,-1.1109539092397203,-7.045091638044716,-2.055497809640404,-1.1724040374686147,-1.2561760366614347,1.0190791558686292,-1.2761757670616813
0.48543435034820953,0.6681144931180489,-1.227935698487939,2.358180776541324,-0.010684955963028146,-0.6865507261215884,-0.6874206446824462,-1.968656687177283,1.0784898955540754,-0.8245522666508176,-0.014412715655121625,-1.398816735410503,-1.1238282178279673,-6.236280461299437,-1.9597640318135,-1.1853194350976064,-1.253048621001025,1.0574853374858157,-1.2761757670616813
0.48543435034820953,0.6681144931180489,-1.083472674933583,-0.7030746009502787,-0.010684955963028146,1.3641772498399873,1.256457247454193,-1.968656687177283,1.0784898955540754,-0.8255272246855963,-0.2728091145417769,-1.4625293012120046,-1.2585002723201304,-5.296514689227235,-1.8709235140396374,-1.1694889725735187,-1.2199365099654882,1.026683713916955,-1.2761757670616813
0.48543435034820953,0.6681144931180489,-0.9390096513792268,0.82074722036339,-0.010684955963028146,0.40529250836318137,0.36321668268565166,-1.968656687177283,1.0784898955540754,-0.947910286918441,-0.4665220509308306,-1.3508858087110944,-1.1999323807821811,-4.16182678018554,-1.8013483572147018,-1.1971218532941215,-1.2344265998947008,1.0638185747655917,-1.2761757670616813
0.48543435034820953,0.6681144931180489,-0.7945466278248707,0.7672682348578395,-0.010684955963028146,0.44503104407858995,0.41445208232229697,-1.968656687177283,1.0784898955540754,-0.9934129058092135,-0.640738662828723,-1.2984566175470296,-1.1803039630173682,-3.4960866749703237,-1.7365000623733065,-1.2099280566237656,-1.239251680622463,1.0660630230105914,-1.2761757670616813
0.48543435034820953,0.6681144931180489,-0.6500836042705146,0.7675520366272414,-0.010684955963028146,0.44017062761612524,0.41873192292356043,-1.968656687177283,1.0784898955540754,-1.0445978756873948,-0.7890285933264463,-1.2752019081642394,-1.1897035672461047,-2.5533351609485924,-1.6795407970263663,-1.2155737380493197,-1.236942856130864,1.0634903644272102,-1.2761757670616813
0.48543435034820953,0.6681144931180489,-0.5056205807161585,0.7715956743378664,-0.010684955963028146,0.4345910908493705,0.4194279892790776,-1.968656687177283,1.0784898955540754,-1.0760110104900549,-0.9189646626574608,-1.272374640780981,-1.2073317921969418,-1.6850071078224826,-1.62825559780305,-1.2162587235398645,-1.2326036023837912,1.0612329747011793,-1.2761757670616813
0.48543435034820953,0.6681144931180489,-0.3611575571618023,0.7755348572305866,-0.010684955963028146,0.4300436355433328,0.41923386468766666,-1.968656687177283,1.0784898955540754,-1.102353186500154,-1.0326599409291741,-1.2799944206268603,-1.2288529880273802,-0.8579414494856183,-1.58229667448093,-1.2144119627531824,-1.2272887643896533,1.0595473467968302,-1.2761757670616813
0.48543435034820953,0.6681144931180489,-0.2166945336074462,0.7870689624749128,-0.010684955963028146,0.43489725305019333,0.42707572419253537,-1.968656687177283,1.0784898955540754,-1.1123067822113548,-1.119392528123428,-1.2819207089290277,-1.23696036028354,-0.2827354681425215,-1.5465400797210818,-1.213944715249817,-1.225281807673696,1.0576429719144909,-1.2761757670616813
0.48543435034820953,0.6681144931180489,-0.07223151005309006,0.7900186912820764,-0.010684955963028146,0.43226668482727115,0.4264816360033036,-1.968656687177283,1.0784898955540754,-1.1255063146661113,-1.200503249506734,-1.2882698347442605,-1.2492023866030892,0.41390077802624936,-1.5125446098089659,-1.2124037418754092,-1.222246317028509,1.0562467299054288,-1.2761757670616813
0.48543435034820953,0.6681144931180489,0.07223151350126605,0.7919769951580625,-0.010684955963028146,0.43060052230697504,0.4262133549812297,-1.968656687177283,1.0784898955540754,-1.1407420773826389,-1.2729181690453328,-1.2989589113125688,-1.2647409064496586,0.41390077802624936,-1.4817308299358425,-1.2098058500941085,-1.218384374643138,1.0554774307552246,-1.2761757670616813
0.48543435034820953,0.6681144931180489,0.2166945370556222,0.7933289952539629,-0.010684955963028146,0.42943643650821955,0.4260260289342378,-1.968656687177283,1.0784898955540754,-1.155990264111682,-1.3374273397872856,-1.3118585777698102,-1.2813381125659524,0.41390077802624936,-1.453907853160504,-1.2066648061326368,-1.2142486223549425,1.055119383113354,-1.2761757670616813
0.48543435034820953,0.6681144931180489,0.3611575606099783,0.7942791220109944,-0.010684955963028146,0.4286229676200067,0.4259045964716149,-1.968656687177283,1.0784898955540754,-1.1708434980218072,-1.3943936086410589,-1.3262278264816738,-1.298392645110828,0.41390077802624936,-1.4290412137852322,-1.203158118499467,-1.2099872100993825,1.0550733689585754,-1.2761757670616813
0.48543435034820953,0.6681144931180489,0.5056205841643344,0.7949468803408938,-0.010684955963028146,0.428053110541058,0.42582928951805027,-1.968656687177283,1.0784898955540754,-1.1852651609708638,-1.4448456796414901,-1.3415585616094214,-1.3156221334958198,0.41390077802624936,-1.4067828805687344,-1.1994081021595087,-1.2056699004473925,1.0552656937461264,-1.2761757670616813
0.48543435034820953,0.6681144931180489,0.6500836077186906,0.7954128061624403,-0.010684955963028146,0.4276546917426521,0.42578651098470593,-1.968656687177283,1.0784898955540754,-1.199203595222602,-1.4894810676989105,-1.3573891038999086,-1.3327645508348003,0.41390077802624936,-1.3869043676268378,-1.1955259032466559,-1.2013623073350164,1.0556395587537022,-1.2761757670616813
0.48543435034820953,0.6681144931180489,0.7945466312730467,0.795732889408044,-0.010684955963028146,0.42737729435400085,0.4257658015724757,-1.968656687177283,1.0784898955540754,-1.2125836028065327,-1.5290946962896823,-1.3733149659643844,-1.3495708902111394,0.41390077802624936,-1.3691142831515626,-1.1916101978407558,-1.1971273153332374,1.056148230855356,-1.2761757670616813
0.48543435034820953,0.6681144931180489,0.9390096548274028,0.7959473532451488,-0.010684955963028146,0.42718587760391347,0.42576004895796726,-1.968656687177283,1.0784898955540754,-1.2253652961035266,-1.5642758872382951,-1.3890518462160828,-1.3658743332656573,0.41390077802624936,-1.35319739729632,-1.1877312519854806,-1.1930079392354025,1.0567534248363692,-1.2761757670616813
0.48543435034820953,0.6681144931180489,1.083472678381759,0.7960855811902836,-0.010684955963028146,0.42705512845767896,0.4257639188986366,-1.968656687177283,1.0784898955540754,-1.2375244809839485,-1.5955405580569786,-1.4043916988874294,-1.3815560727766938,0.41390077802624936,-1.3389587257991944,-1.1839405724258047,-1.189035075453991,1.0574244046792927,-1.2761757670616813
0.48543435034820953,0.6681144931180489,1.227935701936115,0.7961688046258184,-0.010684955963028146,0.4269673696307263,0.42577364604680534,-1.968656687177283,1.0784898955540754,-1.2490461178537002,-1.6233496599957022,-1.4191869855456416,-1.3965331064387052,0.41390077802624936,-1.3262189506245061,-1.180275786194374,-1.1852313231317004,1.0581365456216076,-1.2761757670616813
0.48543435034820953,0.6681144931180489,1.3723987254904713,0.7962129694845037,-0.010684955963028146,0.4269097354070661,0.42578682476367913,-1.968656687177283,1.0784898955540754,-1.2599249755496174,-1.64811126536859,-1.433335755475932,-1.410753354373704,0.41390077802624936,-1.3148163481137318,-1.176762700881302,-1.18161120249065,1.0588698962133911,-1.2761757670616813
0.48543435034820953,0.6681144931180489,1.5168617490448273,0.7962293633367135,-0.010684955963028146,0.4268729164474865,0.42580146778242783,-1.968656687177283,1.0784898955540754,-1.270151899536162,-1.6701245576284525,-1.44675926625631,-1.4241712466884504,0.41390077802624936,-1.304631613928617,-1.1734224613608417,-1.1781873777847185,1.0596088188317296,-1.2761757670616813
0.48543435034820953,0.6681144931180489,1.6613247725991833,0.7962267654038496,-0.010684955963028146,0.42685084599160206,0.42581663376613177,-1.968656687177283,1.0784898955540754,-1.2797556612107388,-1.6896810666979116,-1.4594525446811764,-1.43680631333719,0.41390077802624936,-1.2955461667875021,-1.1702572363380448,-1.1749564646012316,1.0603418099379287,-1.2761757670616813
0.48543435034820953,0.6681144931180489,-1.6613247691510074,0.7962112673905585,-0.010684955963028146,0.4268386078715145,0.42583148597086257,-1.968656687177283,1.0784898955540754,-1.2887336449917655,-1.7071892127788273,-1.4713733185029358,-1.4486365831213968,0.41390077802624936,-1.2873823757867635,-1.1672785199496847,-1.1719253409401404,1.0610598823923834,-1.2761757670616813
0.48543435034820953,0.6681144931180489,-1.5168617455966513,0.796187169323649,-0.010684955963028146,0.42683295950839717,0.42584560602465593,-1.968656687177283,1.0784898955540754,-1.297111352799669,-1.722871644022128,-1.4825340207355875,-1.4596848409876901,0.41390077802624936,-1.280045761531258,-1.1644846856669728,-1.169089093944337,1.0617565654545775,-1.2761757670616813
0.48543435034820953,0.6681144931180489,-1.372398722042295,0.7961578753910119,-0.010684955963028146,0.42683170431659334,0.4258584709625566,-1.968656687177283,1.0784898955540754,-1.3049149404502713,-1.7369196986825182,-1.4929537153339283,-1.4699811956155322,0.41390077802624936,-1.2734541365879655,-1.1618718298208162,-1.1664412823122796,1.0624270060691245,-1.2761757670616813
0.48543435034820953,0.6681144931180489,-1.227935698487939,0.7961256251899435,-0.010684955963028146,0.42683295950839717,0.42587028997054654,-1.968656687177283,1.0784898955540754,-1.3121718715501864,-1.7495114952807405,-1.5026572683259558,-1.4795565694324782,0.41390077802624936,-1.2675301339011693,-1.1594346390838384,-1.1639750280440166,1.0630676093801823,-1.2761757670616813
0.48543435034820953,0.6681144931180489,-1.083472674933583,0.7960921208143891,-0.010684955963028146,0.4268358882892728,0.4258806446766617,-1.968656687177283,1.0784898955540754,-1.3189083019152366,-1.7608067142875394,-1.5116728612100665,-1.488442698614177,0.41390077802624936,-1.2622033759622426,-1.1571667157761372,-1.1616826889173804,1.0636765779598298,-1.2761757670616813
0.48543435034820953,0.6681144931180489,-0.9390096513792268,0.796058437271051,-0.010684955963028146,0.4268396538646844,0.42588995345286623,-1.968656687177283,1.0784898955540754,-1.325151695152035,-1.770946946011396,-1.5200319909550566,-1.4966745743286518,0.41390077802624936,-1.2574111978662434,-1.155061011606295,-1.159555967662588,1.0642524738657302,-1.2761757670616813
0.48543435034820953,0.6681144931180489,-0.7945466278248707,0.7960253808149559,-0.010684955963028146,0.42684352403941295,0.42589779792719584,-1.968656687177283,1.0784898955540754,-1.330918398645471,-1.7800389919872086,-1.5277528926481236,-1.504273354026335,0.41390077802624936,-1.253106118896735,-1.1531135144699665,-1.157590388120941,1.064794218641131,-1.2761757670616813
0.48543435034820953,0.6681144931180489,-0.6500836042705146,0.7959935785333468,-0.010684955963028146,0.42684760341277544,0.42590470106460593,-1.968656687177283,1.0784898955540754,-1.336245684433091,-1.7882115706772332,-1.5348844694776618,-1.511287862592841,0.41390077802624936,-1.249229812488348,-1.1513126217951253,-1.155773831911573,1.0653025312572004,-1.2761757670616813
0.48543435034820953,0.6681144931180489,-0.5056205807161585,0.7959633887617912,-0.010684955963028146,0.42685147358750397,0.4259106628650965,-1.968656687177283,1.0784898955540754,-1.3411636317030913,-1.7955676568512742,-1.5414665070884666,-1.5177604149290345,0.41390077802624936,-1.2457352799623764,-1.1496485744090397,-1.154095818272653,1.065778310427899,-1.2761757670616813
0.48543435034820953,0.6681144931180489,-0.3611575571618023,0.7959349010841807,-0.010684955963028146,0.4268550299642816,0.4259157879216585,-1.968656687177283,1.0784898955540754,-1.3456990501666892,-1.8021931787800807,-1.5475354756549333,-1.523725188454845,0.41390077802624936,-1.2425832352437989,-1.148112697491503,-1.1525477224105918,1.0662222751243953,-1.2761757670616813
0.48543435034820953,0.6681144931180489,-0.2166945336074462,0.7959082946682993,-0.010684955963028146,0.4268582725431082,0.4259201808272831,-1.968656687177283,1.0784898955540754,-1.3498780956397076,-1.80816501965327,-1.553123701013458,-1.5292163605902025,0.41390077802624936,-1.239738730597167,-1.146697075269077,-1.1511211378810038,1.066635863289026,-1.2761757670616813
0.48543435034820953,0.6681144931180489,-0.07223151005309006,0.7958833903463631,-0.010684955963028146,0.42686120132398386,0.4259238415819703,-1.968656687177283,1.0784898955540754,-1.3537256161471776,-1.8135506696915924,-1.5582651667356369,-1.5342681087550363,0.41390077802624936,-1.2371706745888749,-1.1453935750978184,-1.1498076582395045,1.067020153378544,-1.2761757670616813
0.48543435034820953,0.6681144931180489,0.07223151350126605,0.7958601881183722,-0.010684955963028146,0.42686339790964056,0.42592666559272896,-1.968656687177283,1.0784898955540754,-1.3572494584338455,-1.8183904838724039,-1.5629714769678682,-1.5388918254226567,0.41390077802624936,-1.23486026774744,-1.1441993776611599,-1.148604663295636,1.0673756846213251,-1.2761757670616813
0.48543435034820953,0.6681144931180489,0.2166945370556222,0.7958389567360022,-0.010684955963028146,0.42686538529666335,0.42592917582451445,-1.968656687177283,1.0784898955540754,-1.3604842789556766,-1.8227582143956993,-1.5672898771633463,-1.5431330804863026,0.41390077802624936,-1.2327735264128747,-1.143102988822328,-1.1475002530177367,1.067704613930875,-1.2761757670616813
0.48543435034820953,0.6681144931180489,0.3611575606099783,0.7958193378636856,-0.010684955963028146,0.42686716348505216,0.4259312676843357,-1.968656687177283,1.0784898955540754,-1.3634562335284928,-1.8267063923095888,-1.5712543508936674,-1.5470268651139976,0.41390077802624936,-1.2308856256420675,-1.1420955168906115,-1.1464855842630117,1.0680085589923225,-1.2761757670616813
0.48543435034820953,0.6681144931180489,0.5056205841643344,0.7958013315014225,-0.010684955963028146,0.42686873247480694,0.42593294117219266,-1.968656687177283,1.0784898955540754,-1.366184939014161,-1.830277112030107,-1.5748930796572276,-1.550600032992829,0.41390077802624936,-1.22917704290694,-1.141170564186108,-1.14555377903151,1.0682894969763808,-1.2761757670616813
0.48543435034820953,0.6681144931180489,0.6500836077186906,0.7957848480653208,-0.010684955963028146,0.42686998766661083,0.4259344054740675,-1.968656687177283,1.0784898955540754,-1.3686893583791524,-1.833507945432723,-1.5782301006144244,-1.5538769965656039,0.41390077802624936,-1.2276297017926054,-1.1403215161584102,-1.1446989418947018,1.0685486860825943,-1.2761757670616813
0.48543435034820953,0.6681144931180489,0.7945466312730467,0.7957697083875971,-0.010684955963028146,0.4268710336597807,0.4259356605899603,-1.968656687177283,1.0784898955540754,-1.3709864929037516,-1.8364326376278124,-1.5812902797932546,-1.5568813545270352,0.41390077802624936,-1.2262284181105585,-1.139542734174384,-1.1439147407256478,1.0687875642533002,-1.2761757670616813
0.48543435034820953,0.6681144931180489,0.9390096548274028,0.7957558228843593,-0.010684955963028146,0.42687197505363356,0.4259366019268798,-1.968656687177283,1.0784898955540754,-1.373092036077452,-1.8390811069606556,-1.584093510016116,-1.559634264327556,0.41390077802624936,-1.2249587307288894,-1.138828904906653,-1.1431958259688302,1.0690075694308352,-1.2761757670616813
0.48543435034820953,0.6681144931180489,1.083472678381759,0.7957430123878237,-0.010684955963028146,0.42687218425226753,0.425936915705853,-1.968656687177283,1.0784898955540754,-1.3750014106324846,-1.8414290012897454,-1.5866323314746091,-1.5621275884862305,0.41390077802624936,-1.2238324495719914,-1.1381820886250158,-1.1425444902908994,1.0692085218724072,-1.2761757670616813
0.48543435034820953,0.6681144931180489,1.227935701936115,0.7957314560657743,-0.010684955963028146,0.4268726026495355,0.42593743867080835,-1.968656687177283,1.0784898955540754,-1.3767263866859696,-1.8435619009980948,-1.5889291235939316,-1.5643824844534913,0.41390077802624936,-1.222808842451652,-1.137596863566844,-1.1419550566125305,1.0693929379771057,-1.2761757670616813
0.48543435034820953,0.6681144931180489,1.3723987254904713,0.7957207955826433,-0.010684955963028146,0.4268729164474865,0.4259377524497815,-1.968656687177283,1.0784898955540754,-1.3782937739491248,-1.8455020709007963,-1.5910178699456792,-1.5664339433973615,0.41390077802624936,-1.2218775455566693,-1.1370642296061733,-1.141418900140134,1.069561716458891,-1.2761757670616813
0.48543435034820953,0.6681144931180489,1.5168617490448273,0.795711030938431,-0.010684955963028146,0.42687323024543744,0.4259381708217458,-1.968656687177283,1.0784898955540754,-1.3797238431792125,-1.8472651659459627,-1.5929250942930488,-1.5683063777606479,0.41390077802624936,-1.2210308462833581,-1.136577897498354,-1.1409291428737582,1.0697164750028925,-1.2761757670616813
0.48543435034820953,0.6681144931180489,1.6613247725991833,0.7957020725492453,-0.010684955963028146,0.4268735440433884,0.4259384846007189,-1.968656687177283,1.0784898955540754,-1.3810309800749352,-1.8488671889694415,-1.5946665451204385,-1.570016062505222,0.41390077802624936,-1.2202610320280334,-1.1361336382685356,-1.1404817453531146,1.0698579325802782,-1.2761757670616813
0.48543435034820953,0.6681144931180489,-1.6613247691510074,0.7956937412473026,-0.010684955963028146,0.42687375324202237,0.4259386937867011,-1.968656687177283,1.0784898955540754,-1.3822256469626217,-1.850323447031609,-1.596258799779846,-1.571579272592955,0.41390077802624936,-1.2195613542624706,-1.1357273313771201,-1.140072668117914,1.069987527133385,-1.2761757670616813
0.48543435034820953,0.6681144931180489,-1.5168617455966513,0.7956861266164948,-0.010684955963028146,0.42687323024543744,0.42593827541473683,-1.968656687177283,1.0784898955540754,-1.383290188666592,-1.8516245471635984,-1.597672847905275,-1.5729683405886656,0.41390077802624936,-1.2189359103073774,-1.1353664588565353,-1.1397092258665176,1.0701036409770839,-1.2761757670616813
0.48543435034820953,0.6681144931180489,-1.372398722042295,0.7956795869923893,-0.010684955963028146,0.42687302104680347,0.4259381708217458,-1.968656687177283,1.0784898955540754,-1.384258607747415,-1.8528042344757842,-1.5989575926851198,-1.5742304638817806,0.41390077802624936,-1.2183687929176532,-1.1350384422174824,-1.1393787543450464,1.0702091499960489,-1.2761757670616813
0.48543435034820953,0.6681144931180489,-1.227935698487939,0.7956736744555267,-0.010684955963028146,0.4268729164474865,0.4259381708217458,-1.968656687177283,1.0784898955540754,-1.3851459437991887,-1.8538795554672225,-1.6001370712797773,-1.5753884274189194,0.41390077802624936,-1.2178515664330174,-1.1347374259563214,-1.1390755764741758,1.0703056718754085,-1.2761757670616813
0.48543435034820953,0.6681144931180489,-1.083472674933583,0.7956682994220153,-0.010684955963028146,0.4268729164474865,0.42593827541473683,-1.968656687177283,1.0784898955540754,-1.3859593896712643,-1.854860250994516,-1.6012179146300467,-1.576450368681018,0.41390077802624936,-1.217379892513897,-1.1344612413680013,-1.1387973995872553,1.0703939255863315,-1.2761757670616813
0.48543435034820953,0.6681144931180489,-0.9390096513792268,0.7956634618918551,-0.010684955963028146,0.4268729164474865,0.42593827541473683,-1.968656687177283,1.0784898955540754,-1.3867054843175972,-1.8557546703633248,-1.6022100691471268,-1.577424425149012,0.41390077802624936,-1.2169496738395842,-1.1342079366179756,-1.1385423677160442,1.0704746300999861,-1.2761757670616813
0.48543435034820953,0.6681144931180489,-0.7945466278248707,0.7956588931133705,-0.010684955963028146,0.4268729164474865,0.4259383800077279,-1.968656687177283,1.0784898955540754,-1.3873888050059566,-1.8565704671038368,-1.603118508036617,-1.578316293059556,0.41390077802624936,-1.2165570541082367,-1.1339757767422027,-1.1383085157176989,1.0705485043875407,-1.2761757670616813
0.48543435034820953,0.6681144931180489,-0.6500836042705146,0.795654772254345,-0.010684955963028146,0.42687302104680347,0.4259384846007189,-1.968656687177283,1.0784898955540754,-1.3880152367949021,-1.8573145989707684,-1.6039515199745165,-1.579134109893586,0.41390077802624936,-1.2161989000746072,-1.1337630267766416,-1.138094315147786,1.0706162674201638,-1.2761757670616813
0.48543435034820953,0.6681144931180489,-0.5056205807161585,0.795651009730887,-0.010684955963028146,0.42687302104680347,0.42593858919371,-1.968656687177283,1.0784898955540754,-1.388589356952203,-1.8579936758311009,-1.6047140781664244,-1.5798835718877569,0.41390077802624936,-1.2158720784934487,-1.1335680601925038,-1.137898019212667,1.0706782786834397,-1.2761757670616813
0.48543435034820953,0.6681144931180489,-0.3611575571618023,0.7956475159591047,-0.010684955963028146,0.42687312564612045,0.42593858919371,-1.968656687177283,1.0784898955540754,-1.3891150888502326,-1.8586139596640787,-1.6054136424207397,-1.5805695615306297,0.41390077802624936,-1.2155734561195142,-1.1333893588962527,-1.1377180994679086,1.0707352571485365,-1.2761757670616813
0.48543435034820953,0.6681144931180489,-0.2166945336074462,0.7956442909389978,-0.010684955963028146,0.42687312564612045,0.4259386937867011,-1.968656687177283,1.0784898955540754,-1.3895963558613642,-1.8591799730102676,-1.6060535282078625,-1.5811985888069533,0.41390077802624936,-1.2153008637830167,-1.13322573010011,-1.1375533549928838,1.0707872028154546,-1.2761757670616813
0.48543435034820953,0.6681144931180489,-0.07223151005309006,0.7956413346705665,-0.010684955963028146,0.42687323024543744,0.4259387983796921,-1.968656687177283,1.0784898955540754,-1.3900377352533666,-1.859696934185705,-1.6066403664685915,-1.5817747224571952,0.41390077802624936,-1.2150521323141705,-1.1330757641457925,-1.1374022573431593,1.0708350143981542,-1.2761757670616813
0.48543435034820953,0.6681144931180489,0.07223151350126605,0.7956386471538108,-0.010684955963028146,0.42687323024543744,0.4259387983796921,-1.968656687177283,1.0784898955540754,-1.390441842607822,-1.8601690178432209,-1.6071774726733268,-1.5823020312218234,0.41390077802624936,-1.2148246105054583,-1.132938485116027,-1.1372640422965183,1.0708786918966353,-1.2761757670616813
0.48543435034820953,0.6681144931180489,0.2166945370556222,0.7956362283887307,-0.010684955963028146,0.4268733348447544,0.4259389029726832,-1.968656687177283,1.0784898955540754,-1.3908119474017084,-1.8606000507479095,-1.6076698200276671,-1.582784583841306,0.41390077802624936,-1.2146170932625546,-1.132812591787782,-1.1371373997577319,1.0709185947964823,-1.2761757670616813
0.48543435034820953,0.6681144931180489,0.3611575606099783,0.7956339887914342,-0.010684955963028146,0.4268733348447544,0.4259389029726832,-1.968656687177283,1.0784898955540754,-1.3911506652166081,-1.8609942075526003,-1.608119895134413,-1.5832272628042037,0.41390077802624936,-1.2144271703968077,-1.1326974335495426,-1.1370213471553785,1.0709552623260716,-1.2761757670616813
0.48543435034820953,0.6681144931180489,0.5056205841643344,0.7956319283619215,-0.010684955963028146,0.4268734394440714,0.42593900756567427,-1.968656687177283,1.0784898955540754,-1.3914612655294987,-1.8613542713591802,-1.608532671199163,-1.5836325093547976,0.41390077802624936,-1.2142538778327567,-1.1325919260487827,-1.1369151202672412,1.070988874228195,-1.2761757670616813
0.48543435034820953,0.6681144931180489,0.6500836077186906,0.7956300471001926,-0.010684955963028146,0.4268734394440714,0.42593900756567427,-1.968656687177283,1.0784898955540754,-1.3917457100265669,-1.8616837210450075,-1.6089106348247173,-1.584003578485462,0.41390077802624936,-1.2140950464006155,-1.1324953102387343,-1.1368177365218985,1.0710196102456446,-1.2761757670616813
0.48543435034820953,0.6681144931180489,0.7945466312730467,0.7956282554223554,-0.010684955963028146,0.4268734394440714,0.42593900756567427,-1.968656687177283,1.0784898955540754,-1.392006614289395,-1.8619846439364969,-1.6092571014814754,-1.584343725188571,0.41390077802624936,-1.2139501940626538,-1.1324067186373767,-1.1367286500463385,1.071047829864005,-1.2761757670616813
0.48543435034820953,0.6681144931180489,0.9390096548274028,0.7956267324961939,-0.010684955963028146,0.4268734394440714,0.42593900756567427,-1.968656687177283,1.0784898955540754,-1.3922452861087742,-1.8622594752477994,-1.6095737289046372,-1.5846545769603118,0.41390077802624936,-1.2138176336868152,-1.1323257175036998,-1.1366469874437417,1.071073712826068,-1.2761757670616813
0.48543435034820953,0.6681144931180489,1.083472678381759,0.7956252991539242,-0.010684955963028146,0.4268735440433884,0.4259391121586653,-1.968656687177283,1.0784898955540754,-1.3924636871708909,-1.8625109980808017,-1.609864661432202,-1.584940202541152,0.41390077802624936,-1.213696401197639,-1.1322513309204303,-1.1365722028410963,1.0710972591318335,-1.2761757670616813
0.48543435034820953,0.6681144931180489,1.227935701936115,0.7956239553955463,-0.010684955963028146,0.4268735440433884,0.4259391121586653,-1.968656687177283,1.0784898955540754,-1.3926637791619318,-1.8627412997619184,-1.6101307279317698,-1.585200601931092,0.41390077802624936,-1.213585532519665,-1.1321833420170628,-1.1365038595399926,1.0711190080096782,-1.2761757670616813
0.48543435034820953,0.6681144931180489,1.3723987254904713,0.7956227012210603,-0.010684955963028146,0.4268735440433884,0.4259391121586653,-1.968656687177283,1.0784898955540754,-1.392847523768084,-1.8629514239543574,-1.6103735861385404,-1.5854398438705992,0.41390077802624936,-1.213484304596297,-1.1321211001820823,-1.1364410841436114,1.0711387797168095,-1.2761757670616813
0.48543435034820953,0.6681144931180489,1.5168617490448273,0.7956216262143581,-0.010684955963028146,0.4268735440433884,0.4259391121586653,-1.968656687177283,1.0784898955540754,-1.3930155748847428,-1.8631438058722691,-1.6105965515229135,-1.5856587421077675,0.41390077802624936,-1.2133915123332102,-1.1320640632392254,-1.136383658302748,1.071156933738812,-1.2761757670616813
0.48543435034820953,0.6681144931180489,1.6613247725991833,0.7956206407915476,-0.010684955963028146,0.4268735440433884,0.4259391121586653,-1.968656687177283,1.0784898955540754,-1.3931692403026992,-1.863319837066597,-1.6108012818200887,-1.5858597378868773,0.41390077802624936,-1.2133066736926734,-1.1320117974474821,-1.1363310361443901,1.0711734700756854,-1.2761757670616813
0.48543435034820953,0.6681144931180489,-1.6613247691510074,0.7956197449526291,-0.010684955963028146,0.4268735440433884,0.4259391121586653,-1.968656687177283,1.0784898955540754,-1.3933098278127443,-1.8634809090882847,-1.6109877770300662,-1.5860428312079289,0.41390077802624936,-1.2132290656180915,-1.1319639775010946,-1.1362828901447308,1.0711887482130142,-1.2761757670616813
0.48543435034820953,0.6681144931180489,-1.5168617455966513,0.7956188491137105,-0.010684955963028146,0.4268735440433884,0.4259391121586653,-1.968656687177283,1.0784898955540754,-1.3934392991010651,-1.8636284134882748,-1.6111593526232455,-1.5862112770632961,0.41390077802624936,-1.213158206071734,-1.1319200612237998,-1.1362387836053605,1.0712027681507985,-1.2761757670616813
0.48543435034820953,0.6681144931180489,-1.372398722042295,0.7956180428586838,-0.010684955963028146,0.4268735440433884,0.4259391121586653,-1.968656687177283,1.0784898955540754,-1.3935570002722657,-1.8637630460420396,-1.6113160085996265,-1.5863650754529794,0.41390077802624936,-1.2130931309781405,-1.131880048615598,-1.1361982798278691,1.0712155298890378,-1.2761757670616813
0.48543435034820953,0.6681144931180489,-1.227935698487939,0.7956174157714407,-0.010684955963028146,0.4268735440433884,0.4259391121586653,-1.968656687177283,1.0784898955540754,-1.3936655469079284,-1.863886198300522,-1.6114602315620092,-1.5865058538731656,0.41390077802624936,-1.213033840337311,-1.1318432890649734,-1.1361613788122573,1.0712272131705245,-1.2761757670616813
0.48543435034820953,0.6681144931180489,-1.083472674933583,0.795616699100306,-0.010684955963028146,0.4268735440433884,0.4259391121586653,-1.968656687177283,1.0784898955540754,-1.393764285112658,-1.8639992618146652,-1.6115911926427933,-1.586635239820042,0.41390077802624936,-1.2129793700737845,-1.1318096741366739,-1.1361274255109104,1.0712379977380508,-1.2761757670616813
0.48543435034820953,0.6681144931180489,-0.9390096513792268,0.7956161615969548,-0.010684955963028146,0.4268735440433884,0.4259391121586653,-1.968656687177283,1.0784898955540754,-1.3938551765726406,-1.8641025844722057,-1.6117122073123789,-1.5867532332936085,0.41390077802624936,-1.2129297201875613,-1.1317787700896886,-1.1360965290984306,1.0712477038488244,-1.2761757670616813
0.48543435034820953,0.6681144931180489,-0.7945466278248707,0.7956156240936036,-0.010684955963028146,0.4268735440433884,0.4259391121586653,-1.968656687177283,1.0784898955540754,-1.3939382212878766,-1.8641968620486145,-1.6118224467031654,-1.5868622755381459,0.41390077802624936,-1.2128841676220459,-1.131750576924018,-1.1360680345272036,1.0712566909884296,-1.2761757670616813
0.48543435034820953,0.6681144931180489,-0.6500836042705146,0.7956150865902525,-0.010684955963028146,0.4268735440433884,0.4259391121586653,-1.968656687177283,1.0784898955540754,-1.3940147270491572,-1.8642834860948352,-1.6119235685503532,-1.586960739057467,0.41390077802624936,-1.212842471358373,-1.1317246608986515,-1.1360420509718319,1.0712649591568664,-1.2761757670616813
0.48543435034820953,0.6681144931180489,-0.5056205807161585,0.7956146386707932,-0.010684955963028146,0.4268736486427054,0.4259391121586653,-1.968656687177283,1.0784898955540754,-1.3940840399610863,-1.8643624566108676,-1.612015572853942,-1.5870518788439458,0.41390077802624936,-1.2128043903776775,-1.131701022013589,-1.136018141733906,1.0712725083541348,-1.2761757670616813
0.48543435034820953,0.6681144931180489,-0.3611575571618023,0.7956142803352257,-0.010684955963028146,0.4268736486427054,0.42593921675165636,-1.968656687177283,1.0784898955540754,-1.3941481217098513,-1.8644351651476554,-1.6121001173491318,-1.5871348811494892,0.41390077802624936,-1.2127694426422293,-1.1316794433983257,-1.1359963068134253,1.0712793385802346,-1.2761757670616813
0.48543435034820953,0.6681144931180489,-0.2166945336074462,0.7956138324157666,-0.010684955963028146,0.4268736486427054,0.42593921675165636,-1.968656687177283,1.0784898955540754,-1.394206318400056,-1.8645012638174623,-1.6121780309035225,-1.587211373470284,0.41390077802624936,-1.2127373871331628,-1.1316595997471037,-1.1359764370357883,1.0712858093207505,-1.2761757670616813
0.48543435034820953,0.6681144931180489,-0.07223151005309006,0.7956134740801991,-0.010684955963028146,0.4268736486427054,0.42593921675165636,-1.968656687177283,1.0784898955540754,-1.3942599378224918,-1.864562144171232,-1.6122493135171139,-1.5872805420582368,0.41390077802624936,-1.2127082238504783,-1.1316413826246703,-1.1359580957025848,1.0712915610900977,-1.2761757670616813
0.48543435034820953,0.6681144931180489,0.07223151350126605,0.7956132053285235,-0.010684955963028146,0.4268736486427054,0.42593921675165636,-1.968656687177283,1.0784898955540754,-1.3943089799771586,-1.864617458321228,-1.612313965189906,-1.5873448281576283,0.41390077802624936,-1.2126814707564453,-1.131624683595773,-1.1359413919884171,1.0712967736310688,-1.2761757670616813
0.48543435034820953,0.6681144931180489,0.2166945370556222,0.795612936576848,-0.010684955963028146,0.4268736486427054,0.42593921675165636,-1.968656687177283,1.0784898955540754,-1.3943540987594523,-1.8646682499306588,-1.6123736436570988,-1.5874034180203647,0.41390077802624936,-1.212656886832199,-1.131609502660412,-1.1359259983694785,1.0713016266864555,-1.2761757670616813
0.48543435034820953,0.6681144931180489,0.3611575606099783,0.7956126678251724,-0.010684955963028146,0.4268736486427054,0.42593921675165636,-1.968656687177283,1.0784898955540754,-1.3943946402739769,-1.8647148668872595,-1.6124283489186921,-1.5874571253945398,0.41390077802624936,-1.212634472077739,-1.1315955145128291,-1.1359119148457686,1.0713061202562582,-1.2761757670616813
0.48543435034820953,0.6681144931180489,0.5056205841643344,0.7956123990734968,-0.010684955963028146,0.4268736486427054,0.42593921675165636,-1.968656687177283,1.0784898955540754,-1.3944325662069195,-1.864757657078766,-1.6124780809746861,-1.5875059502801536,0.41390077802624936,-1.2126139854742002,-1.1315828275882773,-1.1358991414172876,1.0713102543404764,-1.2761757670616813
0.48543435034820953,0.6681144931180489,0.6500836077186906,0.7956121303218212,-0.010684955963028146,0.4268736486427054,0.42593921675165636,-1.968656687177283,1.0784898955540754,-1.394467222662884,-1.8647966205051785,-1.6125236686926807,-1.5875507064252994,0.41390077802624936,-1.2125951860027178,-1.1315710081457462,-1.135887350560228,1.0713140289391108,-1.2761757670616813
0.48543435034820953,0.6681144931180489,0.7945466312730467,0.7956119511540375,-0.010684955963028146,0.4268736486427054,0.42593921675165636,-1.968656687177283,1.0784898955540754,-1.3944986096418708,-1.8648321050542327,-1.6125659409402755,-1.5875913938299775,0.41390077802624936,-1.212577832644426,-1.1315603814909934,-1.1358765422745902,1.0713174440521607,-1.2761757670616813
0.48543435034820953,0.6681144931180489,0.9390096548274028,0.7956117719862538,-0.010684955963028146,0.4268736486427054,0.42593921675165636,-1.968656687177283,1.0784898955540754,-1.3945273810392755,-1.8648648065014004,-1.612604068849871,-1.587629639990375,0.41390077802624936,-1.2125621664181907,-1.1315506223182612,-1.1358666073857717,1.0713204996796264,-1.2761757670616813
0.48543435034820953,0.6681144931180489,1.083472678381759,0.79561159281847,-0.010684955963028146,0.4268736486427054,0.42593921675165636,-1.968656687177283,1.0784898955540754,-1.3945541907504935,-1.8648947248466814,-1.6126388812890669,-1.5876638174103046,0.41390077802624936,-1.212547705286281,-1.1315416221922971,-1.1358575458937723,1.0713233755643001,-1.2761757670616813
0.48543435034820953,0.6681144931180489,1.227935701936115,0.7956114136506864,-0.010684955963028146,0.4268736486427054,0.42593921675165636,-1.968656687177283,1.0784898955540754,-1.394578384880129,-1.8649222079778118,-1.612671207125463,-1.5876955535859536,0.41390077802624936,-1.2125344492486971,-1.1315332726778486,-1.1358493577985922,1.0713258919633895,-1.2761757670616813
0.48543435034820953,0.6681144931180489,1.3723987254904713,0.7956113240667946,-0.010684955963028146,0.4268736486427054,0.42593921675165636,-1.968656687177283,1.0784898955540754,-1.394600617323578,-1.8649472558947913,-1.6127010463590592,-1.5877240347692283,0.41390077802624936,-1.212522398305439,-1.1315257906454206,-1.135841715576424,1.071328408362479,-1.2761757670616813
0.48543435034820953,0.6681144931180489,1.5168617490448273,0.7956111448990109,-0.010684955963028146,0.4268736486427054,0.42593921675165636,-1.968656687177283,1.0784898955540754,-1.3946208880808404,-1.8649702164853557,-1.612727570122256,-1.5877508884563158,0.41390077802624936,-1.2125113114376416,-1.1315188507892555,-1.1358348375764729,1.0713305652759841,-1.2761757670616813
0.48543435034820953,0.6681144931180489,1.6613247725991833,0.795611055315119,-0.010684955963028146,0.4268736486427054,0.42593921675165636,-1.968656687177283,1.0784898955540754,-1.394639197151916,-1.8649914376372412,-1.612752436150253,-1.5877753008991227,0.41390077802624936,-1.2125011886453048,-1.1315126699798583,-1.135828396274931,1.0713325424466973,-1.2761757670616813
0.48543435034820953,0.6681144931180489,-1.6613247691510074,0.7956109657312271,-0.010684955963028146,0.4268736486427054,0.42593921675165636,-1.968656687177283,1.0784898955540754,-1.3946561984322006,-1.8650105714627114,-1.6127748155754504,-1.5877972720976488,0.41390077802624936,-1.2124920299284287,-1.131506814476219,-1.1358226100210038,1.0713343398746185,-1.2761757670616813
0.48543435034820953,0.6681144931180489,-1.5168617455966513,0.7956108761473353,-0.010684955963028146,0.4268736486427054,0.42593921675165636,-1.968656687177283,1.0784898955540754,-1.394671891921694,-1.8650283137372388,-1.6127955372654479,-1.587817615799988,0.41390077802624936,-1.212483353249283,-1.1315015011488427,-1.1358173696400884,1.0713361373025394,-1.2761757670616813
0.48543435034820953,0.6681144931180489,-1.372398722042295,0.7956107865634434,-0.010684955963028146,0.4268736486427054,0.42593921675165636,-1.968656687177283,1.0784898955540754,-1.3946862776203963,-1.8650443165730866,-1.6128146012202456,-1.5878363320061397,0.41390077802624936,-1.2124756406455977,-1.1314967299977292,-1.1358124567829804,1.0713375752448762,-1.2761757670616813
0.48543435034820953,0.6681144931180489,-1.227935698487939,0.7956106969795516,-0.010684955963028146,0.4268736486427054,0.42593921675165636,-1.968656687177283,1.0784898955540754,-1.3946993555283076,-1.8650589278579914,-1.6128320074398435,-1.5878534207161046,0.41390077802624936,-1.212468651098508,-1.1314922841523736,-1.1358078714496795,1.0713390131872131,-1.2761757670616813
0.48543435034820953,0.6681144931180489,-1.083472674933583,0.7956106073956597,-0.010684955963028146,0.4268736486427054,0.42593921675165636,-1.968656687177283,1.0784898955540754,-1.3947111256454277,-1.8650724954796887,-1.6128477559242416,-1.5878688819298823,0.41390077802624936,-1.2124621435891487,-1.1314881636127754,-1.1358038319893906,1.07134045112955,-1.2761757670616813
0.48543435034820953,0.6681144931180489,-0.9390096513792268,0.7956105178117678,-0.010684955963028146,0.4268736486427054,0.42593921675165636,-1.968656687177283,1.0784898955540754,-1.394722241867152,-1.8650850194381783,-1.6128626755410398,-1.5878827156474729,0.41390077802624936,-1.2124561181175197,-1.131484368378935,-1.1358001200529089,1.0713415295863025,-1.2761757670616813
0.48543435034820953,0.6681144931180489,-0.7945466278248707,0.795610428227876,-0.010684955963028146,0.4268736486427054,0.42593921675165636,-1.968656687177283,1.0784898955540754,-1.3947320502980856,-1.8650964997334605,-1.6128759374226382,-1.5878965493650634,0.41390077802624936,-1.212450574683621,-1.1314810068861052,-1.135796626465632,1.0713426080430553,-1.2761757670616813
0.48543435034820953,0.6681144931180489,-0.6500836042705146,0.795610428227876,-0.010684955963028146,0.4268736486427054,0.42593921675165636,-1.968656687177283,1.0784898955540754,-1.3947412048336232,-1.8651065884777995,-1.6128875415690367,-1.5879079418383732,0.41390077802624936,-1.2124457543063178,-1.131477970699033,-1.1357934604021624,1.0713436864998078,-1.2761757670616813
0.48543435034820953,0.6681144931180489,-0.5056205807161585,0.7956103386439841,-0.010684955963028146,0.4268736486427054,0.42593921675165636,-1.968656687177283,1.0784898955540754,-1.3947497054737656,-1.8651163293344026,-1.6128991457154354,-1.587919334311683,0.41390077802624936,-1.2124409339290145,-1.1314750429472133,-1.1357906218625,1.0713445852137684,-1.2761757670616813
0.48543435034820953,0.6681144931180489,-0.3611575571618023,0.7956103386439841,-0.010684955963028146,0.4268736486427054,0.42593921675165636,-1.968656687177283,1.0784898955540754,-1.3947575522185123,-1.8651250265277983,-1.612909092126634,-1.5879290992888058,0.41390077802624936,-1.2124368366083067,-1.1314724405011514,-1.1357880016720423,1.0713453041849368,-1.2761757670616813
0.48543435034820953,0.6681144931180489,-0.2166945336074462,0.7956102490600923,-0.010684955963028146,0.4268736486427054,0.42593921675165636,-1.968656687177283,1.0784898955540754,-1.3947647450678633,-1.8651330279457223,-1.612919038537833,-1.587938050517835,0.41390077802624936,-1.2124329803064642,-1.1314699464903422,-1.1357855998307893,1.0713462028988971,-1.2761757670616813
0.48543435034820953,0.6681144931180489,-0.07223151005309006,0.7956102490600923,-0.010684955963028146,0.4268736486427054,0.42593921675165636,-1.968656687177283,1.0784898955540754,-1.394771284021819,-1.8651403335881747,-1.612927327213832,-1.5879470017468642,0.41390077802624936,-1.2124293650234867,-1.1314678862205432,-1.1357834163387415,1.0713469218700657,-1.2761757670616813
0.48543435034820953,0.6681144931180489,0.07223151350126605,0.7956101594762004,-0.010684955963028146,0.4268736486427054,0.42593921675165636,-1.968656687177283,1.0784898955540754,-1.394777169080379,-1.8651469434551553,-1.612934787022231,-1.5879543254797064,0.41390077802624936,-1.2124262317782397,-1.1314658259507442,-1.1357813420212957,1.071347461098442,-1.2761757670616813
0.48543435034820953,0.6681144931180489,0.2166945370556222,0.7956101594762004,-0.010684955963028146,0.4268736486427054,0.42593921675165636,-1.968656687177283,1.0784898955540754,-1.3947824002435436,-1.8651528575466643,-1.61294224683063,-1.5879616492125483,0.41390077802624936,-1.2124233395518578,-1.1314639825514503,-1.1357794860530548,1.0713480003268183,-1.2761757670616813
0.48543435034820953,0.6681144931180489,0.3611575606099783,0.7956100698923085,-0.010684955963028146,0.4268736486427054,0.42593921675165636,-1.968656687177283,1.0784898955540754,-1.394787631406708,-1.8651584237504375,-1.6129488777714294,-1.587968159197297,0.41390077802624936,-1.212420688344341,-1.1314623560226615,-1.1357778484340189,1.0713485395551945,-1.2761757670616813
0.48543435034820953,0.6681144931180489,0.5056205841643344,0.7956100698923085,-0.010684955963028146,0.4268736486427054,0.42593921675165636,-1.968656687177283,1.0784898955540754,-1.3947922086744768,-1.865163642066475,-1.6129546798446286,-1.5879738554339518,0.41390077802624936,-1.2124180371368243,-1.1314607294938728,-1.135776210814983,1.0713490787835709,-1.2761757670616813
0.48543435034820953,0.6681144931180489,0.6500836077186906,0.7956100698923085,-0.010684955963028146,0.4268736486427054,0.42593921675165636,-1.968656687177283,1.0784898955540754,-1.3947961320468503,-1.8651685124947766,-1.6129604819178278,-1.5879795516706068,0.41390077802624936,-1.2124158679670378,-1.131459428270842,-1.1357747915451517,1.0713496180119473,-1.2761757670616813
0.48543435034820953,0.6681144931180489,0.7945466312730467,0.7956100698923085,-0.010684955963028146,0.4268736486427054,0.42593921675165636,-1.968656687177283,1.0784898955540754,-1.3948000554192237,-1.8651726871476064,-1.6129654551234274,-1.587984434159168,0.41390077802624936,-1.2124136987972514,-1.131458127047811,-1.1357735906245252,1.0713499774975315,-1.2761757670616813
0.48543435034820953,0.6681144931180489,0.9390096548274028,0.7956099803084167,-0.010684955963028146,0.4268736486427054,0.42593921675165636,-1.968656687177283,1.0784898955540754,-1.3948033248962013,-1.8651765139127006,-1.6129704283290267,-1.587988502899636,0.41390077802624936,-1.2124120116651953,-1.13145682582478,-1.1357723897038987,1.0713503369831157,-1.2761757670616813
0.48543435034820953,0.6681144931180489,1.083472678381759,0.7956099803084167,-0.010684955963028146,0.4268736486427054,0.42593921675165636,-1.968656687177283,1.0784898955540754,-1.394806594373179,-1.8651803406777947,-1.6129745726670262,-1.5879933853881973,0.41390077802624936,-1.212410083514274,-1.1314557414722541,-1.1357711887832724,1.0713506964686998,-1.2761757670616813
0.48543435034820953,0.6681144931180489,1.227935701936115,0.7956099803084167,-0.010684955963028146,0.4268736486427054,0.42593921675165636,-1.968656687177283,1.0784898955540754,-1.394809863850157,-1.8651834716674172,-1.6129778881374257,-1.5879966403805714,0.41390077802624936,-1.212408637401083,-1.1314548739902335,-1.1357702062118507,1.071351055954284,-1.2761757670616813
0.48543435034820953,0.6681144931180489,1.3723987254904713,0.7956099803084167,-0.010684955963028146,0.4268736486427054,0.42593921675165636,-1.968656687177283,1.0784898955540754,-1.3948124794317391,-1.8651866026570394,-1.6129820324754254,-1.5880007091210393,0.41390077802624936,-1.212407191287892,-1.1314538980729603,-1.135769223640429,1.0713512356970762,-1.2761757670616813
0.48543435034820953,0.6681144931180489,1.5168617490448273,0.7956098907245248,-0.010684955963028146,0.4268736486427054,0.42593921675165636,-1.968656687177283,1.0784898955540754,-1.394814441117926,-1.8651893857589261,-1.612985347945825,-1.58800315036532,0.41390077802624936,-1.212405745174701,-1.1314530305909396,-1.1357685685928147,1.0713515951826604,-1.2761757670616813
0.48543435034820953,0.6681144931180489,1.6613247725991833,0.7956098907245248,-0.010684955963028146,0.4268736486427054,0.42593921675165636,-1.968656687177283,1.0784898955540754,-1.3948170566995082,-1.865191820973077,-1.6129878345486246,-1.5880064053576943,0.41390077802624936,-1.2124045400803751,-1.1314522715441717,-1.1357676951959954,1.0713517749254524,-1.2761757670616813
0.48543435034820953,0.6681144931180489,-1.6613247691510074,0.7956098907245248,-0.010684955963028146,0.4268736486427054,0.42593921675165636,-1.968656687177283,1.0784898955540754,-1.3948190183856948,-1.8651942561872277,-1.6129903211514243,-1.588008846601975,0.41390077802624936,-1.2124035760049146,-1.1314516209326562,-1.135767040148381,1.0713519546682446,-1.2761757670616813
0.48543435034820953,0.6681144931180489,-1.5168617455966513,0.7956098907245248,-0.010684955963028146,0.4268736486427054,0.42593921675165636,-1.968656687177283,1.0784898955540754,-1.3948209800718816,-1.8651963435136427,-1.612992807754224,-1.5880112878462556,0.41390077802624936,-1.2124023709105887,-1.1314509703211406,-1.1357663851007667,1.0713523141538288,-1.2761757670616813
0.48543435034820953,0.6681144931180489,-1.372398722042295,0.7956098907245248,-0.010684955963028146,0.4268736486427054,0.42593921675165636,-1.968656687177283,1.0784898955540754,-1.3948229417580682,-1.8651980829523218,-1.6129952943570236,-1.5880137290905363,0.41390077802624936,-1.2124016478539932,-1.1314504281448778,-1.1357657300531523,1.0713524938966208,-1.2761757670616813
0.48543435034820953,0.6681144931180489,-1.227935698487939,0.7956098907245248,-0.010684955963028146,0.4268736486427054,0.42593921675165636,-1.968656687177283,1.0784898955540754,-1.3948242495488592,-1.8652001702787366,-1.6129977809598235,-1.588016170334817,0.41390077802624936,-1.2124006837785326,-1.1314498859686148,-1.1357651841801402,1.071352673639413,-1.2761757670616813
0.48543435034820953,0.6681144931180489,-1.083472674933583,0.7956098907245248,-0.010684955963028146,0.4268736486427054,0.42593921675165636,-1.968656687177283,1.0784898955540754,-1.3948255573396504,-1.86520156182968,-1.6129994386950233,-1.5880177978310042,0.41390077802624936,-1.2123999607219371,-1.131449343792352,-1.1357647474817305,1.071352673639413,-1.2761757670616813
0.48543435034820953,0.6681144931180489,-0.9390096513792268,0.7956098907245248,-0.010684955963028146,0.4268736486427054,0.42593921675165636,-1.968656687177283,1.0784898955540754,-1.3948268651304416,-1.865203301268359,-1.613001096430223,-1.5880194253271913,0.41390077802624936,-1.2123989966464765,-1.1314489100513416,-1.1357642016087186,1.071352853382205,-1.2761757670616813
0.48543435034820953,0.6681144931180489,-0.7945466278248707,0.7956098907245248,-0.010684955963028146,0.4268736486427054,0.42593921675165636,-1.968656687177283,1.0784898955540754,-1.3948281729212326,-1.8652046928193025,-1.6130027541654228,-1.5880210528233785,0.41390077802624936,-1.2123985146087461,-1.1314484763103314,-1.1357638740849114,1.0713530331249972,-1.2761757670616813
0.48543435034820953,0.6681144931180489,-0.6500836042705146,0.795609801140633,-0.010684955963028146,0.4268736486427054,0.42593921675165636,-1.968656687177283,1.0784898955540754,-1.3948294807120238,-1.8652057364825099,-1.6130044119006226,-1.5880226803195656,0.41390077802624936,-1.2123977915521507,-1.1314481510045735,-1.1357635465611042,1.0713532128677892,-1.2761757670616813
0.48543435034820953,0.6681144931180489,-0.5056205807161585,0.795609801140633,-0.010684955963028146,0.4268736486427054,0.42593921675165636,-1.968656687177283,1.0784898955540754,-1.3948301346074192,-1.8652067801457175,-1.6130060696358224,-1.5880234940676592,0.41390077802624936,-1.2123973095144205,-1.1314477172635633,-1.135763219037297,1.0713532128677892,-1.2761757670616813
0.48543435034820953,0.6681144931180489,-0.3611575571618023,0.795609801140633,-0.010684955963028146,0.4268736486427054,0.42593921675165636,-1.968656687177283,1.0784898955540754,-1.3948314423982104,-1.865207823808925,-1.6130068985034223,-1.5880251215638461,0.41390077802624936,-1.21239682747669,-1.1314473919578056,-1.1357628915134899,1.0713533926105814,-1.2761757670616813
0.48543435034820953,0.6681144931180489,-0.2166945336074462,0.795609801140633,-0.010684955963028146,0.4268736486427054,0.42593921675165636,-1.968656687177283,1.0784898955540754,-1.394832096293606,-1.8652088674721323,-1.6130077273710222,-1.5880259353119397,0.41390077802624936,-1.2123963454389597,-1.1314471750873003,-1.1357625639896827,1.0713533926105814,-1.2761757670616813
0.48543435034820953,0.6681144931180489,-0.07223151005309006,0.795609801140633,-0.010684955963028146,0.4268736486427054,0.42593921675165636,-1.968656687177283,1.0784898955540754,-1.3948327501890017,-1.8652099111353397,-1.613009385106222,-1.5880275628081268,0.41390077802624936,-1.2123958634012295,-1.1314468497815426,-1.1357622364658753,1.0713535723533736,-1.2761757670616813
0.48543435034820953,0.6681144931180489,0.07223151350126605,0.795609801140633,-0.010684955963028146,0.4268736486427054,0.42593921675165636,-1.968656687177283,1.0784898955540754,-1.394833404084397,-1.8652106069108114,-1.6130102139738218,-1.5880283765562204,0.41390077802624936,-1.2123953813634991,-1.1314466329110375,-1.1357620181166705,1.0713535723533736,-1.2761757670616813
0.48543435034820953,0.6681144931180489,0.2166945370556222,0.795609801140633,-0.010684955963028146,0.4268736486427054,0.42593921675165636,-1.968656687177283,1.0784898955540754,-1.3948340579797927,-1.865211302686283,-1.6130110428414217,-1.588029190304314,0.41390077802624936,-1.212395140344634,-1.1314464160405324,-1.1357617997674658,1.0713537520961656,-1.2761757670616813
0.48543435034820953,0.6681144931180489,0.3611575606099783,0.795609801140633,-0.010684955963028146,0.4268736486427054,0.42593921675165636,-1.968656687177283,1.0784898955540754,-1.3948347118751883,-1.8652119984617548,-1.6130118717090216,-1.5880300040524076,0.41390077802624936,-1.2123948993257687,-1.131446199170027,-1.135761581418261,1.0713537520961656,-1.2761757670616813
0.48543435034820953,0.6681144931180489,0.5056205841643344,0.795609801140633,-0.010684955963028146,0.4268736486427054,0.42593921675165636,-1.968656687177283,1.0784898955540754,-1.3948353657705839,-1.8652126942372265,-1.6130127005766217,-1.5880308178005011,0.41390077802624936,-1.2123946583069036,-1.131445982299522,-1.1357613630690562,1.0713537520961656,-1.2761757670616813
0.48543435034820953,0.6681144931180489,0.6500836077186906,0.795609801140633,-0.010684955963028146,0.4268736486427054,0.42593921675165636,-1.968656687177283,1.0784898955540754,-1.3948360196659793,-1.8652133900126981,-1.6130127005766217,-1.5880308178005011,0.41390077802624936,-1.2123941762691732,-1.1314458738642694,-1.1357612538944537,1.0713539318389578,-1.2761757670616813
0.48543435034820953,0.6681144931180489,0.7945466312730467,0.795609801140633,-0.010684955963028146,0.4268736486427054,0.42593921675165636,-1.968656687177283,1.0784898955540754,-1.3948366735613749,-1.8652137379004339,-1.6130135294442216,-1.5880316315485947,0.41390077802624936,-1.2123941762691732,-1.1314456569937643,-1.135761035545249,1.0713539318389578,-1.2761757670616813
0.48543435034820953,0.6681144931180489,0.9390096548274028,0.795609801140633,-0.010684955963028146,0.4268736486427054,0.42593921675165636,-1.968656687177283,1.0784898955540754,-1.3948366735613749,-1.8652140857881698,-1.6130143583118215,-1.5880324452966883,0.41390077802624936,-1.2123939352503081,-1.1314455485585118,-1.1357609263706465,1.0713539318389578,-1.2761757670616813
0.48543435034820953,0.6681144931180489,1.083472678381759,0.795609801140633,-0.010684955963028146,0.4268736486427054,0.42593921675165636,-1.968656687177283,1.0784898955540754,-1.3948373274567705,-1.8652147815636415,-1.6130151871794214,-1.5880324452966883,0.41390077802624936,-1.2123934532125777,-1.1314454401232592,-1.135760817196044,1.0713539318389578,-1.2761757670616813
0.48543435034820953,0.6681144931180489,1.227935701936115,0.795609801140633,-0.010684955963028146,0.4268736486427054,0.42593921675165636,-1.968656687177283,1.0784898955540754,-1.3948373274567705,-1.8652151294513772,-1.6130151871794214,-1.5880332590447819,0.41390077802624936,-1.2123934532125777,-1.1314453316880067,-1.1357607080214418,1.0713541115817498,-1.2761757670616813
0.48543435034820953,0.6681144931180489,1.3723987254904713,0.795609801140633,-0.010684955963028146,0.4268736486427054,0.42593921675165636,-1.968656687177283,1.0784898955540754,-1.394837981352166,-1.865215477339113,-1.6130160160470213,-1.5880332590447819,0.41390077802624936,-1.2123932121937127,-1.1314452232527539,-1.1357605988468393,1.0713541115817498,-1.2761757670616813
0.48543435034820953,0.6681144931180489,1.5168617490448273,0.795609801140633,-0.010684955963028146,0.4268736486427054,0.42593921675165636,-1.968656687177283,1.0784898955540754,-1.394837981352166,-1.865215825226849,-1.6130160160470213,-1.5880340727928755,0.41390077802624936,-1.2123929711748476,-1.1314451148175013,-1.1357604896722369,1.0713541115817498,-1.2761757670616813
0.48543435034820953,0.6681144931180489,1.6613247725991833,0.795609801140633,-0.010684955963028146,0.4268736486427054,0.42593921675165636,-1.968656687177283,1.0784898955540754,-1.3948386352475617,-1.8652161731145847,-1.6130168449146212,-1.5880340727928755,0.41390077802624936,-1.2123929711748476,-1.1314450063822488,-1.1357603804976346,1.0713541115817498,-1.2761757670616813
0.48543435034820953,0.6681144931180489,-1.6613247691510074,0.795609801140633,-0.010684955963028146,0.4268736486427054,0.42593921675165636,-1.968656687177283,1.0784898955540754,-1.3948386352475617,-1.8652161731145847,-1.6130168449146212,-1.588034886540969,0.41390077802624936,-1.2123927301559823,-1.1314450063822488,-1.1357602713230321,1.0713541115817498,1.0647020012825692
0.48543435034820953,0.6681144931180489,-1.5168617455966513,0.795609801140633,-0.010684955963028146,0.4268736486427054,0.42593921675165636,-1.968656687177283,1.0784898955540754,-1.3948386352475617,-1.8652165210023206,-1.6130168449146212,-1.588034886540969,0.41390077802624936,-1.2123927301559823,-1.1314448979469962,-1.1357601621484297,1.0713541115817498,1.0647020012825692
0.48543435034820953,0.6681144931180489,-1.372398722042295,0.795609801140633,-0.010684955963028146,0.4268736486427054,0.42593921675165636,-1.968656687177283,1.0784898955540754,-1.394839289142957,-1.8652168688900563,-1.613017673782221,-1.588034886540969,0.41390077802624936,-1.2123924891371172,-1.1314447895117437,-1.1357601621484297,1.071354291324542,1.0647020012825692
0.48543435034820953,0.6681144931180489,-1.227935698487939,0.795609801140633,-0.010684955963028146,0.4268736486427054,0.42593921675165636,-1.968656687177283,1.0784898955540754,-1.394839289142957,-1.8652168688900563,-1.613017673782221,-1.5880357002890626,0.41390077802624936,-1.2123924891371172,-1.1314447895117437,-1.1357600529738274,1.071354291324542,1.0647022059569222
0.48543435034820953,0.6681144931180489,-1.083472674933583,0.795609801140633,-0.010684955963028146,0.4268736486427054,0.42593921675165636,-1.968656687177283,1.0784898955540754,-1.394839289142957,-1.8652172167777923,-1.613017673782221,-1.5880357002890626,0.41390077802624936,-1.212392248118252,-1.131444681076491,-1.135759943799225,1.071354291324542,1.0647022059569222
0.48543435034820953,0.6681144931180489,-0.9390096513792268,0.795609801140633,-0.010684955963028146,0.4268736486427054,0.42593921675165636,-1.968656687177283,1.0784898955540754,-1.3948399430383527,-1.865217564665528,-1.613017673782221,-1.5880357002890626,0.41390077802624936,-1.212392248118252,-1.131444681076491,-1.135759943799225,1.071354291324542,1.0647022059569222
0.48543435034820953,0.6681144931180489,-0.7945466278248707,0.795609801140633,-0.010684955963028146,0.4268736486427054,0.42593921675165636,-1.968656687177283,1.0784898955540754,-1.3948399430383527,-1.865217564665528,-1.613018502649821,-1.5880365140371562,0.41390077802624936,-1.212392248118252,-1.1314445726412385,-1.1357598346246225,1.071354291324542,1.0647022059569222
0.48543435034820953,0.6681144931180489,-0.6500836042705146,0.795609801140633,-0.010684955963028146,0.4268736486427054,0.42593921675165636,-1.968656687177283,1.0784898955540754,-1.3948399430383527,-1.865217564665528,-1.613018502649821,-1.5880365140371562,0.41390077802624936,-1.212392248118252,-1.1314445726412385,-1.1357598346246225,1.071354291324542,1.0647022059569222
0.48543435034820953,0.6681144931180489,-0.5056205807161585,0.795609801140633,-0.010684955963028146,0.4268736486427054,0.42593921675165636,-1.968656687177283,1.0784898955540754,-1.3948399430383527,-1.8652179125532637,-1.613018502649821,-1.5880365140371562,0.41390077802624936,-1.2123920070993868,-1.131444464205986,-1.1357598346246225,1.071354291324542,1.0647022059569222
0.48543435034820953,0.6681144931180489,-0.3611575571618023,0.795609801140633,-0.010684955963028146,0.4268736486427054,0.42593921675165636,-1.968656687177283,1.0784898955540754,-1.3948399430383527,-1.8652179125532637,-1.613018502649821,-1.5880365140371562,0.41390077802624936,-1.2123920070993868,-1.131444464205986,-1.13575972545002,1.071354291324542,1.0647022059569222
0.48543435034820953,0.6681144931180489,-0.2166945336074462,0.795609801140633,-0.010684955963028146,0.4268736486427054,0.42593921675165636,-1.968656687177283,1.0784898955540754,-1.3948405969337483,-1.8652182604409997,-1.613018502649821,-1.5880365140371562,0.41390077802624936,-1.2123920070993868,-1.131444464205986,-1.13575972545002,1.071354291324542,1.0647022059569222
0.48543435034820953,0.6681144931180489,-0.07223151005309006,0.795609801140633,-0.010684955963028146,0.4268736486427054,0.42593921675165636,-1.968656687177283,1.0784898955540754,-1.3948405969337483,-1.8652182604409997,-1.6130193315174208,-1.5880365140371562,0.41390077802624936,-1.2123920070993868,-1.1314443557707334,-1.13575972545002,1.071354291324542,1.0647022059569222
0.48543435034820953,0.6681144931180489,0.07223151350126605,0.795609801140633,-0.010684955963028146,0.4268736486427054,0.42593921675165636,-1.968656687177283,1.0784898955540754,-1.3948405969337483,-1.8652182604409997,-1.6130193315174208,-1.5880373277852495,0.41390077802624936,-1.2123917660805217,-1.1314443557707334,-1.1357596162754178,1.071354291324542,1.0647022059569222
0.48543435034820953,0.6681144931180489,0.2166945370556222,0.795609801140633,-0.010684955963028146,0.4268736486427054,0.42593921675165636,-1.968656687177283,1.0784898955540754,-1.3948405969337483,-1.8652182604409997,-1.6130193315174208,-1.5880373277852495,0.41390077802624936,-1.2123917660805217,-1.1314443557707334,-1.1357596162754178,1.071354291324542,1.0647022059569222
0.48543435034820953,0.6681144931180489,0.3611575606099783,0.795609801140633,-0.010684955963028146,0.4268736486427054,0.42593921675165636,-1.968656687177283,1.0784898955540754,-1.3948405969337483,-1.8652186083287354,-1.6130193315174208,-1.5880373277852495,0.41390077802624936,-1.2123917660805217,-1.1314443557707334,-1.1357596162754178,1.071354291324542,1.0647022059569222
0.48543435034820953,0.6681144931180489,0.5056205841643344,0.795609801140633,-0.010684955963028146,0.4268736486427054,0.42593921675165636,-1.968656687177283,1.0784898955540754,-1.3948405969337483,-1.8652186083287354,-1.6130193315174208,-1.5880373277852495,0.41390077802624936,-1.2123917660805217,-1.1314442473354807,-1.1357596162754178,1.071354291324542,1.0647022059569222
0.48543435034820953,0.6681144931180489,0.6500836077186906,0.795609801140633,-0.010684955963028146,0.4268736486427054,0.42593921675165636,-1.968656687177283,1.0784898955540754,-1.3948405969337483,-1.8652186083287354,-1.6130193315174208,-1.5880373277852495,0.41390077802624936,-1.2123915250616566,-1.1314442473354807,-1.1357595071008153,1.071354291324542,1.0647022059569222
0.48543435034820953,0.6681144931180489,0.7945466312730467,0.795609801140633,-0.010684955963028146,0.4268736486427054,0.42593921675165636,-1.968656687177283,1.0784898955540754,-1.3948405969337483,-1.8652186083287354,-1.6130193315174208,-1.5880373277852495,0.41390077802624936,-1.2123915250616566,-1.1314442473354807,-1.1357595071008153,1.071354471067334,1.0647022059569222
0.48543435034820953,0.6681144931180489,0.9390096548274028,0.795609801140633,-0.010684955963028146,0.4268736486427054,0.42593921675165636,-1.968656687177283,1.0784898955540754,-1.3948405969337483,-1.8652186083287354,-1.6130193315174208,-1.5880373277852495,0.41390077802624936,-1.2123915250616566,-1.1314442473354807,-1.1357595071008153,1.071354471067334,1.0647022059569222
0.48543435034820953,0.6681144931180489,1.083472678381759,0.795609801140633,-0.010684955963028146,0.4268736486427054,0.42593921675165636,-1.968656687177283,1.0784898955540754,-1.3948405969337483,-1.8652189562164714,-1.6130193315174208,-1.5880373277852495,0.41390077802624936,-1.2123915250616566,-1.1314442473354807,-1.1357595071008153,1.071354471067334,1.0647022059569222
0.48543435034820953,0.6681144931180489,1.227935701936115,0.795609801140633,-0.010684955963028146,0.4268736486427054,0.42593921675165636,-1.968656687177283,1.0784898955540754,-1.394841250829144,-1.8652189562164714,-1.6130193315174208,-1.5880373277852495,0.41390077802624936,-1.2123915250616566,-1.1314442473354807,-1.1357595071008153,1.071354471067334,1.0647022059569222
0.48543435034820953,0.6681144931180489,1.3723987254904713,0.795609801140633,-0.010684955963028146,0.4268736486427054,0.42593921675165636,-1.968656687177283,1.0784898955540754,-1.394841250829144,-1.8652189562164714,-1.6130201603850207,-1.5880373277852495,0.41390077802624936,-1.2123915250616566,-1.131444138900228,-1.1357595071008153,1.071354471067334,1.0647022059569222
0.48543435034820953,0.6681144931180489,1.5168617490448273,0.795609801140633,-0.010684955963028146,0.4268736486427054,0.42593921675165636,-1.968656687177283,1.0784898955540754,-1.394841250829144,-1.8652189562164714,-1.6130201603850207,-1.5880373277852495,0.41390077802624936,-1.2123915250616566,-1.131444138900228,-1.1357595071008153,1.071354471067334,1.0647022059569222
0.48543435034820953,0.6681144931180489,1.6613247725991833,0.795609801140633,-0.010684955963028146,0.4268736486427054,0.42593921675165636,-1.968656687177283,1.0784898955540754,-1.394841250829144,-1.8652189562164714,-1.6130201603850207,-1.588038141533343,0.41390077802624936,-1.2123915250616566,-1.131444138900228,-1.1357593979262128,1.071354471067334,1.0647022059569222
-1.481285033214008,-1.5367841448947694,-1.6613247691510074,0.5956273793222456,-0.010684955963028146,0.5651561422860232,0.5642116739004929,0.9243099401469242,0.5402509656440521,0.1774175330229817,1.3485856896187332,0.08541243856975714,0.07945213689336895,-1.9390001230578795,1.1937400559926348,1.6827734772858554,1.697632900373636,0.9171040599392741,1.0647022059569222
-1.481285033214008,-1.5367841448947694,-1.5168617455966513,-0.7030746009502787,-0.010684955963028146,-0.6865507261215884,-0.6874206446824462,0.864351856308969,0.6598597181287641,0.19197455231891883,1.259917455062343,0.06781475055628348,0.06217138237848293,-1.2797555204146116,1.2692286106742994,1.6929728971434872,1.707904046967623,-1.2676136780735823,1.0647022059569222
-1.481285033214008,-1.5367841448947694,-1.372398722042295,-0.7030746009502787,-0.010684955963028146,-0.6865507261215884,-0.6874206446824462,0.8343731002913238,0.7196640943711202,0.177431918721684,1.1594293867935286,0.06707871612757241,0.061446332827119046,-0.23352196335663536,1.3554622684025788,1.6907044316595232,1.7056218610790101,-1.2676136780735823,1.0647022059569222
-1.481285033214008,-1.5367841448947694,-1.227935698487939,-0.7030746009502787,-0.010684955963028146,-0.6865507261215884,-0.6874206446824462,0.819383579331835,0.7196640943711202,0.140882435586907,1.077615932183854,0.002952545393720799,-0.0015109159275045537,0.41390077802624936,1.4242803849720433,1.7253351814053468,1.740489172197365,-1.2676136780735823,1.0647022059569222
-1.481285033214008,-1.5367841448947694,-1.083472674933583,-0.7030746009502787,-0.010684955963028146,-0.6865507261215884,-0.6874206446824462,0.8043940583723462,0.7196640943711202,0.09441859046466262,1.0082638162714674,-0.08822371946286234,-0.09102401996743567,0.41390077802624936,1.4805096041764103,1.7742030460738543,1.7896906719127024,-1.2676136780735823,1.0647022059569222
-1.481285033214008,-1.5367841448947694,-0.9390096513792268,-0.7030746009502787,-0.010684955963028146,-0.6865507261215884,-0.6874206446824462,0.7894045374128574,0.7196640943711202,0.04519334508697209,0.9472429158566421,-0.17913391781987764,-0.1802767246174269,0.41390077802624936,1.5294224547099455,1.823098670167022,1.8389201203262548,-1.2676136780735823,1.0647022059569222
-1.481285033214008,-1.5367841448947694,-0.7945466278248707,-0.7030746009502787,-0.010684955963028146,-0.6865507261215884,-0.6874206446824462,0.819383579331835,0.7196640943711202,0.004842114122414372,0.9035871796633078,-0.2501711866016942,-0.25001737747998465,0.41390077802624936,1.5650329920375061,1.8642498485209589,1.880351445239432,-1.2676136780735823,1.0647022059569222
-1.481285033214008,-1.5367841448947694,-0.6500836042705146,-0.7030746009502787,-0.010684955963028146,-0.6865507261215884,-0.6874206446824462,0.7894045374128574,0.7794684706134762,-0.0028745054405788003,0.901791383170974,-0.2793307487661708,-0.278645849159595,0.41390077802624936,1.5634403393765213,1.88035118230599,1.8965630002993208,-1.2676136780735823,1.0647022059569222
-1.481285033214008,-1.5367841448947694,-0.5056205807161585,-0.7030746009502787,-0.010684955963028146,-0.6865507261215884,-0.6874206446824462,0.7594257813952123,0.8392728468558323,0.018798203549832665,0.9373921267289929,-0.25862563612067263,-0.26842273186017357,0.41390077802624936,1.5276307204663375,1.8632743649887533,1.8863250427844638,-1.2676136780735823,1.0647022059569222
-1.481285033214008,-1.5367841448947694,-0.3611575571618023,-0.7030746009502787,-0.010684955963028146,-0.6865507261215884,-0.6874206446824462,0.6694889415396119,1.0784903518252564,0.05788480081937905,0.9909570971895952,-0.20935857485022558,-0.23655310152390516,0.41390077802624936,1.4713026835272542,1.8242337703910247,1.8582322340943624,-1.2676136780735823,1.0647022059569222
-1.481285033214008,-1.5367841448947694,-0.2166945336074462,-0.7030746009502787,-0.010684955963028146,-0.6865507261215884,-0.6874206446824462,0.6844784624991007,1.0186859755829005,0.12090854683415814,1.0697849792504108,-0.12714402648375958,-0.17121726709179938,0.41390077802624936,1.3981843083655845,1.7681120210659562,1.811885868581044,-1.2676136780735823,1.0647022059569222
-1.481285033214008,-1.5367841448947694,-0.07223151005309006,-0.7030746009502787,-0.010684955963028146,-0.6865507261215884,-0.6874206446824462,0.6994679834585895,0.9588815993405444,0.18025282345812604,1.1385317705024602,-0.06096309296975625,-0.10920233862952075,0.41390077802624936,1.3341007663833455,1.7212762330307894,1.7663967420457864,-1.2676136780735823,1.0647022059569222
-1.481285033214008,-1.5367841448947694,0.07223151350126605,-0.7030746009502787,-0.010684955963028146,-0.6865507261215884,-0.6874206446824462,0.6694889415396119,1.0784903518252564,0.2227226755042953,1.184887811301276,-0.03180767514327911,-0.07026205110829073,0.41390077802624936,1.2913801725335308,1.700963707776579,1.7389288487798344,-1.2676136780735823,1.0647022059569222
-1.481285033214008,-1.5367841448947694,0.2166945370556222,-0.7030746009502787,-0.010684955963028146,-0.6865507261215884,-0.6874206446824462,0.6694889415396119,1.0784903518252564,0.24532326206100516,1.210338582278835,-0.02393923501742986,-0.04381442431942698,0.41390077802624936,1.263048404933837,1.6919622805894459,1.7174044208686514,-1.2676136780735823,1.0647022059569222
-1.481285033214008,-1.5367841448947694,0.3611575606099783,-0.7030746009502787,-0.010684955963028146,-0.6865507261215884,-0.6874206446824462,0.7294467394762346,0.8392728468558323,0.240831000693514,1.208919200316665,-0.04283907403034619,-0.040726250304358586,0.41390077802624936,1.2591053362998006,1.697336331707288,1.7085062540744729,-1.2676136780735823,1.0647022059569222
-1.481285033214008,-1.5367841448947694,0.5056205841643344,-0.7030746009502787,-0.010684955963028146,-0.6865507261215884,-0.6874206446824462,0.6694889415396119,0.7196640943711202,0.20646945155227783,1.1745506751189418,-0.09399595342856489,-0.07287011374815745,0.41390077802624936,1.2639059500560805,1.6915242021690247,1.6907265150256807,-1.2676136780735823,1.0647022059569222
-1.481285033214008,-1.5367841448947694,0.6500836077186906,-0.7030746009502787,-0.010684955963028146,-0.6865507261215884,-0.6874206446824462,0.6694889415396119,0.7196640943711202,0.14697608677812243,1.1120282912362913,-0.17408528526888767,-0.144421356118891,0.41390077802624936,1.2847830041563397,1.6922012718861312,1.6867110731493327,-1.2676136780735823,1.0647022059569222
-1.481285033214008,-1.5367841448947694,0.7945466312730467,-0.7030746009502787,-0.010684955963028146,-0.6865507261215884,-0.6874206446824462,0.6694889415396119,0.7196640943711202,0.06306626793378951,1.0209185805498744,-0.2886306432370471,-0.2622748650133115,0.41390077802624936,1.3262069165115875,1.7143836546358233,1.7124802096019083,-1.2676136780735823,1.0647022059569222
-1.481285033214008,-1.5367841448947694,0.9390096548274028,-0.7030746009502787,-0.010684955963028146,-0.6865507261215884,-0.6874206446824462,0.5195943037473887,0.7196640943711202,-0.05359717127409972,0.8835119699797321,-0.44577482263445933,-0.42703525526493546,0.41390077802624936,1.4021543711125188,1.7443816166504384,1.7495493541015081,-1.2676136780735823,1.0647022059569222
-1.481285033214008,-1.5367841448947694,1.083472678381759,-0.7030746009502787,-0.010684955963028146,-0.6865507261215884,-0.6874206446824462,0.5195943037473887,1.0784903518252564,-0.15503596398718597,0.7722484269814427,-0.5868945047230077,-0.570581232717394,0.41390077802624936,1.4654333921228497,1.8026651311709327,1.8114897831235293,-1.2676136780735823,1.0647022059569222
-1.481285033214008,-1.5367841448947694,1.227935701936115,-0.7030746009502787,-0.010684955963028146,-0.6865507261215884,1.3482673015205047,0.4896152618284111,0.8392728468558323,-0.22105912818139473,0.7013120303201044,-0.6725339340122599,-0.6206348779524025,0.41390077802624936,1.4950864251413571,1.8135377170765785,1.7991792549566714,-0.0814626834911148,1.0647022059569222
-1.481285033214008,-1.5367841448947694,1.3723987254904713,-0.7030746009502787,-0.010684955963028146,-0.6865507261215884,-0.6874206446824462,0.5195943037473887,1.0784903518252564,-0.28857971283143385,0.6248449144346042,-0.7710581101419552,-0.44614287424986854,0.41390077802624936,1.543716319527193,1.8720558854836549,1.674514086568973,-1.2676136780735823,1.0647022059569222
-1.481285033214008,-1.5367841448947694,1.5168617490448273,0.593137574215874,-0.010684955963028146,0.5910103738631263,0.2524959020563686,0.6694889415396119,0.7196640943711202,-0.3063198949129528,0.6033656298492347,-0.758422023581482,-0.3626555748427652,0.41390077802624936,1.553264040851687,1.8666362915597294,1.6227334460464888,0.9320360126505018,1.0647022059569222
-1.481285033214008,-1.5367841448947694,1.6613247725991833,-0.7030746009502787,-0.010684955963028146,0.7785463846909504,-0.6874206446824462,0.6994679834585895,0.6598597181287641,-0.2928404952288971,0.5742481221360693,-0.5430523818939053,-0.27407014362949494,0.41390077802624936,1.5726337629692284,1.7310354057629482,1.5728895629706177,-0.4317961242102952,1.0647022059569222
-1.481285033214008,-1.5367841448947694,-1.6613247691510074,2.103993470941672,-0.010684955963028146,-0.6865507261215884,-0.6874206446824462,0.9243099401469242,0.5402509656440521,-0.2239996957752241,0.5730555629776578,-0.3565389368292417,-0.250624433557782,0.41390077802624936,1.631198454977007,1.6964410902619913,1.6430132834902884,0.7726374084710061,1.0647022059569222
-1.481285033214008,-1.5367841448947694,-1.5168617455966513,-0.7030746009502787,-0.010684955963028146,-0.6865507261215884,-0.38622441750736747,0.864351856308969,0.6598597181287641,-0.15656019415423428,0.5670211023120199,-0.27963825864573366,-0.2788069712821203,0.41390077802624936,1.6479777063317962,1.6759325140711172,1.690725204930452,-1.2676136780735823,1.0647022059569222
-1.481285033214008,-1.5367841448947694,-1.372398722042295,-0.7030746009502787,-0.010684955963028146,-0.6865507261215884,-0.6874206446824462,0.8343731002913238,0.7196640943711202,-0.1033383401188864,0.5567618929825108,-0.28769568058436007,-0.31677889857201136,0.41390077802624936,1.6775974787469112,1.723943306503236,1.7591837944142863,-1.2676136780735823,1.0647022059569222
-1.481285033214008,-1.5367841448947694,-1.227935698487939,-0.7030746009502787,-0.010684955963028146,-0.6865507261215884,-0.6874206446824462,0.819383579331835,0.7196640943711202,-0.10902723006025074,0.5479617248170561,-0.34052853026957625,-0.36753480841176395,0.41390077802624936,1.7046855890023735,1.793572618371633,1.8288310769690745,-1.2676136780735823,1.0647022059569222
-1.481285033214008,-1.5367841448947694,-1.083472674933583,-0.7030746009502787,-0.010684955963028146,-0.6865507261215884,-0.6874206446824462,0.8043940583723462,0.7196640943711202,-0.1263528424609852,0.5386188517837127,-0.40536089619854254,-0.4279922230229646,0.41390077802624936,1.727526946853696,1.859251417118052,1.8930309835624088,-1.2676136780735823,1.0647022059569222
-1.481285033214008,-1.5367841448947694,-0.9390096513792268,-0.7030746009502787,-0.010684955963028146,-0.6865507261215884,-0.6874206446824462,0.7894045374128574,0.7196640943711202,-0.15454423464972553,0.5287541471466304,-0.470961622392616,-0.48955796253759687,0.41390077802624936,1.7445843339788814,1.9135995994519297,1.9459762987433182,-1.2676136780735823,1.0647022059569222
-1.481285033214008,-1.5367841448947694,-0.7945466278248707,-0.7030746009502787,-0.010684955963028146,-0.6865507261215884,-0.6874206446824462,0.819383579331835,0.7196640943711202,-0.17902019320089893,0.5309360990257311,-0.5247882843301122,-0.5394944280471323,0.41390077802624936,1.7498592728617983,1.9597279558992675,1.9905247769042793,-1.2676136780735823,1.0647022059569222
-1.481285033214008,-1.5367841448947694,-0.6500836042705146,-0.7030746009502787,-0.010684955963028146,-0.6865507261215884,-0.6874206446824462,0.7894045374128574,0.7794684706134762,-0.1739498883037335,0.5687800227043561,-0.5483132045504696,-0.5598690528137417,0.41390077802624936,1.7212985373402014,1.9855203650778377,2.0146344594003436,-1.2676136780735823,1.0647022059569222
-1.481285033214008,-1.5367841448947694,-0.5056205807161585,-0.7030746009502787,-0.010684955963028146,-0.6865507261215884,-0.6874206446824462,0.7594257813952123,0.8392728468558323,-0.14081177744758844,0.6399842929222804,-0.5087016219512559,-0.5279603625689823,0.41390077802624936,1.6609112606740741,1.9664539777462715,2.000322542422251,-1.2676136780735823,1.0647022059569222
-1.481285033214008,-1.5367841448947694,-0.3611575571618023,-0.7030746009502787,-0.010684955963028146,-0.6865507261215884,-0.6874206446824462,0.6694889415396119,1.0784903518252564,-0.09132628170246537,0.7242879279449974,-0.43961965183760304,-0.47424729215722483,0.41390077802624936,1.5839828592919367,1.9228682111014188,1.9661687965051962,-1.2676136780735823,1.0647022059569222
-1.481285033214008,-1.5367841448947694,-0.2166945336074462,-0.7030746009502787,-0.010684955963028146,-0.6865507261215884,-0.6874206446824462,0.6844784624991007,1.0186859755829005,-0.01875697070331426,0.8297389626531058,-0.3394808416233029,-0.38949868320510017,0.41390077802624936,1.4935704164794934,1.86177058490598,1.913672407289364,-1.2676136780735823,1.0647022059569222
-1.481285033214008,-1.5367841448947694,-0.07223151005309006,-0.7030746009502787,-0.010684955963028146,-0.6865507261215884,-0.6874206446824462,0.6994679834585895,0.9588815993405444,0.04967579802352986,0.922655602239403,-0.25625756138775874,-0.30920697256141544,0.41390077802624936,1.4145340641026565,1.8096401203578594,1.8617101002284828,-1.2676136780735823,1.0647022059569222
-1.481285033214008,-1.5367841448947694,0.07223151350126605,-0.7030746009502787,-0.010684955963028146,-0.6865507261215884,-0.6874206446824462,0.6694889415396119,1.0784903518252564,0.10060313311586079,0.9903747331198225,-0.2114100221599777,-0.253523818015144,0.41390077802624936,1.3596063467701596,1.7845451667238807,1.8282847672586546,-1.2676136780735823,1.0647022059569222
-1.481285033214008,-1.5367841448947694,0.2166945370556222,-0.7030746009502787,-0.010684955963028146,-0.6865507261215884,-0.6874206446824462,0.6694889415396119,1.0784903518252564,0.13116162663652514,1.0347582504565047,-0.18932650269584606,-0.2117207647007623,0.41390077802624936,1.3211860115125502,1.7711200149725126,1.8010509443402527,-1.2676136780735823,1.0647022059569222
-1.481285033214008,-1.5367841448947694,0.3611575606099783,-0.7030746009502787,-0.010684955963028146,-0.6865507261215884,-0.6874206446824462,0.7294467394762346,0.8392728468558323,0.13426239860226646,1.050453553546031,-0.19418035136085957,-0.19388340648987976,0.41390077802624936,1.310270749147132,1.772636373544585,1.787326386723083,-1.2676136780735823,1.0647022059569222
-1.481285033214008,-1.5367841448947694,0.5056205841643344,-0.7030746009502787,-0.010684955963028146,-0.6865507261215884,-0.6874206446824462,0.6694889415396119,0.7196640943711202,0.10710350724311399,1.0313371224623917,-0.2325759851910202,-0.2128543157950944,0.41390077802624936,1.310048047715723,1.763234169663918,1.7652770473235508,-1.2676136780735823,1.0647022059569222
-1.481285033214008,-1.5367841448947694,0.6500836077186906,-0.7030746009502787,-0.010684955963028146,-0.6865507261215884,-0.6874206446824462,0.6694889415396119,0.7196640943711202,0.054397576674862266,0.9824366307637445,-0.301061999500345,-0.27241660750337665,0.41390077802624936,1.3274120108373932,1.7606091690694723,1.7574714999502123,-1.2676136780735823,1.0647022059569222
-1.481285033214008,-1.5367841448947694,0.7945466312730467,-0.7030746009502787,-0.010684955963028146,-0.6865507261215884,-0.6874206446824462,0.6694889415396119,0.7196640943711202,-0.022939285653310392,0.9038418334859325,-0.40437371488706186,-0.37870268724781103,0.41390077802624936,1.3670210511379774,1.7796794600701316,1.7798361356014818,-1.2676136780735823,1.0647022059569222
-1.481285033214008,-1.5367841448947694,0.9390096548274028,-0.7030746009502787,-0.010684955963028146,-0.6865507261215884,-0.6874206446824462,0.5195943037473887,0.7196640943711202,-0.13306311701021287,0.7785333668168755,-0.5516228728768697,-0.5332765788642239,0.41390077802624936,1.43935081257284,1.806224843642614,1.8132483676190219,-1.2676136780735823,1.0647022059569222
-1.481285033214008,-1.5367841448947694,1.083472678381759,-0.7030746009502787,-0.010684955963028146,-0.6865507261215884,-0.6874206446824462,0.5195943037473887,1.0784903518252564,-0.22822974508909605,0.6778845744141093,-0.6826477764662379,-0.6665237604445597,0.41390077802624936,1.5005103136829436,1.8607881615176094,1.8712545806688816,-1.2676136780735823,1.0647022059569222
-1.481285033214008,-1.5367841448947694,1.227935701936115,0.9727485097033608,-0.010684955963028146,-0.6865507261215884,0.8633171917772345,0.4896152618284111,0.8392728468558323,-0.2785522269405348,0.614498037395667,-0.7612575796407395,-0.7184376338214512,0.41390077802624936,1.5277145950314135,1.8682992545932893,1.8613070275964143,0.9333488540040278,1.0647022059569222
-1.481285033214008,-1.5367841448947694,1.3723987254904713,-0.7030746009502787,-0.010684955963028146,1.030575405592478,-0.6874206446824462,0.5195943037473887,1.0784903518252564,-0.28609621811910035,0.5579154887145098,-0.8020494697022106,-0.6149264350760638,0.41390077802624936,1.558807956788124,1.8794333863281567,1.7741241204038052,-0.24127604416339,1.0647022059569222
-1.481285033214008,-1.5367841448947694,1.5168617490448273,2.236512413816228,-0.010684955963028146,-0.6865507261215884,-0.6874206446824462,0.6694889415396119,0.7196640943711202,-0.23887581602419408,0.5341178802575958,-0.6017610739948115,-0.5298360519246431,0.41390077802624936,1.566251583419761,1.7459448192516251,1.717358130837233,0.8568760249039384,1.0647022059569222
-1.481285033214008,-1.5367841448947694,1.6613247725991833,-0.7030746009502787,-0.010684955963028146,0.9675217867198413,1.0854606765988173,0.6994679834585895,0.6598597181287641,-0.12876963984297168,0.5164173522587684,-0.42794422282541383,-0.46960648677963984,0.41390077802624936,1.5801236652229764,1.644669329529404,1.6890382389741352,0.8151728212511925,1.0647022059569222
-1.481285033214008,-1.5367841448947694,-1.6613247691510074,0.6624039289833201,-0.010684955963028146,-0.6865507261215884,-0.6874206446824462,0.9243099401469242,0.5402509656440521,-0.02209379890685245,0.5168139442776101,-0.2685430369534743,-0.3195578483115261,0.41390077802624936,1.6421783103982885,1.6310446569132893,1.679377160058371,-0.3182722842740855,1.0647022059569222
-1.481285033214008,-1.5367841448947694,-1.5168617455966513,-0.7030746009502787,-0.010684955963028146,-0.6865507261215884,-0.6874206446824462,0.864351856308969,0.6598597181287641,0.011979382364942164,0.5191976710434899,-0.20886539862828518,-0.2592696933037864,0.41390077802624936,1.654177675619202,1.6229389049124634,1.6699925112358887,-1.2676136780735823,1.0647022059569222
-1.481285033214008,-1.5367841448947694,-1.372398722042295,-0.7030746009502787,-0.010684955963028146,-0.6865507261215884,-0.6874206446824462,0.8343731002913238,0.7196640943711202,0.0021820676532798727,0.5167276681191253,-0.23400080859524805,-0.27996737606353994,0.41390077802624936,1.680149868528968,1.6827136210264315,1.727956801238426,-1.2676136780735823,1.0647022059569222
-1.481285033214008,-1.5367841448947694,-1.227935698487939,-0.7030746009502787,-0.010684955963028146,-0.6865507261215884,-0.6874206446824462,0.819383579331835,0.7196640943711202,-0.03729490516741531,0.5134937037268866,-0.2962595406265253,-0.3362055068096208,0.41390077802624936,1.7054110557865085,1.7591283772602462,1.8021182352533354,-1.2676136780735823,1.0647022059569222
-1.481285033214008,-1.5367841448947694,-1.083472674933583,-0.7030746009502787,-0.010684955963028146,-0.6865507261215884,-0.6874206446824462,0.8043940583723462,0.7196640943711202,-0.07404448029323339,0.5086580641989051,-0.36837599502341145,-0.40201331513599264,0.41390077802624936,1.7269832082938925,1.830219830074426,1.8707152581330155,-1.2676136780735823,1.0647022059569222
-1.481285033214008,-1.5367841448947694,-0.9390096513792268,-0.7030746009502787,-0.010684955963028146,-0.6865507261215884,-0.6874206446824462,0.7894045374128574,0.7196640943711202,-0.11582774217406559,0.5026236035332672,-0.4403838677647107,-0.4680807091042108,0.41390077802624936,1.74253326343636,1.8892580539528738,1.927272505859795,-1.2676136780735823,1.0647022059569222
-1.481285033214008,-1.5367841448947694,-0.7945466278248707,-0.7030746009502787,-0.010684955963028146,-0.6865507261215884,-0.6874206446824462,0.819383579331835,0.7196640943711202,-0.1500369336881365,0.5080388240291348,-0.4998111880747301,-0.5221363674633579,0.41390077802624936,1.7465163412020133,1.9395069499982343,1.9750957853944089,-1.2676136780735823,1.0647022059569222
-1.481285033214008,-1.5367841448947694,-0.6500836042705146,-0.7030746009502787,-0.010684955963028146,-0.6865507261215884,-0.6874206446824462,0.7894045374128574,0.7794684706134762,-0.15188811155296436,0.5485962720472027,-0.5224251828027976,-0.5451849684654125,0.41390077802624936,1.7170387699173433,1.9650113551459532,2.0014859069854474,-1.2676136780735823,1.0647022059569222
-1.481285033214008,-1.5367841448947694,-0.5056205807161585,-0.7030746009502787,-0.010684955963028146,-0.6865507261215884,-0.6874206446824462,0.7594257813952123,0.8392728468558323,-0.1238621548993005,0.6221947056630817,-0.4906480567578373,-0.5176876066358536,0.41390077802624936,1.6559838709947194,1.95179743526661,1.99073570223612,-1.2676136780735823,1.0647022059569222
-1.481285033214008,-1.5367841448947694,-0.3611575571618023,-0.7030746009502787,-0.010684955963028146,-0.6865507261215884,-0.6874206446824462,0.6694889415396119,1.0784903518252564,-0.07825033547746965,0.7084618190668006,-0.42713690578311136,-0.4671302513309302,0.41390077802624936,1.5787406989746817,1.9124770777172262,1.9592148110305936,-1.2676136780735823,1.0647022059569222
-1.481285033214008,-1.5367841448947694,-0.2166945336074462,-0.7030746009502787,-0.010684955963028146,-0.6865507261215884,-0.6874206446824462,0.6844784624991007,1.0186859755829005,-0.008669980331419278,0.8155848022332888,-0.33024145448721925,-0.3845209861167804,0.41390077802624936,1.4882120850692306,1.8539827650657172,1.9085761368492353,-1.2676136780735823,1.0647022059569222
-1.481285033214008,-1.5367841448947694,-0.07223151005309006,-0.7030746009502787,-0.010684955963028146,-0.6865507261215884,-0.6874206446824462,0.6994679834585895,0.9588815993405444,0.057391109795731914,0.9100119703685425,-0.2494492429221814,-0.30588281159921404,0.41390077802624936,1.4091140318629125,1.8037932915387704,1.8580523143496037,-1.2676136780735823,1.0647022059569222
-1.481285033214008,-1.5367841448947694,0.07223151350126605,-0.7030746009502787,-0.010684955963028146,-0.6865507261215884,-0.6874206446824462,0.6694889415396119,1.0784903518252564,0.10643784173043482,0.9790593366243456,-0.206541253878166,-0.251501654002642,0.41390077802624936,1.35419306305864,1.780211660289792,1.8257471128004208,-1.2676136780735823,1.0647022059569222
-1.481285033214008,-1.5367841448947694,0.2166945370556222,-0.7030746009502787,-0.010684955963028146,-0.6865507261215884,-0.6874206446824462,0.6694889415396119,1.0784903518252564,0.13549760700447766,1.0246138440798183,-0.1859554981670534,-0.21070927582046453,0.41390077802624936,1.315832982517321,1.767952404374159,1.7993866867012354,-1.2676136780735823,1.0647022059569222
-1.481285033214008,-1.5367841448947694,0.3611575606099783,-0.7030746009502787,-0.010684955963028146,-0.6865507261215884,-0.6874206446824462,0.7294467394762346,0.8392728468558323,0.13738867248843462,1.0413715963145571,-0.19201452032232127,-0.19365799826796304,0.41390077802624936,1.3052103170542082,1.7704342704351996,1.786375694285366,-1.2676136780735823,1.0647022059569222
-1.481285033214008,-1.5367841448947694,0.5056205841643344,-0.7030746009502787,-0.010684955963028146,-0.6865507261215884,-0.6874206446824462,0.6694889415396119,0.7196640943711202,0.10926332373464577,1.0231854170365167,-0.23134760340796864,-0.2132302674143201,0.41390077802624936,1.3054084345613708,1.7618088967040124,1.764896683008782,-1.2676136780735823,1.0647022059569222
-1.481285033214008,-1.5367841448947694,0.6500836077186906,-0.7030746009502787,-0.010684955963028146,-0.6865507261215884,-0.6874206446824462,0.6694889415396119,0.7196640943711202,0.05578841218121651,0.9751142897000787,-0.3005580479996059,-0.2732441893145294,0.41390077802624936,1.3232520252247117,1.7597972058981568,1.7575361313148343,-1.2676136780735823,1.0647022059569222
-1.481285033214008,-1.5367841448947694,0.7945466312730467,-0.7030746009502787,-0.010684955963028146,-0.6865507261215884,-0.6874206446824462,0.6694889415396119,0.7196640943711202,-0.02215984234180392,0.897276496135424,-0.40442676241345543,-0.37985658204448214,0.41390077802624936,1.3634771097446479,1.7793580579814858,1.7802514357890191,-1.2676136780735823,1.0647022059569222
-1.481285033214008,-1.5367841448947694,0.9390096548274028,-0.7030746009502787,-0.010684955963028146,-0.6865507261215884,-0.6874206446824462,0.5195943037473887,0.7196640943711202,-0.1328290224586027,0.772695810609715,-0.5521699254928035,-0.5347234229745774,0.41390077802624936,1.4360729560066483,1.806313326808719,1.8139531988521296,-1.2676136780735823,1.0647022059569222
-1.481285033214008,-1.5367841448947694,1.083472678381759,-0.7030746009502787,-0.010684955963028146,-0.6865507261215884,-0.6874206446824462,0.5195943037473887,1.0784903518252564,-0.22837164038993238,0.6726613879484176,-0.6835006812265348,-0.6681154517155673,0.41390077802624936,1.497679788130491,1.8611564076353695,1.8721441353292538,-1.2676136780735823,1.0647022059569222
-1.481285033214008,-1.5367841448947694,1.227935701936115,0.9951376742917397,-0.010684955963028146,-0.6865507261215884,0.8844652670120119,0.4896152618284111,0.8392728468558323,-0.27873858712826916,0.609715276803531,-0.7623060971546127,-0.7196346572670812,0.41390077802624936,1.5250942379293815,1.868840129633156,1.8619625119092365,0.9300205567226424,1.0647022059569222
-1.481285033214008,-1.5367841448947694,1.3723987254904713,-0.7030746009502787,-0.010684955963028146,1.030060149356997,-0.6874206446824462,0.5195943037473887,1.0784903518252564,-0.2858797787431703,0.5536796076430923,-0.8031709275648751,-0.6134917971871138,0.41390077802624936,1.5564951397580373,1.8800696843902935,1.7730280073956886,-0.2423599830711717,1.0647022059569222
-1.481285033214008,-1.5367841448947694,1.5168617490448273,2.236476938595053,-0.010684955963028146,-0.6865507261215884,-0.6874206446824462,0.6694889415396119,0.7196640943711202,-0.23802509811457165,0.5306341324710342,-0.6025799951835125,-0.5266306981841018,0.41390077802624936,1.5639508173329326,1.7463928737152838,1.7151274753609538,0.8560163151293061,1.0647022059569222
-1.481285033214008,-1.5367841448947694,1.6613247725991833,-0.7030746009502787,-0.010684955963028146,0.967423672560507,1.0820486440443948,0.6994679834585895,0.6598597181287641,-0.12730622194771038,0.5134380416891545,-0.4289181422552961,-0.4664637916423028,0.41390077802624936,1.5778903844183931,1.645224518022611,1.686884442417947,0.8124234755031734,1.0647022059569222
-1.481285033214008,-1.5367841448947694,-1.6613247691510074,0.658960861683702,-0.010684955963028146,-0.6865507261215884,-0.6874206446824462,0.9243099401469242,0.5402509656440521,-0.02068073095704919,0.5142235721966496,-0.26949209035535965,-0.3169815218473083,0.41390077802624936,1.6400636108753646,1.6315955079963933,1.6776238159437935,-0.32094658740640125,1.0647022059569222
-1.481285033214008,-1.5367841448947694,-1.5168617455966513,-0.7030746009502787,-0.010684955963028146,-0.6865507261215884,-0.6874206446824462,0.864351856308969,0.6598597181287641,0.013083157792645959,0.5168299471134581,-0.20977217978257562,-0.25719138067282865,0.41390077802624936,1.65211117986931,1.6234676352040411,1.6685789184839865,-1.2676136780735823,1.0647022059569222
-1.481285033214008,-1.5367841448947694,-1.372398722042295,-0.7030746009502787,-0.010684955963028146,-0.6865507261215884,-0.6874206446824462,0.8343731002913238,0.7196640943711202,0.002980473931257558,0.5145728514834189,-0.2348843814567413,-0.27831302618932807,0.41390077802624936,1.6782352146641277,1.68324321880003,1.7268165816909389,-1.2676136780735823,1.0647022059569222
-1.481285033214008,-1.5367841448947694,-1.227935698487939,-0.7030746009502787,-0.010684955963028146,-0.6865507261215884,-0.6874206446824462,0.819383579331835,0.7196640943711202,-0.03672732396406999,0.5115434450798461,-0.29712819387122036,-0.3349067648522956,0.41390077802624936,1.7036670432782024,1.7596657823720303,1.8012081557677115,-1.2676136780735823,1.0647022059569222
-1.481285033214008,-1.5367841448947694,-1.083472674933583,-0.7030746009502787,-0.010684955963028146,-0.6865507261215884,-0.6874206446824462,0.8043940583723462,0.7196640943711202,-0.07378096044882307,0.5068991438065689,-0.3692297286513083,-0.40101403247709827,0.41390077802624936,1.7253900735951773,1.8307624400783338,1.870003439725354,-1.2676136780735823,1.0647022059569222
-1.481285033214008,-1.5367841448947694,-0.9390096513792268,-0.7030746009502787,-0.010684955963028146,-0.6865507261215884,-0.6874206446824462,0.7894045374128574,0.7196640943711202,-0.11575908315753189,0.5010330608050706,-0.4412218529082095,-0.46732961961385294,0.41390077802624936,1.7410206290386085,1.889802398920823,1.9267283796414232,-1.2676136780735823,1.0647022059569222
-1.481285033214008,-1.5367841448947694,-0.7945466278248707,-0.7030746009502787,-0.010684955963028146,-0.6865507261215884,-0.6874206446824462,0.819383579331835,0.7196640943711202,-0.1500898992151768,0.506606918108475,-0.5006267937930315,-0.5215927837368585,0.41390077802624936,1.7450557668791367,1.9400456563330495,1.974695332952798,-1.2676136780735823,1.0647022059569222
-1.481285033214008,-1.5367841448947694,-0.6500836042705146,-0.7030746009502787,-0.010684955963028146,-0.6865507261215884,-0.6874206446824462,0.7894045374128574,0.7794684706134762,-0.15202608348142735,0.5473056085472882,-0.5232150936255022,-0.5401926239114087,0.41390077802624936,1.715638450310757,1.9655379167324794,1.997933365423284,-1.2676136780735823,1.0647022059569222
-1.481285033214008,-1.5367841448947694,-0.5056205807161585,-0.7030746009502787,-0.010684955963028146,-0.6865507261215884,-0.6874206446824462,0.7594257813952123,0.8392728468558323,-0.12404982287782595,0.6210459803593842,-0.4914247056989434,-0.5151145351640101,0.41390077802624936,1.65463850368939,1.9523157557739401,1.9889046258046326,-1.2676136780735823,1.0647022059569222
-1.481285033214008,-1.5367841448947694,-0.3611575571618023,-0.7030746009502787,-0.010684955963028146,-0.6865507261215884,-0.6874206446824462,0.6694889415396119,1.0784903518252564,-0.0784687365395864,0.7074341586951706,-0.4278870309610207,-0.4661041149849483,0.41390077802624936,1.5774647451025186,1.9129750123970715,1.9584837778929094,-1.2676136780735823,1.0647022059569222
-1.481285033214008,-1.5367841448947694,-0.2166945336074462,-0.7030746009502787,-0.010684955963028146,-0.6865507261215884,-0.6874206446824462,0.6844784624991007,1.0186859755829005,-0.008913229418567271,0.8146559419786333,-0.3309559383583329,-0.38393020500085434,0.41390077802624936,1.4870166314980313,1.854451205356861,1.9081577797728304,-1.2676136780735823,1.0647022059569222
-1.481285033214008,-1.5367841448947694,-0.07223151005309006,-0.7030746009502787,-0.010684955963028146,-0.6865507261215884,-0.6874206446824462,0.6994679834585895,0.9588815993405444,0.05712824384671715,0.909169386272372,-0.2501231122809,-0.30552394868995314,0.41390077802624936,1.407996186366295,1.8042309362181814,1.857799029272031,-1.2676136780735823,1.0647022059569222
-1.481285033214008,-1.5367841448947694,0.07223151350126605,-0.7030746009502787,-0.010684955963028146,-0.6865507261215884,-0.6874206446824462,0.6694889415396119,1.0784903518252564,0.10616255176890442,0.9782932878300568,-0.2071753375920894,-0.25132913940680685,0.41390077802624936,1.35314607710838,1.7806215455445427,1.8256235271505017,-1.2676136780735823,1.0647022059569222
-1.481285033214008,-1.5367841448947694,0.2166945370556222,-0.7030746009502787,-0.010684955963028146,-0.6865507261215884,-0.6874206446824462,0.6694889415396119,1.0784903518252564,0.13521577808899168,1.0239159812817513,-0.18655062510378148,-0.2106628921791315,0.41390077802624936,1.3148515536983847,1.7683371326503112,1.799350440733238,-1.2676136780735823,1.0647022059569222
-1.481285033214008,-1.5367841448947694,0.3611575606099783,-0.7030746009502787,-0.010684955963028146,-0.6865507261215884,-0.6874206446824462,0.7294467394762346,0.8392728468558323,0.1371061896775531,1.0407377448598822,-0.19256820387905438,-0.19369298943598623,0.41390077802624936,1.3043108346494268,1.7707925405097225,1.7863953457137982,-1.2676136780735823,1.0647022059569222
-1.481285033214008,-1.5367841448947694,0.5056205841643344,-0.7030746009502787,-0.010684955963028146,-0.6865507261215884,-0.6874206446824462,0.6694889415396119,0.7196640943711202,0.10898345650534647,1.0226079233950456,-0.23186398792270624,-0.21332059345270551,0.41390077802624936,1.3045966830235078,1.7621433110229678,1.7649538905004407,-1.2676136780735823,1.0647022059569222
-1.481285033214008,-1.5367841448947694,0.6500836077186906,-0.7030746009502787,-0.010684955963028146,-0.6865507261215884,-0.6874206446824462,0.6694889415396119,0.7196640943711202,0.05551377611508168,0.9745889792189815,-0.301037133472348,-0.2733719477652186,0.41390077802624936,1.322528486591498,1.7601090656845755,1.7576186673142502,-1.2676136780735823,1.0647022059569222
-1.481285033214008,-1.5367841448947694,0.7945466312730467,-0.7030746009502787,-0.010684955963028146,-0.6865507261215884,-0.6874206446824462,0.6694889415396119,0.7196640943711202,-0.022425977767796482,0.8967991941618707,-0.4048693777118019,-0.38000793918988474,0.41390077802624936,1.3628528708838803,1.7796486644583989,1.7803518764232291,-1.2676136780735823,1.0647022059569222
-1.481285033214008,-1.5367841448947694,0.9390096548274028,-0.7030746009502787,-0.010684955963028146,-0.6865507261215884,-0.6874206446824462,0.5195943037473887,0.7196640943711202,-0.13308534945366188,0.7722651255927624,-0.552580214954754,-0.5348934963261319,0.41390077802624936,1.4355060796357892,1.8065852824221884,1.814067613835447,-1.2676136780735823,1.0647022059569222
-1.481285033214008,-1.5367841448947694,1.083472678381759,-0.7030746009502787,-0.010684955963028146,-0.6865507261215884,-0.6874206446824462,0.5195943037473887,1.0784903518252564,-0.22861619726787147,0.6722717536842925,-0.6838769871168894,-0.6682920350518703,0.41390077802624936,1.4971856994569106,1.8614097123853954,1.8722655374871249,-1.2676136780735823,1.0647022059569222
-1.481285033214008,-1.5367841448947694,1.227935701936115,0.9951871246000447,-0.010684955963028146,-0.6865507261215884,0.8844620246292889,0.4896152618284111,0.8392728468558323,-0.2789726816798793,0.6093548651092153,-0.7626591947521701,-0.7198161230919455,0.41390077802624936,1.5246406404251482,1.869078687188831,1.8620869709559749,0.9300162428956319,1.0647022059569222
-1.481285033214008,-1.5367841448947694,1.3723987254904713,-0.7030746009502787,-0.010684955963028146,1.030169037245981,-0.6874206446824462,0.5195943037473887,1.0784903518252564,-0.2860994875960781,0.5533553762733024,-0.8034883838556367,-0.6136398993401421,0.41390077802624936,1.5560974586305214,1.8802852536724217,1.7731280113314887,-0.24228817582572626,1.0647022059569222
-1.481285033214008,-1.5367841448947694,1.5168617490448273,2.2364771177628366,-0.010684955963028146,-0.6865507261215884,-0.6874206446824462,0.6694889415396119,0.7196640943711202,-0.23821734336086603,0.5303669546899198,-0.6028261688606827,-0.5267657803676331,0.41390077802624936,1.5635796482805844,1.7465546591121326,1.7152169985349235,0.8560242238121587,1.0647022059569222
-1.481285033214008,-1.5367841448947694,1.6613247725991833,-0.7030746009502787,-0.010684955963028146,0.9674651984893511,1.0820578482276082,0.6994679834585895,0.6598597181287641,-0.12746642631962235,0.5132049569061511,-0.4291295034932706,-0.4666037563143955,0.41390077802624936,1.5775471735544035,1.6453598452178304,1.6869765857823744,0.8124630189174362,1.0647022059569222
-1.481285033214008,-1.5367841448947694,-1.6613247691510074,0.6590193599650844,-0.010684955963028146,-0.6865507261215884,-0.6874206446824462,0.9243099401469242,0.5402509656440521,-0.02080954834997434,0.514016926881569,-0.2696868742413361,-0.3171198590232139,0.41390077802624936,1.639748840237464,1.6317195579253445,1.6777146492129922,-0.3209012023513951,1.0647022059569222
-1.481285033214008,-1.5367841448947694,-1.5168617455966513,-0.7030746009502787,-0.010684955963028146,-0.6865507261215884,-0.6874206446824462,0.864351856308969,0.6598597181287641,0.012962187144467521,0.5166344342059239,-0.20995204405175388,-0.25732483536017287,0.41390077802624936,1.651814726665162,1.6235817090897549,1.6686666948643178,-1.2676136780735823,1.0647022059569222
-1.481285033214008,-1.5367841448947694,-1.372398722042295,-0.7030746009502787,-0.010684955963028146,-0.6865507261215884,-0.6874206446824462,0.8343731002913238,0.7196640943711202,0.0028666961324302714,0.5143898625343745,-0.23505181271192105,-0.2784415983881109,0.41390077802624936,1.677966237610608,1.6833512203115992,1.7269021745792221,-1.2676136780735823,1.0647022059569222
-1.481285033214008,-1.5367841448947694,-1.227935698487939,-0.7030746009502787,-0.010684955963028146,-0.6865507261215884,-0.6874206446824462,0.819383579331835,0.7196640943711202,-0.036834562808941686,0.5113750674157063,-0.2972840209800015,-0.335030454562517,0.41390077802624936,1.7034250603375807,1.7597677115094552,1.8012915651639467,-1.2676136780735823,1.0647022059569222
-1.481285033214008,-1.5367841448947694,-1.083472674933583,-0.7030746009502787,-0.010684955963028146,-0.6865507261215884,-0.6874206446824462,0.8043940583723462,0.7196640943711202,-0.07389016097988145,0.506744681651862,-0.3693756093488907,-0.40113202595066483,0.41390077802624936,1.7251717105033413,1.8308600318056554,1.8700842289311315,-1.2676136780735823,1.0647022059569222
-1.481285033214008,-1.5367841448947694,-0.9390096513792268,-0.7030746009502787,-0.010684955963028146,-0.6865507261215884,-0.6874206446824462,0.7894045374128574,0.7196640943711202,-0.11586566810700802,0.5008911226088536,-0.44135944492979284,-0.4674435443469516,0.41390077802624936,1.7408172091164125,1.8898947857560209,1.9268074220535623,-1.2676136780735823,1.0647022059569222
-1.481285033214008,-1.5367841448947694,-0.7945466278248707,-0.7030746009502787,-0.010684955963028146,-0.6865507261215884,-0.6874206446824462,0.819383579331835,0.7196640943711202,-0.15019125300148845,0.5064768080952761,-0.500755268271016,-0.5217001984852087,0.41390077802624936,1.744863433824738,1.9401332720171336,1.9747708817776601,-1.2676136780735823,1.0647022059569222
-1.481285033214008,-1.5367841448947694,-0.6500836042705146,-0.7030746009502787,-0.010684955963028146,-0.6865507261215884,-0.6874206446824462,0.7894045374128574,0.7794684706134762,-0.15212220610457453,0.5471866309416357,-0.5233344505598878,-0.5402943424231039,0.41390077802624936,1.7154576861618862,1.96562032752444,1.9980054206608695,-1.2676136780735823,1.0647022059569222
-1.481285033214008,-1.5367841448947694,-0.5056205807161585,-0.7030746009502787,-0.010684955963028146,-0.6865507261215884,-0.6874206446824462,0.7594257813952123,0.8392728468558323,-0.12413940654701756,0.620938135161278,-0.49153743169252984,-0.515212998683331,0.41390077802624936,1.654469308446047,1.9523933954147872,1.9889740608517603,-1.2676136780735823,1.0647022059569222
-1.481285033214008,-1.5367841448947694,-0.3611575571618023,-0.7030746009502787,-0.010684955963028146,-0.6865507261215884,-0.6874206446824462,0.6694889415396119,1.0784903518252564,-0.07855243515021797,0.7073346628027243,-0.4279931260138079,-0.466197696015708,0.41390077802624936,1.5773080828401638,1.9130465796637741,1.9585492826543505,-1.2676136780735823,1.0647022059569222
-1.481285033214008,-1.5367841448947694,-0.2166945336074462,-0.7030746009502787,-0.010684955963028146,-0.6865507261215884,-0.6874206446824462,0.6844784624991007,1.0186859755829005,-0.008991696866034366,0.8145640996163752,-0.331054573602721,-0.38401808979495905,0.41390077802624936,1.4868720201789345,1.8545171339904294,1.9082189175501756,-1.2676136780735823,1.0647022059569222
-1.481285033214008,-1.5367841448947694,-0.07223151005309006,-0.7030746009502787,-0.010684955963028146,-0.6865507261215884,-0.6874206446824462,0.6994679834585895,0.9588815993405444,0.05705566145781008,0.9090845016648305,-0.250214287716889,-0.30560695099549645,0.41390077802624936,1.4078626619149957,1.8042912262186157,1.85785580006528,-1.2676136780735823,1.0647022059569222
-1.481285033214008,-1.5367841448947694,0.07223151350126605,-0.7030746009502787,-0.010684955963028146,-0.6865507261215884,-0.6874206446824462,0.6694889415396119,1.0784903518252564,0.10609520054316184,0.9782153609772317,-0.20725988208727916,-0.25140644547569524,0.41390077802624936,1.3530221934116873,1.7806770643938634,1.8256759309596546,-1.2676136780735823,1.0647022059569222
-1.481285033214008,-1.5367841448947694,0.2166945370556222,-0.7030746009502787,-0.010684955963028146,-0.6865507261215884,-0.6874206446824462,0.6694889415396119,1.0784903518252564,0.135153004131018,1.0238450121836429,-0.18662853865817206,-0.21073531575945853,0.41390077802624936,1.3147358646431073,1.768388314089529,1.7993989142567044,-1.2676136780735823,1.0647022059569222
-1.481285033214008,-1.5367841448947694,0.3611575606099783,-0.7030746009502787,-0.010684955963028146,-0.6865507261215884,-0.6874206446824462,0.7294467394762346,0.8392728468558323,0.13704799298734832,1.040672341965547,-0.19264031536024565,-0.1937597167796583,0.41390077802624936,1.3042052683864862,1.770839818279847,1.7864398889515782,-1.2676136780735823,1.0647022059569222
-1.481285033214008,-1.5367841448947694,0.5056205841643344,-0.7030746009502787,-0.010684955963028146,-0.6865507261215884,-0.6874206446824462,0.6694889415396119,0.7196640943711202,0.10892983708291061,1.0225480867044834,-0.23192946846309834,-0.21338243830781622,0.41390077802624936,1.3045017215906345,1.7621866851239996,1.764994940150944,-1.2676136780735823,1.0647022059569222
-1.481285033214008,-1.5367841448947694,0.6500836077186906,-0.7030746009502787,-0.010684955963028146,-0.6865507261215884,-0.6874206446824462,0.6694889415396119,0.7196640943711202,0.05546408006501919,0.9745340129567209,-0.30109846967474063,-0.27342809638367443,0.41390077802624936,1.3224446120264217,1.7601494035985352,1.7576566600758863,-1.2676136780735823,1.0647022059569222
-1.481285033214008,-1.5367841448947694,0.7945466312730467,-0.7030746009502787,-0.010684955963028146,-0.6865507261215884,-0.6874206446824462,0.6694889415396119,0.7196640943711202,-0.02247175044548562,0.8967490983279118,-0.4049249118409952,-0.3800600190678727,0.41390077802624936,1.3627800831866017,1.779685532444276,1.7803868122959978,-1.2676136780735823,1.0647022059569222
-1.481285033214008,-1.5367841448947694,0.9390096548274028,-0.7030746009502787,-0.010684955963028146,-0.6865507261215884,-0.6874206446824462,0.5195943037473887,0.7196640943711202,-0.1331278526543732,0.772219900187105,-0.5526316047459477,-0.5349415074636521,0.41390077802624936,1.4354405225044653,1.8066191142209933,1.814100802914577,-1.2676136780735823,1.0647022059569222
-1.481285033214008,-1.5367841448947694,1.083472678381759,-0.7030746009502787,-0.010684955963028146,-0.6865507261215884,-0.6874206446824462,0.5195943037473887,1.0784903518252564,-0.22865543099160504,0.6722307029314649,-0.6839234037024837,-0.6683359774489227,0.41390077802624936,1.4971283369670023,1.8614413754791486,1.8722961063757975,-1.2676136780735823,1.0647022059569222
-1.481285033214008,-1.5367841448947694,1.227935701936115,0.9951907079557188,-0.010684955963028146,-0.6865507261215884,0.8844651624190208,0.4896152618284111,0.8392728468558323,-0.27900864592663505,0.6093159016828028,-0.7627022958673649,-0.7198568104966236,0.41390077802624936,1.5245885803502734,1.8691081815775326,1.8621153563525994,0.9300187592947213,1.0647022059569222
-1.481285033214008,-1.5367841448947694,1.3723987254904713,-0.7030746009502787,-0.010684955963028146,1.0301833673524083,-0.6874206446824462,0.5195943037473887,1.0784903518252564,-0.28613283626125163,0.5533205874997199,-0.8035273406328319,-0.6136740767600717,0.41390077802624936,1.556051665046141,1.880311711874051,1.773151156347198,-0.24227793048657634,1.0647022059569222
-1.481285033214008,-1.5367841448947694,1.5168617490448273,2.2364771177628366,-0.010684955963028146,-0.6865507261215884,-0.6874206446824462,0.6694889415396119,0.7196640943711202,-0.23824611475827065,0.530338427895582,-0.6028568369618791,-0.5267958890470948,0.41390077802624936,1.5635367469225856,1.7465746111986071,1.715237523360175,0.856026380725664,1.0647022059569222
-1.481285033214008,-1.5367841448947694,1.6613247725991833,-0.7030746009502787,-0.010684955963028146,0.9674704284552004,1.0820653789229646,0.6994679834585895,0.6598597181287641,-0.12749062044925805,0.5131806047646432,-0.4291551983888675,-0.46663061000148304,0.41390077802624936,1.577507646460517,1.6453763273762225,1.6869944904171683,0.812473084513794,1.0647022059569222
-1.481285033214008,-1.5367841448947694,-1.6613247691510074,0.6590322600455117,-0.010684955963028146,-0.6865507261215884,-0.6874206446824462,0.9243099401469242,0.5402509656440521,-0.02082916521184111,0.5139946620664761,-0.2697109114017332,-0.31714427146602076,0.41390077802624936,1.63971268740769,1.6317347388607055,1.6777308070541477,-0.3208912266264333,1.0647022059569222
-1.481285033214008,-1.5367841448947694,-1.5168617455966513,-0.7030746009502787,-0.010684955963028146,-0.6865507261215884,-0.6874206446824462,0.864351856308969,0.6598597181287641,0.012944531968787426,0.5166128651663027,-0.20997359460935128,-0.2573476203067926,0.41390077802624936,1.6517814660617696,1.6235960225430954,1.6686815426102446,-1.2676136780735823,1.0647022059569222
-1.481285033214008,-1.5367841448947694,-1.372398722042295,-0.7030746009502787,-0.010684955963028146,-0.6865507261215884,-0.6874206446824462,0.8343731002913238,0.7196640943711202,0.002850348747541293,0.5143696850456966,-0.23507170553431866,-0.2784627558385435,0.41390077802624936,1.6779358692335975,1.6833637988008985,1.7269161489283296,-1.2676136780735823,1.0647022059569222
-1.481285033214008,-1.5367841448947694,-1.227935698487939,-0.7030746009502787,-0.010684955963028146,-0.6865507261215884,-0.6874206446824462,0.819383579331835,0.7196640943711202,-0.03684960240303955,0.5113562814779716,-0.29730308493479923,-0.33504998451676254,0.41390077802624936,1.7033975841869522,1.7597802899987542,1.801304666116235,-1.2676136780735823,1.0647022059569222
-1.481285033214008,-1.5367841448947694,-1.083472674933583,-0.7030746009502787,-0.010684955963028146,-0.6865507261215884,-0.6874206446824462,0.8043940583723462,0.7196640943711202,-0.0739052005739793,0.5067279830405425,-0.3693930155684886,-0.40115074215681673,0.41390077802624936,1.725147126579095,1.8308713090719237,1.8700968931850102,-1.2676136780735823,1.0647022059569222
-1.481285033214008,-1.5367841448947694,-0.9390096513792268,-0.7030746009502787,-0.010684955963028146,-0.6865507261215884,-0.6874206446824462,0.7894045374128574,0.7196640943711202,-0.11587939991031476,0.5008751197730056,-0.44137519341419096,-0.46746063305691643,0.41390077802624936,1.7407945533430873,1.8899056292812788,1.9268192129106216,-1.2676136780735823,1.0647022059569222
-1.481285033214008,-1.5367841448947694,-0.7945466278248707,-0.7030746009502787,-0.010684955963028146,-0.6865507261215884,-0.6874206446824462,0.819383579331835,0.7196640943711202,-0.15020433090939964,0.5064621968103713,-0.5007710167554141,-0.5217156596989863,0.41390077802624936,1.7448417421268734,1.9401436818013813,1.9747817992379004,-1.2676136780735823,1.0647022059569222
-1.481285033214008,-1.5367841448947694,-0.6500836042705146,-0.7030746009502787,-0.010684955963028146,-0.6865507261215884,-0.6874206446824462,0.7894045374128574,0.7794684706134762,-0.15213397622169458,0.5471734112076743,-0.523348541309086,-0.5403089898887881,0.41390077802624936,1.7154374405772126,1.965629869826667,1.9980159014227,-1.2676136780735823,1.0647022059569222
-1.481285033214008,-1.5367841448947694,-0.5056205807161585,-0.7030746009502787,-0.010684955963028146,-0.6865507261215884,-0.6874206446824462,0.7594257813952123,0.8392728468558323,-0.12415117666413762,0.6209256112027883,-0.49155069357412823,-0.5152268324009216,0.41390077802624936,1.6544505089745642,1.9524025039760038,1.9889836682167716,-1.2676136780735823,1.0647022059569222
-1.481285033214008,-1.5367841448947694,-0.3611575571618023,-0.7030746009502787,-0.010684955963028146,-0.6865507261215884,-0.6874206446824462,0.6694889415396119,1.0784903518252564,-0.07856289747654692,0.7073235303951778,-0.4280055590278064,-0.4662099022371114,0.41390077802624936,1.577290729481872,1.9130556882249907,1.9585584533209524,-1.2676136780735823,1.0647022059569222
-1.481285033214008,-1.5367841448947694,-0.2166945336074462,-0.7030746009502787,-0.010684955963028146,-0.6865507261215884,-0.6874206446824462,0.6844784624991007,1.0186859755829005,-0.009001505296967752,0.8145536629843004,-0.3310661777491196,-0.38403029601636246,0.41390077802624936,1.486856112933834,1.8545249413286151,1.9082272148199582,-1.2676136780735823,1.0647022059569222
-1.481285033214008,-1.5367841448947694,-0.07223151005309006,-0.7030746009502787,-0.010684955963028146,-0.6865507261215884,-0.6874206446824462,0.6994679834585895,0.9588815993405444,0.057046506922272255,0.9090754565836989,-0.2502258918632876,-0.30561752972071277,0.41390077802624936,1.4078477187453557,1.804298599815791,1.8578632239382433,-1.2676136780735823,1.0647022059569222
-1.481285033214008,-1.5367841448947694,0.07223151350126605,-0.7030746009502787,-0.010684955963028146,-0.6865507261215884,-0.6874206446824462,0.6694889415396119,1.0784903518252564,0.10608669990301957,0.978207011671572,-0.20726982849847797,-0.251416210452818,0.41390077802624936,1.3530082143175077,1.780683570509018,1.8256824814357988,-1.2676136780735823,1.0647022059569222
-1.481285033214008,-1.5367841448947694,0.2166945370556222,-0.7030746009502787,-0.010684955963028146,-0.6865507261215884,-0.6874206446824462,0.6694889415396119,1.0784903518252564,0.13514581128166683,1.0238373586534546,-0.18663765620177095,-0.21074426698848772,0.41390077802624936,1.3147228496243888,1.7683943864636733,1.799405028034439,-1.2676136780735823,1.0647022059569222
-1.481285033214008,-1.5367841448947694,0.3611575606099783,-0.7030746009502787,-0.010684955963028146,-0.6865507261215884,-0.6874206446824462,0.7294467394762346,0.8392728468558323,0.13704145403339274,1.0406653842108304,-0.19264860403624465,-0.19376785426059392,0.41390077802624936,1.3041936994809584,1.7708454569129812,1.7864455660309033,-1.2676136780735823,1.0647022059569222
-1.481285033214008,-1.5367841448947694,0.5056205841643344,-0.7030746009502787,-0.010684955963028146,-0.6865507261215884,-0.6874206446824462,0.6694889415396119,0.7196640943711202,0.10892329812895503,1.0225418247252387,-0.23193775713909734,-0.2133897620406583,0.41390077802624936,1.3044911167605673,1.7621918900161233,1.7650001805318591,-1.2676136780735823,1.0647022059569222
-1.481285033214008,-1.5367841448947694,0.6500836077186906,-0.7030746009502787,-0.010684955963028146,-0.6865507261215884,-0.6874206446824462,0.6694889415396119,0.7196640943711202,0.055458195006459154,0.974527750977476,-0.3011051006155398,-0.2734354201165165,0.41390077802624936,1.3224354533095457,1.7601537410086383,1.7576614637583918,-1.2676136780735823,1.0647022059569222
-1.481285033214008,-1.5367841448947694,0.7945466312730467,-0.7030746009502787,-0.010684955963028146,-0.6865507261215884,-0.6874206446824462,0.6694889415396119,0.7196640943711202,-0.02247763550404565,0.8967428363486669,-0.40493154278179444,-0.38006652905262117,0.41390077802624936,1.3627723705829164,1.7796898698543793,1.780391179280094,-1.2676136780735823,1.0647022059569222
-1.481285033214008,-1.5367841448947694,0.9390096548274028,-0.7030746009502787,-0.010684955963028146,-0.6865507261215884,-0.6874206446824462,0.5195943037473887,0.7196640943711202,-0.1331330838175377,0.7722143339833318,-0.5526374068191471,-0.5349480174484006,0.41390077802624936,1.4354332919385107,1.8066234516310966,1.8141047332002638,-1.2676136780735823,1.0647022059569222
-1.481285033214008,-1.5367841448947694,1.083472678381759,-0.7030746009502787,-0.010684955963028146,-0.6865507261215884,-0.6874206446824462,0.5195943037473887,1.0784903518252564,-0.22866000825937394,0.6722258325031634,-0.6839292057756831,-0.6683416736855776,0.41390077802624936,1.4971220704765082,1.8614448454072312,1.872300036661484,-1.2676136780735823,1.0647022059569222
-1.481285033214008,-1.5367841448947694,1.227935701936115,0.99519124545907,-0.010684955963028146,-0.6865507261215884,0.884465580790985,0.4896152618284111,0.8392728468558323,-0.27901322319440397,0.6093117270299728,-0.7627080979405642,-0.7198625067332786,0.41390077802624936,1.5245827958975096,1.8691120852466254,1.8621192866382859,0.9300191187803056,1.0647022059569222
-1.481285033214008,-1.5367841448947694,1.3723987254904713,-0.7030746009502787,-0.010684955963028146,1.0301850409414801,-0.6874206446824462,0.5195943037473887,1.0784903518252564,-0.286136759633625,0.5533171086223616,-0.8035323138384314,-0.613678959248633,0.41390077802624936,1.5560468446688376,1.8803147480611233,1.7731542132360651,-0.24227676215842767,1.0647022059569222
-1.481285033214008,-1.5367841448947694,1.5168617490448273,2.2364771177628366,-0.010684955963028146,-0.6865507261215884,-0.6874206446824462,0.6694889415396119,0.7196640943711202,-0.23824938423524844,0.5303349490182238,-0.6028601524322786,-0.5267999577875627,0.41390077802624936,1.5635324085830127,1.746576779903659,1.7152397068522232,0.8560267402112481,1.0647022059569222
-1.481285033214008,-1.5367841448947694,1.6613247725991833,-0.7030746009502787,-0.010684955963028146,0.9674710560511024,1.0820662156668932,0.6994679834585895,0.6598597181287641,-0.12749323603084028,0.5131778216627566,-0.4291576849916672,-0.4666338649938573,0.41390077802624936,1.5775033081209442,1.645378496081274,1.6869966739092164,0.8124741629705466,1.0647022059569222
-1.481285033214008,-1.5367841448947694,-1.6613247691510074,0.6590337829716734,-0.010684955963028146,-0.6865507261215884,-0.6874206446824462,0.9243099401469242,0.5402509656440521,-0.02083112689802779,0.5139918789645895,-0.26971339800453287,-0.317147526458395,0.41390077802624936,1.6397088311058474,1.6317364738247468,1.6777329905461957,-0.3208899684268886,-0.3484592771230415
-1.481285033214008,-1.5367841448947694,-1.5168617455966513,-0.7030746009502787,-0.010684955963028146,-0.6865507261215884,-0.5274101163103759,0.864351856308969,0.6598597181287641,0.012969379993818671,0.5166469581644136,-0.20997608121215097,-0.2526441563260033,0.41390077802624936,1.6517438671188045,1.6235973237661263,1.6655910279654467,-1.2676136780735823,-1.2761757670616813
-1.481285033214008,-1.5367841448947694,-1.372398722042295,-0.6698687945099704,-0.010684955963028146,-0.6865507261215884,-0.6874206446824462,0.8343731002913238,0.7196640943711202,0.005546359463431544,0.5152957621984654,-0.22971390536856603,-0.25424317132985297,0.41390077802624936,1.6770532581493773,1.6799099191357347,1.7108185721533486,-1.2676136780735823,-1.2761757670616813
-1.481285033214008,-1.5367841448947694,-1.227935698487939,-0.6768425617519187,-0.010684955963028146,-0.6865507261215884,-0.6874206446824462,0.819383579331835,0.7196640943711202,-0.03437460833084828,0.5125488406363832,-0.29374475632842917,-0.30230801622419545,0.41390077802624936,1.7022580469924704,1.7574467633632425,1.7791906953520806,-1.2676136780735823,-1.2761757670616813
-1.481285033214008,-1.5367841448947694,-1.083472674933583,-0.6798769949283294,-0.010684955963028146,-0.6865507261215884,-0.6874206446824462,0.8043940583723462,0.7196640943711202,-0.07518945113085741,0.5076589306216128,-0.37233135121013355,-0.37132361953538934,0.41390077802624936,1.724252946589347,1.8328344208846237,1.849633642409175,-1.2676136780735823,-1.2761757670616813
-1.481285033214008,-1.5367841448947694,-0.9390096513792268,-0.6816636322717969,-0.010684955963028146,-0.6865507261215884,-0.6874206446824462,0.7894045374128574,0.7196640943711202,-0.11935420004231592,0.5011019425767642,-0.4510016617194278,-0.44484982852919824,0.41390077802624936,1.7405732980248694,1.8964243229253506,1.9110993802599519,-1.2676136780735823,-1.2761757670616813
-1.481285033214008,-1.5367841448947694,-0.7945466278248707,-0.6829070090993246,-0.010684955963028146,-0.6865507261215884,-0.6874206446824462,0.819383579331835,0.7196640943711202,-0.15433106475077324,0.5057928608066421,-0.5157801512544006,-0.5070307616025636,0.41390077802624936,1.7454804421195504,1.9504276811560253,1.9644591222315797,-1.2676136780735823,-1.2761757670616813
-1.481285033214008,-1.5367841448947694,-0.6500836042705146,-0.7030746009502787,-0.010684955963028146,-0.6865507261215884,-0.6522763014592292,0.7894045374128574,0.7794684706134762,-0.15513600998270652,0.5466014837699763,-0.541589430580082,-0.5310949202253837,0.41390077802624936,1.715979250986095,1.9782005517877082,1.9915069116274884,-1.2676136780735823,-1.2761757670616813
-1.481285033214008,-1.5367841448947694,-0.5056205807161585,-0.6631535747784101,-0.010684955963028146,-0.6865507261215884,-0.6248581836521999,0.7594257813952123,0.8392728468558323,-0.12361367464898802,0.6235180706101637,-0.508941164687627,-0.504556153650041,0.41390077802624936,1.6520070597195604,1.9643455626951147,1.98146022801604,-1.2092866196584227,-1.2178010809332271
-1.481285033214008,-1.5367841448947694,-0.3611575571618023,-0.6186298402228121,-0.010684955963028146,-0.6865507261215884,-0.6874206446824462,0.6694889415396119,1.0784903518252564,-0.07114641590011538,0.715946971590833,-0.43758146640944934,-0.44664332932740924,0.41390077802624936,1.569302400214971,1.919565707048856,1.944860534306769,-1.216810186728019,-1.22533078814249
-1.481285033214008,-1.5367841448947694,-0.2166945336074462,-0.6540429517660188,-0.010684955963028146,-0.6865507261215884,-0.6033375743315077,0.6844784624991007,1.0186859755829005,0.04622192254418659,0.8524998656572583,-0.3072652446179955,-0.30948852940178795,0.41390077802624936,1.4522612291040624,1.8382149781176207,1.8564692826147737,-1.190090887070381,-1.1988737369870581
-1.481285033214008,-1.5367841448947694,-0.07223151005309006,-0.6234737308393925,-0.010684955963028146,-0.6865507261215884,-0.6874206446824462,0.6994679834585895,0.9588815993405444,0.10434406867385451,0.9398760451627906,-0.2273508038412516,-0.2386940727580672,0.41390077802624936,1.3771930113232387,1.786443217385033,1.8095049888518595,-1.2199679193336224,-1.2284911040650552
-1.481285033214008,-1.5367841448947694,0.07223151350126605,-0.6419806878902721,-0.010684955963028146,-0.6865507261215884,-0.6874206446824462,0.6694889415396119,1.0784903518252564,0.1694661650129828,1.0122186040523375,-0.17799422487001534,-0.1806290775419393,0.41390077802624936,1.3196565057942375,1.7587310704947947,1.7750931541747261,-1.2337415420889863,-1.2422759729107704
-1.481285033214008,-1.5367841448947694,0.2166945370556222,-0.6543752184209151,-0.010684955963028146,-0.6865507261215884,-0.6874206446824462,0.6694889415396119,1.0784903518252564,0.19586719160868227,1.0584507968171992,-0.15505282743998736,-0.14016545358956092,0.41390077802624936,1.281303173781143,1.7453714136359846,1.7496441176563933,-1.2428278126525008,-1.2513696624113522
-1.481285033214008,-1.5367841448947694,0.3611575606099783,-0.6627608557934903,-0.010684955963028146,-0.6865507261215884,-0.6874206446824462,0.7294467394762346,0.8392728468558323,0.19370475953556826,1.0740459082388076,-0.16215042069792976,-0.12686229975600674,0.41390077802624936,1.2722461668661171,1.749000958410327,1.7397625060437767,-1.2489624187003558,-1.2575092773804226
-1.481285033214008,-1.5367841448947694,0.5056205841643344,-0.6658008627676725,-0.010684955963028146,-0.6865507261215884,-0.6874206446824462,0.6694889415396119,0.7196640943711202,0.16093806126410076,1.052451124925144,-0.20526811324471983,-0.15323913046073057,0.41390077802624936,1.2758580755794222,1.7432898905274676,1.7234046570166695,-1.2512315141757226,-1.2597802256743749
-1.481285033214008,-1.5367841448947694,0.6500836077186906,-0.20018467394600534,-0.010684955963028146,-0.6865507261215884,-0.6874206446824462,0.6694889415396119,0.7196640943711202,0.10472071242169656,0.998533396300414,-0.2809727354815724,-0.22335573494251407,0.41390077802624936,1.2991130218033613,1.7458467937832933,1.7231015883204013,-0.89926466223754,-0.9075259676480518
-1.481285033214008,-1.5367841448947694,0.7945466312730467,-0.7030746009502787,-0.010684955963028146,-0.6865507261215884,-0.6874206446824462,0.6694889415396119,0.7196640943711202,0.03343565197942356,0.9132327150268198,-0.39295855030124116,-0.3425519281913121,0.41390077802624936,1.3461555659432458,1.7709630007267776,1.7543028162900944,-1.2676136780735823,-1.2761757670616813
-1.481285033214008,-1.5367841448947694,0.9390096548274028,0.22268686042240424,-0.010684955963028146,-0.6865507261215884,-0.6874206446824462,0.5195943037473887,0.7196640943711202,-0.08957253425157581,0.7874921717898669,-0.5431377552566949,-0.5047840031162385,0.41390077802624936,1.419837925249393,1.7996545348183144,1.7929183098581174,-0.6045723103706034,-0.6046013499878337
-1.481285033214008,-1.5367841448947694,1.083472678381759,-0.7030746009502787,-0.010684955963028146,0.4891442370283726,0.476964070697294,0.5195943037473887,1.0784903518252564,-0.15126887261336988,0.6673665366091457,-0.6884465341951372,-0.6590795928846531,0.41390077802624936,1.4999207815387594,1.8640095560012426,1.8653853540437462,0.20166411841790532,0.20881597554270734
-1.481285033214008,-1.5367841448947694,1.227935701936115,1.0837895353375036,-0.010684955963028146,-0.6865507261215884,-0.6874206446824462,0.4896152618284111,0.8392728468558323,-0.18466592604615636,0.5983838774722062,-0.6307026439805145,-0.6066172532927007,0.41390077802624936,1.5331254685542814,1.7801995155415031,1.7841450388090867,0.022615043620269976,0.015106539282588217
-1.481285033214008,-1.5367841448947694,1.3723987254904713,-0.7030746009502787,-0.010684955963028146,0.7889951242627967,0.7823020757254345,0.5195943037473887,1.0784903518252564,-0.17861347026486116,0.5559575765372811,-0.554077978707773,-0.5352694479453576,0.41390077802624936,1.5522556179198526,1.713813285207255,1.7200857491036463,0.5607610987088967,0.5536921580750013
-1.481285033214008,-1.5367841448947694,1.5168617490448273,0.8955377658221759,-0.010684955963028146,-0.6865507261215884,-0.6874206446824462,0.6694889415396119,0.7196640943711202,-0.14717941080954314,0.5372878333064424,-0.43040595959711636,-0.4168870027901218,0.41390077802624936,1.5558578858785512,1.6347036960763335,1.6426036603820757,-0.16120485423677944,-0.16886346788820522
-1.481285033214008,-1.5367841448947694,1.6613247725991833,-0.7030746009502787,-0.010684955963028146,0.3417015627991792,0.3376835463006026,0.6994679834585895,0.6598597181287641,-0.10169510098984634,0.5230919263583262,-0.34033208864840003,-0.3308591818349174,0.41390077802624936,1.5665514108880214,1.588764016968484,1.5979914242533118,-0.028220082456703533,-0.035770081012368046
-1.481285033214008,-1.4265392129941283,-1.6613247691510074,0.8043291805028235,-0.010684955963028146,-0.6865507261215884,-0.6874206446824462,0.6694889415396119,1.0784903518252564,-0.07396470505497518,0.5146994826192596,-0.256636353880913,-0.2505731674278876,0.41390077802624936,1.5845858884925699,1.5712447838207226,1.581599512750255,-0.22267886630697842,-0.23038765737691794
-1.481285033214008,-1.4265392129941283,-1.5168617455966513,-0.7030746009502787,-0.010684955963028146,-0.6865507261215884,-0.5206279929909468,0.819383579331835,0.7196640943711202,-0.03626698160559637,0.5152929790965788,-0.23234058679264866,-0.22449172728112682,0.41390077802624936,1.6029336906218281,1.6008818733147532,1.6099744286129634,-1.2676136780735823,-1.2761757670616813
-1.481285033214008,-1.4265392129941283,-1.372398722042295,-0.6704191979415376,-0.010684955963028146,-0.6865507261215884,-0.6874206446824462,0.6395098996206342,0.9588815993405444,-0.04115419579200523,0.5048069469633112,-0.27987282817650533,-0.2567779966412991,0.41390077802624936,1.6241240692467969,1.6571176965255354,1.657085453041506,-1.2676136780735823,-1.2761757670616813
-1.481285033214008,-1.4265392129941283,-1.227935698487939,-0.6773783406131403,-0.010684955963028146,-0.6865507261215884,-0.6874206446824462,0.6694889415396119,0.7196640943711202,-0.07989030512953192,0.49199006700000936,-0.3548057746778511,-0.3200290084576986,0.41390077802624936,1.6402607643070664,1.7102561751816356,1.703547106934961,-1.2676136780735823,-1.2761757670616813
-1.481285033214008,-1.4265392129941283,-1.083472674933583,-0.6802970300015239,-0.010684955963028146,-0.6865507261215884,-0.6874206446824462,0.7894045374128574,1.0784903518252564,-0.11307549645415725,0.4907564570887703,-0.4290167774996842,-0.38996333336652417,0.41390077802624936,1.6531089979710774,1.783408765276847,1.7748617040176338,-1.2676136780735823,-1.2761757670616813
-1.481285033214008,-1.4265392129941283,-0.9390096513792268,-0.6993994039400692,-0.010684955963028146,-0.6865507261215884,-0.661477832259797,0.9093204191874354,0.9588815993405444,-0.1446272570806759,0.4988017088674826,-0.49477664627293844,-0.45696165515377746,0.41390077802624936,1.6780505942134143,1.8841581271535526,1.8774482742123562,-1.2676136780735823,-1.2761757670616813
-1.481285033214008,-1.4265392129941283,-0.7945466278248707,-0.6979717054555499,-0.010684955963028146,-0.6865507261215884,-0.6669097466806873,0.9692782171240583,0.7196640943711202,-0.16416957487235576,0.5210435633697827,-0.5409288231029619,-0.5028432139130927,0.41390077802624936,1.6906081591260407,1.9761710776004295,1.97004405819206,-1.2676136780735823,-1.2761757670616813
-1.481285033214008,-1.4265392129941283,-0.6500836042705146,-0.6851373078677155,-0.010684955963028146,-0.6865507261215884,-0.6874206446824462,1.1191728549162814,0.7196640943711202,-0.14323772936511278,0.5882401668709915,-0.5278293995541447,-0.4999356919747951,0.41390077802624936,1.680007667398523,2.0541555425505855,2.05533082089015,-1.2676136780735823,-1.2761757670616813
-1.481285033214008,-1.4265392129941283,-0.5056205807161585,-0.6857569638469329,-0.010684955963028146,-0.6865507261215884,-0.6874206446824462,1.239088450789527,0.9588815993405444,-0.08620497296444635,0.6938623623451262,-0.444958388048558,-0.42725252600591657,0.41390077802624936,1.6549060346297189,2.1241769562923105,2.131929468729083,-1.2676136780735823,-1.2761757670616813
-1.481285033214008,-1.4265392129941283,-0.3611575571618023,-0.6883081073240084,-0.010684955963028146,-0.6865507261215884,-0.6874206446824462,0.9692782171240583,1.0784903518252564,0.024109141952563837,0.8281588565569841,-0.3160015091209399,-0.3249822931032115,0.41390077802624936,1.5956014147058954,2.127812139699787,2.1532735401970977,-1.2676136780735823,-1.2761757670616813
-1.481285033214008,-1.4265392129941283,-0.2166945336074462,-0.6883828790792458,-0.010684955963028146,-0.6865507261215884,-0.6874206446824462,1.2690674927085046,0.06181595570520356,0.1912709608732972,0.9942188926006998,-0.1271813255257551,-0.15976213517872484,0.41390077802624936,1.4787602892530707,2.02155339951002,2.0604310216159654,-1.2676136780735823,-1.2761757670616813
-1.481285033214008,-1.4265392129941283,-0.07223151005309006,-0.7030746009502787,-0.010684955963028146,-0.6865507261215884,-0.6874206446824462,1.4189621305007278,-0.47642343047600094,0.28034393776096495,1.1600006184557548,0.04609841943890747,0.004889212828361831,0.41390077802624936,1.336542287487428,1.8721938151249362,1.9130990222775484,-1.2676136780735823,-1.2761757670616813
-1.481285033214008,-1.4265392129941283,0.07223151350126605,-0.7030746009502787,-0.010684955963028146,-0.6865507261215884,-0.6874206446824462,1.568856768292951,-1.0146628166572054,0.37491159765751597,1.2940257602336684,0.17527163281009944,0.14772071945467277,0.41390077802624936,1.191251777228711,1.6912695961959678,1.7193774242832616,-1.2676136780735823,-1.2761757670616813
-1.481285033214008,-1.4265392129941283,0.2166945370556222,-0.7030746009502787,-0.010684955963028146,-0.6865507261215884,-0.6874206446824462,1.4189621305007278,-0.7156409354454252,0.43350324068119533,1.3684118116834574,0.24320645016549083,0.22847382526740723,0.41390077802624936,1.0964976205792545,1.5610887380641225,1.5789242982929945,-1.2676136780735823,-1.2761757670616813
-1.481285033214008,-1.4265392129941283,0.3611575606099783,-0.7030746009502787,-0.010684955963028146,-0.6865507261215884,-0.6874206446824462,1.2690674927085046,-0.7156409354454252,0.45309590841833325,1.4008224247039518,0.25576379430397356,0.2706219077734593,0.41390077802624936,1.0190090913544827,1.4446592049234048,1.443066986365445,-1.2676136780735823,-1.2761757670616813
-1.481285033214008,-1.4265392129941283,0.5056205841643344,-0.7030746009502787,-0.010684955963028146,-0.6865507261215884,-0.6874206446824462,1.1191728549162814,-1.0744671928995615,0.4395583120440728,1.3903343052442692,0.23276354727435267,0.2627130900521287,0.41390077802624936,0.9631139242972289,1.3396856393472107,1.3288362897769272,-1.2676136780735823,-1.2761757670616813
-1.481285033214008,-1.4265392129941283,0.6500836077186906,-0.7030746009502787,-0.010684955963028146,-0.6865507261215884,-0.6874206446824462,0.9692782171240583,0.7196640943711202,0.3925059610658252,1.3425867135021494,0.16768003446261673,0.2067890660701628,0.41390077802624936,0.978425852800917,1.3431399527533847,1.327446278739144,-1.2676136780735823,-1.2761757670616813
-1.481285033214008,-1.4265392129941283,0.7945466312730467,-0.7030746009502787,-0.010684955963028146,-0.6865507261215884,-0.6874206446824462,0.9093204191874354,-0.23720592550657674,0.30722426968160926,1.252817762149606,0.04907571185774772,0.08452341501244832,0.41390077802624936,1.0151339900404215,1.3629953149827196,1.3507773279708766,-1.2676136780735823,-1.2761757670616813
-1.481285033214008,-1.4265392129941283,0.9390096548274028,-0.7030746009502787,-0.010684955963028146,-0.6865507261215884,-0.6874206446824462,0.8493626212508127,-0.17740154926422066,0.14753582123672104,1.1103194666779141,-0.13021912527938803,-0.10538992881118203,0.41390077802624936,1.0740891326097612,1.3846255454262766,1.3808662850912976,-1.2676136780735823,-1.2761757670616813
-1.481285033214008,-1.4265392129941283,1.083472678381759,-0.7030746009502787,-0.010684955963028146,-0.6865507261215884,-0.6874206446824462,0.7894045374128574,-0.1175971730218646,-0.01368274243377549,0.9838678409089328,-0.29456119091433053,-0.27453479379091894,0.41390077802624936,1.1167200674417361,1.3958546664424039,1.3969005405968853,-1.2676136780735823,-1.2761757670616813
-1.481285033214008,-1.4265392129941283,1.227935701936115,-0.7030746009502787,-0.010684955963028146,-0.6865507261215884,-0.6874206446824462,0.7294467394762346,-0.1175971730218646,-0.11187102113553736,0.8832677527891822,-0.4274170630318775,-0.4100913924607842,0.41390077802624936,1.1289546670750465,1.3845769664331211,1.3887220527817412,-1.2676136780735823,-1.2761757670616813
-1.481285033214008,-1.4265392129941283,1.3723987254904713,1.262913243775991,-0.010684955963028146,-0.6865507261215884,-0.6874206446824462,0.6544994205801231,0.12162033194755961,-0.13801506684078207,0.8125018211183986,-0.5193227313763725,-0.5031622031657691,0.41390077802624936,1.1429781087255833,1.3931403151998327,1.3990831592481074,0.23105862553878184,0.223720259593777
-1.481285033214008,-1.4265392129941283,1.5168617490448273,-0.7030746009502787,-0.010684955963028146,0.9982032767759241,0.9931438694908106,0.5645625807245227,0.3010334606746278,-0.1327302842538733,0.7365579283875807,-0.5849176554972466,-0.5702557334799692,0.41390077802624936,1.1513940054592804,1.3829513051264486,1.3905142630547735,0.87015164778593,0.8633351857894062
-1.481285033214008,-1.4265392129941283,1.6613247725991833,0.9749906153487488,-0.010684955963028146,-0.6865507261215884,-0.6874206446824462,0.4896152618284111,0.48044658940169593,-0.12194362580873004,0.6707967096843902,-0.48754394759621233,-0.4766299465751748,0.41390077802624936,1.1590584053714053,1.2906663990661023,1.2989255056076263,-0.09360017501350539,-0.10120355064411153
-1.481285033214008,-1.3162942810934875,-1.6613247691510074,-0.7030746009502787,-0.010684955963028146,0.9263694866360278,0.9233294076658513,0.5195943037473887,0.36083783691698385,-0.09425834865615247,0.6258433522364248,-0.37078717087152013,-0.3635783651808647,0.41390077802624936,1.1494470550665086,1.191131945759298,1.199750423388764,0.7153104221002251,0.7083676367813109
-1.481285033214008,-1.3162942810934875,-1.5168617455966513,-0.6748115241542348,-0.010684955963028146,-0.6865507261215884,-0.6874206446824462,0.3696996659551655,0.7196640943711202,-0.09368422849885155,0.5766033221076114,-0.20080797668965875,-0.19810757284356093,0.41390077802624936,1.158334384700461,1.0756909083810953,1.0844231770937196,-1.2676136780735823,-1.2761757670616813
-1.481285033214008,-1.3162942810934875,-1.372398722042295,-0.6804745586799659,-0.010684955963028146,-0.6865507261215884,-0.6874206446824462,0.3696996659551655,0.5402509656440521,-0.1223601571757012,0.5371278049479624,-0.19049437714410494,-0.1894590581051823,0.41390077802624936,1.159010201598373,1.0412952462628642,1.0506519789834814,-1.2676136780735823,-1.2761757670616813
-1.481285033214008,-1.3162942810934875,-1.227935698487939,-0.6801718365126542,-0.010684955963028146,-0.6865507261215884,-0.6874206446824462,0.2947523470590539,0.6000553418864081,-0.16699244129498447,0.5076700630291593,-0.2538828557140457,-0.2519435192174463,0.41390077802624936,1.1319138967014952,1.028118194369398,1.037532685362029,-1.2676136780735823,-1.2761757670616813
-1.481285033214008,-1.3162942810934875,-1.083472674933583,-0.6822004749417343,-0.010684955963028146,-0.6865507261215884,-0.6874206446824462,0.2198050281629423,0.7196640943711202,-0.22794137721965446,0.4721110659994395,-0.3652495064365892,-0.3642513348542406,0.41390077802624936,1.1031053937865127,1.0343892218965782,1.0455386773053779,-1.2676136780735823,-1.2761757670616813
-1.481285033214008,-1.3162942810934875,-0.9390096513792268,-0.40627855365879867,-0.010684955963028146,-0.6865507261215884,-0.5142226266994465,0.24978407008191994,0.36083783691698385,-0.28784408051142985,0.4377244506394534,-0.48281774454158344,-0.47680408866719715,0.41390077802624936,1.0508163509898003,1.0151619166501837,1.024550078342784,-0.9453611167470369,-0.9536600529244643
-1.481285033214008,-1.3162942810934875,-0.7945466278248707,-0.13494202447324607,-0.010684955963028146,-0.6865507261215884,-0.2518694385422603,0.2198050281629423,0.7196640943711202,-0.3184261142663343,0.4207725770481236,-0.5787119237767965,-0.5435330598354814,0.41390077802624936,1.001984000757229,1.0169775565193757,1.010815039963784,-0.5792777363376137,-0.5872777639152634
-1.481285033214008,-1.3162942810934875,-0.6500836042705146,-0.7030746009502787,-0.010684955963028146,0.1216513249826734,-0.06854067418624014,0.2198050281629423,0.6598597181287641,-0.30865103199812105,0.432484565562442,-0.6187453999843593,-0.5349415074636521,0.41390077802624936,0.9466137727882962,1.0141625773624108,0.9809566596036364,-0.3820833121272176,-0.38992230989870896
-1.481285033214008,-1.3162942810934875,-0.5056205807161585,0.7161508599094139,-0.010684955963028146,-0.6865507261215884,-0.6874206446824462,0.33972062403618786,0.48044658940169593,-0.24981090872412923,0.48486671772123596,-0.5394700161271381,-0.44780617535310957,0.41390077802624936,0.8685766846264175,0.9634981574291654,0.9254173558696538,-0.24360155640762843,-0.25132748108755637
-1.481285033214008,-1.3162942810934875,-0.3611575571618023,-0.7030746009502787,-0.010684955963028146,0.2782946074337582,0.22654376614912541,0.3696996659551655,0.36083783691698385,-0.12714732536658951,0.5727320273833396,-0.35910759752133137,-0.30119480883220245,0.41390077802624936,0.7751833204896609,0.8638062561356157,0.8428333196286295,-0.12462485938736695,-0.12027807463833579
-1.481285033214008,-1.3162942810934875,-0.2166945336074462,0.05308054465476646,-0.010684955963028146,-0.6865507261215884,-0.6874206446824462,0.5195943037473887,-0.2970103017489328,0.05737149293386514,0.6900745606774527,-0.19318736797617955,-0.16423937718950385,0.2094193759773157,0.631912066283264,0.7242865203106099,0.717028805090263,-0.7360997725280001,-0.759652713143498
-1.481285033214008,-1.3162942810934875,-0.07223151005309006,-0.7030746009502787,-0.010684955963028146,-0.6865507261215884,-0.6874206446824462,0.6994679834585895,-0.47642343047600094,0.1655009433343123,0.8557303511721386,-0.04280426159115039,-0.03235522366588465,0.2886824404385554,0.4676953086189021,0.6171891418773928,0.6176478195712702,-1.2676136780735823,-1.2761757670616813
-1.481285033214008,-1.3162942810934875,0.07223151350126605,-0.44816887732988225,-0.010684955963028146,-0.6865507261215884,-0.6874206446824462,0.9692782171240583,-0.7754453116877812,0.5428012021535067,1.0495761806762778,0.18392666828825363,0.09558062410777095,-0.443097991391993,0.3180399467121165,0.5251642635527323,0.5719372869423414,-1.0965119420627392,-1.110919929102294
-1.481285033214008,-1.3162942810934875,0.2166945370556222,-0.7030746009502787,-0.010684955963028146,-0.6865507261215884,-0.6874206446824462,0.9692782171240583,-0.7754453116877812,0.7586291858887275,1.2371363745695128,0.335417141786749,0.42320781279729985,-0.6567380753570924,0.17989805599407924,0.47526062535158503,0.4347973917857724,-1.2676136780735823,-1.2761757670616813
-1.481285033214008,-1.3162942810934875,0.3611575606099783,-0.7030746009502787,-0.010684955963028146,-0.6865507261215884,-0.6874206446824462,0.9692782171240583,-1.0744671928995615,0.8048308189573526,1.3588497693765438,0.42763280661360653,0.7524258790097427,-0.39700880238246705,0.06380336596665867,0.39290340040590627,0.24461392430613219,-1.2676136780735823,-1.2761757670616813
-1.481285033214008,-1.3162942810934875,0.5056205841643344,-0.7030746009502787,-0.010684955963028146,-0.6865507261215884,-0.6874206446824462,0.9692782171240583,-0.7754453116877812,0.7854218958263669,1.426623170743752,0.4581517116419189,1.0472337933378162,-0.0017252146188906931,0.0076351245351773305,0.3894148214599172,0.12602606933574748,-1.2676136780735823,-1.2761757670616813
-1.481285033214008,-1.3162942810934875,0.6500836077186906,-0.6871391467156474,-0.010684955963028146,-0.6865507261215884,-0.6874206446824462,0.9692782171240583,-0.7754453116877812,0.5945491759672643,1.336225238364835,0.3172326155125462,0.7111615269332991,0.41390077802624936,0.059621688656112636,0.46078842280130883,0.27917991352185734,-1.2676136780735823,-1.2761757670616813
-1.481285033214008,-1.3162942810934875,0.7945466312730467,-0.41462976562143133,-0.010684955963028146,-0.6865507261215884,-0.6874206446824462,0.9692782171240583,-1.0744671928995615,0.41940460205754515,1.2321977602717267,0.16167571756894222,0.48396305921074423,0.41390077802624936,0.10443770051963842,0.4973935616261008,0.3476205983708978,-1.0721194634015445,-1.0774045677530142
-1.481285033214008,-1.3162942810934875,0.9390096548274028,-0.7030746009502787,-0.010684955963028146,-0.6865507261215884,-0.6874206446824462,0.9692782171240583,-1.0744671928995615,0.3519069037463506,1.1676033570344966,0.039369672262920506,0.3306757033302531,0.4019193821921198,0.12844631273493654,0.5327595023844137,0.396817949451344,-1.2676136780735823,-1.2761757670616813
-1.481285033214008,-1.3162942810934875,1.083472678381759,0.5556271861854453,-0.010684955963028146,-0.6865507261215884,-0.6874206446824462,0.819383579331835,-0.8352496879301373,0.18387540394952356,1.0330647329585037,-0.13992516487421525,0.05115241944355773,0.41390077802624936,0.18484858348448938,0.5827832868454191,0.49459734355309837,-0.369211391556291,-0.36249789099793583
-1.481285033214008,-1.3162942810934875,1.227935701936115,-0.7030746009502787,-0.010684955963028146,-0.6865507261215884,-0.6874206446824462,0.8793413772684578,-0.9548584404148494,0.1417750028018452,0.9194459899886723,-0.28730859941520687,-0.11197152339191278,0.41390077802624936,0.2345702933295053,0.6280096788618003,0.5477732354942809,-1.2676136780735823,-1.2761757670616813
-1.481285033214008,-1.3162942810934875,1.3723987254904713,1.3651130559550182,-0.010684955963028146,-0.6865507261215884,-0.6874206446824462,0.8043940583723462,-0.8352496879301373,0.08881339913392985,0.8433726830201271,-0.39799889417623213,-0.2765016229330587,0.41390077802624936,0.2583333073212042,0.6587625671048742,0.6059331663843229,0.2049316626355596,0.2149787203126894
-1.481285033214008,-1.3162942810934875,1.5168617490448273,-0.7030746009502787,-0.010684955963028146,1.1129612794294044,1.06893289215121,0.7144572185167458,-0.7754453116877812,0.09552759705553089,0.7793884748715357,-0.452034430748903,-0.3588765286962626,0.41390077802624936,0.27924265794939507,0.6621518193595005,0.6241303891127006,0.8614449069364238,0.8546213798831552
-1.481285033214008,-1.3162942810934875,1.6613247725991833,1.6218174897480582,-0.010684955963028146,-0.6865507261215884,-0.6874206446824462,0.6395098996206342,-0.7156409354454252,0.10240919219839507,0.7187947805963047,-0.4111157239446472,-0.3418106036780769,0.41390077802624936,0.2931807789216646,0.610685412298177,0.5846231573922576,0.3635686966049117,0.3563386996333889
-1.481285033214008,-1.2060493491928466,-1.6613247691510074,-0.7030746009502787,-0.010684955963028146,1.1885537414259346,1.1658769977767878,0.5195943037473887,-0.536227806718357,0.15248253990412577,0.6556322832797344,-0.20724993567608038,-0.16274126694925592,0.41390077802624936,0.3044281652832751,0.47635560453213327,0.4609678540767782,0.7817093866740671,0.7773780977439275
-1.481285033214008,-1.2060493491928466,-1.5168617455966513,-0.6746609728249765,-0.010684955963028146,-0.6865507261215884,-0.6874206446824462,0.5195943037473887,-0.536227806718357,0.14080919930260438,0.6185377097840786,-0.02785894989735624,0.0024430860591139795,0.41390077802624936,0.29936484096396954,0.36335002292686713,0.35310880563365005,-1.2676136780735823,-1.2761757670616813
-1.481285033214008,-1.2060493491928466,-1.372398722042295,-0.6761665561049752,-0.010684955963028146,-0.6865507261215884,-0.6874206446824462,0.3696996659551655,-0.057792796779508555,0.09364634000250731,0.5827122307487161,-0.012738747139983218,0.010430837345520139,0.41390077802624936,0.3096693615250696,0.35213499849357527,0.3450831622618688,-1.2676136780735823,-1.2761757670616813
-1.481285033214008,-1.2060493491928466,-1.227935698487939,-0.5911615993067628,-0.010684955963028146,-0.6865507261215884,-0.6874206446824462,0.3696996659551655,0.0020115794628475024,0.03146154178023058,0.5513306696507951,-0.07512098044364555,-0.05606702936419242,0.41390077802624936,0.3201127089525024,0.3870654632775288,0.38259555564722114,-1.2028405937766016,-1.211349790097976
-1.481285033214008,-1.2060493491928466,-1.083472674933583,-0.5034934253835173,-0.010684955963028146,-0.6865507261215884,-0.6874206446824462,0.3696996659551655,0.0020115794628475024,-0.02990850277917949,0.526063583397752,-0.1733136095333809,-0.15646157291123672,0.41390077802624936,0.33643980891624936,0.4472390042504846,0.444905213174566,-1.1376506185411852,-1.146106584465602
-1.481285033214008,-1.2060493491928466,-0.9390096513792268,-0.26227114853281736,-0.010684955963028146,-0.6865507261215884,-0.3166344906859703,0.3097418680185427,0.0020115794628475024,-0.08676666910923163,0.49849695921089904,-0.28671844568407817,-0.26387225252097396,0.41390077802624936,0.35274810940851375,0.5066641251101363,0.5026437300993359,-0.7217412442592813,-0.729857602380071
-1.481285033214008,-1.2060493491928466,-0.7945466278248707,-0.7030746009502787,-0.010684955963028146,-0.6865507261215884,-0.24471428432020872,0.3696996659551655,0.0020115794628475024,-0.09424265516665904,0.5213455299244797,-0.3374691799583459,-0.28812926944196837,0.41390077802624936,0.33098121365807953,0.5331999663803919,0.5166420976193298,-1.0094467017151076,-1.017797985070064
-1.481285033214008,-1.2060493491928466,-0.6500836042705146,0.11250386930446428,-0.010684955963028146,-0.6865507261215884,-0.6874206446824462,0.5195943037473887,-0.2970103017489328,0.03301715892626572,0.7380955921799317,0.09537294051775361,-0.20105903717891088,0.41390077802624936,0.1785748624243445,0.3386708100512785,0.4825453408447287,-0.6901524371324022,-0.7036240812024509
-1.481285033214008,-1.2060493491928466,-0.5056205807161585,-0.7030746009502787,-0.010684955963028146,-0.6865507261215884,-0.6874206446824462,0.7594257813952123,-0.47642343047600094,0.16088836521403826,0.9466320249925316,0.8328562297934433,-0.07552211878507653,0.41390077802624936,0.050555764043075796,0.05131435452841596,0.45435558510769425,-1.2676136780735823,-1.2761757670616813
-1.481285033214008,-1.2060493491928466,-0.3611575571618023,-0.7030746009502787,-0.010684955963028146,-0.6865507261215884,-0.6874206446824462,0.819383579331835,-0.536227806718357,0.28849997502977387,1.0834604461457311,1.467666860601939,0.06202409397354818,0.41390077802624936,-0.02432204883427052,-0.16524147152768523,0.4253061885513458,-1.2676136780735823,-1.2761757670616813
-1.481285033214008,-1.2060493491928466,-0.2166945336074462,-0.7030746009502787,-0.010684955963028146,-0.6865507261215884,-0.6874206446824462,0.819383579331835,-0.536227806718357,0.4557409152933699,1.2180387294236081,1.824621179101608,0.1718589291540071,0.41390077802624936,-0.09926686495613163,-0.27808960514620584,0.3947790045768829,-1.2676136780735823,-1.2761757670616813
-1.481285033214008,-1.2060493491928466,-0.07223151005309006,-0.7030746009502787,-0.010684955963028146,-0.6865507261215884,-0.6874206446824462,0.9692782171240583,-0.8950540641724933,0.6555922728288948,1.3389478077854093,1.7813169913448406,0.2844173792036186,0.33568575091078834,-0.1660529514734225,-0.24581537030944084,0.36281137089832705,-1.2676136780735823,-1.2761757670616813
-1.481285033214008,-1.2060493491928466,0.07223151350126605,-0.7030746009502787,-0.010684955963028146,-0.6865507261215884,-0.6874206446824462,0.9692782171240583,-1.0744671928995615,0.8257705112093424,1.4225507969081728,1.5082788863942318,0.34705645245365935,0.397529270199247,-0.22258537241016235,-0.15286315370472003,0.3248662093890529,-1.2676136780735823,-1.2761757670616813
-1.481285033214008,-1.2060493491928466,0.2166945370556222,-0.7030746009502787,-0.010684955963028146,-0.6865507261215884,-0.6874206446824462,0.9692782171240583,-1.3136846978689858,0.9473453587332762,1.5031932613990566,1.2597578561810605,0.5583713711379745,0.41390077802624936,-0.28990796692130194,-0.08877314827909631,0.19517900929085905,-1.2676136780735823,-1.2761757670616813
-1.481285033214008,-1.2060493491928466,0.3611575606099783,-0.7030746009502787,-0.010684955963028146,-0.6865507261215884,-0.6874206446824462,1.149151896835259,-1.672510955323122,1.031289180138178,1.59811303856824,1.1587744298824625,1.0611057570887703,0.41390077802624936,-0.36058891829959705,-0.0735356097161137,-0.04195324915815432,-1.2676136780735823,-1.2761757670616813
-1.481285033214008,-1.2060493491928466,0.5056205841643344,-0.7030746009502787,-0.010684955963028146,-0.6865507261215884,-0.6874206446824462,1.1191728549162814,-1.9117284602925464,1.0219195130152114,1.670017954686118,1.0724702487780906,1.7021374452885485,0.41390077802624936,-0.4281667517889423,-0.08472374220676583,-0.3293097549978078,-1.2676136780735823,-1.2761757670616813
-1.481285033214008,-1.2060493491928466,0.6500836077186906,-0.7030746009502787,-0.010684955963028146,-0.6865507261215884,-0.6874206446824462,1.1191728549162814,-1.7323153315654782,0.9789245829664083,1.7253828962918842,1.010886214973132,2.2045984118799073,0.41390077802624936,-0.4881785210631486,-0.10269927089738193,-0.5386522734529878,-1.2676136780735823,-1.2761757670616813
-1.481285033214008,-1.2060493491928466,0.7945466312730467,-0.6853603773574318,-0.010684955963028146,-0.6865507261215884,-0.6874206446824462,1.149151896835259,-1.672510955323122,0.9026771103672371,1.7867906478689481,0.9153012033526814,2.379559134484333,0.41390077802624936,-0.5340215143111261,-0.08181680995561343,-0.6084853711810644,-1.2676136780735823,-1.2761757670616813
-1.481285033214008,-1.2060493491928466,0.9390096548274028,-0.6884096100727268,-0.010684955963028146,-0.6865507261215884,-0.6874206446824462,1.1191728549162814,-1.3136846978689858,0.7372762317467445,1.7519928292052156,0.7410649451777345,2.133846270137052,0.41390077802624936,-0.5186944016189328,-0.013137607770318274,-0.5292333438053515,-1.2676136780735823,-1.2761757670616813
-1.481285033214008,-1.2060493491928466,1.083472678381759,-0.4215055084892122,-0.010684955963028146,-0.6865507261215884,-0.6874206446824462,0.9243099401469242,-0.9548584404148494,0.5006890308887082,1.5519970403071444,0.49381871333320926,1.4759545351867591,0.41390077802624936,-0.4039520684439314,0.09068133923640892,-0.2988851951496029,-1.0771329841659967,-1.082607837532394
-1.481285033214008,-1.2060493491928466,1.227935701936115,-0.26567762081261204,-0.010684955963028146,-0.2528486691581986,-0.6874206446824462,0.7294467394762346,-0.41661905423364487,0.3539137087153215,1.3529878610278754,0.1656758326060589,1.0485862426693164,0.41390077802624936,-0.28647127892296903,0.22853941325088578,-0.13976408554540048,-0.6953528454649441,-0.6977918343440375
-1.481285033214008,-1.2060493491928466,1.3723987254904713,0.5733482237530666,-0.010684955963028146,0.4209247716876673,-0.6874206446824462,0.6245206645624779,-0.2970103017489328,0.2752834412947329,1.19078589997447,0.06373423536197653,0.6724214214430855,0.41390077802624936,-0.1860821012060448,0.2763476486311859,0.0138373745105579,0.3349270421687618,0.3500197883320387
-1.481285033214008,-1.2060493491928466,1.5168617490448273,-0.7030746009502787,-0.010684955963028146,0.8399985880205063,-0.6874206446824462,0.5345838247068775,-0.17740154926422066,0.2468618779267558,1.0608463517660973,0.09100563713388131,0.37839958777339305,0.41390077802624936,-0.10254978291849173,0.2694808778263337,0.14347675613289965,-0.4213064247345158,-0.40333482492765926
-1.481285033214008,-1.2060493491928466,1.6613247725991833,2.2316929796021245,-0.010684955963028146,-0.6865507261215884,-0.6874206446824462,0.42965746389178827,-0.057792796779508555,0.19765886499251425,0.9533720019864248,0.25459343325291495,0.12936825870056537,0.41390077802624936,-0.03190040501153271,0.20332691580311096,0.25950424832775093,0.8141808207815718,0.7989761541739371
-1.481285033214008,-1.0958044172922057,-1.6613247691510074,-0.7030746009502787,-0.010684955963028146,0.84181171258117,1.2898874684433916,0.3247313889780315,0.12162033194755961,0.22892945059894249,0.8553372380306552,0.3076989803784982,-0.07673297594829702,0.41390077802624936,0.033288690505200336,0.18444660336497115,0.3586788938482038,0.7804546022423907,0.7750339623785804
-1.481285033214008,-1.0958044172922057,-1.5168617455966513,-0.7030746009502787,-0.010684955963028146,-0.6865507261215884,-0.6874206446824462,0.2347945491224311,0.24122908443227173,0.22078518344725365,0.7769059479886814,0.3745703606032181,-0.09743554119661192,0.41390077802624936,0.08560858371665352,0.16024927675184603,0.3731916920947162,-1.2676136780735823,-1.2761757670616813
-1.481285033214008,-1.0958044172922057,-1.372398722042295,-0.6737869111906212,-0.010684955963028146,-0.6865507261215884,-0.6874206446824462,0.1298681883073419,0.36083783691698385,0.12284342330961756,0.7141337807117079,0.31299793094465794,-0.03779594341944125,0.41390077802624936,0.12529499107295444,0.18684779359809256,0.3455198606714771,-1.2676136780735823,-1.2761757670616813
-1.481285033214008,-1.0958044172922057,-1.227935698487939,-0.687534143091068,-0.010684955963028146,-0.6865507261215884,-0.6874206446824462,0.02494197044291891,0.5402509656440521,0.02865044547472192,0.6458322857615157,0.17742337309943942,-0.12366589724449457,0.41390077802624936,0.16749329704196492,0.24273293720203254,0.38261280523440067,-1.2676136780735823,-1.2761757670616813
-1.481285033214008,-1.0958044172922057,-1.083472674933583,-0.5804741066324278,-0.010684955963028146,-0.6865507261215884,-0.6128932292172979,-0.09497376838099289,0.6598597181287641,-0.07304009696565458,0.5760112171812356,0.007435061373979175,-0.29242097688741525,0.41390077802624936,0.20849446230771995,0.3099172509952661,0.45452043875732134,-1.1460081865491807,-1.1553162651606765
-1.481285033214008,-1.0958044172922057,-0.9390096513792268,-0.24436046186613553,-0.010684955963028146,-0.6865507261215884,-0.2980373600584503,-0.19989998624541588,0.8392728468558323,-0.1629343664701446,0.5264657416203669,-0.16826414811479104,-0.4164549025524403,0.41390077802624936,0.2381764175900465,0.38150772284181683,0.5062410332484842,-0.7078673474937723,-0.7110990955869378
-1.481285033214008,-1.0958044172922057,-0.7945466278248707,0.021602735901963883,-0.010684955963028146,-0.6865507261215884,-0.09624657307111438,0.1448577092668307,0.36083783691698385,-0.12747492695976462,0.5480222572830897,-0.24807912477954697,-0.3744606184360715,0.41390077802624936,0.2188471866418522,0.41681684352777815,0.48384844889899986,-0.3913974038712423,-0.39193425878907506
-1.481285033214008,-1.0958044172922057,-0.6500836042705146,-0.7030746009502787,-0.010684955963028146,-0.6865507261215884,0.00436247096127376,0.5046047827878999,-0.057792796779508555,-0.011012887533707605,0.7118773808571404,0.1313515964266063,-0.14625310307749945,0.41390077802624936,0.1130970263071484,0.2629845218442933,0.3933767659836307,-0.8723403153728474,-0.8724631018918907
-1.481285033214008,-1.0958044172922057,-0.5056205807161585,-0.68842660581671,-0.010684955963028146,-0.6865507261215884,-0.6874206446824462,0.8493626212508127,-0.47642343047600094,0.27480217428360143,0.9612648789368453,0.9447359495603248,0.0591247095161862,0.41390077802624936,-0.033176117864830705,-0.042034518230240826,0.33503167496791475,-1.2676136780735823,-1.2761757670616813
-1.481285033214008,-1.0958044172922057,-0.3611575571618023,-0.7030746009502787,-0.010684955963028146,-0.6865507261215884,-0.6874206446824462,1.1341623758757702,-1.0146628166572054,0.3764312505567954,1.1607993686972113,1.688893280750408,0.2245409807312213,0.41390077802624936,-0.14492861201750792,-0.2907253482587949,0.2941689313840476,-1.2676136780735823,-1.2761757670616813
-1.481285033214008,-1.0958044172922057,-0.2166945336074462,-0.7030746009502787,-0.010684955963028146,-0.6865507261215884,-0.6874206446824462,1.4339516514602166,-1.4332934503536978,0.5500908280231998,1.3326065101367728,2.076369819748789,0.4163145526967348,0.41390077802624936,-0.245185952415189,-0.4103925411710327,0.22548085688596406,-1.2676136780735823,-1.2761757670616813
-1.481285033214008,-1.0958044172922057,-0.07223151005309006,-0.7030746009502787,-0.010684955963028146,-0.6865507261215884,-0.6874206446824462,1.7187514060851743,-1.8519240840501903,0.7936420148439406,1.499011650814428,2.092837761223599,0.5905705694521356,0.41390077802624936,-0.33271773775122626,-0.39532893275318765,0.1741434652492324,-1.2676136780735823,-1.2761757670616813
-1.481285033214008,-1.0958044172922057,0.07223151350126605,-0.7030746009502787,-0.010684955963028146,-0.6865507261215884,-0.6874206446824462,1.8686460438773973,-1.1940759453842735,0.9724353250608796,1.6088516371977175,1.859388859447007,0.6765869979340301,0.41390077802624936,-0.3958613061593366,-0.3122675292772573,0.13975193704814573,-1.2676136780735823,-1.2761757670616813
-1.481285033214008,-1.0958044172922057,0.2166945370556222,-0.7030746009502787,-0.010684955963028146,-0.6865507261215884,-0.6874206446824462,1.8536565229179085,-1.7921197078078341,1.1740796637710276,1.7477931284583241,1.6880279429761127,0.9462110362625419,0.41390077802624936,-0.46757839763895953,-0.2336604291067895,0.04530608025613627,-1.2676136780735823,-1.2761757670616813
-1.481285033214008,-1.0958044172922057,0.3611575606099783,-0.7030746009502787,-0.010684955963028146,-0.6865507261215884,-0.6874206446824462,1.8386670019584197,-1.7323153315654782,1.287748262067256,1.8717810132821855,1.5935005664131343,1.4988965351885573,0.41390077802624936,-0.5136301132241665,-0.15819513194456133,-0.1334075034951422,-1.2676136780735823,-1.2761757670616813
-1.481285033214008,-1.0958044172922057,0.5056205841643344,-0.7030746009502787,-0.010684955963028146,-0.6865507261215884,-0.6874206446824462,1.7187514060851743,-1.2538803216266297,1.2869328545089938,1.947258040671525,1.490267593448408,2.1320234744074726,0.41390077802624936,-0.5196592001361728,-0.05369304284658303,-0.3063719526839274,-1.2676136780735823,-1.2761757670616813
-1.481285033214008,-1.0958044172922057,0.6500836077186906,-0.7030746009502787,-0.010684955963028146,-0.6865507261215884,-0.6874206446824462,1.568856768292951,-0.7754453116877812,1.2220173891148622,1.9872386908235933,1.392626990180206,2.6379054379841667,0.41390077802624936,-0.4683814724976765,0.10956880840121896,-0.37458861124883885,-1.2676136780735823,-1.2761757670616813
-1.481285033214008,-1.0958044172922057,0.7945466312730467,-0.7030746009502787,-0.010684955963028146,-0.6865507261215884,-0.6874206446824462,1.568856768292951,-0.7754453116877812,1.128642434419811,2.0373609642504613,1.2709815523513044,2.7901658437705827,0.41390077802624936,-0.4671539634174107,0.20852508494126912,-0.38699543141501525,-1.2676136780735823,-1.2761757670616813
-1.481285033214008,-1.0958044172922057,0.9390096548274028,-0.7030746009502787,-0.010684955963028146,-0.6865507261215884,-0.6874206446824462,1.4189621305007278,-0.7754453116877812,0.9389362639463859,1.9797862397467285,1.0696570721440306,2.4756286069140945,0.41390077802624936,-0.38640685913566,0.36735735612119674,-0.21635268932091245,-1.2676136780735823,-1.2761757670616813
-1.481285033214008,-1.0958044172922057,1.083472678381759,-0.7030746009502787,-0.010684955963028146,-0.6865507261215884,-0.6874206446824462,1.2690674927085046,-0.536227806718357,0.687399706555077,1.7776808596186082,0.8109940179784849,1.798946614735358,0.41390077802624936,-0.22739586793991384,0.5384881367781911,0.093139403854171,-1.2676136780735823,-1.2761757670616813
-1.481285033214008,-1.0958044172922057,1.227935701936115,-0.6883713101594615,-0.010684955963028146,-0.6865507261215884,-0.6874206446824462,1.2690674927085046,-0.596032182960713,0.5140284969581143,1.6133046002162903,0.5903129927107499,1.3131414441230294,0.41390077802624936,-0.1004230324523097,0.6753063167204301,0.3306596688401213,-1.2676136780735823,-1.2761757670616813
-1.481285033214008,-1.0958044172922057,1.3723987254904713,-0.68826715908694,-0.010684955963028146,-0.6865507261215884,-0.6874206446824462,1.1191728549162814,-0.7754453116877812,0.39103208084423496,1.4409269228899741,0.3588326514839197,0.9640907093742896,0.41390077802624936,0.017605592949163987,0.7833429613114912,0.4848032899716084,-1.2676136780735823,-1.2761757670616813
-1.481285033214008,-1.0958044172922057,1.5168617490448273,-0.3530276039499693,-0.010684955963028146,-0.6865507261215884,-0.6874206446824462,0.9692782171240583,-1.0744671928995615,0.26684688290122915,1.2938142444902863,0.158036159937782,0.6528214848615472,0.41390077802624936,0.10119551474549057,0.8299028900640956,0.5822152023616773,-1.0268557347800154,-1.031427710756176
-1.481285033214008,-1.0958044172922057,1.6613247725991833,0.5261680608517402,-0.010684955963028146,-0.6865507261215884,-0.6874206446824462,0.9392991752050807,-0.9548584404148494,0.20767261908010662,1.1752353181830475,-0.002075365467271677,0.403599738734826,0.41390077802624936,0.16799317016830917,0.8662499529877483,0.661682740402532,-0.39302218884046425,-0.38464867051832513
-1.481285033214008,-0.9855594853915648,-1.6613247691510074,-0.7030746009502787,-0.010684955963028146,0.7803364974018768,-0.6874206446824462,0.819383579331835,-0.536227806718357,0.19244274142213916,1.0639084596168378,-0.16583971038508397,0.12499273520148164,0.41390077802624936,0.24003708322909062,0.9177788187545577,0.7711226370884422,-0.40169531778784695,-0.3944618847119211
-1.481285033214008,-0.9855594853915648,-1.5168617455966513,-0.6870402405000444,-0.010684955963028146,-0.6865507261215884,-0.6874206446824462,0.6694889415396119,-0.536227806718357,0.11363134497698069,0.9660038056742671,-0.13780243495087174,-0.07915631777092513,0.41390077802624936,0.29485971633637725,0.8568802796828551,0.8342150765150099,-1.2676136780735823,-1.2761757670616813
-1.481285033214008,-0.9855594853915648,-1.372398722042295,-0.6877349775788758,-0.010684955963028146,-0.6865507261215884,-0.6874206446824462,0.5195943037473887,-0.536227806718357,0.05128830406897865,0.8718486857484293,-0.12733715263453627,-0.24796103604755307,0.41390077802624936,0.34309192959469725,0.8045754512485864,0.8780495527762615,-1.2676136780735823,-1.2761757670616813
-1.481285033214008,-0.9855594853915648,-1.227935698487939,-0.6877562229587288,-0.010684955963028146,-0.6865507261215884,-0.6874206446824462,0.5195943037473887,0.06181595570520356,-0.04371485016101474,0.7976957190816437,-0.20343880245174087,-0.380135697640574,0.41390077802624936,0.38832635020814277,0.8196522887672462,0.9251121036813376,-1.2676136780735823,-1.2761757670616813
-1.481285033214008,-0.9855594853915648,-1.083472674933583,-0.687890265656416,-0.010684955963028146,-0.6865507261215884,-0.6874206446824462,0.3696996659551655,0.0020115794628475024,-0.12855254657164605,0.721205642605579,-0.3190492552857716,-0.506806980876834,0.41390077802624936,0.4367345072380304,0.8548486367905247,0.9689919965771884,-1.2676136780735823,-1.2761757670616813
-1.481285033214008,-0.9855594853915648,-0.9390096513792268,-0.40193241354134673,-0.010684955963028146,-0.6865507261215884,-0.3656265014055759,0.3696996659551655,-0.057792796779508555,-0.1960110111591071,0.6556023649344533,-0.43551344174769924,-0.6421227101110049,0.41390077802624936,0.46334009772544,0.8698274488408526,0.9965358753664122,-0.8561084627891252,-0.8604380743021868
-1.481285033214008,-0.9855594853915648,-0.7945466278248707,-0.7030746009502787,-0.010684955963028146,-0.6865507261215884,-0.34850164786849147,0.5195943037473887,-0.2970103017489328,-0.18099234171390524,0.6661238816167752,-0.46222867336007123,-0.594898466997312,0.41390077802624936,0.44043655700690576,0.8535751731842306,0.9385807560304765,-1.0672376491680065,-1.0756361173820281
-1.481285033214008,-0.9855594853915648,-0.6500836042705146,-0.18495680088070024,-0.010684955963028146,-0.6865507261215884,-0.6874206446824462,2.0185406816696205,-2.2107503415043266,0.11436763119238026,0.9670342491477838,0.10445152733945665,-0.33773942196598544,0.36553851246232344,0.22389604982924807,0.5640925192287883,0.7963611849733438,-0.8733658828088934,-0.8840813903735194
-1.481285033214008,-0.9855594853915648,-0.5056205807161585,-0.7030746009502787,-0.010684955963028146,-0.6865507261215884,-0.6874206446824462,1.1191728549162814,-0.7754453116877812,0.20763730872874642,1.1494568369583402,0.8806843769104642,-0.118147057673956,0.41390077802624936,0.1269481394690948,0.2546189589782866,0.7328724417400566,-1.2676136780735823,-1.2761757670616813
-1.481285033214008,-0.9855594853915648,-0.3611575571618023,-0.7030746009502787,-0.010684955963028146,-0.6865507261215884,-0.6874206446824462,1.568856768292951,-1.672510955323122,0.3606004430303091,1.3224523629034832,1.5423461736177153,0.10804643115304967,0.41390077802624936,0.011870549052654306,-0.018700553098154014,0.6176984765867848,-1.2676136780735823,-1.2761757670616813
-1.481285033214008,-0.9855594853915648,-0.2166945336074462,-0.7030746009502787,-0.010684955963028146,-0.6865507261215884,-0.6874206446824462,1.7187514060851743,-1.672510955323122,0.6050703528818105,1.530943570310426,1.9165923279864951,0.347163053453916,0.34885142894564775,-0.10600623446376785,-0.13725064603831735,0.5298124849547063,-1.2676136780735823,-1.2761757670616813
-1.481285033214008,-0.9855594853915648,-0.07223151005309006,-0.7030746009502787,-0.010684955963028146,-0.6865507261215884,-0.6874206446824462,1.8686460438773973,-1.672510955323122,0.8224493764952976,1.683388671924855,1.9328638278401291,0.5297778906263874,0.2938457710954249,-0.1836914350825113,-0.11611119354793534,0.47460179677395387,-1.2676136780735823,-1.2761757670616813
-1.481285033214008,-0.9855594853915648,0.07223151350126605,-0.7030746009502787,-0.010684955963028146,-0.6865507261215884,-0.6874206446824462,1.8686460438773973,-1.672510955323122,1.0433411261737282,1.8386982811560755,1.8178816566468223,0.7091605203712298,0.3173276300705655,-0.26707793695664184,-0.05531024620355434,0.40949443088545356,-1.2676136780735823,-1.2761757670616813
-1.481285033214008,-0.9855594853915648,0.2166945370556222,-0.7030746009502787,-0.010684955963028146,-0.6865507261215884,-0.6874206446824462,2.0185406816696205,-1.612706579080766,1.1804518744007513,2.0043498969979314,1.7170938431018006,0.9620034455143027,0.41390077802624936,-0.33395705675588494,0.03529217847776777,0.3500682929567523,-1.2676136780735823,-1.2761757670616813
-1.481285033214008,-0.9855594853915648,0.3611575606099783,-0.7030746009502787,-0.010684955963028146,-0.6865507261215884,-0.6874206446824462,1.988561639750643,-1.55290220283841,1.0964956289833336,1.971153753469942,1.506248160774477,0.9744025252159093,0.41390077802624936,-0.2979914986399419,0.15024699218340376,0.37595664807515106,-1.2676136780735823,-1.2761757670616813
-1.481285033214008,-0.9855594853915648,0.5056205841643344,-0.7030746009502787,-0.010684955963028146,-0.6865507261215884,-0.6874206446824462,1.8686460438773973,-1.4332934503536978,1.0254178533814529,1.9428663058944575,1.3362565335786172,0.9447226909994166,0.41390077802624936,-0.28627581262332336,0.21367727753233354,0.3808716886752924,-1.2676136780735823,-1.2761757670616813
-1.481285033214008,-0.9855594853915648,0.6500836077186906,-0.7030746009502787,-0.010684955963028146,-0.6865507261215884,-0.6874206446824462,1.9286038418140201,-1.4332934503536978,0.9462036573726299,1.8925714801506195,1.1861378359579562,0.8848536162598615,0.41390077802624936,-0.2534237362075321,0.2829749943983424,0.4134362890797828,-1.2676136780735823,-1.2761757670616813
-1.481285033214008,-0.9855594853915648,0.7945466312730467,-0.7030746009502787,-0.010684955963028146,-0.6865507261215884,-0.6874206446824462,1.988561639750643,-1.493097826596054,0.8437487112148448,1.806495705001605,1.0144047579347066,0.7702607959763446,0.41390077802624936,-0.1934358278009768,0.37199361378048773,0.4809893844112944,-1.2676136780735823,-1.2761757670616813
-1.481285033214008,-0.9855594853915648,0.9390096548274028,-0.7030746009502787,-0.010684955963028146,-0.6865507261215884,-0.6874206446824462,1.7187514060851743,-0.47642343047600094,0.7066399246740086,1.6726987775783932,0.8074887368985084,0.6025904425421423,0.41390077802624936,-0.055462891307417536,0.5642241596254199,0.6629533144252874,-1.2676136780735823,-1.2761757670616813
-1.481285033214008,-0.9855594853915648,1.083472678381759,-0.7030746009502787,-0.010684955963028146,-0.6865507261215884,-0.6874206446824462,1.568856768292951,-0.7754453116877812,0.5653377069614517,1.5271154136653964,0.5912288914086392,0.41830091179312,0.41390077802624936,0.08308439314182074,0.7421722646120901,0.832273952084301,-1.2676136780735823,-1.2761757670616813
-1.481285033214008,-0.9855594853915648,1.227935701936115,-0.7030746009502787,-0.010684955963028146,-0.6865507261215884,-0.6874206446824462,1.2690674927085046,0.24122908443227173,0.437193826293731,1.3924731190441275,0.39076974897566075,0.24490258552833366,0.41390077802624936,0.2154811171710115,0.9093854964638907,0.9916802257499776,-1.2676136780735823,-1.2761757670616813
-1.481285033214008,-0.9855594853915648,1.3723987254904713,-0.3177682351621683,-0.010684955963028146,-0.6865507261215884,-0.6874206446824462,1.2690674927085046,-0.23720592550657674,0.29999022492053873,1.2909991369319822,0.22560047347601817,0.10463682664102422,0.41390077802624936,0.3324133477548671,1.0633249521769241,1.1372440332278906,-1.0007335799964818,-1.007432022201794
-1.481285033214008,-0.9855594853915648,1.5168617490448273,-0.7030746009502787,-0.010684955963028146,-0.6865507261215884,-0.6874206446824462,1.1191728549162814,0.06181595570520356,0.24757200832633297,1.1783892683960462,0.06050496719276672,-0.03914432401047375,0.41390077802624936,0.45145834971072535,1.204664665281225,1.2711187343758183,-1.2676136780735823,-1.2761757670616813
-1.481285033214008,-0.9855594853915648,1.6613247725991833,0.6211778698703535,-0.010684955963028146,-0.6865507261215884,-0.6874206446824462,0.9692782171240583,0.18142470818991568,0.15802430338148932,1.0903681050282925,-0.07468416721849833,-0.15725416355436628,0.41390077802624936,0.5511582134732887,1.3185884766053346,1.378590212980419,-0.31702864389551955,-0.3096707241185249
-1.481285033214008,-0.8753145534909239,-1.6613247691510074,-0.7030746009502787,-0.010684955963028146,-0.6865507261215884,-0.6874206446824462,0.819383579331835,0.36083783691698385,0.1387409281664509,0.9921266957574423,-0.21131470238598923,-0.27835452734209976,0.41390077802624936,0.6481427587009465,1.4148017749961328,1.468564059708835,-1.2676136780735823,-1.2761757670616813
-1.481285033214008,-0.8753145534909239,-1.5168617455966513,-0.6836467550850723,-0.010684955963028146,-0.6865507261215884,-0.6874206446824462,0.819383579331835,-0.23720592550657674,0.07909651355592133,0.9228149348224114,-0.31562105889258585,-0.37005905499799374,0.41390077802624936,0.7013549037512262,1.4314396464109276,1.4789356469370318,-1.2676136780735823,-1.2761757670616813
-1.481285033214008,-0.8753145534909239,-1.372398722042295,-0.7030746009502787,-0.010684955963028146,-0.6865507261215884,-0.6874206446824462,0.6994679834585895,0.6598597181287641,0.034723825908675024,0.8424758284371676,-0.42343020987635926,-0.4668763619257388,0.41390077802624936,0.7832762519440422,1.4970516490417578,1.5399031119024456,-1.2676136780735823,-1.2761757670616813
-1.481285033214008,-0.8753145534909239,-1.227935698487939,-0.7030746009502787,-0.010684955963028146,-0.6865507261215884,-0.6615683019285346,0.5195943037473887,1.0784903518252564,-0.06374366612699058,0.772299914366345,-0.5195788514647416,-0.5877570137282104,0.41390077802624936,0.8655706973401275,1.5805680468375118,1.6420473066082348,-1.2676136780735823,-1.2761757670616813
-1.481285033214008,-0.8753145534909239,-1.083472674933583,-0.7030746009502787,-0.010684955963028146,-0.6865507261215884,-0.5394158881600398,0.3696996659551655,1.0784903518252564,-0.15472209419731758,0.6959121168846131,-0.6198113237178304,-0.6774890160053099,0.41390077802624936,0.9370342369736009,1.6442282149219103,1.701155746443946,-1.1857760714745342,-1.190868110738393
-1.481285033214008,-0.8753145534909239,-0.9390096513792268,-0.38206172090473345,-0.010684955963028146,-0.6865507261215884,-0.3471664137445948,0.4596365058107659,0.8392728468558323,-0.21871949045608421,0.6372930333979304,-0.7014953968203606,-0.7189608738456117,0.41390077802624936,0.9883722193283876,1.6857224824150088,1.7173943768052304,-0.828665063676535,-0.8303678044553939
-1.481285033214008,-0.8753145534909239,-0.7945466278248707,-0.41501582740338755,-0.010684955963028146,-0.6865507261215884,-0.42718436636785817,0.6694889415396119,0.7196640943711202,-0.1959181580129377,0.6547590850628111,-0.6805698053932889,-0.649718234816314,0.41390077802624936,0.9860728993547502,1.6794106832328586,1.6785919763178951,-0.9051531484461042,-0.9134192586322589
-1.481285033214008,-0.8753145534909239,-0.6500836042705146,-0.4278413292407731,-0.010684955963028146,-0.6865507261215884,-0.455381015566795,0.9692782171240583,0.06181595570520356,0.0032721112776769256,0.869723787458004,0.04788794458709124,-0.3999122175584151,0.41390077802624936,0.8415902843320533,1.2554206045676475,1.5406817451667771,-0.9343850557436738,-0.9416697943904828
-1.481285033214008,-0.8753145534909239,-0.5056205807161585,-0.7030746009502787,-0.010684955963028146,-0.6865507261215884,-0.6874206446824462,1.1791306528529042,-0.41661905423364487,0.12526675964555967,1.0766668944405209,0.8236665747133537,-0.18930363221931193,0.41390077802624936,0.6900785951257965,0.8316369866233476,1.4095722183484891,-1.2676136780735823,-1.2761757670616813
-1.481285033214008,-0.8753145534909239,-0.3611575571618023,-0.7030746009502787,-0.010684955963028146,-0.6865507261215884,-0.6874206446824462,1.4189621305007278,-0.7754453116877812,0.263007209138506,1.219562477706526,1.4749468047318592,0.0024878422042598986,0.41390077802624936,0.5933302483859966,0.5210090246738841,1.3033466403065008,-1.2676136780735823,-1.2761757670616813
-1.481285033214008,-0.8753145534909239,-0.2166945336074462,-0.7030746009502787,-0.010684955963028146,-0.6865507261215884,-0.6874206446824462,1.568856768292951,-1.0146628166572054,0.4495844901441808,1.365903541108152,1.8758551431866173,0.17413579631979403,0.41390077802624936,0.4883949728344027,0.3412899551420848,1.2039553923748822,-1.2676136780735823,-1.2761757670616813
-1.481285033214008,-0.8753145534909239,-0.07223151005309006,-0.7030746009502787,-0.010684955963028146,-0.6865507261215884,-0.6874206446824462,1.778709204021797,-1.2538803216266297,0.6857715070201348,1.5011142842897605,1.8759943929434006,0.3335189391691593,0.41390077802624936,0.4016151663576682,0.3511219963639772,1.1238426324338313,-1.2676136780735823,-1.2761757670616813
-1.481285033214008,-0.8753145534909239,0.07223151350126605,-0.7030746009502787,-0.010684955963028146,-0.6865507261215884,-0.6874206446824462,1.568856768292951,-0.47642343047600094,0.8755005638324046,1.6054646022017154,1.6648586069561122,0.45677654915292604,0.41390077802624936,0.37740626746542116,0.5139902276449154,1.1340901973136994,-1.2676136780735823,-1.2761757670616813
-1.481285033214008,-0.8753145534909239,0.2166945370556222,-0.7030746009502787,-0.010684955963028146,-0.6865507261215884,-0.6874206446824462,1.568856768292951,-0.7754453116877812,1.0405156441695174,1.7059512789195865,1.4640521689987758,0.6965832298371331,0.41390077802624936,0.35129813991570424,0.6526648191113162,1.047952309415283,-1.2676136780735823,-1.2761757670616813
-1.481285033214008,-0.8753145534909239,0.3611575606099783,-0.7030746009502787,-0.010684955963028146,-0.6865507261215884,-0.6874206446824462,1.4789199284373507,-0.35681467799128885,1.1384645971565046,1.8045586660885258,1.3403196425533264,1.1921248963889328,0.41390077802624936,0.35555308696125926,0.8005715879823394,0.870940539366248,-1.2676136780735823,-1.2761757670616813
-1.481285033214008,-0.8753145534909239,0.5056205841643344,-0.7030746009502787,-0.010684955963028146,-0.6865507261215884,-0.6874206446824462,1.4189621305007278,-0.23720592550657674,1.0983670776054237,1.8352409728374366,1.2227248806851354,1.768373285112134,0.41390077802624936,0.36645292411930735,0.8962045409013317,0.6125585363056952,-1.2676136780735823,-1.2761757670616813
-1.481285033214008,-0.8753145534909239,0.6500836077186906,-0.7030746009502787,-0.010684955963028146,-0.6865507261215884,-0.6874206446824462,1.4189621305007278,-0.23720592550657674,1.0350902740725634,1.8640307703034538,1.13189922682331,2.2720971887447017,0.41390077802624936,0.378215126776902,0.9777062117041578,0.40529382888343135,-1.2676136780735823,-1.2761757670616813
-1.481285033214008,-0.8753145534909239,0.7945466312730467,-0.6877520391110296,-0.010684955963028146,-0.6865507261215884,-0.6874206446824462,1.3889830885817502,-0.17740154926422066,0.944871672451876,1.8981161148842145,1.0125737894065279,2.4090534341354934,0.41390077802624936,0.38363323086572476,1.0724148625301622,0.3691116188537459,-1.2676136780735823,-1.2761757670616813
-1.481285033214008,-0.8753145534909239,0.9390096548274028,-0.6884071843089051,-0.010684955963028146,-0.6865507261215884,-0.6874206446824462,1.2540779717490158,0.06181595570520356,0.7634078534394736,1.8372990766825832,0.8101270224689896,2.1267080718603246,0.41390077802624936,0.47885978449089706,1.2331592809540775,0.539602389901305,-1.2676136780735823,-1.2761757670616813
-1.481285033214008,-0.8753145534909239,1.083472678381759,-0.6883418608547619,-0.010684955963028146,-0.6865507261215884,-0.6874206446824462,1.1191728549162814,0.06181595570520356,0.5225598701839741,1.626991895294629,0.5509044826735116,1.458120431968251,0.41390077802624936,0.6483611217927825,1.377315274438374,0.8682006935443657,-1.2676136780735823,-1.2761757670616813
-1.481285033214008,-0.8753145534909239,1.227935701936115,-0.6883209122215506,-0.010684955963028146,-0.6865507261215884,-0.6874206446824462,1.1791306528529042,0.18142470818991568,0.3792776572136642,1.4444670284897396,0.32909122426431336,1.0516280330430519,0.41390077802624936,0.8034529052221431,1.5301148587762914,1.106367708874946,-1.2676136780735823,-1.2761757670616813
-1.481285033214008,-0.8753145534909239,1.3723987254904713,-0.6882706262635045,-0.010684955963028146,-0.6865507261215884,-0.6874206446824462,1.1341623758757702,0.24122908443227173,0.2770980010174095,1.2988780983729695,0.14448666128221918,0.7063604131812824,0.41390077802624936,0.9304780418034871,1.6523265933255609,1.3125063894480347,-1.2676136780735823,-1.2761757670616813
-1.481285033214008,-0.8753145534909239,1.5168617490448273,-0.6883037779024848,-0.010684955963028146,-0.6865507261215884,-0.6874206446824462,1.1041833339567926,0.36083783691698385,0.1791228922145999,1.186389294769101,-0.0037546512246687683,0.43766486142752514,0.41390077802624936,1.045693736029665,1.7654792131333248,1.4929012620763051,-1.2676136780735823,-1.2761757670616813
-1.481285033214008,-0.8753145534909239,1.6613247725991833,-0.4278403886099086,-0.010684955963028146,-0.43032703726039306,-0.6874206446824462,1.0592150569796586,0.48044658940169593,0.12758351103202561,1.0904822122056435,-0.14324063527381464,0.2236637602863613,0.41390077802624936,1.1418838830777516,1.870264535111041,1.6408638539181963,-0.9186079973596722,-0.9227710856655185
-1.481285033214008,-0.7650696215902829,-1.6613247691510074,-0.16382400558366472,-0.010684955963028146,-0.22760171506569646,-0.6874206446824462,0.9842677380835471,0.48044658940169593,0.06126674780521082,1.0090903975317902,-0.23191703544909983,0.052493476301748165,0.41390077802624936,1.2281667086545238,1.9370233489731523,1.759952383615197,-0.5994796578419276,-0.6002831816560206
-1.481285033214008,-0.7650696215902829,-1.5168617455966513,-0.7030746009502787,-0.010684955963028146,-0.6865507261215884,-0.6874206446824462,0.8943308982279466,0.5402509656440521,0.040047188323921824,0.9362030464479395,-0.25307139433374376,-0.08830040509828312,0.41390077802624936,1.300021662925019,1.9457176875249802,1.8492331899675643,-1.2676136780735823,-1.2761757670616813
-1.481285033214008,-0.7650696215902829,-1.372398722042295,-0.684629446986542,-0.010684955963028146,-0.6865507261215884,-0.6874206446824462,0.819383579331835,0.5402509656440521,-0.017243856757990457,0.8810064825063132,-0.2974149820607857,-0.23208643823834246,0.41390077802624936,1.3507850563052612,1.9618324672813312,1.9340915515258286,-1.2676136780735823,-1.2761757670616813
-1.481285033214008,-0.7650696215902829,-1.227935698487939,-0.6880096333928184,-0.010684955963028146,-0.6865507261215884,-0.6874206446824462,0.819383579331835,0.7196640943711202,-0.07491808454170037,0.8221076972800264,-0.3663494137416563,-0.35174158541190953,0.41390077802624936,1.4082164776090522,2.000337825472327,2.009037295884394,-1.2676136780735823,-1.2761757670616813
-1.481285033214008,-0.7650696215902829,-1.083472674933583,-0.6880199229426471,-0.010684955963028146,-0.6865507261215884,-0.6874206446824462,0.9692782171240583,0.36083783691698385,-0.11563484303237564,0.7818890919166531,-0.4254758551129121,-0.4322879992088792,0.41390077802624936,1.4506762890467626,2.034889634354273,2.0598017392077197,-1.2676136780735823,-1.2761757670616813
-1.481285033214008,-0.7650696215902829,-0.9390096513792268,-0.7030746009502787,-0.010684955963028146,-0.6865507261215884,-0.6874206446824462,0.9392991752050807,0.4206422131593399,-0.13762730687121552,0.7477425190943869,-0.4780641888561578,-0.4909364518080912,0.41390077802624936,1.4907630287380962,2.073309111825226,2.1036038997866604,-1.2676136780735823,-1.2761757670616813
-1.481285033214008,-0.7650696215902829,-0.7945466278248707,-0.6832462688967789,-0.010684955963028146,-0.6865507261215884,-0.6874206446824462,0.9692782171240583,0.48044658940169593,-0.14695054742109745,0.738195088072378,-0.5056812284172209,-0.5197862629691504,0.41390077802624936,1.50701059247634,2.091929179657175,2.123640496216308,-1.2676136780735823,-1.2761757670616813
-1.481285033214008,-0.7650696215902829,-0.6500836042705146,-0.7030746009502787,-0.010684955963028146,-0.6865507261215884,-0.6581052328972703,0.9992572590430359,0.5402509656440521,-0.09373457844430962,0.8155729740502706,-0.40215815179252956,-0.4610751517667342,0.41390077802624936,1.4504772074641394,2.0276257736544743,2.0894762695374225,-1.2676136780735823,-1.2761757670616813
-1.481285033214008,-0.7650696215902829,-0.5056205807161585,-0.7030746009502787,-0.010684955963028146,-0.6865507261215884,-0.6874206446824462,1.029236015060681,0.5402509656440521,0.11732258448491192,1.0204322334951896,0.07989052261922436,-0.27112925801936133,0.41390077802624936,1.291860764150662,1.7249790800358757,1.9759390500233625,-1.2676136780735823,-1.2761757670616813
-1.481285033214008,-0.7650696215902829,-0.3611575571618023,-0.7030746009502787,-0.010684955963028146,-0.6865507261215884,-0.6874206446824462,1.1641411318934154,0.24122908443227173,0.2525527295543068,1.2048885730093848,0.722265399144406,-0.07118565519448378,0.41390077802624936,1.1466160474763258,1.3396604823686122,1.84928253688785,-1.2676136780735823,-1.2761757670616813
-1.481285033214008,-0.7650696215902829,-0.2166945336074462,-0.7030746009502787,-0.010684955963028146,-0.6865507261215884,-0.6874206446824462,1.2840570136679934,-0.057792796779508555,0.4361220917404096,1.3739049590321502,1.2528069724883004,0.11417720928994698,0.41390077802624936,1.0172843603553894,1.0462620145720174,1.7312119511836463,-1.2676136780735823,-1.2761757670616813
-1.481285033214008,-0.7650696215902829,-0.07223151005309006,-0.7030746009502787,-0.010684955963028146,-0.6865507261215884,-0.6874206446824462,1.4189621305007278,-0.35681467799128885,0.6743603784722326,1.5159537835491548,1.4470620409360286,0.27833868094470926,0.41390077802624936,0.9089338474844618,0.944427432687496,1.625984229007613,-1.2676136780735823,-1.2761757670616813
-1.481285033214008,-0.7650696215902829,0.07223151350126605,-0.7030746009502787,-0.010684955963028146,-0.6865507261215884,-0.6874206446824462,1.4489411724197054,-0.35681467799128885,0.8660073104796773,1.6170687455179278,1.3038312330705353,0.40336782052816084,0.41390077802624936,0.8403876001948991,1.0282565577516896,1.5548425644951454,-1.2676136780735823,-1.2761757670616813
-1.481285033214008,-0.7650696215902829,0.2166945370556222,-0.7030746009502787,-0.010684955963028146,-0.6865507261215884,-0.6874206446824462,1.4939094493968395,-0.35681467799128885,1.0121581625503049,1.694352006031676,1.1837349487858464,0.6285555167115237,0.41390077802624936,0.7977161741935773,1.1086296344456676,1.430982231276355,-1.2676136780735823,-1.2761757670616813
-1.481285033214008,-0.7650696215902829,0.3611575606099783,-0.7030746009502787,-0.010684955963028146,-0.6865507261215884,-0.6874206446824462,1.523888491315817,-0.35681467799128885,1.0985854786675404,1.7748706224886057,1.1118804165505287,1.1408294715631486,0.41390077802624936,0.7634726958692107,1.1754062316892022,1.1559962996348803,-1.2676136780735823,-1.2761757670616813
-1.481285033214008,-0.7650696215902829,0.5056205841643344,-0.7030746009502787,-0.010684955963028146,-0.6865507261215884,-0.6874206446824462,1.568856768292951,-0.23720592550657674,1.0969173915134691,1.8441107185500565,1.0779067913658338,1.7673813261860818,0.41390077802624936,0.7413167956704064,1.238437041567629,0.8563216234062009,-1.2676136780735823,-1.2761757670616813
-1.481285033214008,-0.7650696215902829,0.6500836077186906,-0.7030746009502787,-0.010684955963028146,-0.6865507261215884,-0.6874206446824462,1.4189621305007278,-0.23720592550657674,1.0335464270436483,1.871858244359539,1.0152908173989996,2.2637928894498995,0.41390077802624936,0.748870326904557,1.2879143123556334,0.6184937043906815,-1.2676136780735823,-1.2761757670616813
-1.481285033214008,-0.7650696215902829,0.7945466312730467,-0.7030746009502787,-0.010684955963028146,-0.6865507261215884,-0.6874206446824462,1.4189621305007278,-0.23720592550657674,0.9434252558368992,1.9069322858855173,0.9233776892461055,2.398568289949945,0.41390077802624936,0.7371365644730513,1.3491988809265192,0.5603189257547128,-1.2676136780735823,-1.2761757670616813
-1.481285033214008,-0.7650696215902829,0.9390096548274028,-0.7030746009502787,-0.010684955963028146,-0.6865507261215884,-0.6874206446824462,1.4189621305007278,-0.47642343047600094,0.7800488373610576,1.8550030835587688,0.7681258145792647,2.121016717693951,0.41390077802624936,0.7869749274488053,1.4183155109207202,0.675869324937067,-1.2676136780735823,-1.2761757670616813
-1.481285033214008,-0.7650696215902829,1.083472678381759,-0.7030746009502787,-0.010684955963028146,-0.6865507261215884,-0.6874206446824462,1.2990465346274822,-0.1175971730218646,0.5522087952094157,1.6623783400073788,0.5476296267863073,1.488611573034025,0.41390077802624936,0.9495402238490829,1.5486590219314347,1.0009792816841767,-1.2676136780735823,-1.2761757670616813
-1.481285033214008,-0.7650696215902829,1.227935701936115,-0.7030746009502787,-0.010684955963028146,-0.6865507261215884,-0.6874206446824462,1.1791306528529042,0.06181595570520356,0.3950398057236168,1.4971977641598313,0.34272775401786565,1.0178770171144678,0.41390077802624936,1.0853938814612802,1.6607771694295899,1.2519795531779156,-1.2676136780735823,-1.2761757670616813
-1.481285033214008,-0.7650696215902829,1.3723987254904713,-0.7030746009502787,-0.010684955963028146,-0.6865507261215884,-0.6874206446824462,1.1191728549162814,0.24122908443227173,0.2911730994068195,1.3628616107460894,0.17553852817726717,0.6749236968307891,0.41390077802624936,1.2041207385151258,1.7682451795561238,1.457799007213581,-1.2676136780735823,-1.2761757670616813
-1.481285033214008,-0.7650696215902829,1.5168617490448273,-0.7030746009502787,-0.010684955963028146,-0.6865507261215884,-0.6874206446824462,1.0592150569796586,0.36083783691698385,0.1922583429205915,1.2525471054911332,0.03621251557490199,0.4220002106264536,0.41390077802624936,1.3103165427315124,1.8580673041598836,1.6150650219737672,-1.2676136780735823,-1.2761757670616813
-1.481285033214008,-0.7650696215902829,1.6613247725991833,-0.7030746009502787,-0.010684955963028146,-0.6865507261215884,-0.6874206446824462,0.9992572590430359,0.5402509656440521,0.13087195097629245,1.1567304737389903,-0.08270677671792896,0.22568999303933107,0.41390077802624936,1.3990148593749296,1.9382517035143734,1.7432827319236293,-1.2676136780735823,-1.2761757670616813
-1.481285033214008,-0.654824689689642,-1.6613247691510074,-0.7030746009502787,-0.010684955963028146,-0.6865507261215884,-0.6874206446824462,0.9392991752050807,0.6000553418864081,0.05522867772261791,1.0725284219351345,-0.23249226956343033,0.06488197727813848,0.41390077802624936,1.4775932759079604,2.0367894199794665,1.8469658518248782,-1.2676136780735823,-1.2761757670616813
-1.481285033214008,-0.654824689689642,-1.5168617455966513,-0.7030746009502787,-0.010684955963028146,-0.6865507261215884,-0.6874206446824462,0.8793413772684578,0.6000553418864081,-0.012057812375811078,0.9968663182703358,-0.30893541283179365,-0.07415827698026635,0.41390077802624936,1.5446172480451654,2.0772145158821305,1.929780901524585,-1.2676136780735823,-1.2761757670616813
-1.481285033214008,-0.654824689689642,-1.372398722042295,-0.7030746009502787,-0.010684955963028146,-0.6865507261215884,-0.6874206446824462,0.819383579331835,0.6598597181287641,-0.07501289937405645,0.9261456120052096,-0.390385745271152,-0.1969300793521765,0.41390077802624936,1.5994779621331474,2.1121111488672795,1.993511794026,-1.2676136780735823,-1.2761757670616813
-1.481285033214008,-0.654824689689642,-1.227935698487939,-0.7030746009502787,-0.010684955963028146,-0.6865507261215884,-0.6874206446824462,0.819383579331835,0.6598597181287641,-0.12497770044412436,0.868588281888268,-0.459127050801246,-0.2967419792642303,0.41390077802624936,1.653835428830673,2.150430432164849,2.0538709381068294,-1.2676136780735823,-1.2761757670616813
-1.481285033214008,-0.654824689689642,-1.083472674933583,-0.7030746009502787,-0.010684955963028146,-0.6865507261215884,-0.6874206446824462,0.819383579331835,0.7196640943711202,-0.16831984894796947,0.8183727745481985,-0.5201789516070691,-0.38231898377560125,0.41390077802624936,1.698280753679581,2.1842774119050277,2.105522752598479,-1.2676136780735823,-1.2761757670616813
-1.481285033214008,-0.654824689689642,-0.9390096513792268,-0.689505457627598,-0.010684955963028146,-0.6865507261215884,-0.6874206446824462,0.7294467394762346,0.8392728468558323,-0.1911224891819071,0.7763242796943802,-0.5683643406596468,-0.4501302399083231,0.41390077802624936,1.7375248914183112,2.216938109981986,2.1526320302333835,-1.2676136780735823,-1.2761757670616813
-1.481285033214008,-0.654824689689642,-0.7945466278248707,-0.6872468069571828,-0.010684955963028146,-0.6865507261215884,-0.6874206446824462,1.1191728549162814,0.06181595570520356,-0.17372690997384785,0.790458958400991,-0.5488511396228046,-0.4646393684165364,0.41390077802624936,1.7239025051594026,2.2021787708828793,2.1625822034963083,-1.2676136780735823,-1.2761757670616813
-1.481285033214008,-0.654824689689642,-0.6500836042705146,-0.7030746009502787,-0.010684955963028146,-0.6865507261215884,-0.6874206446824462,1.2690674927085046,-0.23720592550657674,-0.07131315922598296,0.9942077601931534,0.13377188981831387,-0.35042494099652594,0.41390077802624936,1.529886657044246,1.7217329623146544,2.0655451966908878,-1.2676136780735823,-1.2761757670616813
-1.481285033214008,-0.654824689689642,-0.5056205807161585,-0.7030746009502787,-0.010684955963028146,-0.6865507261215884,-0.6874206446824462,1.3290252906451274,0.12162033194755961,0.07044220799569638,1.1741888718736828,0.8718461616927321,-0.1826658890201254,0.41390077802624936,1.383621466494817,1.2971764178899676,1.9770914971263187,-1.2676136780735823,-1.2761757670616813
-1.481285033214008,-0.654824689689642,-0.3611575571618023,-0.7030746009502787,-0.010684955963028146,-0.6865507261215884,-0.6874206446824462,1.4189621305007278,-0.23720592550657674,0.22666762642570348,1.3123643143400006,1.575875525768864,-0.011539547432564608,0.41390077802624936,1.2704915495277438,0.9192288149520513,1.8694296180151286,-1.2676136780735823,-1.2761757670616813
-1.481285033214008,-0.654824689689642,-0.2166945336074462,-0.7030746009502787,-0.010684955963028146,-0.6865507261215884,-0.6874206446824462,1.4189621305007278,0.06181595570520356,0.4227021965373498,1.4516648257439797,1.9779964975222757,0.15070636120995232,0.41390077802624936,1.1711546601761131,0.7438790354876922,1.795487406601843,-1.2676136780735823,-1.2761757670616813
-1.481285033214008,-0.654824689689642,-0.07223151005309006,-0.7030746009502787,-0.010684955963028146,-0.6865507261215884,-0.6874206446824462,1.5988358102119287,-0.2970103017489328,0.6713393817447495,1.5935529261270327,2.0067416258868023,0.3205551182906205,0.41390077802624936,1.0701340130324668,0.7527581477099154,1.7119649054785706,-1.2676136780735823,-1.2761757670616813
-1.481285033214008,-0.654824689689642,0.07223151350126605,-0.7030746009502787,-0.010684955963028146,-0.6865507261215884,-0.6874206446824462,1.7187514060851743,-0.47642343047600094,0.8920813893775972,1.6980952780691636,1.7953505486787449,0.46090387948347333,0.41390077802624936,1.0106828536386254,0.8938063868552825,1.6625048803047449,-1.2676136780735823,-1.2761757670616813
-1.481285033214008,-0.654824689689642,0.2166945370556222,-0.7030746009502787,-0.010684955963028146,-0.6865507261215884,-0.6874206446824462,1.7187514060851743,-0.47642343047600094,1.0629122153628128,1.7901408067649527,1.5788876306269,0.7082938786515861,0.41390077802624936,0.9669229864422357,1.0466272245027055,1.5496869030713099,-1.2676136780735823,-1.2761757670616813
-1.481285033214008,-0.654824689689642,0.3611575606099783,-0.7030746009502787,-0.010684955963028146,-0.6865507261215884,-0.6874206446824462,1.568856768292951,-0.23720592550657674,1.152383414546376,1.8664680717806508,1.4347616457535148,1.2261338704631763,0.41390077802624936,0.9287398137479449,1.1519191559804731,1.2644918360100126,-1.2676136780735823,-1.2761757670616813
-1.481285033214008,-0.654824689689642,0.5056205841643344,-0.7030746009502787,-0.010684955963028146,-0.6865507261215884,-0.6874206446824462,1.568856768292951,-0.47642343047600094,1.1624370562530975,1.9324484597574119,1.3521517275418966,1.8850029168738371,0.41390077802624936,0.8750615382124435,1.1882822673215077,0.8899364834857992,-1.2676136780735823,-1.2761757670616813
-1.481285033214008,-0.654824689689642,0.6500836077186906,-0.7030746009502787,-0.010684955963028146,-0.6865507261215884,-0.6874206446824462,1.568856768292951,-0.47642343047600094,1.1167886186891154,1.9760457508111273,1.2768499349585953,2.4223997166180067,0.41390077802624936,0.8413068461466238,1.2244554001000227,0.6136812879167981,-1.2676136780735823,-1.2761757670616813
-1.481285033214008,-0.654824689689642,0.7945466312730467,-0.7030746009502787,-0.010684955963028146,-0.6865507261215884,-0.6874206446824462,1.568856768292951,-0.41661905423364487,1.0559403826553615,2.0268297067115366,1.1786398996492622,2.6292618057343495,0.41390077802624936,0.8042251296661194,1.283242054192486,0.5177251096751584,-1.2676136780735823,-1.2761757670616813
-1.481285033214008,-0.654824689689642,0.9390096548274028,-0.7030746009502787,-0.010684955963028146,-0.6865507261215884,-0.6874206446824462,1.4189621305007278,-0.23720592550657674,0.8823769278121042,1.9734859928509194,0.996079324168521,2.3484796535469137,0.41390077802624936,0.8500336572163788,1.3850827084511521,0.6483455342746851,-1.2676136780735823,-1.2761757670616813
-1.481285033214008,-0.654824689689642,1.083472678381759,-0.7030746009502787,-0.010684955963028146,-0.6865507261215884,-0.6874206446824462,1.2690674927085046,0.06181595570520356,0.6429217417491457,1.774066306043376,0.753706004943807,1.7077913670426186,0.41390077802624936,1.0156338631667658,1.5328764877889873,0.9790347499029503,-1.2676136780735823,-1.2761757670616813
-1.481285033214008,-0.654824689689642,1.227935701936115,-0.7030746009502787,-0.010684955963028146,-0.6865507261215884,-0.6874206446824462,1.1791306528529042,0.24122908443227173,0.47915887109452865,1.6025166015283259,0.5311061511823039,1.2199274137535776,0.41390077802624936,1.1583618608510895,1.6699065502147667,1.250903528296641,-1.2676136780735823,-1.2761757670616813
-1.481285033214008,-0.654824689689642,1.3723987254904713,-0.7030746009502787,-0.010684955963028146,-0.6865507261215884,-0.6874206446824462,1.1341623758757702,0.36083783691698385,0.36966866437592294,1.461384113307487,0.3463888622066233,0.8533802812451579,0.41390077802624936,1.279417442180122,1.788646187976439,1.470422648140128,-1.2676136780735823,-1.2761757670616813
-1.481285033214008,-0.654824689689642,1.5168617490448273,-0.7030746009502787,-0.010684955963028146,-0.6865507261215884,-0.6874206446824462,1.1041833339567926,0.48044658940169593,0.2672287578122357,1.3468107663905489,0.19401813131703427,0.5814370608499939,0.41390077802624936,1.3860885355986066,1.8940999048510556,1.6463544630222013,-1.2676136780735823,-1.2761757670616813
-1.481285033214008,-0.654824689689642,1.6613247725991833,-0.7030746009502787,-0.010684955963028146,-0.6865507261215884,-0.6874206446824462,1.0592150569796586,0.5402509656440521,0.18590051798957016,1.248174852427272,0.06302058035846275,0.3690268372317441,0.41390077802624936,1.4742146734561314,1.982801242684153,1.7856926979727386,-1.2676136780735823,-1.2761757670616813
-1.481285033214008,-0.5445797577890011,-1.6613247691510074,-0.7030746009502787,-0.010684955963028146,-0.6865507261215884,-0.6874206446824462,0.819383579331835,1.0784903518252564,0.11156372773622275,1.1435984074870302,-0.0780833532456876,0.16637670824767883,0.41390077802624936,1.572275608935599,2.076639375302449,1.9195167421051518,-1.2676136780735823,-1.2761757670616813
-1.481285033214008,-0.5445797577890011,-1.5168617455966513,-0.7030746009502787,-0.010684955963028146,-0.6865507261215884,-0.6874206446824462,0.9692782171240583,0.48044658940169593,0.04893035727259246,1.0737181979916597,-0.17080462730848406,0.032444350772563676,0.41390077802624936,1.6295768800522028,2.1247854949297866,1.9960341640398975,-1.2676136780735823,-1.2761757670616813
-1.481285033214008,-0.5445797577890011,-1.372398722042295,-0.7030746009502787,-0.010684955963028146,-0.6865507261215884,-0.6874206446824462,1.1191728549162814,0.36083783691698385,0.02479180874552756,1.0150580637521496,-0.24545824542866365,-0.07318910300083381,0.41390077802624936,1.6830493254768566,2.1734646822588055,2.066414663224418,-1.2676136780735823,-1.2761757670616813
-1.481285033214008,-0.5445797577890011,-1.227935698487939,-0.7030746009502787,-0.010684955963028146,-0.6865507261215884,-0.6874206446824462,1.1191728549162814,-0.057792796779508555,-0.00796377330421543,0.9644118713951274,-0.3110457097411387,-0.165491735505496,0.41390077802624936,1.7293972532473467,2.2075753765332577,2.1198630549731963,-1.2676136780735823,-1.2761757670616813
-1.481285033214008,-0.5445797577890011,-1.083472674933583,-0.7030746009502787,-0.010684955963028146,-0.6865507261215884,-0.6874206446824462,1.1191728549162814,-0.1175971730218646,-0.04108815235705376,0.921060189082905,-0.36721392264835184,-0.24386788313693541,0.41390077802624936,1.7514056499006723,2.2012492638977674,2.1303311525499167,-1.2676136780735823,-1.2761757670616813
-1.481285033214008,-0.5445797577890011,-0.9390096513792268,-0.7030746009502787,-0.010684955963028146,-0.6865507261215884,-0.6874206446824462,1.1191728549162814,1.0784903518252564,-0.06861453292851047,0.8891776696453945,-0.4088852412333167,-0.3014820619092299,0.41390077802624936,1.8122908715422226,2.284410427806071,2.2249859695309238,-1.2676136780735823,-1.2761757670616813
-1.481285033214008,-0.5445797577890011,-0.7945466278248707,-0.7030746009502787,-0.010684955963028146,-0.6865507261215884,-0.6874206446824462,1.1191728549162814,0.7196640943711202,-0.06796325311453358,0.8954904404996933,-0.39917920163848947,-0.32629405503003367,0.41390077802624936,1.8410434580804877,2.330236900510227,2.296207986550759,-1.2676136780735823,-1.2761757670616813
-1.481285033214008,-0.5445797577890011,-0.6500836042705146,-0.7030746009502787,-0.010684955963028146,-0.6865507261215884,-0.6874206446824462,1.2690674927085046,0.4206422131593399,0.06743755865310223,1.0656986899053984,0.10406113069990382,-0.22202118806907212,0.41390077802624936,1.707822690551311,2.013917822764379,2.2617664563817725,-1.2676136780735823,-1.2761757670616813
-1.481285033214008,-0.5445797577890011,-0.5056205807161585,-0.7030746009502787,-0.010684955963028146,-0.6865507261215884,-0.6874206446824462,1.359004332564105,-0.057792796779508555,0.18147168447544826,1.2368385826676456,0.6644353066993937,-0.06274057747949568,0.41390077802624936,1.5518487780754606,1.6325076653410926,2.131116772988802,-1.2676136780735823,-1.2761757670616813
-1.481285033214008,-0.5445797577890011,-0.3611575571618023,-0.7030746009502787,-0.010684955963028146,-0.6865507261215884,-0.6874206446824462,1.2690674927085046,0.4206422131593399,0.3214406094764601,1.3776725832111458,1.2125787123947613,0.09681670746189187,0.41390077802624936,1.459778607508439,1.34348824678467,2.065250425264402,-1.2676136780735823,-1.2761757670616813
-1.481285033214008,-0.5445797577890011,-0.2166945336074462,-0.7030746009502787,-0.010684955963028146,-0.6865507261215884,-0.6874206446824462,1.2690674927085046,-0.23720592550657674,0.5052525668543153,1.5155968507321973,1.588504152520938,0.25186582796494505,0.41390077802624936,1.3131552629253807,1.077721683791405,1.893057622165395,-1.2676136780735823,-1.2761757670616813
-1.481285033214008,-0.5445797577890011,-0.07223151005309006,-0.7030746009502787,-0.010684955963028146,-0.6865507261215884,-0.6874206446824462,1.2690674927085046,-0.35681467799128885,0.7137634611132296,1.629008948386948,1.6138277154330782,0.38485016891106033,0.38735049859985676,1.1750075877545794,0.9835920772141755,1.708238557949383,-1.2676136780735823,-1.2761757670616813
-1.481285033214008,-0.5445797577890011,0.07223151350126605,-0.7030746009502787,-0.010684955963028146,-0.6865507261215884,-0.6874206446824462,1.2690674927085046,-0.536227806718357,0.9098568818104763,1.7146630836001415,1.4251202578314799,0.4930363504539623,0.41390077802624936,1.058768045389197,1.004522249667079,1.5465610158553336,-1.2676136780735823,-1.2761757670616813
-1.481285033214008,-0.5445797577890011,0.2166945370556222,-0.7030746009502787,-0.010684955963028146,-0.6865507261215884,-0.6874206446824462,1.2690674927085046,-0.7754453116877812,1.0595740793684834,1.7666479479646222,1.2554170765603851,0.7043935840391427,0.41390077802624936,0.9659256503781989,1.0099938925122427,1.3220054532538343,-1.2676136780735823,-1.2761757670616813
-1.481285033214008,-0.5445797577890011,0.3611575606099783,-0.7030746009502787,-0.010684955963028146,-0.6865507261215884,-0.6874206446824462,1.2690674927085046,-0.7754453116877812,1.0939205889156218,1.80483001852247,1.1512449966049723,1.1668165169310563,0.41390077802624936,0.9030669662687091,1.013732306280175,1.0027308790051155,-1.2676136780735823,-1.2761757670616813
-1.481285033214008,-0.5445797577890011,0.5056205841643344,-0.7030746009502787,-0.010684955963028146,-0.6865507261215884,-0.6874206446824462,1.2690674927085046,-0.7754453116877812,1.077250833596633,1.8447028234764322,1.0813515651110175,1.7723460033049045,0.41390077802624936,0.844226548679186,1.0090687229372342,0.6470365307918843,-1.2676136780735823,-1.2761757670616813
-1.481285033214008,-0.5445797577890011,0.6500836077186906,-0.7030746009502787,-0.010684955963028146,-0.6865507261215884,-0.6874206446824462,1.2690674927085046,-0.7754453116877812,1.017656115036166,1.870632287978488,1.021271925999877,2.3104336751805086,0.41390077802624936,0.7867695793756879,0.9864955395372453,0.3457757659395076,-1.2676136780735823,-1.2761757670616813
-1.481285033214008,-0.5445797577890011,0.7945466312730467,-0.7030746009502787,-0.010684955963028146,-0.6865507261215884,-0.6874206446824462,1.149151896835259,-0.9548584404148494,0.932201141372127,1.906230944210092,0.9244378109063774,2.4476446237245852,0.41390077802624936,0.7142349519054384,0.9649954313967838,0.22444435321075878,-1.2676136780735823,-1.2761757670616813
-1.481285033214008,-0.5445797577890011,0.9390096548274028,-0.7030746009502787,-0.010684955963028146,-0.6865507261215884,-0.6874206446824462,1.1191728549162814,-1.0744671928995615,0.7581067234676758,1.8449039025877398,0.755030535368447,2.1599708389327716,0.41390077802624936,0.6985306446892678,0.9575992796888383,0.26825328261504827,-1.2676136780735823,-1.2761757670616813
-1.481285033214008,-0.5445797577890011,1.083472678381759,-0.7030746009502787,-0.010684955963028146,-0.6865507261215884,-0.6874206446824462,0.9692782171240583,-0.536227806718357,0.5177413150140989,1.6398025132786858,0.5220457994477986,1.5190205255423495,0.41390077802624936,0.8417344136134196,1.0648508530512235,0.546345013345657,-1.2676136780735823,-1.2761757670616813
-1.481285033214008,-0.5445797577890011,1.227935701936115,-0.7030746009502787,-0.010684955963028146,-0.6865507261215884,-0.6874206446824462,0.7894045374128574,-0.47642343047600094,0.34576682598205044,1.4586838087020053,0.29989353419024134,1.026672820257781,0.41390077802624936,0.9685604686121406,1.1610303196432168,0.7669434333084908,-1.2676136780735823,-1.2761757670616813
-1.481285033214008,-0.5445797577890011,1.3723987254904713,-0.7030746009502787,-0.010684955963028146,-0.6865507261215884,-0.6874206446824462,0.819383579331835,-0.536227806718357,0.23819907172638857,1.3165974123095316,0.12238905106888925,0.6619134923109172,0.41390077802624936,1.0684256713162046,1.2386304900582308,0.9381619622556622,-1.2676136780735823,-1.2761757670616813
-1.481285033214008,-0.5445797577890011,1.5168617490448273,-0.7030746009502787,-0.010684955963028146,-0.6865507261215884,-0.6874206446824462,0.6694889415396119,-0.23720592550657674,0.12282249865695967,1.1906891871839105,-0.03766942680977083,0.3776257133364155,0.41390077802624936,1.1484241710027647,1.293708658512474,1.0595571329522138,-1.2676136780735823,-1.2761757670616813
-1.481285033214008,-0.5445797577890011,1.6613247725991833,-0.7030746009502787,-0.010684955963028146,-0.6865507261215884,-0.6874206446824462,0.33972062403618786,0.18142470818991568,0.01671423892418575,1.0661523355129154,-0.25302414888054947,0.14983809199412151,0.41390077802624936,1.2494144497694009,1.4148937280903202,1.1830724744274137,-1.2676136780735823,-1.2761757670616813
-1.481285033214008,-0.4343348258883602,-1.6613247691510074,-0.7030746009502787,-0.010684955963028146,-0.6865507261215884,-0.6874206446824462,0.06991039037071911,0.7196640943711202,-0.08794171913505137,0.9456314998642961,-0.42729853496509185,-0.05670338037335803,0.41390077802624936,1.3553716453092781,1.522965505703217,1.3063485051741481,-1.2676136780735823,-1.2761757670616813
-1.481285033214008,-0.4343348258883602,-1.5168617455966513,-0.7030746009502787,-0.010684955963028146,-0.6865507261215884,-0.6874206446824462,0.06991039037071911,0.7196640943711202,-0.14467956871232063,0.8463575597935142,-0.5134153919918863,-0.2621462928145286,0.41390077802624936,1.4387087383160506,1.572637092463844,1.4280463078685584,-1.2676136780735823,-1.2761757670616813
-1.481285033214008,-0.4343348258883602,-1.372398722042295,-0.7030746009502787,-0.010684955963028146,-0.6865507261215884,-0.6874206446824462,-0.13994204535812688,0.8392728468558323,-0.25923811864190505,0.7348477122782601,-0.645702660935902,-0.5136180524199493,0.41390077802624936,1.498553240497835,1.5915985144709133,1.5231456838305466,-1.2676136780735823,-1.2761757670616813
-1.481285033214008,-0.4343348258883602,-1.227935698487939,-0.7030746009502787,-0.010684955963028146,-0.6865507261215884,-0.6874206446824462,-0.07998424742150408,0.7196640943711202,-0.33059510757768956,0.665500466794175,-0.7193574935982022,-0.6050206795331317,0.41390077802624936,1.5173310202825407,1.570151756474721,1.5140719642757055,-1.2676136780735823,-1.2761757670616813
-1.481285033214008,-0.4343348258883602,-1.083472674933583,-0.19588106378121234,-0.010684955963028146,-0.18537136212134983,-0.2388470358935983,-0.07998424742150408,0.7196640943711202,-0.3883726508338978,0.6014174585286091,-0.8044134000971249,-0.6925425419881162,0.41390077802624936,1.5323479416952717,1.5599501679120373,1.5064773422342077,-0.28675816027732537,-0.2813740854622792
-1.481285033214008,-0.4343348258883602,-0.9390096513792268,-0.0814160074244709,-0.010684955963028146,-0.6865507261215884,-0.22527687975074487,-0.22987888521372726,0.8392728468558323,-0.42863560592005506,0.5277042219599075,-0.8243493236099161,-0.7215909076840046,0.41390077802624936,1.530720100279973,1.4723457610940345,1.4255911894097404,-0.5326758675645699,-0.5366156935108796
-1.481285033214008,-0.4343348258883602,-0.7945466278248707,-0.09298146703094688,-0.010684955963028146,-0.03223555626715309,-0.18418203208003203,0.20481550720345348,0.3010334606746278,-0.34214355415865916,0.5369225511838251,-0.7300465701665106,-0.594944850638645,0.41390077802624936,1.4655379943103297,1.3409998746084748,1.27467345943003,-0.09129650151850754,-0.09376036312152213
-1.481285033214008,-0.4343348258883602,-0.6500836042705146,-0.7030746009502787,-0.010684955963028146,-0.6865507261215884,-0.2348289915489629,0.6245206645624779,-0.17740154926422066,-0.21126312126052357,0.6932772151734669,-0.11353899369900348,-0.33045230778813633,0.41390077802624936,1.302890269458167,0.973113761886909,1.1034715250224236,-1.0080905423486848,-1.0158517878156113
-1.481285033214008,-0.4343348258883602,-0.5056205807161585,-0.7030746009502787,-0.010684955963028146,-0.6865507261215884,-0.6874206446824462,1.0592150569796586,-0.596032182960713,0.03504554244329011,0.9506473452394355,0.7566617468050498,-0.13420556255231167,0.41390077802624936,1.0833081042021755,0.5445422938002121,1.0078992046828297,-1.2676136780735823,-1.2761757670616813
-1.481285033214008,-0.4343348258883602,-0.3611575571618023,-0.7030746009502787,-0.010684955963028146,-0.6865507261215884,-0.6874206446824462,1.1641411318934154,-0.8950540641724933,0.18261861699925894,1.1248702191165727,1.4638814222731964,0.0693307381056428,0.41390077802624936,0.9259926807228381,0.21984507469905798,0.8889809873655763,-1.2676136780735823,-1.2761757670616813
-1.481285033214008,-0.4343348258883602,-0.2166945336074462,-0.7030746009502787,-0.010684955963028146,-0.6865507261215884,-0.6874206446824462,1.2840570136679934,-1.1940759453842735,0.3940171133249623,1.3042000849556359,1.900264465136068,0.2514548851776962,0.41390077802624936,0.762165891582307,0.02785742381990395,0.776717180413934,-1.2676136780735823,-1.2761757670616813
-1.481285033214008,-0.4343348258883602,-0.07223151005309006,-0.7030746009502787,-0.010684955963028146,-0.6865507261215884,-0.6874206446824462,1.3889830885817502,-1.493097826596054,0.6434474736471752,1.4446792400085935,1.926764191172466,0.40797200724153554,0.41390077802624936,0.6207702461845941,-0.004604404003823675,0.6687847666379917,-1.2676136780735823,-1.2761757670616813
-1.481285033214008,-0.4343348258883602,0.07223151350126605,-0.7030746009502787,-0.010684955963028146,-0.6865507261215884,-0.6874206446824462,1.4939094493968395,-1.7323153315654782,0.8469756849919291,1.562360615957401,1.7157999807783568,0.5177360463378545,0.41390077802624936,0.4939962512607479,0.04844732645021283,0.5769595370020416,-1.2676136780735823,-1.2761757670616813
-1.481285033214008,-0.4343348258883602,0.2166945370556222,-0.7030746009502787,-0.010684955963028146,-0.6865507261215884,-0.6874206446824462,1.613825045270085,-1.9715328365349023,1.0265020119472898,1.6728622848142316,1.517362446421534,0.7601280047153086,0.41390077802624936,0.38277568574348136,0.09959254829339581,0.4264479365432667,-1.2676136780735823,-1.2761757670616813
-1.481285033214008,-0.4343348258883602,0.3611575606099783,-0.7030746009502787,-0.010684955963028146,-0.6865507261215884,-0.6874206446824462,1.7187514060851743,-2.2107503415043266,1.13172293562829,1.7867753408085718,1.4177748331611675,1.2976110617573957,0.41390077802624936,0.2692977375351155,0.10439059134953545,0.1466500251263183,-1.2676136780735823,-1.2761757670616813
-1.481285033214008,-0.4343348258883602,0.5056205841643344,-0.7030746009502787,-0.010684955963028146,-0.6865507261215884,-0.6874206446824462,1.613825045270085,-2.031337212777258,1.1524023775128471,1.8661007023316185,1.3319804056307338,1.9345406458175272,0.41390077802624936,0.18761596209426976,0.1165195080915677,-0.1343306839330541,-1.2676136780735823,-1.2761757670616813
-1.481285033214008,-0.4343348258883602,0.6500836077186906,-0.7030746009502787,-0.010684955963028146,-0.6865507261215884,-0.6874206446824462,1.4939094493968395,-1.9117284602925464,1.1107165460459534,1.919005381869623,1.2622079888063646,2.4546583185429975,0.41390077802624936,0.11166296405943953,0.10779198835245056,-0.35865938171076195,-1.2676136780735823,-1.2761757670616813
-1.481285033214008,-0.4343348258883602,0.7945466312730467,-0.7030746009502787,-0.010684955963028146,-0.6865507261215884,-0.6874206446824462,1.3889830885817502,-1.7323153315654782,1.0406987348802739,1.9668155934041915,1.1532707490191274,2.6268181202093825,0.41390077802624936,0.06122566920376012,0.13737160716261393,-0.43114826081687124,-1.2676136780735823,-1.2761757670616813
-1.481285033214008,-0.4343348258883602,0.9390096548274028,-0.6841766382064112,-0.010684955963028146,-0.6865507261215884,-0.6874206446824462,1.2840570136679934,-1.55290220283841,0.8569920546611036,1.9095644044947768,0.9615859989986888,2.3424343189598402,0.41390077802624936,0.06755048626331915,0.19470392764748048,-0.35253534156362004,-1.2676136780735823,-1.2761757670616813
-1.481285033214008,-0.4343348258883602,1.083472678381759,-0.6883409104256593,-0.010684955963028146,-0.6865507261215884,-0.6874206446824462,1.1641411318934154,-1.3734890741113417,0.6077395538864828,1.7035626817254053,0.6939952119146219,1.6653926501237493,0.41390077802624936,0.18848218389565893,0.2998453509946678,-0.1116806658711056,-1.2676136780735823,-1.2761757670616813
-1.481285033214008,-0.4343348258883602,1.227935701936115,-0.6883121903898294,-0.010684955963028146,-0.6865507261215884,-0.6874206446824462,1.0592150569796586,-1.1342715691419176,0.44001930829794195,1.5078542612836536,0.44179235182269566,1.2282463605140637,0.41390077802624936,0.31162643471017815,0.40823289206307634,0.0592948404111187,-1.2676136780735823,-1.2761757670616813
-1.481285033214008,-0.4343348258883602,1.3723987254904713,-0.3634852467537731,-0.010684955963028146,-0.6865507261215884,-0.6874206446824462,1.1191728549162814,-1.1342715691419176,0.3366364845738585,1.3558704588069297,0.24033442393183788,0.8544715174386247,0.41390077802624936,0.4090708439325634,0.5016082230233625,0.21870111407679532,-1.034574766519062,-1.039397730063486
-1.481285033214008,-0.4343348258883602,1.5168617490448273,-0.7030746009502787,-0.010684955963028146,-0.6865507261215884,-0.6874206446824462,1.0891938129973038,-1.0146628166572054,0.28056299271847723,1.2346615012168465,0.08341818312439811,0.5677921328171437,0.41390077802624936,0.48276621825742905,0.5815616552898579,0.3523762440515321,-1.2676136780735823,-1.2761757670616813
-1.481285033214008,-0.4343348258883602,1.6613247725991833,0.5993162648211183,-0.010684955963028146,-0.6865507261215884,-0.6874206446824462,0.9692782171240583,-0.7754453116877812,0.19737049712307267,1.1453809842454026,-0.04149713738610833,0.2889873884970637,0.41390077802624936,0.5340738322352054,0.6474404086420338,0.48843902258080224,-0.33501469625877833,-0.3275743061390173
-1.481285033214008,-0.32408989398771926,-1.6613247691510074,-0.7030746009502787,-0.010684955963028146,1.1777710162349466,-0.6874206446824462,0.8793413772684578,-0.536227806718357,0.18506091630167226,1.0471291383424777,-0.13809916955163587,0.07553638106714784,0.41390077802624936,0.5960021835251732,0.6992876403104168,0.5968629404167587,-0.172004969514522,-0.15292772743499924
-1.481285033214008,-0.32408989398771926,-1.5168617455966513,-0.6776649670746323,-0.010684955963028146,-0.6865507261215884,-0.6874206446824462,0.9093204191874354,-0.536227806718357,0.1312754044353524,0.9715929700380479,-0.07284159454392097,-0.08471665849423538,0.41390077802624936,0.6452664395641132,0.6784604813474638,0.6903950057866628,-1.2676136780735823,-1.2761757670616813
-1.481285033214008,-0.32408989398771926,-1.372398722042295,-0.7030746009502787,-0.010684955963028146,-0.6865507261215884,-0.6874206446824462,0.8493626212508127,-0.35681467799128885,0.09398178834042914,0.9022561611860375,-0.017439255299015254,-0.21539565109128903,0.41390077802624936,0.6911318475665507,0.6711649575539121,0.779711621408618,-1.2676136780735823,-1.2761757670616813
-1.481285033214008,-0.32408989398771926,-1.227935698487939,-0.7030746009502787,-0.010684955963028146,-0.6865507261215884,-0.6874206446824462,0.864351856308969,-0.2970103017489328,0.05177807172025243,0.8558722893683557,-0.06990988984307521,-0.3019735657577414,0.41390077802624936,0.7232312220664436,0.7222379615188772,0.8516044071856121,-1.2676136780735823,-1.2761757670616813
-1.481285033214008,-0.32408989398771926,-1.083472674933583,-0.7030746009502787,-0.010684955963028146,-0.6865507261215884,-0.6874206446824462,0.8343731002913238,-0.23720592550657674,0.009714942610120932,0.8187958060349628,-0.1422683735791321,-0.370396760456822,0.41390077802624936,0.7498459712707293,0.7781797083246637,0.9085289182748723,-1.2676136780735823,-1.2761757670616813
-1.481285033214008,-0.32408989398771926,-0.9390096513792268,-0.7030746009502787,-0.010684955963028146,-0.6865507261215884,-0.6874206446824462,0.7444362604357235,-0.057792796779508555,-0.04131047679154386,0.7744602972058245,-0.23527312036109432,-0.44707136082462295,0.41390077802624936,0.7822948231251059,0.8520818028857051,0.9773910170891847,-1.2676136780735823,-1.2761757670616813
-1.481285033214008,-0.32408989398771926,-0.7945466278248707,-0.7030746009502787,-0.010684955963028146,-0.6865507261215884,-0.5701977753931785,0.9542886961645695,-0.23720592550657674,-0.05252216724380053,0.7873731941842144,-0.2686375278598629,-0.4599481106571506,0.41390077802624936,0.7767499431132084,0.9087439935096301,1.0249723657048755,-1.217460557936435,-1.2259816941596295
-1.481285033214008,-0.32408989398771926,-0.6500836042705146,-0.7030746009502787,-0.010684955963028146,-0.6865507261215884,-0.6874206446824462,1.1641411318934154,-0.41661905423364487,0.020389131047228004,0.9735126145643358,0.3033374790678252,-0.34372860793460297,0.41390077802624936,0.6584747554126749,0.6861569987050546,1.0375601973618345,-1.2676136780735823,-1.2761757670616813
-1.481285033214008,-0.32408989398771926,-0.5056205807161585,-0.7030746009502787,-0.010684955963028146,-0.6865507261215884,-0.6874206446824462,1.3739938535235938,-0.596032182960713,0.14673414548176555,1.1552074212315442,0.9425129266573934,-0.16230265672682592,0.41390077802624936,0.5495862884347077,0.44419002181845296,1.0085695367415783,-1.2676136780735823,-1.2761757670616813
-1.481285033214008,-0.32408989398771926,-0.3611575571618023,-0.7030746009502787,-0.010684955963028146,-0.6865507261215884,-0.6874206446824462,1.3889830885817502,-0.7754453116877812,0.29575363665271115,1.3075704213403183,1.5847518688961915,0.016522555573926463,0.41390077802624936,0.4620053352501775,0.21494466876448323,0.9749594803444858,-1.2676136780735823,-1.2761757670616813
-1.481285033214008,-0.32408989398771926,-0.2166945336074462,-0.7030746009502787,-0.010684955963028146,-0.6865507261215884,-0.6874206446824462,1.403972609541239,-0.8950540641724933,0.4891360070399697,1.456785037439867,1.9757709880165446,0.18683840406029933,0.41390077802624936,0.3580085871595211,0.06762561896244122,0.8994796538309692,-1.2676136780735823,-1.2761757670616813
-1.481285033214008,-0.32408989398771926,-0.07223151005309006,-0.7030746009502787,-0.010684955963028146,-0.6865507261215884,-0.6874206446824462,1.4339516514602166,-1.0744671928995615,0.7082982033971466,1.5724973688038995,1.9653454913450041,0.326458860709414,0.4090809707216073,0.27683632559962607,0.07512933844094563,0.8287463023314853,-1.2676136780735823,-1.2761757670616813
-1.481285033214008,-0.32408989398771926,0.07223151350126605,-0.7030746009502787,-0.010684955963028146,-0.6865507261215884,-0.6874206446824462,1.3889830885817502,-1.0744671928995615,0.9082293361709296,1.6656220452562207,1.7029757412727065,0.44269707963811356,0.36430182839430464,0.21121170899354683,0.18428069742852446,0.7690819454203427,-1.2676136780735823,-1.2761757670616813
-1.481285033214008,-0.32408989398771926,0.2166945370556222,-0.7030746009502787,-0.010684955963028146,-0.6865507261215884,-0.6874206446824462,1.3440148116046162,-1.0146628166572054,1.075202833217742,1.7467445948225444,1.5061636162792873,0.6696823453601553,0.41390077802624936,0.1549087380164404,0.2715676058269744,0.6566700977078432,-1.2676136780735823,-1.2761757670616813
-1.481285033214008,-0.32408989398771926,0.3611575606099783,-0.7030746009502787,-0.010684955963028146,-0.6865507261215884,-0.6874206446824462,1.2990465346274822,-1.0146628166572054,1.1476295950206612,1.8152541266387605,1.3639216474604745,1.1775710117355738,0.41390077802624936,0.10282914061355287,0.32799947997442047,0.40473813015720483,-1.2676136780735823,-1.2761757670616813
-1.481285033214008,-0.32408989398771926,0.5056205841643344,-0.7030746009502787,-0.010684955963028146,-0.6865507261215884,-0.6874206446824462,1.239088450789527,-0.8352496879301373,1.135887595402606,1.873141950104737,1.2746037037628668,1.776309770268646,0.41390077802624936,0.0629699227309314,0.37205910867304576,0.14337042007016004,-1.2676136780735823,-1.2761757670616813
-1.481285033214008,-0.32408989398771926,0.6500836077186906,-0.7030746009502787,-0.010684955963028146,-0.6865507261215884,-0.6874206446824462,1.1791306528529042,-0.6558365592030692,1.0595727715776924,1.8923794461204437,1.1740711814386142,2.2294291212068633,0.41390077802624936,0.05504498142556746,0.4287425526064763,-0.03209652935488555,-1.2676136780735823,-1.2761757670616813
-1.481285033214008,-0.32408989398771926,0.7945466312730467,-0.7030746009502787,-0.010684955963028146,-0.6865507261215884,-0.6874206446824462,1.1191728549162814,-0.536227806718357,0.9818095694516151,1.9014829723915387,1.0677896334414563,2.2351424465717633,0.41390077802624936,0.048213783730304854,0.4815106164397647,-0.0310617724733187,-1.2676136780735823,-1.2761757670616813
-1.481285033214008,-0.32408989398771926,0.9390096548274028,-0.7030746009502787,-0.010684955963028146,-0.6865507261215884,-0.6874206446824462,1.0442255360201698,-0.41661905423364487,0.7618541979796251,1.8090234572901167,0.843046328066612,1.8827585996317926,0.41390077802624936,0.11371355256423063,0.5994640986202354,0.12260519234408092,-1.2676136780735823,-1.2761757670616813
-1.481285033214008,-0.32408989398771926,1.083472678381759,-0.7030746009502787,-0.010684955963028146,-0.6865507261215884,-0.6874206446824462,0.9842677380835471,-0.2970103017489328,0.5187613918311712,1.6154468928935068,0.5915886199469957,1.3149845835549479,0.41390077802624936,0.24747492540796387,0.7298041397028674,0.3777108655865476,-1.2676136780735823,-1.2761757670616813
-1.481285033214008,-0.32408989398771926,1.227935701936115,-0.7030746009502787,-0.010684955963028146,-0.6865507261215884,-0.6874206446824462,0.9093204191874354,-0.17740154926422066,0.35653190587914024,1.4472285613367266,0.36453774717403037,0.8821698750472935,0.41390077802624936,0.36629529778149195,0.8487125027175535,0.5859424232876842,-1.2676136780735823,-1.2761757670616813
-1.481285033214008,-0.32408989398771926,1.3723987254904713,-0.7030746009502787,-0.010684955963028146,-0.6865507261215884,-0.6874206446824462,0.9093204191874354,-0.1175971730218646,0.25047922725498883,1.3122571649173662,0.17932313763840987,0.5569513807147085,0.41390077802624936,0.4679541628800851,0.9560139562961253,0.7590636472055188,-1.2676136780735823,-1.2761757670616813
-1.481285033214008,-0.32408989398771926,1.5168617490448273,-0.7030746009502787,-0.010684955963028146,-0.6865507261215884,-0.6874206446824462,0.9093204191874354,-0.1175971730218646,0.15238118611781412,1.2046151332490256,0.029343689774531948,0.31564577604216,0.41390077802624936,0.5499376939401126,1.0476634317763556,0.8965149083281385,-1.2676136780735823,-1.2761757670616813
-1.481285033214008,-0.32408989398771926,1.6613247725991833,-0.7030746009502787,-0.010684955963028146,-0.6865507261215884,-0.6874206446824462,0.9093204191874354,-0.057792796779508555,0.0936417627347384,1.1127073680966237,-0.09590152004073463,0.12898254210421692,0.41390077802624936,0.6267889692853985,1.1322784955512455,1.0134313001357476,-1.2676136780735823,-1.2761757670616813
-1.481285033214008,-0.21384496208707834,-1.6613247691510074,0.4814377486410174,-0.010684955963028146,0.3674317395863349,-0.6874206446824462,0.8943308982279466,0.0020115794628475024,0.04197291026384343,1.0353051299772233,-0.2075781672456407,-0.01643912470390237,0.41390077802624936,0.6926401436247293,1.2120456360538094,1.1115063390608066,0.27265137724578004,0.2936021216144541
-1.481285033214008,-0.21384496208707834,-1.5168617455966513,-0.7030746009502787,-0.010684955963028146,-0.6865507261215884,-0.6874206446824462,0.864351856308969,0.06181595570520356,0.038457568617317604,0.9558350471560729,-0.20210349674830222,-0.15770416625010614,0.41390077802624936,0.7635343966986919,1.223881994484382,1.2087455372298754,-1.2676136780735823,-1.2761757670616813
-1.481285033214008,-0.21384496208707834,-1.372398722042295,-0.7030746009502787,-0.010684955963028146,-0.6865507261215884,-0.6874206446824462,0.8493626212508127,0.12162033194755961,0.020009217822408155,0.8986429991617486,-0.20945969669741335,-0.2556379355622185,0.41390077802624936,0.811412312225225,1.235841535361885,1.2748529424763788,-1.2676136780735823,-1.2761757670616813
-1.481285033214008,-0.21384496208707834,-1.227935698487939,-0.7030746009502787,-0.010684955963028146,-0.6865507261215884,-0.6874206446824462,0.7144572185167458,0.3010334606746278,-0.0188779413514927,0.8389350270619306,-0.2720889325458459,-0.3510149083643585,0.41390077802624936,0.8627970522398529,1.2774221173160367,1.337682926158772,-1.2676136780735823,-1.2761757670616813
-1.481285033214008,-0.21384496208707834,-1.083472674933583,-0.6389066110422182,-0.010684955963028146,-0.6865507261215884,-0.5872360716930972,0.5795521016840115,0.48044658940169593,-0.0606657805000938,0.7897562251746225,-0.3409048361599308,-0.4282851723366469,0.41390077802624936,0.9033827009820702,1.3187506957431936,1.3858354762942304,-1.2676136780735823,-1.2761757670616813
-1.481285033214008,-0.21384496208707834,-0.9390096513792268,-0.6802917795456122,-0.010684955963028146,-0.6865507261215884,-0.6499589489548538,0.44464698485127707,0.6598597181287641,-0.11492405873740288,0.7300816502974438,-0.42714187898871075,-0.5088844797596982,0.41390077802624936,0.9522246919692479,1.3700657271919163,1.435701194290582,-1.239663263863203,-1.2482025298734198
-1.481285033214008,-0.21384496208707834,-0.7945466278248707,-0.3673313519828542,-0.010684955963028146,-0.6865507261215884,-0.3679521527100858,0.6395098996206342,0.48044658940169593,-0.13083791097912517,0.7217121671489416,-0.46068366415385786,-0.5304195093077272,0.41390077802624936,0.960075158445277,1.391253975545959,1.450151107966111,-0.8188869209789964,-0.8270825764147768
-1.481285033214008,-0.21384496208707834,-0.6500836042705146,-0.7030746009502787,-0.010684955963028146,-0.6865507261215884,-0.6691288487783493,0.8343731002913238,0.24122908443227173,-0.04692939992558338,0.8901844567528749,-0.011338789763752374,-0.3587463290012926,0.41390077802624936,0.8326417359063499,1.1424900601571664,1.3586575507722582,-1.2676136780735823,-1.2761757670616813
-1.481285033214008,-0.21384496208707834,-0.5056205807161585,-0.7030746009502787,-0.010684955963028146,-0.6865507261215884,-0.6874206446824462,1.029236015060681,0.06181595570520356,0.06703868246181116,1.0300346307794592,0.23984373431269715,-0.2261501458958065,0.41390077802624936,0.7425802165615811,1.0401354228012734,1.3179716700442825,-1.2676136780735823,-1.2761757670616813
-1.481285033214008,-0.21384496208707834,-0.3611575571618023,-0.7030746009502787,-0.010684955963028146,-0.6865507261215884,-0.6874206446824462,1.1641411318934154,-0.23720592550657674,0.22498253799134763,1.2004008212172295,0.8495371902414277,-0.03577377940693928,0.41390077802624936,0.6234715856253203,0.7375260309095618,1.2236911036003097,-1.2676136780735823,-1.2761757670616813
-1.481285033214008,-0.21384496208707834,-0.2166945336074462,-0.7030746009502787,-0.010684955963028146,-0.6865507261215884,-0.6874206446824462,1.2840570136679934,-0.596032182960713,0.43014221834802147,1.3667948294873382,1.3689122592794714,0.1490487563433662,0.41390077802624936,0.5106598135602598,0.5002026852794265,1.131888800630864,-1.2676136780735823,-1.2761757670616813
-1.481285033214008,-0.21384496208707834,-0.07223151005309006,-0.7030746009502787,-0.010684955963028146,-0.6865507261215884,-0.6874206446824462,1.4189621305007278,-0.8950540641724933,0.6525503514487537,1.4940062420713633,1.5334076654203954,0.2971500956235857,0.41390077802624936,0.4169217924463228,0.42389115940606753,1.0466876308210573,-1.2676136780735823,-1.2761757670616813
-1.481285033214008,-0.21384496208707834,0.07223151350126605,-0.7030746009502787,-0.010684955963028146,-0.6865507261215884,-0.6874206446824462,1.4339516514602166,-0.7754453116877812,0.8443215235813546,1.5778854540563727,1.3776767052808125,0.3919566310121387,0.41390077802624936,0.3682017570049167,0.5104407080869766,1.0109202842804998,-1.2676136780735823,-1.2761757670616813
-1.481285033214008,-0.21384496208707834,0.2166945370556222,-0.7030746009502787,-0.010684955963028146,-0.6865507261215884,-0.6874206446824462,1.4339516514602166,-0.6558365592030692,0.9899858774776864,1.6629189575488525,1.2312638746993037,0.621300952457417,0.41390077802624936,0.33128489742818257,0.6119543216238628,0.9207713214898311,-1.2676136780735823,-1.2761757670616813
-1.481285033214008,-0.21384496208707834,0.3611575606099783,-0.7030746009502787,-0.010684955963028146,-0.6865507261215884,-0.6874206446824462,1.4489411724197054,-0.536227806718357,1.0872842045460922,1.7489884707186223,1.1434370638139157,1.1326545582152232,0.41390077802624936,0.30304953737455326,0.7042177575041983,0.7045123736232749,-1.2676136780735823,-1.2761757670616813
-1.481285033214008,-0.21384496208707834,0.5056205841643344,-0.7030746009502787,-0.010684955963028146,-0.6865507261215884,-0.6874206446824462,1.3889830885817502,-0.47642343047600094,1.084284132471267,1.809367170373113,1.0853243275173374,1.7584390483859274,0.41390077802624936,0.27793199736064866,0.7552812191669362,0.42287683529869485,-1.2676136780735823,-1.2761757670616813
-1.481285033214008,-0.21384496208707834,0.6500836077186906,-0.7030746009502787,-0.010684955963028146,-0.6865507261215884,-0.6874206446824462,1.3290252906451274,-0.47642343047600094,1.028455197493825,1.8446005444820994,1.0245716479150782,2.2992609138558997,0.41390077802624936,0.27108657955234156,0.806907242920057,0.20089255293296915,-1.2676136780735823,-1.2761757670616813
-1.481285033214008,-0.21384496208707834,0.7945466312730467,-0.7030746009502787,-0.010684955963028146,-0.6865507261215884,-0.6874206446824462,1.2690674927085046,-0.47642343047600094,0.9430590744153862,1.884357154932296,0.9311085373503715,2.478627268638871,0.41390077802624936,0.24753132382241158,0.857055944792034,0.1269902994241626,-1.2676136780735823,-1.2761757670616813
-1.481285033214008,-0.21384496208707834,0.9390096548274028,-0.7030746009502787,-0.010684955963028146,-0.6865507261215884,-0.6874206446824462,1.1641411318934154,-0.2970103017489328,0.7722576737229707,1.8304985672226564,0.7640270642977599,2.207016871213974,0.41390077802624936,0.29325549476986457,0.9491517397718815,0.24604935197851463,-1.2676136780735823,-1.2761757670616813
-1.481285033214008,-0.21384496208707834,1.083472678381759,-0.7030746009502787,-0.010684955963028146,-0.6865507261215884,-0.6874206446824462,1.0442255360201698,-0.1175971730218646,0.5416137281151713,1.6384742779033021,0.5409066816835196,1.5731705786803498,0.41390077802624936,0.43057117281812934,1.0698319348137173,0.535210950694284,-1.2676136780735823,-1.2761757670616813
-1.481285033214008,-0.21384496208707834,1.227935701936115,-0.7030746009502787,-0.010684955963028146,-0.6865507261215884,-0.6874206446824462,0.9392991752050807,0.0020115794628475024,0.3820449425276704,1.4726765492123992,0.3361109039678652,1.0966055176704195,0.41390077802624936,0.5508424787599276,1.1846561924752477,0.772500857269166,-1.2676136780735823,-1.2761757670616813
-1.481285033214008,-0.21384496208707834,1.3723987254904713,-0.7030746009502787,-0.010684955963028146,-0.6865507261215884,-0.6874206446824462,0.8043940583723462,0.24122908443227173,0.2662531458820615,1.3260363023579629,0.08771420389467902,0.7247861112638104,0.41390077802624936,0.6611717565138282,1.3288664035858342,0.9703544956151663,-1.2676136780735823,-1.2761757670616813
-1.481285033214008,-0.21384496208707834,1.5168617490448273,-0.15054731447494318,-0.010684955963028146,-0.1877127655324597,-0.6874206446824462,0.6844784624991007,0.48044658940169593,0.16086482497979815,1.2016072958850739,-0.08474330441088289,0.4400426333569138,0.41390077802624936,0.7618217166428568,1.4366905150818394,1.1340019842349587,-0.5624793794088785,-0.5585886110184786
-1.481285033214008,-0.21384496208707834,1.6613247725991833,0.3501942116348243,-0.010684955963028146,0.1961903149581625,-0.6874206446824462,0.5495733456663663,0.7196640943711202,0.10403019888398612,1.073561648510538,-0.15135856454723373,0.17087999019745181,0.41390077802624936,0.8630554244633057,1.4774604350877065,1.291814308705565,0.03808766265014583,0.04693432221462653
-1.481285033214008,-0.10360003018643743,-1.6613247691510074,-0.7030746009502787,-0.010684955963028146,0.24629422458977832,0.5220870559362797,0.44464698485127707,0.8392728468558323,0.09195863598656923,0.9599804774161756,-0.11941732271749321,-0.08868123920607021,0.41390077802624936,0.9500429892018091,1.4534867019654003,1.4461889432957349,0.014830563037048241,0.021326388197067944
-1.481285033214008,-0.10360003018643743,-1.5168617455966513,-0.7030746009502787,-0.010684955963028146,-0.6865507261215884,-0.6874206446824462,0.3247313889780315,0.8990772230981884,0.05126018656696961,0.8668794573298906,-0.02187286809087954,-0.06263397647923905,0.41390077802624936,1.0267501352657287,1.3942918975822276,1.4299738946485694,-1.2676136780735823,-1.2761757670616813
-1.481285033214008,-0.10360003018643743,-1.372398722042295,-0.6772348944063049,-0.010684955963028146,-0.6865507261215884,-0.6874206446824462,0.2198050281629423,0.9588815993405444,-0.019978447302218694,0.7948952228082443,-0.051779239962865944,-0.12264708463135475,0.41390077802624936,1.081977680066486,1.4080137281846532,1.4630341477479651,-1.2676136780735823,-1.2761757670616813
-1.481285033214008,-0.10360003018643743,-1.227935698487939,-0.6880377389391401,-0.010684955963028146,-0.6865507261215884,-0.6874206446824462,0.41466794293229947,0.6598597181287641,-0.09888465857973323,0.7374784393365764,-0.14327461884541054,-0.23702426167007765,0.41390077802624936,1.1332004554037256,1.4611856048985479,1.5327892948099264,-1.2676136780735823,-1.2761757670616813
-1.481285033214008,-0.10360003018643743,-1.083472674933583,-0.6878813520591762,-0.010684955963028146,-0.6865507261215884,-0.6874206446824462,0.5945416226435003,0.36083783691698385,-0.14986953646687337,0.6958961140487651,-0.23079143324843585,-0.342897771131076,0.41390077802624936,1.163923130145818,1.5004703956850856,1.585851645164611,-1.2676136780735823,-1.2761757670616813
-1.481285033214008,-0.10360003018643743,-0.9390096513792268,-0.6846057128541932,-0.010684955963028146,-0.6865507261215884,-0.6874206446824462,0.7894045374128574,0.12162033194755961,-0.16792097275667842,0.6745872944539504,-0.30900337997498545,-0.3993352701600796,0.41390077802624936,1.1794818619674312,1.5379902943006385,1.611077528795634,-1.2676136780735823,-1.2761757670616813
-1.481285033214008,-0.10360003018643743,-0.7945466278248707,-0.7030746009502787,-0.010684955963028146,-0.6865507261215884,-0.6874206446824462,0.9842677380835471,-0.1175971730218646,-0.15739521857436328,0.6995064929711674,-0.34295545460208304,-0.42632403943116215,0.41390077802624936,1.1575501093132268,1.548809530062015,1.6180149197306712,-1.2676136780735823,-1.2761757670616813
-1.481285033214008,-0.10360003018643743,-0.6500836042705146,-0.7030746009502787,-0.010684955963028146,-0.6865507261215884,-0.6703257929911418,1.1641411318934154,-0.35681467799128885,-0.06403203399643215,0.9021608399464212,0.21815972903171724,-0.27032201991054766,0.41390077802624936,0.994169687110974,1.2136804059216986,1.5193953178888306,-1.2676136780735823,-1.2761757670616813
-1.481285033214008,-0.10360003018643743,-0.5056205807161585,-0.7030746009502787,-0.010684955963028146,-0.6865507261215884,-0.6874206446824462,1.359004332564105,-0.596032182960713,0.08376467278481789,1.1125821285117263,0.9838659600839967,-0.12060539066460729,0.41390077802624936,0.8402039438196462,0.8151496233391332,1.4439775025494783,-1.2676136780735823,-1.2761757670616813
-1.481285033214008,-0.10360003018643743,-0.3611575571618023,-0.7030746009502787,-0.010684955963028146,-0.6865507261215884,-0.6874206446824462,1.2540779717490158,-0.596032182960713,0.21647535889512348,1.241368776763572,1.5933372794959542,0.012739440686955985,0.41390077802624936,0.7374874879407259,0.5054802290224728,1.34699420964844,-1.2676136780735823,-1.2761757670616813
-1.481285033214008,-0.10360003018643743,-0.2166945336074462,-0.7030746009502787,-0.010684955963028146,-0.6865507261215884,-0.6874206446824462,1.1341623758757702,-0.6558365592030692,0.41589841494655716,1.3768807907244058,1.8983713315378967,0.14713156583493375,0.3841074052576417,0.6189534459790094,0.33098665431248175,1.220528970416336,-1.2676136780735823,-1.2761757670616813
-1.481285033214008,-0.10360003018643743,-0.07223151005309006,-0.7030746009502787,-0.010684955963028146,-0.6865507261215884,-0.6874206446824462,1.029236015060681,-0.6558365592030692,0.6310548481105388,1.5056055149592742,1.8211507104608273,0.2781669800969676,0.30529965479884585,0.48705008756680346,0.29235876428607094,1.0546621804789145,-1.2676136780735823,-1.2761757670616813
-1.481285033214008,-0.10360003018643743,0.07223151350126605,-0.7030746009502787,-0.010684955963028146,-0.6865507261215884,-0.6874206446824462,0.9243099401469242,-0.7156409354454252,0.8261883503671047,1.602286299847209,1.5287635202581566,0.37827508431507806,0.06573578484294158,0.3477763722579694,0.3070851390683936,0.8639284730031677,-1.2676136780735823,-1.2761757670616813
-1.481285033214008,-0.10360003018643743,0.2166945370556222,-0.7030746009502787,-0.010684955963028146,-0.6865507261215884,-0.6874206446824462,0.8043940583723462,-0.7754453116877812,0.8942072033085599,1.6820179942457005,1.2921408844415478,0.5314224755234765,-0.05119024836776371,0.22270156033350938,0.3004217927973806,0.657878878905639,-1.2676136780735823,-1.2761757670616813
-1.481285033214008,-0.10360003018643743,0.3611575606099783,-0.7030746009502787,-0.010684955963028146,-0.6865507261215884,-0.6874206446824462,0.6994679834585895,-0.8352496879301373,0.6819540657008607,1.5449328319434614,0.9350158192162993,0.37114258227500574,0.3792817755233009,0.21048431405849044,0.30174752219541817,0.5663091178393097,-1.2676136780735823,-1.2761757670616813
-1.481285033214008,-0.10360003018643743,0.5056205841643344,-0.7030746009502787,-0.010684955963028146,-0.6865507261215884,-0.6874206446824462,0.6245206645624779,-0.8352496879301373,0.6784217227740503,1.5662235613760132,0.7908483909629191,0.6180516563198233,0.28793833392305257,0.11477957900483841,0.2573875278471475,0.3343978072263683,-1.2676136780735823,-1.2761757670616813
-1.481285033214008,-0.10360003018643743,0.6500836077186906,-0.7030746009502787,-0.010684955963028146,-0.6865507261215884,-0.6874206446824462,0.5495733456663663,-0.8950540641724933,0.6243720371679246,1.5575075820426283,0.6676123562098097,0.8942556617328786,0.32943129692836925,0.018579309164415053,0.17753971151666456,0.07902924154131745,-1.2676136780735823,-1.2761757670616813
-1.481285033214008,-0.10360003018643743,0.7945466312730467,-0.7030746009502787,-0.010684955963028146,-0.6865507261215884,-0.6874206446824462,0.4746260267702547,-0.9548584404148494,0.5208447025614226,1.5306137727368627,0.5079003449879078,1.001032431577731,0.41390077802624936,-0.04527719304684197,0.14223904878040447,-0.06394232417716068,-1.2676136780735823,-1.2761757670616813
-1.481285033214008,-0.10360003018643743,0.9390096548274028,-0.7030746009502787,-0.010684955963028146,-0.6865507261215884,-0.6874206446824462,0.3996787078741431,-1.0146628166572054,0.31782587572980925,1.4035484730018843,0.2724430970167582,0.7850083526759716,0.348343713075915,-0.10603901302942977,0.07608877355576943,-0.13349637162149747,-1.2676136780735823,-1.2761757670616813
-1.481285033214008,-0.10360003018643743,1.083472678381759,-0.7030746009502787,-0.010684955963028146,-0.6865507261215884,-0.6874206446824462,0.3247313889780315,-1.0744671928995615,0.09273284813491121,1.1865834161256918,0.008291281604675717,0.3152445982320339,0.41390077802624936,-0.0738914347565046,0.06376575771161978,-0.06229771796657585,-1.2676136780735823,-1.2761757670616813
-1.481285033214008,-0.10360003018643743,1.227935701936115,-0.7030746009502787,-0.010684955963028146,-0.6865507261215884,-0.6874206446824462,0.24978407008191994,-1.1940759453842735,-0.04100706932800443,1.0059809769489771,-0.3022431358302023,-0.027892629120789766,0.41390077802624936,-0.04473297244930809,0.09020791092364663,-0.021873201236750617,-1.2676136780735823,-1.2761757670616813
-1.481285033214008,-0.10360003018643743,1.3723987254904713,-0.7030746009502787,-0.010684955963028146,-0.6865507261215884,-0.6874206446824462,0.2347945491224311,-1.1940759453842735,-0.12022976597696959,0.8756657099859123,-0.43882476780929913,-0.3030680569435825,0.41390077802624936,-0.024508597435905253,0.07893671702951856,0.02589483594904766,-1.2676136780735823,-1.2761757670616813
-1.481285033214008,-0.10360003018643743,1.5168617490448273,0.5425993591283015,-0.010684955963028146,0.4925058498777214,0.4739771040585472,0.2347945491224311,-1.1940759453842735,-0.20162601092077326,0.7783308961546247,-0.5136640522718563,-0.4342963295037906,0.41390077802624936,-0.06960732442826507,0.0074440537807945635,-0.02080066994275265,0.9527619742651943,0.9508480035923287
-1.481285033214008,-0.10360003018643743,1.6613247725991833,-0.7030746009502787,-0.010684955963028146,2.5462532943227796,-0.6874206446824462,0.2198050281629423,-1.1940759453842735,-0.20504261436256965,0.6927894765678388,-0.279271070298978,-0.3945862362860508,0.41390077802624936,-0.093967101130103,-0.15187292297816363,-0.10332924548575662,0.5000925140901146,0.5657951665932127
-1.481285033214008,0.00664490171420348,-1.6613247691510074,2.2906556638798956,-0.010684955963028146,-0.6865507261215884,-0.6874206446824462,0.1898261291946309,-1.1940759453842735,-0.19201440250144974,0.6395348219675933,0.0649924563786245,-0.41877327087099886,0.41390077802624936,-0.11719649935433511,-0.3249856831818068,-0.139939638306063,0.8865797794986294,0.8704678823184365
-1.481285033214008,0.00664490171420348,-1.5168617455966513,-0.7030746009502787,-0.010684955963028146,-0.6865507261215884,0.6746823726881468,0.15984723022631953,-1.2538803216266297,-0.12582514887676896,0.5908896798670423,0.16644585060636585,-0.44518183775137166,0.41390077802624936,-0.1285858458275255,-0.39472538213732994,-0.1658437145672077,-0.47082232858884376,-0.4935468880984503
-1.481285033214008,0.00664490171420348,-1.372398722042295,-0.7030746009502787,-0.010684955963028146,-0.6865507261215884,-0.6874206446824462,0.1298681883073419,-1.3136846978689858,-0.07900754634552712,0.5554294829542972,0.12902164960328782,-0.37699056125895625,0.41390077802624936,-0.1493910763059667,-0.41574967638947247,-0.22954556662438377,-1.2676136780735823,-1.2761757670616813
-1.481285033214008,0.00664490171420348,-1.227935698487939,-0.7030746009502787,-0.010684955963028146,-0.6865507261215884,0.050101613510605325,0.1898261291946309,-1.2538803216266297,-0.0936149155869223,0.5283123297221314,0.025876536604150884,-0.347702139875467,0.41390077802624936,-0.1947734825026212,-0.422043041578684,-0.2857951603215943,-0.8559723525598046,-0.8641983259319116
-1.481285033214008,0.00664490171420348,-1.083472674933583,-0.7030746009502787,-0.010684955963028146,-0.6865507261215884,-0.6874206446824462,0.24978407008191994,-1.1940759453842735,-0.14606713474169708,0.4996115915164856,-0.12190972759039205,-0.31903704953164636,0.41390077802624936,-0.22976267319579638,-0.3935456065892645,-0.3209240537873046,-1.2676136780735823,-1.2761757670616813
-1.481285033214008,0.00664490171420348,-0.9390096513792268,0.3959763283198359,-0.010684955963028146,-0.6865507261215884,0.12683082256766043,0.3097418680185427,-1.1940759453842735,-0.19896727224242988,0.48192219592520463,-0.26080224243800965,-0.3309316054152444,0.41390077802624936,-0.2614674998134205,-0.3501565414925911,-0.32275884215527384,0.02773492718194952,0.01758330362870422
-1.481285033214008,0.00664490171420348,-0.7945466278248707,-0.7030746009502787,-0.010684955963028146,-0.6865507261215884,0.5732554114656543,0.5495733456663663,-1.3136846978689858,-0.17005463343238783,0.5028866066615516,-0.32436975640952875,-0.245132447674331,0.41390077802624936,-0.29858127180299127,-0.3136008491429754,-0.34104995504171715,-0.5324068375404886,-0.5403686024481891
-1.481285033214008,0.00664490171420348,-0.6500836042705146,0.9916722110191575,-0.010684955963028146,-0.6865507261215884,-0.6874206446824462,0.7894045374128574,-1.493097826596054,0.02449951750371263,0.6693919390071247,0.09043040301955083,-0.014695262539398663,0.2621426413856206,-0.4103969128983407,-0.413874614001867,-0.37746427027610946,-0.05572315617627219,-0.08537198943660201
-1.481285033214008,0.00664490171420348,-0.5056205807161585,-0.7030746009502787,-0.010684955963028146,-0.6865507261215884,0.19522454549852997,1.0442255360201698,-1.612706579080766,0.19707035913651105,0.928610048725801,0.810438676686552,0.3600495682635664,0.09149421383030143,-0.547125468991073,-0.5898990776077762,-0.444257073676493,-0.7708423466851319,-0.7671384217629311
-1.481285033214008,0.00664490171420348,-0.3611575571618023,-0.7030746009502787,-0.010684955963028146,-0.6865507261215884,-0.6874206446824462,1.1041833339567926,-1.7323153315654782,0.43359282435038693,1.1188461950830095,1.490184706688418,0.5108916111229032,-0.12711706061160802,-0.6463401617780669,-0.7413083051371185,-0.4337966183219407,-1.2676136780735823,-1.2761757670616813
-1.481285033214008,0.00664490171420348,-0.2166945336074462,-0.7030746009502787,-0.010684955963028146,-0.6865507261215884,-0.6874206446824462,1.1641411318934154,-1.8519240840501903,0.5925724501864891,1.2718639199106083,1.8312040455800125,0.5959323556406166,-0.30768225042987274,-0.7287611420783618,-0.8175218055421455,-0.4375603035651498,-1.2676136780735823,-1.2761757670616813
-1.481285033214008,0.00664490171420348,-0.07223151005309006,-0.7030746009502787,-0.010684955963028146,-0.6865507261215884,-0.6874206446824462,1.239088450789527,-1.9715328365349023,0.7868800825584638,1.3958504131835265,1.7971674264577253,0.7120061974544167,-0.590617399211917,-0.7952184788635729,-0.7915153451749832,-0.45891594754101933,-1.2676136780735823,-1.2761757670616813
-1.481285033214008,0.00664490171420348,0.07223151350126605,-0.7030746009502787,-0.010684955963028146,-0.6865507261215884,-0.6874206446824462,1.1191728549162814,-1.9715328365349023,0.9447742420379377,1.4843280052606838,1.539319978010481,0.744385234097255,-0.8306924784953733,-0.8561615450327619,-0.718839002709101,-0.47313353766263655,-1.2676136780735823,-1.2761757670616813
-1.481285033214008,0.00664490171420348,0.2166945370556222,-0.7030746009502787,-0.010684955963028146,-0.6865507261215884,-0.6874206446824462,1.0742045779391476,-2.031337212777258,1.0587142069233233,1.565758087585478,1.2815429833092282,0.9031385359222032,-0.9662526157140231,-0.9271746204072491,-0.660153844013052,-0.5478539456418442,-1.2676136780735823,-1.2761757670616813
-1.481285033214008,0.00664490171420348,0.3611575606099783,-0.7030746009502787,-0.010684955963028146,-0.6865507261215884,-0.6874206446824462,1.029236015060681,-2.1509459652619705,1.1327613215164378,1.6644712326261082,1.167162569993449,1.295370813255819,-1.1161196271884912,-1.0236566413010457,-0.6758442081908068,-0.7250015288962673,-1.2676136780735823,-1.2761757670616813
-1.481285033214008,0.00664490171420348,0.5056205841643344,-0.7030746009502787,-0.010684955963028146,-0.6865507261215884,-0.6874206446824462,0.8793413772684578,-2.0911415890196143,1.0583133690458455,1.685324319286991,1.0334935787604003,1.7648090684623319,-0.7552163223102139,-1.0647069744152937,-0.6738162520970642,-0.8994706224553579,-1.2676136780735823,-1.2761757670616813
-1.481285033214008,0.00664490171420348,0.6500836077186906,-0.7030746009502787,-0.010684955963028146,-0.6865507261215884,-0.6874206446824462,0.819383579331835,-2.1509459652619705,0.9559401598125052,1.6842319517964972,0.9134834967061011,2.1471136190544895,-0.28643503997312014,-1.1174763678102724,-0.70118400862511,-1.0582583128238243,-1.2676136780735823,-1.2761757670616813
-1.481285033214008,0.00664490171420348,0.7945466312730467,0.4443269943521611,-0.010684955963028146,-0.6865507261215884,-0.6874206446824462,0.7444362604357235,-2.2107503415043266,0.8362714173666262,1.685473911013396,0.7638994186873753,2.2306204484158383,0.1807299358795949,-1.1535248364158308,-0.7013215045253809,-1.117589796372243,-0.45746681003576206,-0.48410116670573455
-1.481285033214008,0.00664490171420348,0.9390096548274028,-0.7030746009502787,-0.010684955963028146,-0.6865507261215884,-0.6874206446824462,0.5795521016840115,-1.8519240840501903,0.7143480435968594,1.5955191876099215,0.5376542052215126,1.890158824794647,0.41042595198202325,-1.137691343087934,-0.6545811395124841,-1.0505892337034883,-1.2676136780735823,-1.2761757670616813
-1.481285033214008,0.00664490171420348,1.083472678381759,0.48542665059371803,-0.010684955963028146,0.5109611441683868,-0.6874206446824462,0.3996787078741431,-1.55290220283841,0.46166782315871774,1.3680757521306495,0.176475148565154,1.221207439504751,0.41390077802624936,-1.0463196451921493,-0.549588489331836,-0.8780387746070117,0.325843200941422,0.3313194090551683
-1.481285033214008,0.00664490171420348,1.227935701936115,-0.7030746009502787,-0.010684955963028146,1.5912510702939207,-0.6874206446824462,0.2198050281629423,-1.1940759453842735,0.3694156068578416,1.1508629991865489,0.11060338266591331,0.7849798714926969,0.41390077802624936,-0.9511328596797285,-0.5301332531845194,-0.7511700260444298,-0.02089115998006878,0.019972979037602437
-1.481285033214008,0.00664490171420348,1.3723987254904713,2.277998714135038,-0.010684955963028146,-0.6865507261215884,-0.6874206446824462,0.08489991133020793,-0.9548584404148494,0.2665081650863295,0.9830565667089866,0.33255174649389524,0.39034866477925984,0.41390077802624936,-0.8778513147463445,-0.6063847059279492,-0.6304563232160719,0.8247869037152383,0.8138784938186528
-1.481285033214008,0.00664490171420348,1.5168617490448273,-0.7030746009502787,-0.010684955963028146,0.9961460174094111,1.5049565971285181,-0.05000534845319268,-0.7156409354454252,0.2753494847296844,0.8472662425594918,0.426164053226584,-0.031016608051974898,0.41390077802624936,-0.8273643700044419,-0.6423867278778939,-0.4954350703937176,0.7531301029867772,0.7493682078562884
-1.481285033214008,0.00664490171420348,1.6613247725991833,2.231040271366057,-0.010684955963028146,-0.6865507261215884,-0.6874206446824462,-0.19989998624541588,-0.47642343047600094,0.2968972996995441,0.7402845018137489,0.4886789053462303,0.07415138181190505,0.41390077802624936,-0.7843475639693441,-0.6676948652184438,-0.5375594356829432,0.7468971621849951,0.7324835971023971
-1.481285033214008,0.1168898336148444,-1.6613247691510074,-0.7030746009502787,-0.010684955963028146,1.17659029914479,1.3607492198878541,-0.33480510307815026,-0.23720592550657674,0.3472662081240675,0.6481937477123026,0.45751431245759594,0.1413091982254965,0.41390077802624936,-0.7535747573032981,-0.6662188445603311,-0.568780096731864,0.7142050039287869,0.7100557908451705
-1.481285033214008,0.1168898336148444,-1.5168617455966513,-0.30119629017539207,-0.010684955963028146,-0.6865507261215884,-0.6874206446824462,-0.4697103628615509,0.06181595570520356,0.2995880792522698,0.5906558993085672,0.5009287396051502,0.23435152774720672,0.41390077802624936,-0.7415968427613843,-0.6881572479917192,-0.608456767435235,-1.008387095487807,-1.0624720642255192
-1.481285033214008,0.1168898336148444,-1.372398722042295,0.21250421777062733,-0.010684955963028146,-0.6865507261215884,-0.06380967171803106,-0.6046154796942852,0.36083783691698385,0.21202756241453036,0.5287757161862516,0.4186976138866862,0.20818789904299614,0.41390077802624936,-0.7219439234772785,-0.6676532260814533,-0.6049238773015039,-0.285163841711365,-0.28110688309438775
-1.481285033214008,0.1168898336148444,-1.227935698487939,-0.7030746009502787,-0.010684955963028146,-0.6865507261215884,0.17417923287747097,-0.6196050006537741,0.36083783691698385,0.1669421287861246,0.47444539270683206,0.2513475877317071,0.15469128562412623,0.41390077802624936,-0.7025708270956249,-0.6183852353309274,-0.5907429698462938,-0.799678348015244,-0.7996732010789519
-1.481285033214008,0.1168898336148444,-1.083472674933583,0.28535912407806685,-0.010684955963028146,0.20763745501065595,-0.07424794763302135,-0.6345943786625966,0.3010334606746278,0.0475061731010647,0.4239961048082874,-0.01571023748562417,0.13312533364854187,0.41390077802624936,-0.689637272753347,-0.5404987958491031,-0.5925231709130621,0.32657439461970006,0.3110723056923879
-1.481285033214008,0.1168898336148444,-0.9390096513792268,-0.7030746009502787,-0.010684955963028146,0.8113998795642814,0.680127065430867,-0.6495838996220854,0.3010334606746278,0.006446119527720893,0.3790121332395694,-0.044978381305687695,0.12785631474272688,0.41390077802624936,-0.6798622706390061,-0.5411201298463839,-0.6009045051394692,0.361469660278724,0.3796303339976135
-1.481285033214008,0.1168898336148444,-0.7945466278248707,1.2981302841748896,-0.010684955963028146,0.47734940884621224,-0.6874206446824462,-0.28983668315035005,-0.23720592550657674,-0.004509897824872159,0.3879173635012436,0.08064064779713372,0.18772701697846922,0.41390077802624936,-0.6927432828686788,-0.5827328086352992,-0.6209386997278641,0.77575199157258,0.7688583231243569
-1.481285033214008,0.1168898336148444,-0.6500836042705146,-0.7030746009502787,-0.010684955963028146,0.6834340165554547,1.0338898472398363,0.06991039037071911,-0.7754453116877812,0.10541514933178035,0.5444675403984196,1.0255314765957622,0.37540418104099077,0.41390077802624936,-0.7780220238531896,-0.853616431197793,-0.6654513686192373,0.458689660642974,0.4735723825781738
-1.481285033214008,0.1168898336148444,-0.5056205807161585,-0.7030746009502787,-0.010684955963028146,-0.6865507261215884,-0.6874206446824462,0.42965746389178827,-1.1940759453842735,0.22813627548412926,0.777300452681108,1.5730308521660077,0.5652971811622821,0.41390077802624936,-0.8909212857663036,-0.978705386739008,-0.6987135947330769,-1.2676136780735823,-1.2761757670616813
-1.481285033214008,0.1168898336148444,-0.3611575571618023,-0.7030746009502787,-0.010684955963028146,-0.6865507261215884,-0.6874206446824462,0.7294467394762346,-1.55290220283841,0.3764907550377912,0.9624038633839396,2.076849734089131,0.6908796694493559,0.3650226451910124,-0.9759040555843965,-1.0885296949040955,-0.7166701966377603,-1.2676136780735823,-1.2761757670616813
-1.481285033214008,0.1168898336148444,-0.2166945336074462,-0.7030746009502787,-0.010684955963028146,-0.6865507261215884,-0.6874206446824462,1.029236015060681,-1.8519240840501903,0.5833963361006079,1.1772732445395162,2.4435009746400285,0.7706302376108218,0.1581796656562575,-1.0732602519021328,-1.1599160916052915,-0.7211258305109938,-1.2676136780735823,-1.2761757670616813
-1.481285033214008,0.1168898336148444,-0.07223151005309006,-0.7030746009502787,-0.010684955963028146,-0.6865507261215884,-0.6874206446824462,1.3290252906451274,-2.1509459652619705,0.7991013875014636,1.3370733886647788,2.452834023814901,0.8485116264013755,0.2743604278655202,-1.1324168862427473,-1.1326489629916394,-0.7086362559961965,-1.2676136780735823,-1.2761757670616813
-1.481285033214008,0.1168898336148444,0.07223151350126605,-0.7030746009502787,-0.010684955963028146,-0.6865507261215884,-0.6874206446824462,1.2690674927085046,-2.0911415890196143,0.9645683095569078,1.4461556755594391,2.1553484690052462,0.879546351193649,0.41390077802624936,-1.1658223419729485,-1.0299241276834399,-0.6822666592304094,-1.2676136780735823,-1.2761757670616813
-1.481285033214008,0.1168898336148444,0.2166945370556222,-0.7030746009502787,-0.010684955963028146,-0.6865507261215884,-0.6874206446824462,1.3440148116046162,-2.509772222716107,1.1010670116936874,1.5463737829452526,1.917859666546742,1.0358974686464018,0.3799292297058041,-1.2225155224927509,-0.9854047335138774,-0.749473016024692,-1.2676136780735823,-1.2761757670616813
-1.481285033214008,0.1168898336148444,0.3611575606099783,-0.7030746009502787,-0.010684955963028146,-0.6865507261215884,-0.6874206446824462,1.4189621305007278,-2.4499678464737507,1.1788125586440845,1.6561942876153357,1.711413613439687,1.4969077348478912,0.41390077802624936,-1.2727260185963136,-0.9273678007577489,-0.8810705533157174,-1.2676136780735823,-1.2761757670616813
-1.481285033214008,0.1168898336148444,0.5056205841643344,-0.7030746009502787,-0.010684955963028146,-0.6865507261215884,-0.6874206446824462,1.2690674927085046,-2.629380975200819,1.1922880349557667,1.7350527837969039,1.5768734823591435,2.091560664203188,0.41390077802624936,-1.3206470764997105,-0.9142887743326147,-1.0640797209731079,-1.2676136780735823,-1.2761757670616813
-1.481285033214008,0.1168898336148444,0.6500836077186906,-0.7030746009502787,-0.010684955963028146,-0.6865507261215884,-0.6874206446824462,1.2690674927085046,-2.868598480170243,1.1171397605165305,1.7898694543310083,1.446007721348956,2.5842314274809004,0.41390077802624936,-1.3570447814408875,-0.9009360573299697,-1.204750650295167,-1.2676136780735823,-1.2761757670616813
-1.481285033214008,0.1168898336148444,0.7945466312730467,-0.7030746009502787,-0.010684955963028146,-0.6865507261215884,-0.6874206446824462,1.2690674927085046,-3.0480116088973115,1.0405391844037575,1.8464958368668796,1.3033753558905903,2.7472316806061494,0.41390077802624936,-1.3933672884961341,-0.881168527655224,-1.2588064895317104,-1.2676136780735823,-1.2761757670616813
-1.481285033214008,0.1168898336148444,0.9390096548274028,-0.7030746009502787,-0.010684955963028146,-0.6865507261215884,-0.6874206446824462,1.0442255360201698,-2.689185351443175,0.8959903760522495,1.7929955735251408,1.0831419191268012,2.4168694845741583,0.41390077802624936,-1.3884355604772067,-0.848663759471475,-1.2070732307866687,-1.2676136780735823,-1.2761757670616813
-1.481285033214008,0.1168898336148444,1.083472678381759,0.4591422888035204,-0.010684955963028146,-0.6865507261215884,-0.6874206446824462,0.8343731002913238,-2.2705547177466827,0.6106408877565787,1.5913494052083108,0.7876531063653052,1.7306585022198087,0.41390077802624936,-1.3099506592638586,-0.7731028224164717,-1.0460290105611538,-0.4456486315835438,-0.5156558628822315
-1.481285033214008,0.1168898336148444,1.227935701936115,-0.7030746009502787,-0.010684955963028146,-0.6865507261215884,-0.6874206446824462,0.6095311436029891,-1.7921197078078341,0.5186312666474548,1.3882838549293108,0.49839903569025584,1.268020739831195,0.41390077802624936,-1.2263576042222848,-0.6908308275793204,-0.9258137989673638,-1.2676136780735823,-1.2761757670616813
-1.481285033214008,0.1168898336148444,1.3723987254904713,0.9729685277417607,-0.010684955963028146,0.8858689448963643,-0.6874206446824462,0.44464698485127707,-1.612706579080766,0.37924692413007294,1.2349613804451285,0.20678352122309185,0.7861410900222101,0.41390077802624936,-1.159179862049107,-0.6024495906118377,-0.7894695683131011,0.8565249872309597,0.8531385141953931
-1.481285033214008,0.1168898336148444,1.5168617490448273,-0.7030746009502787,-0.010684955963028146,2.1134715283000762,-0.6874206446824462,0.2797628260995651,-1.3734890741113417,0.3369209290709267,1.0754242394481504,0.24159264494848584,0.483658717423752,0.41390077802624936,-1.0892810168882598,-0.6176986233115936,-0.7003850578958527,0.2219402736953581,0.27385155823214447
-1.481285033214008,0.1168898336148444,1.6613247725991833,2.2788664237115617,-0.010684955963028146,-0.6865507261215884,-0.6874206446824462,0.11487881029851932,-1.1342715691419176,0.2624343967719962,0.9419779828626513,0.5571127009967615,0.1963999441596547,0.41390077802624936,-1.034155905105196,-0.7233863434612767,-0.6157037775426847,0.8169601835758723,0.8025976621765961
-1.481285033214008,0.2271347655154853,-1.6613247691510074,-0.7030746009502787,-0.010684955963028146,0.8870322984999008,1.634203829671611,0.1448577092668307,-0.8950540641724933,0.2933590717141737,0.8374112787790126,0.6825833627992008,-0.0331282843547687,0.41390077802624936,-0.9843165780539814,-0.7529761551851826,-0.5300377422758499,0.7349936957779236,0.7312074525112036
-1.481285033214008,0.2271347655154853,-1.5168617455966513,-0.7030746009502787,-0.010684955963028146,-0.6865507261215884,-0.6874206446824462,0.15984723022631953,-0.596032182960713,0.2951527067841923,0.7635456673820192,0.7217713940548657,0.07135208837005122,0.41390077802624936,-0.9325336748741073,-0.728308002705357,-0.5254329758957352,-1.2676136780735823,-1.2761757670616813
-1.481285033214008,0.2271347655154853,-1.372398722042295,-0.7030746009502787,-0.010684955963028146,-0.6865507261215884,-0.6874206446824462,0.1898261291946309,-0.35681467799128885,0.23109449825363873,0.7117048285401706,0.6377631762022165,0.06806373232396652,0.41390077802624936,-0.8722411186219883,-0.6350443600552278,-0.4505712959810193,-1.2676136780735823,-1.2761757670616813
-1.481285033214008,0.2271347655154853,-1.227935698487939,-0.7030746009502787,-0.010684955963028146,-0.6865507261215884,-0.0863650456475468,0.0998892893390305,-0.23720592550657674,0.15264797543920225,0.6586714305399104,0.47931684580536155,-0.03230965377264517,0.41390077802624936,-0.8074612731382989,-0.5213593231572983,-0.34661218268489796,-0.9297872575895086,-0.9899971188654652
-1.481285033214008,0.2271347655154853,-1.083472674933583,-0.7030746009502787,-0.010684955963028146,-0.6865507261215884,-0.6874206446824462,0.009952592434096328,-0.057792796779508555,0.05397516024933107,0.5987971681023675,0.27423427990014176,-0.07658650129145583,0.41390077802624936,-0.7417814632120977,-0.40323559763027766,-0.27828132748587403,-1.2676136780735823,-1.2761757670616813
-1.481285033214008,0.2271347655154853,-0.9390096513792268,0.6227110981794799,-0.010684955963028146,-0.6865507261215884,0.32639440640332346,-0.07998424742150408,0.06181595570520356,-0.07643642965018865,0.5565274166485641,0.051920385460604,-0.17011707966930334,0.41390077802624936,-0.6948967864288937,-0.2924418783071291,-0.20943647825874112,0.30954017021202673,0.306394985039581
-1.481285033214008,0.2271347655154853,-0.7945466278248707,-0.7030746009502787,-0.010684955963028146,-0.6865507261215884,0.4002750253488067,0.06991039037071911,-0.596032182960713,-0.06465650409919112,0.5511595088847687,-0.08226001708158294,-0.07430231039282685,0.41390077802624936,-0.68615696034042,-0.24581428595691504,-0.24913432883497813,-0.6650705886938671,-0.658098262518974
-1.481285033214008,0.2271347655154853,-0.6500836042705146,0.8673740235647178,-0.010684955963028146,-0.6865507261215884,-0.6874206446824462,0.42965746389178827,-0.7754453116877812,0.05732833583775824,0.6954090712186087,0.2752272632848218,0.09760197437217935,0.41390077802624936,-0.7399453814973,-0.339516440768476,-0.2766790810210212,-0.1559291336743459,-0.18570704143431244
-1.481285033214008,0.2271347655154853,-0.5056205807161585,-0.7030746009502787,-0.010684955963028146,-0.6865507261215884,0.5160238002444192,0.7744153023547011,-1.2538803216266297,0.23469157682460945,0.9386020802741957,0.9338247364752432,0.4178305653950411,0.2591895050424043,-0.8440127481154487,-0.5330985236015596,-0.361642686896001,-0.594629972632478,-0.5809344963659017
-1.481285033214008,0.2271347655154853,-0.3611575571618023,-0.7030746009502787,-0.010684955963028146,-0.6865507261215884,-0.6874206446824462,1.1341623758757702,-1.7323153315654782,0.47898624271010104,1.1408090436211773,1.6194665017151968,0.6129551520098435,-0.09593562060281352,-0.9266694448658712,-0.7230738330633425,-0.40522125788922214,-1.2676136780735823,-1.2761757670616813
-1.481285033214008,0.2271347655154853,-0.2166945336074462,-0.7030746009502787,-0.010684955963028146,-0.6865507261215884,-0.6874206446824462,1.4789199284373507,-2.0911415890196143,0.6622345422569843,1.3320088390066238,1.99840238896421,0.7465937464231828,-0.2720874087094104,-0.9994626855784388,-0.8081614576689742,-0.4233606180783266,-1.2676136780735823,-1.2761757670616813
-1.481285033214008,0.2271347655154853,-0.07223151005309006,-0.7030746009502787,-0.010684955963028146,-0.6865507261215884,-0.6874206446824462,1.8386670019584197,-2.4499678464737507,0.8888295675754816,1.5024320830330693,2.0138077221759487,0.9214657704854101,-0.545593714837266,-1.0610321597781815,-0.7906322484779754,-0.45859541090836686,-1.2676136780735823,-1.2761757670616813
-1.481285033214008,0.2271347655154853,0.07223151350126605,-0.7030746009502787,-0.010684955963028146,-0.6865507261215884,-0.6874206446824462,2.0185406816696205,-2.509772222716107,1.0711441044975065,1.636693092695873,1.810941548232861,1.018307489855962,-0.7074560959771408,-1.0895989207714074,-0.6871281974447393,-0.4421039321679193,-1.2676136780735823,-1.2761757670616813
-1.481285033214008,0.2271347655154853,0.2166945370556222,-0.7030746009502787,-0.010684955963028146,-0.6865507261215884,-0.6874206446824462,2.0185406816696205,-2.689185351443175,1.2246218544753742,1.7494873417317969,1.648215774417723,1.2128282753853414,-0.6519776568353778,-1.115576416096207,-0.6197925080389046,-0.4896145356412535,-1.2676136780735823,-1.2761757670616813
-1.481285033214008,0.2271347655154853,0.3611575606099783,-0.7030746009502787,-0.010684955963028146,-0.6865507261215884,-0.6874206446824462,2.0185406816696205,-2.4499678464737507,1.2974298372939044,1.855198596466303,1.5305663072879387,1.6618235509853856,-0.406024252528043,-1.116603638499524,-0.5247010807712946,-0.579363482688721,-1.2676136780735823,-1.2761757670616813
-1.481285033214008,0.2271347655154853,0.5056205841643344,-0.7030746009502787,-0.010684955963028146,-0.6865507261215884,-0.6874206446824462,2.0185406816696205,-2.689185351443175,1.311744261398089,1.9345037805006717,1.4490504943081883,2.2372256416912824,-0.2756379263397205,-1.1521645259408613,-0.5179561911903419,-0.7757616052354969,-1.2676136780735823,-1.2761757670616813
-1.481285033214008,0.2271347655154853,0.6500836077186906,-0.7030746009502787,-0.010684955963028146,-0.6865507261215884,-0.6874206446824462,1.9585828837329977,-2.2705547177466827,1.2434638502984101,1.9872386908235933,1.378630731888297,2.674834140218111,0.2357798441955284,-1.1280293788213536,-0.4206750224321405,-0.837435429878452,-1.2676136780735823,-1.2761757670616813
-1.481285033214008,0.2271347655154853,0.7945466312730467,-0.7030746009502787,-0.010684955963028146,-0.6865507261215884,-0.6874206446824462,1.8986250857963751,-2.1509459652619705,1.1614869462433501,2.0275178286530005,1.2700557072422163,2.7840643605650537,0.41390077802624936,-1.1210849022594653,-0.34782648478516187,-0.8387728187578773,-1.2676136780735823,-1.2761757670616813
-1.481285033214008,0.2271347655154853,0.9390096548274028,-0.7030746009502787,-0.010684955963028146,-0.6865507261215884,-0.6874206446824462,1.5388777263739735,-1.493097826596054,0.9964476717766015,1.9435105939812072,1.053365679467999,2.4473956168079556,0.41390077802624936,-1.0273312149192928,-0.19002846904433793,-0.673685972180016,-1.2676136780735823,-1.2761757670616813
-1.481285033214008,0.2271347655154853,1.083472678381759,-0.5144626593977414,-0.010684955963028146,-0.6865507261215884,-0.6874206446824462,1.1641411318934154,-0.7754453116877812,0.675150284110068,1.718770941984775,0.758547420594822,1.7451725132165834,0.41390077802624936,-0.8650944272322297,9.214365590151325e-05,-0.37771624525845343,-1.1444707790447701,-1.1803727041339735
-1.481285033214008,0.2271347655154853,1.227935701936115,-0.07394730877649093,-0.010684955963028146,-0.6865507261215884,-0.6874206446824462,0.8043940583723462,0.12162033194755961,0.46264932014745197,1.4900090119867226,0.44807599709753637,1.2607450181266555,0.41390077802624936,-0.665210010769264,0.246625545899133,-0.0937179501886877,-0.8313421528221284,-0.8320934650944477
-1.481285033214008,0.2271347655154853,1.3723987254904713,0.198657504358022,-0.010684955963028146,0.26007570759948495,-0.6874206446824462,0.7444362604357235,0.18142470818991568,0.3675526588758936,1.30478731945371,0.12681851952275403,0.8583587920815711,0.41390077802624936,-0.5231339691152012,0.443001354579676,0.11742944279340344,-0.04133106094112809,-0.03663718390901464
-1.481285033214008,0.2271347655154853,1.5168617490448273,-0.7030746009502787,-0.010684955963028146,0.9893662034802233,-0.6874206446824462,0.6694889415396119,0.18142470818991568,0.32502068676714624,1.1561989012786482,0.11046081743873054,0.5391644748856269,0.41390077802624936,-0.4131859832059856,0.47775940731202804,0.28276127717905497,-0.32839126424115084,-0.30296794606805144
-1.481285033214008,0.2271347655154853,1.6613247725991833,2.218642398236449,-0.010684955963028146,-0.6865507261215884,-0.6874206446824462,0.6095311436029891,0.18142470818991568,0.26329753869413425,1.0425808540842885,0.25359547666263554,0.2753888441055464,0.41390077802624936,-0.30538330621556936,0.4506488592031009,0.4444318320985506,0.8030234667045231,0.7898241404778312
-1.481285033214008,0.3373796974161262,-1.6613247691510074,-0.7030746009502787,-0.010684955963028146,0.8706644927783579,1.2468834326103297,0.5345838247068775,0.36083783691698385,0.2957673684560179,0.9435949650587706,0.3294675301546679,0.0020386532566135864,0.41390077802624936,-0.21794093887850688,0.4394281961366749,0.603071263356955,0.7766221264291544,0.7714140917707457
-1.481285033214008,0.3373796974161262,-1.5168617455966513,-0.7030746009502787,-0.010684955963028146,-0.6865507261215884,-0.6874206446824462,0.44464698485127707,0.48044658940169593,0.28823776297615467,0.8649841649451104,0.41468340810037124,0.09983083040044612,0.41390077802624936,-0.1634412710505362,0.40386338512513104,0.5582834744675286,-1.2676136780735823,-1.2761757670616813
-1.481285033214008,0.3373796974161262,-1.372398722042295,-0.7030746009502787,-0.010684955963028146,-0.6865507261215884,-0.6322637923284112,0.3696996659551655,0.6000553418864081,0.2418824644895731,0.8101744521657227,0.3761170275446312,0.10215814994803389,0.41390077802624936,-0.12577411974655545,0.42378033857793124,0.5593232533808059,-1.2676136780735823,-1.2761757670616813
-1.481285033214008,0.3373796974161262,-1.227935698487939,-0.6849781550850906,-0.010684955963028146,-0.6865507261215884,-0.6874206446824462,0.20481550720345348,0.7794684706134762,0.11219931406070621,0.7425763862173708,0.25461747041331206,-0.001344097568324311,0.41390077802624936,-0.082823593899377,0.4801909594158717,0.6106324779701178,-1.2676136780735823,-1.2761757670616813
-1.481285033214008,0.3373796974161262,-1.083472674933583,-0.5817766900139828,-0.010684955963028146,-0.6865507261215884,-0.6690624747199276,0.02494197044291891,0.9588815993405444,0.0007820776113877974,0.6712545299447372,0.09174332929779218,-0.14492181119643174,0.41390077802624936,-0.036528931298087534,0.557965710587539,0.6837161403101136,-1.1813482650660012,-1.1895578111145362
-1.481285033214008,0.3373796974161262,-0.9390096513792268,0.04327715540916466,-0.010684955963028146,-0.6865507261215884,-0.06240117020389548,-0.13994204535812688,1.0784903518252564,-0.09101895086655258,0.5982802069269301,-0.08393018529538113,-0.27180629643320503,0.41390077802624936,0.015521020784385157,0.64774879850037,0.7534608066102444,-0.3510591669817323,-0.3477992023344931
-1.481285033214008,0.3373796974161262,-0.7945466278248707,-0.7030746009502787,-0.010684955963028146,-0.6865507261215884,-0.005983553935599895,0.11487881029851932,1.0784903518252564,-0.08218090070017553,0.591931951523577,-0.19606188081263223,-0.23396619633447105,0.41390077802624936,0.019749214735907298,0.7041223344819283,0.7335943042111391,-0.8787047380270534,-0.8785223837764119
-1.481285033214008,0.3373796974161262,-0.6500836042705146,-0.15132951622668944,-0.010684955963028146,-0.14881682961504505,-0.39497048341996666,0.3696996659551655,1.0784903518252564,0.040414023640830486,0.777968397133894,0.32799794790004544,-0.040760427724288194,0.41390077802624936,-0.1019412102839598,0.44901040253662394,0.6340047952015584,-0.3664620458082719,-0.38244524877069175
-1.481285033214008,0.3373796974161262,-0.5056205807161585,-0.7030746009502787,-0.010684955963028146,-0.6865507261215884,-0.4432029136902327,0.7594257813952123,0.5402509656440521,0.17386622712970012,0.9918950025253821,1.0980714823361972,0.19899498683002445,0.41390077802624936,-0.2330260686300784,0.11311919544117838,0.5180471747522445,-1.1343206024693504,-1.1441493731725267
-1.481285033214008,0.3373796974161262,-0.3611575571618023,-0.7030746009502787,-0.010684955963028146,-0.6865507261215884,-0.6874206446824462,0.9542886961645695,-0.2970103017489328,0.3843996198470788,1.1781763611017206,1.87153011205034,0.348557003938188,0.41390077802624936,-0.3363720657847997,-0.1805434206307001,0.4564128713153589,-1.2676136780735823,-1.2761757670616813
-1.481285033214008,0.3373796974161262,-0.2166945336074462,-0.7030746009502787,-0.010684955963028146,-0.6865507261215884,-0.6874206446824462,1.1341623758757702,-1.0146628166572054,0.5674118631561652,1.3541435440862895,2.263492482499379,0.49957563013382783,0.41390077802624936,-0.4367892016900826,-0.3235951095027268,0.3816780522886341,-1.2676136780735823,-1.2761757670616813
-1.481285033214008,0.3373796974161262,-0.07223151005309006,-0.7030746009502787,-0.010684955963028146,-0.6865507261215884,-0.6874206446824462,1.3290252906451274,-1.672510955323122,0.8041906553651003,1.496462329486295,2.2562771900422507,0.6326665720801997,0.41390077802624936,-0.5139863391068747,-0.33455249177588964,0.3033891632553123,-1.2676136780735823,-1.2761757670616813
-1.481285033214008,0.3373796974161262,0.07223151350126605,-0.7030746009502787,-0.010684955963028146,-0.6865507261215884,-0.6874206446824462,1.4189621305007278,-2.2705547177466827,0.9961527649532044,1.611773894178656,2.0080230551962477,0.7170408569092858,0.41390077802624936,-0.5914102752757835,-0.28860478845934934,0.2157516530183009,-1.2676136780735823,-1.2761757670616813
-1.481285033214008,0.3373796974161262,0.2166945370556222,-0.7030746009502787,-0.010684955963028146,-0.6865507261215884,-0.6874206446824462,1.523888491315817,-2.031337212777258,1.1689197752046705,1.7219068020355106,1.7664006900170428,0.9385927266106129,0.41390077802624936,-0.6476464840272402,-0.20649024160894358,0.11385331951712113,-1.2676136780735823,-1.2761757670616813
-1.481285033214008,0.3373796974161262,0.3611575606099783,-0.7030746009502787,-0.010684955963028146,-0.6865507261215884,-0.6874206446824462,1.6288145662295739,-2.2705547177466827,1.2735914267534012,1.8355812070430744,1.6317552927513121,1.467994451335534,0.41390077802624936,-0.7164376064838068,-0.17796764964092562,-0.12437090330511777,-1.2676136780735823,-1.2761757670616813
-1.481285033214008,0.3373796974161262,0.5056205841643344,-0.7030746009502787,-0.010684955963028146,-0.6865507261215884,-0.6874206446824462,1.568856768292951,-2.2107503415043266,1.2880935188361113,1.920527042826126,1.5251231337593965,2.111445412617473,0.41390077802624936,-0.7643468544628108,-0.1543675843990086,-0.3776177697670868,-1.2676136780735823,-1.2761757670616813
-1.481285033214008,0.3373796974161262,0.6500836077186906,-0.7030746009502787,-0.010684955963028146,-0.6865507261215884,-0.6874206446824462,1.4789199284373507,-2.0911415890196143,1.239817075677377,1.9789951430354602,1.4396544511957237,2.6379916952820843,0.41390077802624936,-0.7995416342479685,-0.1474793434141457,-0.5762681643614174,-1.2676136780735823,-1.2761757670616813
-1.481285033214008,0.3373796974161262,0.7945466312730467,-0.7030746009502787,-0.010684955963028146,-0.6865507261215884,-0.6874206446824462,1.3739938535235938,-1.9715328365349023,1.1554541073239215,2.024393101009811,1.3143089484008692,2.804838535645602,0.41390077802624936,-0.8257331543250311,-0.1147650783224129,-0.6412661372983108,-1.2676136780735823,-1.2761757670616813
-1.481285033214008,0.3373796974161262,0.9390096548274028,-0.6841756751795737,-0.010684955963028146,-0.6865507261215884,-0.6874206446824462,1.1641411318934154,-1.55290220283841,0.9435436109034955,1.9565208995256282,1.0951290023565527,2.4876590587293177,0.41390077802624936,-0.7951599112793387,-0.048344799318854784,-0.556354935232484,-1.2676136780735823,-1.2761757670616813
-1.481285033214008,0.3373796974161262,1.083472678381759,-0.6883548155253734,-0.010684955963028146,-0.6865507261215884,-0.6874206446824462,0.9542886961645695,-1.0744671928995615,0.6610235279844088,1.7388447601174075,0.7945857549708675,1.7775800310426964,0.41390077802624936,-0.6758160459306806,0.07288234313699232,-0.3136325004420749,-1.2676136780735823,-1.2761757670616813
-1.481285033214008,0.3373796974161262,1.227935701936115,0.014458868445856097,-0.010684955963028146,-0.6865507261215884,-0.6874206446824462,0.7294467394762346,-0.536227806718357,0.47188493871432896,1.5253724961089081,0.5057742995941646,1.3122308600063335,0.41390077802624936,-0.551691571391551,0.2019988008295167,-0.13278892019793204,-0.7649191925855405,-0.7636567063433973
-1.481285033214008,0.3373796974161262,1.3723987254904713,-0.7030746009502787,-0.010684955963028146,0.6325572225706172,-0.6874206446824462,0.7144572185167458,-0.536227806718357,0.40298986594282454,1.3446642990605024,0.1966978602675105,0.9206861998117776,0.41390077802624936,-0.4399395592766041,0.34366859084266965,0.028755647230391587,-0.49766242101973773,-0.48056925490111807
-1.481285033214008,0.3373796974161262,1.5168617490448273,1.3903447174320083,-0.010684955963028146,-0.6865507261215884,-0.6874206446824462,0.6844784624991007,-0.47642343047600094,0.28375269445801465,1.2030433764585637,0.16663566128674293,0.5810790116888266,0.41390077802624936,-0.335179022402252,0.37075615067804996,0.18588082675347928,0.22522821871991613,0.2189337451736242
-1.481285033214008,0.3373796974161262,1.6613247725991833,-0.7030746009502787,-0.010684955963028146,0.8274367330468756,0.9765797912753047,0.6694889415396119,-0.47642343047600094,0.2925985913691384,1.0776437632027203,0.16083441695504389,0.21227779696123958,0.41390077802624936,-0.24645443470253217,0.3777996709446068,0.3568262008454406,0.634252713859153,0.6481864180600587
-1.481285033214008,0.44762462931676716,-1.6613247691510074,1.1250755260741223,-0.010684955963028146,-0.6865507261215884,-0.6874206446824462,0.5945416226435003,-0.23720592550657674,0.2664767781073427,0.9820407345203745,0.2402399330254493,0.1494898078100769,0.41390077802624936,-0.16653089188303707,0.35499855664369584,0.3997464489861772,0.009455085224997148,-0.014293908159592838
-1.481285033214008,0.44762462931676716,-1.5168617455966513,-0.7030746009502787,-0.010684955963028146,-0.6865507261215884,-0.6509327489240121,0.5345838247068775,0.06181595570520356,0.27185833721279423,0.8985414159428874,0.21068002781022102,0.13820556299665043,0.41390077802624936,-0.09106595705015817,0.3921090037455085,0.42903777646144864,-1.2676136780735823,-1.2761757670616813
-1.481285033214008,0.44762462931676716,-1.372398722042295,-0.6870435117118455,-0.010684955963028146,-0.6865507261215884,-0.6874206446824462,0.4596365058107659,0.36083783691698385,0.21800808970231406,0.8291419872984284,0.09521877114417224,0.048799873705069524,0.41390077802624936,-0.00866377622134577,0.48820974634412895,0.5149210691870635,-1.2676136780735823,-1.2761757670616813
-1.481285033214008,0.44762462931676716,-1.227935698487939,-0.6875421482516544,-0.010684955963028146,-0.6865507261215884,-0.6546756973594997,0.3996787078741431,0.48044658940169593,0.13044364949220122,0.7624727816047319,-0.04787195809693806,-0.12200096864506639,0.41390077802624936,0.07041812872100657,0.5945511141963615,0.6379855195543428,-1.2474767560564628,-1.2604614346888927
-1.481285033214008,0.44762462931676716,-1.083472674933583,-0.606007878586718,-0.010684955963028146,-0.6865507261215884,-0.5873028150955185,0.33972062403618786,0.5402509656440521,0.034571468281509754,0.6996219916994617,-0.19484758977877895,-0.2587057658749478,0.41390077802624936,0.14467893330354034,0.6955917331614956,0.7368149549820003,-1.1486242193150813,-1.158802841596095
-1.481285033214008,0.44762462931676716,-0.9390096513792268,-0.26466035092863394,-0.010684955963028146,-0.6865507261215884,-0.2892702448063999,0.2797628260995651,0.6000553418864081,-0.049457359524814934,0.6401394508524588,-0.3333687719416414,-0.35623266114027907,0.41390077802624936,0.20634216384183085,0.7791716740152613,0.8011596270981198,-0.7176465686480636,-0.7207583946670489
-1.481285033214008,0.44762462931676716,-0.7945466278248707,-0.7030746009502787,-0.010684955963028146,-0.6865507261215884,0.14636581239778507,0.6694889415396119,0.12162033194755961,-0.042170349236704104,0.6515251206705726,-0.3824037502841165,-0.3139185740231404,0.41390077802624936,0.22380542673594747,0.8328701123156822,0.8066947794399049,-0.7649922130948328,-0.7731438742926033
-1.481285033214008,0.44762462931676716,-0.6500836042705146,-0.3772394424020635,-0.010684955963028146,-0.6865507261215884,-0.6874206446824462,1.0592150569796586,-0.35681467799128885,0.10134072712205147,0.8601206943982629,0.05109731993390345,-0.04791734220716739,0.41390077802624936,0.13604563755346777,0.6838811596239153,0.7406511321612044,-1.0446750981714468,-1.0736884746149573
-1.481285033214008,0.44762462931676716,-0.5056205807161585,-0.7030746009502787,-0.010684955963028146,-0.6865507261215884,-0.6874206446824462,1.4489411724197054,-0.7754453116877812,0.2330816863607429,1.0836246491570412,0.8901972903545148,0.09661978042324983,0.41390077802624936,0.04127581467777585,0.3635426039354484,0.7490715508952714,-1.2676136780735823,-1.2761757670616813
-1.481285033214008,0.44762462931676716,-0.3611575571618023,-0.7030746009502787,-0.010684955963028146,-0.6865507261215884,-0.6874206446824462,1.8836355648368863,-1.1940759453842735,0.38886245592176977,1.2622684803810553,1.605065756034537,0.30722022828141743,0.41390077802624936,-0.029521548812392114,0.12001719559877347,0.7139627455564032,-1.2676136780735823,-1.2761757670616813
-1.481285033214008,0.44762462931676716,-0.2166945336074462,-0.7030746009502787,-0.010684955963028146,-0.6865507261215884,-0.6874206446824462,2.318329957254067,-2.1509459652619705,0.6203054617029424,1.479918876096825,2.078474314584935,0.5211537883308156,0.41390077802624936,-0.16541738472599254,-0.07562819322039373,0.5962493791512591,-1.2676136780735823,-1.2761757670616813
-1.481285033214008,0.44762462931676716,-0.07223151005309006,-0.7030746009502787,-0.010684955963028146,-0.6865507261215884,-0.6874206446824462,1.8836355648368863,-0.7754453116877812,0.8426285884022521,1.6026968073754837,2.071322016065399,0.645291060003723,0.41390077802624936,-0.1596056968303616,0.03512410383626948,0.6657326814532393,-1.2676136780735823,-1.2761757670616813
-1.481285033214008,0.44762462931676716,0.07223151350126605,-0.7030746009502787,-0.010684955963028146,-0.6865507261215884,-0.6874206446824462,2.0185406816696205,-1.4332934503536978,1.0196282635491725,1.709737689036317,1.8543261361468188,0.7372974882023287,0.41390077802624936,-0.1722003786482229,0.18560317376898455,0.6926697678023125,-1.2676136780735823,-1.2761757670616813
-1.481285033214008,0.44762462931676716,0.2166945370556222,-0.7030746009502787,-0.010684955963028146,-0.6865507261215884,-0.6874206446824462,2.0185406816696205,-1.612706579080766,1.1909390487547284,1.8101979262862653,1.6490496152232224,0.9583472753299279,0.41390077802624936,-0.19175448019761257,0.30992288962840026,0.6229888594699845,-1.2676136780735823,-1.2761757670616813
-1.481285033214008,0.44762462931676716,0.3611575606099783,-0.7030746009502787,-0.010684955963028146,-0.6865507261215884,-0.6874206446824462,2.1684353194618438,-2.031337212777258,1.3041074170733542,1.9246328138843447,1.5627097928120548,1.4886254067516156,0.41390077802624936,-0.2389160876568867,0.35010183750770885,0.37262027222574373,-1.2676136780735823,-1.2761757670616813
-1.481285033214008,0.44762462931676716,0.5056205841643344,-0.7030746009502787,-0.010684955963028146,-0.6865507261215884,-0.6874206446824462,1.988561639750643,-1.1940759453842735,1.3411872093739297,2.030771970533917,1.5195050691672753,2.1093760512155444,0.41390077802624936,-0.2528067279127196,0.44040519776241654,0.1679772837055633,-1.2676136780735823,-1.2761757670616813
-1.481285033214008,0.44762462931676716,0.6500836077186906,-0.7030746009502787,-0.010684955963028146,-0.6865507261215884,-0.6874206446824462,1.8086882459407747,-0.9548584404148494,1.2880778253466179,2.0772727326308362,1.4453927015898302,2.559683088742411,0.41390077802624936,-0.2552487310545324,0.50411307735795,0.009249639368417982,-1.2676136780735823,-1.2761757670616813
-1.481285033214008,0.44762462931676716,0.7945466312730467,-0.7030746009502787,-0.010684955963028146,-0.6865507261215884,-0.6874206446824462,1.6288145662295739,-0.7754453116877812,1.2076938104751398,2.0867345832698323,1.3408418291412632,2.573733263325855,0.41390077802624936,-0.24481815762695308,0.5698157318599366,0.017915045910275332,-1.2676136780735823,-1.2761757670616813
-1.481285033214008,0.44762462931676716,0.9390096548274028,-0.7030746009502787,-0.010684955963028146,-0.6865507261215884,-0.6874206446824462,1.5088989703563283,-0.47642343047600094,1.038094269519762,1.9955003287739894,1.1254191399272928,2.2305415148507626,0.41390077802624936,-0.14868657816310063,0.7208831714731483,0.19995845503481702,-1.2676136780735823,-1.2761757670616813
-1.481285033214008,0.44762462931676716,1.083472678381759,-0.6883280215432184,-0.010684955963028146,-0.6865507261215884,-0.6874206446824462,1.3889830885817502,-0.1175971730218646,0.7433398037497642,1.803140675677299,0.8647717767275869,1.6499940949492726,0.41390077802624936,5.5081225859008874e-05,0.8882228388294566,0.491556394177791,-1.2676136780735823,-1.2761757670616813
-1.481285033214008,0.44762462931676716,1.227935701936115,-0.6883056437669823,-0.010684955963028146,-0.6865507261215884,-0.6874206446824462,1.2690674927085046,0.18142470818991568,0.5575216952983335,1.609160561507131,0.598066220240213,1.2516635894025019,0.41390077802624936,0.14985119814989872,1.0586670074671172,0.711612871414301,-1.2676136780735823,-1.2761757670616813
-1.481285033214008,0.44762462931676716,1.3723987254904713,-0.6882506504553688,-0.010684955963028146,-0.6865507261215884,-0.6874206446824462,1.239088450789527,0.3010334606746278,0.4324125431614027,1.4502322240478482,0.377749067848834,0.9001333642126781,0.41390077802624936,0.2849533589405234,1.213993133190138,0.924954455555469,-1.2676136780735823,-1.2761757670616813
-1.481285033214008,0.44762462931676716,1.5168617490448273,-0.37317231131579903,-0.010684955963028146,-0.6865507261215884,-0.6874206446824462,1.2091096947718818,0.4206422131593399,0.3183431069876965,1.3240693450996026,0.20070626398062616,0.6185008452674696,0.41390077802624936,0.4159996542682163,1.368841276319788,1.12988653842281,-1.0417053203567614,-1.0466564548253996
-1.481285033214008,0.44762462931676716,1.6613247725991833,-0.24038320581937628,-0.010684955963028146,-0.2081387632548307,-0.6874206446824462,1.1791306528529042,0.48044658940169593,0.25028044305473884,1.215465751729439,0.0049053574590848395,0.39393485262758826,0.41390077802624936,0.5338299211436623,1.5339820936242883,1.304988626326628,-0.6463183826792661,-0.6484652129246399
-1.481285033214008,0.557869561217408,-1.6613247691510074,-0.7030746009502787,-0.010684955963028146,0.1726135243098313,-0.6874206446824462,1.0592150569796586,0.36083783691698385,0.21644527970692776,1.1188942035905536,-0.04260118902917493,0.15168611391460116,0.41390077802624936,0.6359452759728708,1.5888711509980327,1.4775661607245003,-0.7684749993060312,-0.7600771565831111
-1.481285033214008,0.557869561217408,-1.5168617455966513,-0.7030746009502787,-0.010684955963028146,-0.6865507261215884,-0.6874206446824462,0.9392991752050807,0.18142470818991568,0.16409114486148685,1.0318673033717907,-0.03616005891035321,-0.02647589368989805,0.41390077802624936,0.7086033051020828,1.577246024439485,1.5830183458830722,-1.2676136780735823,-1.2761757670616813
-1.481285033214008,0.557869561217408,-1.372398722042295,-0.7030746009502787,-0.010684955963028146,-0.6865507261215884,-0.6874206446824462,0.819383579331835,0.0020115794628475024,0.10041611903273087,0.9644410939649367,-0.06572576619878077,-0.14641585269621188,0.41390077802624936,0.7653945803000057,1.5671880041512167,1.6316482073802325,-1.2676136780735823,-1.2761757670616813
-1.481285033214008,0.557869561217408,-1.227935698487939,-0.7030746009502787,-0.010684955963028146,-0.6865507261215884,-0.6874206446824462,0.864351856308969,-0.17740154926422066,0.044402131658345556,0.908361590949784,-0.13846552903079162,-0.24902216356155812,0.41390077802624936,0.806982385483563,1.5617705789323428,1.6465680085444998,-1.2676136780735823,-1.2761757670616813
-1.481285033214008,0.557869561217408,-1.083472674933583,-0.7030746009502787,-0.010684955963028146,-0.6865507261215884,-0.6461048802719558,0.9243099401469242,-0.35681467799128885,-0.007288953255998418,0.8614357100396852,-0.21915993421904129,-0.36776021663368064,0.41390077802624936,0.8372972563058028,1.5448047993137475,1.6552307948958995,-1.2676136780735823,-1.2761757670616813
-1.481285033214008,0.557869561217408,-0.9390096513792268,-0.7030746009502787,-0.010684955963028146,-0.6865507261215884,-0.6701408251892452,0.9692782171240583,0.06181595570520356,-0.06054219427033313,0.8149850437767248,-0.298943413915001,-0.44139709536821403,0.41390077802624936,0.8947831478731202,1.5767463547955984,1.6850821880814937,-1.2676136780735823,-1.2761757670616813
-1.481285033214008,0.557869561217408,-0.7945466278248707,-0.7030746009502787,-0.010684955963028146,-0.6865507261215884,-0.6628929868687233,1.1191728549162814,-0.8950540641724933,-0.07508025059979904,0.8153948555295277,-0.3231198240688798,-0.43669200389123763,0.41390077802624936,0.8806594423746764,1.5246961323343866,1.613074113924363,-1.2676136780735823,-1.2761757670616813
-1.481285033214008,0.557869561217408,-0.6500836042705146,-0.7030746009502787,-0.010684955963028146,-0.6865507261215884,-0.6874206446824462,1.2690674927085046,-1.0146628166572054,-0.005308304102849844,0.9759353047566282,0.16492736516334933,-0.32606620556383625,0.41390077802624936,0.7377574290697064,1.1594662495600094,1.463854704059619,-1.2676136780735823,-1.2761757670616813
-1.481285033214008,0.557869561217408,-0.5056205807161585,-0.7030746009502787,-0.010684955963028146,-0.6865507261215884,-0.6874206446824462,1.6887723641661967,-1.9117284602925464,0.14645231656627958,1.186593156982295,0.8081103875984333,-0.10152137037438752,0.41390077802624936,0.5295513542493215,0.6998211417531082,1.1974953128015466,-1.2676136780735823,-1.2761757670616813
-1.481285033214008,0.557869561217408,-0.3611575571618023,-0.7030746009502787,-0.010684955963028146,-0.6865507261215884,-0.6874206446824462,1.9286038418140201,-1.9117284602925464,0.335038364227112,1.3771618840149533,1.4372175804520182,0.12147164720063819,0.41390077802624936,0.3768210736608099,0.36499411822647815,1.0247234476113987,-1.2676136780735823,-1.2761757670616813
-1.481285033214008,0.557869561217408,-0.2166945336074462,-0.7030746009502787,-0.010684955963028146,-0.6865507261215884,-0.6874206446824462,2.1684353194618438,-2.2107503415043266,0.5971222543487894,1.6165970097481477,1.8278836019748137,0.37549857581984397,0.41390077802624936,0.20383845987053675,0.18380314857616414,0.8704706518775095,-1.2676136780735823,-1.2761757670616813
-1.481285033214008,0.557869561217408,-0.07223151005309006,-0.7030746009502787,-0.010684955963028146,-0.6865507261215884,-0.6874206446824462,2.0185406816696205,-1.612706579080766,0.8536578420391477,1.7872053300500528,1.9079232017591425,0.5906495030172112,0.41390077802624936,0.10595395020036724,0.1745386574662731,0.7854009282889949,-1.2676136780735823,-1.2761757670616813
-1.481285033214008,0.557869561217408,0.07223151350126605,-0.7030746009502787,-0.010684955963028146,-0.6865507261215884,-0.6874206446824462,2.0185406816696205,-1.8519240840501903,1.0751387514689772,1.972125056028368,1.8228283384830246,0.8057719490313037,0.41390077802624936,-0.006493883378299892,0.216081287082022,0.6812865687082579,-1.2676136780735823,-1.2761757670616813
-1.481285033214008,0.557869561217408,0.2166945370556222,-0.7030746009502787,-0.010684955963028146,-0.6865507261215884,-0.6874206446824462,1.7187514060851743,-1.2538803216266297,1.1740057735913294,2.0613332123507604,1.6778635395985408,0.9796129542589878,0.41390077802624936,-0.04026014434964737,0.31268495238210636,0.6322802731820153,-1.2676136780735823,-1.2761757670616813
-1.481285033214008,0.557869561217408,0.3611575606099783,-0.7030746009502787,-0.010684955963028146,-0.6865507261215884,-0.6874206446824462,1.359004332564105,0.24122908443227173,1.0265464768341879,1.9682488908757947,1.3991037616058235,0.8918290649178763,0.41390077802624936,0.11562531420268891,0.6005235110379376,0.8512629090292984,-1.2676136780735823,-1.2761757670616813
-1.481285033214008,0.557869561217408,0.5056205841643344,-0.7030746009502787,-0.010684955963028146,-0.6865507261215884,-0.6874206446824462,1.403972609541239,0.0020115794628475024,1.0585075759783265,2.0062973725430853,1.3164946722618052,1.1811409246220308,0.41390077802624936,0.19797447088116588,0.80537093226151,0.8698396226756255,-1.2676136780735823,-1.2761757670616813
-1.481285033214008,0.557869561217408,0.6500836077186906,-0.7030746009502787,-0.010684955963028146,-0.6865507261215884,-0.6874206446824462,1.4639304074778619,-0.23720592550657674,1.022130721227977,2.0087138007561327,1.227536457102554,1.506191786847342,0.41390077802624936,0.24812712245708995,0.915250542405413,0.7643699695806692,-1.2676136780735823,-1.2761757670616813
-1.481285033214008,0.557869561217408,0.7945466312730467,-0.7030746009502787,-0.010684955963028146,-0.6865507261215884,-0.6874206446824462,1.5088989703563283,-0.47642343047600094,0.9548023818242324,1.9977636863832735,1.1117585730133435,1.6586255209776863,0.41390077802624936,0.2795661052664413,0.9975776223508747,0.7070581070020865,-1.2676136780735823,-1.2761757670616813
-1.481285033214008,0.557869561217408,0.9390096548274028,-0.7030746009502787,-0.010684955963028146,-0.6865507261215884,-0.6874206446824462,1.403972609541239,-0.47642343047600094,0.8093479283498751,1.88937926228668,0.901582615706739,1.5298759251104685,0.41390077802624936,0.3842608439906044,1.124634243985398,0.7840624476635455,-1.2676136780735823,-1.2761757670616813
-1.481285033214008,0.557869561217408,1.083472678381759,-0.7030746009502787,-0.010684955963028146,-0.6865507261215884,-0.6874206446824462,1.3140357696856386,-0.47642343047600094,0.6330596913933231,1.6754380456102873,0.6558714466572284,1.065094750243412,0.41390077802624936,0.5455964621408299,1.2488810913550803,1.0178860606121616,-1.2676136780735823,-1.2761757670616813
-1.481285033214008,0.557869561217408,1.227935701936115,-0.7030746009502787,-0.010684955963028146,-0.6865507261215884,-0.6874206446824462,1.2091096947718818,-0.47642343047600094,0.48178033773532514,1.4981370610465614,0.431709177469914,0.7096015718379405,0.41390077802624936,0.6746996633775935,1.3552465318333855,1.1954419568795684,-1.2676136780735823,-1.2761757670616813
-1.481285033214008,0.557869561217408,1.3723987254904713,-0.7030746009502787,-0.010684955963028146,-0.6865507261215884,-0.6874206446824462,1.1341623758757702,-0.23720592550657674,0.3653411846481127,1.362270201595185,0.2513434433937076,0.4461001741653905,0.41390077802624936,0.7863964821724184,1.4421352659843634,1.3304835161779696,-1.2676136780735823,-1.2761757670616813
-1.481285033214008,0.557869561217408,1.5168617490448273,-0.7030746009502787,-0.010684955963028146,-0.6865507261215884,-0.6874206446824462,1.0742045779391476,0.06181595570520356,0.24446927467440496,1.2482061623234963,0.09297502655124336,0.23278994515566093,0.41390077802624936,0.8856576916003885,1.5383377208499034,1.4600672187530863,-1.2676136780735823,-1.2761757670616813
-1.481285033214008,0.557869561217408,1.6613247725991833,-0.7030746009502787,-0.010684955963028146,-0.6865507261215884,-0.6874206446824462,0.9992572590430359,0.36083783691698385,0.13422774214630184,1.1527979507732131,-0.04339192871947938,0.06300059168582277,0.41390077802624936,0.9870470976077316,1.6404160651822237,1.5835275362286756,-1.2676136780735823,-1.2761757670616813
-1.481285033214008,0.6681144931180489,-1.6613247691510074,-0.7030746009502787,-0.010684955963028146,-0.6865507261215884,-0.6874206446824462,1.0142464941011922,0.3010334606746278,0.05972943973025133,1.0742198521067208,-0.15232833963911657,-0.06804296005714672,0.41390077802624936,1.0695276095677213,1.7219706523883087,1.680053605894854,-1.2676136780735823,-1.2761757670616813
-1.481285033214008,0.6681144931180489,-1.5168617455966513,-0.7030746009502787,-0.010684955963028146,-0.6865507261215884,-0.6874206446824462,1.0442255360201698,0.24122908443227173,0.02772387569921465,1.0097228574355217,-0.23741076990123602,-0.167474839609507,0.41390077802624936,1.1368408043431195,1.7850391977346332,1.7533315990271257,-1.2676136780735823,-1.2761757670616813
-1.481285033214008,0.6681144931180489,-1.372398722042295,-0.7030746009502787,-0.010684955963028146,-0.6865507261215884,-0.6874206446824462,1.0592150569796586,0.24122908443227173,-0.011338527440696047,0.9526581363525098,-0.31121894306951775,-0.29345280947005203,0.41390077802624936,1.1959516450993535,1.8406552050416707,1.8451290983140656,-1.2676136780735823,-1.2761757670616813
-1.481285033214008,0.6681144931180489,-1.227935698487939,-0.7030746009502787,-0.010684955963028146,-0.6865507261215884,-0.6714533348515682,1.0742045779391476,0.18142470818991568,-0.04404637512656322,0.9115224989174991,-0.36641820975244804,-0.3491253852911072,0.41390077802624936,1.2415789264630117,1.8850997788869535,1.8907872271338415,-1.2676136780735823,-1.2761757670616813
-1.481285033214008,0.6681144931180489,-1.083472674933583,-0.7030746009502787,-0.010684955963028146,-0.6865507261215884,-0.6662067248912644,1.1041833339567926,0.12162033194755961,-0.08035064748800555,0.8670993223789326,-0.4266047727839756,-0.40466694766909883,0.41390077802624936,1.2845598206872004,1.9281958519311568,1.9316036806862902,-1.2676136780735823,-1.2761757670616813
-1.481285033214008,0.6681144931180489,-0.9390096513792268,-0.7030746009502787,-0.010684955963028146,-0.6865507261215884,-0.6661828940319572,1.1191728549162814,0.12162033194755961,-0.11242748611715817,0.8296568611474509,-0.4783791585441197,-0.4525324242805186,0.41390077802624936,1.3187840175023542,1.964296983701959,1.9657591733969835,-1.2676136780735823,-1.2761757670616813
-1.481285033214008,0.6681144931180489,-0.7945466278248707,-0.7030746009502787,-0.010684955963028146,-0.6865507261215884,-0.6664893956209368,0.819383579331835,0.7196640943711202,-0.13735005522349847,0.7996063185268001,-0.5214189375365192,-0.4923841096665383,0.41390077802624936,1.3541231675877434,1.9999617720163814,1.9998478512510067,-1.2676136780735823,-1.2761757670616813
-1.481285033214008,0.6681144931180489,-0.6500836042705146,-0.5853790598692951,-0.010684955963028146,-0.6865507261215884,-0.584704849401717,1.0891938129973038,0.24122908443227173,-0.02466295391600423,0.9444354618285262,-0.007874952063770911,-0.359098681925805,0.41390077802624936,1.2404254101743504,1.6683711070382405,1.9173004976763897,-1.1274016058979572,-1.1342674395648982
-1.481285033214008,0.6681144931180489,-0.5056205807161585,-0.7030746009502787,-0.010684955963028146,-0.6865507261215884,-0.6874206446824462,1.359004332564105,-0.23720592550657674,0.09681250150780457,1.124676097759982,0.7093955719207611,-0.18740027542847004,0.41390077802624936,1.1092812611874021,1.253598892324311,1.8220124680014507,-1.2676136780735823,-1.2761757670616813
-1.481285033214008,0.6681144931180489,-0.3611575571618023,-0.7030746009502787,-0.010684955963028146,-0.6865507261215884,-0.6874206446824462,1.3889830885817502,-0.23720592550657674,0.26006141038151215,1.2759947388858064,1.408194781441525,-0.014145168828150643,0.41390077802624936,1.007912582802463,0.8938202665676127,1.7316276880695936,-1.2676136780735823,-1.2761757670616813
-1.481285033214008,0.6681144931180489,-0.2166945336074462,-0.7030746009502787,-0.010684955963028146,-0.6865507261215884,-0.6874206446824462,1.4189621305007278,-0.47642343047600094,0.49106042118910015,1.4269787120097661,1.8726698050002022,0.1564099215977295,0.41390077802624936,0.8839657391669572,0.6527277115578124,1.6093185076017318,-1.2676136780735823,-1.2761757670616813
-1.481285033214008,0.6681144931180489,-0.07223151005309006,-0.7030746009502787,-0.010684955963028146,-0.6865507261215884,-0.6874206446824462,1.613825045270085,-0.596032182960713,0.7697545621487704,1.5641529335723767,1.9330229704193098,0.3229084777772023,0.3148169983844558,0.7968615212977158,0.6457407944931021,1.5307311352054427,-1.2676136780735823,-1.2761757670616813
-1.481285033214008,0.6681144931180489,0.07223151350126605,-0.7030746009502787,-0.010684955963028146,-0.6865507261215884,-0.6874206446824462,1.568856768292951,-0.47642343047600094,1.0009170468052482,1.6481052019819094,1.7058999861651531,0.43579324081233217,0.41390077802624936,0.7675941184634665,0.7912704457570765,1.5010334598600308,-1.2676136780735823,-1.2761757670616813
-1.481285033214008,0.6681144931180489,0.2166945370556222,-0.7030746009502787,-0.010684955963028146,-0.6865507261215884,-0.6874206446824462,1.7187514060851743,-0.47642343047600094,1.1927418383602848,1.7377245616080477,1.4919841782478007,0.6548680613168562,0.41390077802624936,0.7420210527944072,0.9579653571015468,1.43076475546837,-1.2676136780735823,-1.2761757670616813
-1.481285033214008,0.6681144931180489,0.3611575606099783,-0.7030746009502787,-0.010684955963028146,-0.6865507261215884,-0.6874206446824462,1.6737831291080403,-0.596032182960713,1.293504503234363,1.8171661176348604,1.3679632058775861,1.1553581300256075,0.41390077802624936,0.7212683644285712,1.0608842915118637,1.1738559544926306,-1.2676136780735823,-1.2761757670616813
-1.481285033214008,0.6681144931180489,0.5056205841643344,-0.7030746009502787,-0.010684955963028146,-0.6865507261215884,-0.6874206446824462,1.6288145662295739,-0.536227806718357,1.2967079367772072,1.8805095165740602,1.2807116291065288,1.787542748952178,0.41390077802624936,0.6915970139763117,1.1226312279997488,0.842932013469201,-1.2676136780735823,-1.2761757670616813
-1.481285033214008,0.6681144931180489,0.6500836077186906,-0.7030746009502787,-0.010684955963028146,-0.6865507261215884,-0.6874206446824462,1.5988358102119287,-0.41661905423364487,1.2126607998998067,1.917995811660256,1.2049448417996838,2.3126006863536643,0.41390077802624936,0.7028256008664396,1.1990928282626778,0.6107230928901115,-1.2676136780735823,-1.2761757670616813
-1.481285033214008,0.6681144931180489,0.7945466312730467,-0.7030746009502787,-0.010684955963028146,-0.6865507261215884,-0.6874206446824462,1.5538672473334623,-0.2970103017489328,1.1011971368774036,1.9303715699745305,1.0975343761314622,2.500133003255532,0.41390077802624936,0.7192442879989478,1.2835847095906374,0.5410714433512273,-1.2676136780735823,-1.2761757670616813
-1.481285033214008,0.6681144931180489,0.9390096548274028,-0.7030746009502787,-0.010684955963028146,-0.6865507261215884,-0.6874206446824462,1.4639304074778619,-0.23720592550657674,0.8891565152732612,1.8651495772618703,0.9119418029702874,2.2067092744346075,0.41390077802624936,0.8003558128048223,1.4107948755428135,0.6988883531551345,-1.2676136780735823,-1.2761757670616813
-1.481285033214008,0.6681144931180489,1.083472678381759,-0.7030746009502787,-0.010684955963028146,-0.6865507261215884,-0.6874206446824462,1.3889830885817502,-0.17740154926422066,0.6404768268651502,1.683802658330488,0.6768575454190926,1.5678014687590267,0.41390077802624936,0.9548599922409199,1.5480999297691347,1.0277877603516201,-1.2676136780735823,-1.2761757670616813
-1.481285033214008,0.6681144931180489,1.227935701936115,-0.7030746009502787,-0.010684955963028146,-0.6865507261215884,-0.6874206446824462,1.2990465346274822,-0.1175971730218646,0.4747653479317669,1.5273317998370801,0.4637863535860381,1.0970425003966624,0.41390077802624936,1.0874907455881822,1.6696892459685975,1.2843485126949017,-1.2676136780735823,-1.2761757670616813
-1.481285033214008,0.6681144931180489,1.3723987254904713,-0.7030746009502787,-0.010684955963028146,-0.6865507261215884,-0.6874206446824462,1.2240992157313706,-0.057792796779508555,0.36063444559087815,1.395673686213727,0.2841002909417496,0.745747448405878,0.41390077802624936,1.1961299990595728,1.7681111535839356,1.4803902893394372,-1.2676136780735823,-1.2761757670616813
-1.481285033214008,0.6681144931180489,1.5168617490448273,-0.7030746009502787,-0.010684955963028146,-0.6865507261215884,-0.6874206446824462,1.149151896835259,0.0020115794628475024,0.25347014479427626,1.2867667347379228,0.1339426365438932,0.485348058465987,0.41390077802624936,1.2847772197035758,1.835363564715789,1.6146781071828542,-1.2676136780735823,-1.2761757670616813
-1.481285033214008,0.6681144931180489,1.6613247725991833,-0.7030746009502787,-0.010684955963028146,-0.6865507261215884,-0.6874206446824462,1.0592150569796586,0.06181595570520356,0.18445867864236232,1.189112559965147,0.002640062308558556,0.280017443261728,0.41390077802624936,1.3687612073444408,1.9033589741983177,1.7292795607211298,-1.2676136780735823,-1.2761757670616813
-1.481285033214008,0.7783594250186899,-1.6613247691510074,-0.7030746009502787,-0.010684955963028146,-0.6865507261215884,-0.6874206446824462,0.9542886961645695,0.36083783691698385,0.09744154887833244,1.10306531161047,-0.11597835104550874,0.1104714004718649,0.41390077802624936,1.4377268274593842,1.955684188460071,1.8150990954789417,-1.2676136780735823,-1.2761757670616813
-1.481285033214008,0.7783594250186899,-1.5168617455966513,-0.7030746009502787,-0.010684955963028146,-0.6865507261215884,-0.6874206446824462,0.864351856308969,0.7196640943711202,0.056649592417167875,1.022429109098831,-0.2201048432829271,-0.030665068875556045,0.41390077802624936,1.5039327815682322,2.009848464605574,1.894245878537939,-1.2676136780735823,-1.2761757670616813
-1.481285033214008,0.7783594250186899,-1.372398722042295,-0.7030746009502787,-0.010684955963028146,-0.6865507261215884,-0.6874206446824462,0.7594257813952123,1.0784903518252564,-0.00433073048648896,0.9445314788436142,-0.31878318878620376,-0.21831049676242867,0.41390077802624936,1.578616815277989,2.076926078110269,2.0235426702579433,-1.2676136780735823,-1.2761757670616813
-1.481285033214008,0.7783594250186899,-1.227935698487939,-0.6883428238815994,-0.010684955963028146,-0.6865507261215884,-0.6874206446824462,0.7294467394762346,0.9588815993405444,-0.09197886930723337,0.8761979782217261,-0.4103415616063407,-0.3509970059063002,0.41390077802624936,1.647307191848918,2.138595374957307,2.115479476337548,-1.2676136780735823,-1.2761757670616813
-1.481285033214008,0.7783594250186899,-1.083472674933583,-0.6881967391491991,-0.010684955963028146,-0.6865507261215884,-0.6874206446824462,0.6994679834585895,0.8990772230981884,-0.15981920880570094,0.8051036405283227,-0.5047470946321337,-0.4623177451056036,0.41390077802624936,1.7097860302269139,2.1910142772772896,2.1814218095852196,-1.2676136780735823,-1.2761757670616813
-1.481285033214008,0.7783594250186899,-0.9390096513792268,-0.6881955325661557,-0.010684955963028146,-0.6865507261215884,-0.6874206446824462,0.6694889415396119,0.7794684706134762,-0.21652959477635672,0.7414499257287661,-0.5883690601832297,-0.5558100773230537,0.41390077802624936,1.7625735000367797,2.2307805205852804,2.229653402132817,-1.2676136780735823,-1.2761757670616813
-1.481285033214008,0.7783594250186899,-0.7945466278248707,-0.5983695192455482,-0.010684955963028146,-0.6865507261215884,-0.6033814576283201,0.8943308982279466,0.36083783691698385,-0.20789621386878965,0.7366810806460632,-0.5999989014774244,-0.5607698719533151,0.41390077802624936,1.7648482360861706,2.2240033172990588,2.218076527294101,-1.1489330286658401,-1.156014614053243
-1.481285033214008,0.7783594250186899,-0.6500836042705146,-0.7030746009502787,-0.010684955963028146,-0.6865507261215884,-0.670220668863797,1.1041833339567926,0.06181595570520356,-0.11677915997460411,0.894729262133706,-0.01511593941649598,-0.38944172083855083,0.41390077802624936,1.6132917173709937,1.8109847174898457,2.084890936236535,-1.2676136780735823,-1.2761757670616813
-1.481285033214008,0.7783594250186899,-0.5056205807161585,-0.7030746009502787,-0.010684955963028146,-0.6865507261215884,-0.6703114882653486,1.3290252906451274,-0.2970103017489328,0.03888717789219994,1.0900424821075592,0.8117275658043962,-0.12463832621630136,0.41390077802624936,1.4404132237304703,1.3008445656142285,1.900874960395793,-1.2676136780735823,-1.2761757670616813
-1.481285033214008,0.7783594250186899,-0.3611575571618023,-0.7030746009502787,-0.010684955963028146,-0.6865507261215884,-0.6874206446824462,1.403972609541239,-0.35681467799128885,0.2773667520249843,1.269773114618294,1.5832300679827753,0.016745522551562496,0.41390077802624936,1.2838285694503015,0.8785408719971344,1.8043908137769369,-1.2676136780735823,-1.2761757670616813
-1.481285033214008,0.7783594250186899,-0.2166945336074462,-0.7030746009502787,-0.010684955963028146,-0.6865507261215884,-0.6874206446824462,1.4939094493968395,-0.41661905423364487,0.5132287828893455,1.4364878753808343,2.020234761545572,0.19011699512926128,0.41390077802624936,1.1421008000563966,0.6641654619999027,1.693542346370835,-1.2676136780735823,-1.2761757670616813
-1.481285033214008,0.7783594250186899,-0.07223151005309006,-0.7030746009502787,-0.010684955963028146,-0.6865507261215884,-0.6874206446824462,1.568856768292951,-0.47642343047600094,0.7828043525579438,1.57452346697735,2.0584090877265595,0.34753168134029966,0.34837631868222807,1.0348228211354362,0.6554459664694764,1.6037060596414459,-1.2676136780735823,-1.2761757670616813
-1.481285033214008,0.7783594250186899,0.07223151350126605,-0.7030746009502787,-0.010684955963028146,-0.6865507261215884,-0.6874206446824462,1.7187514060851743,-0.7156409354454252,1.0386402721750538,1.6753357666159545,1.8443963023000185,0.47431933055393904,0.32125427665941625,0.9602597788959905,0.7699078335168857,1.535051829270107,-1.2676136780735823,-1.2761757670616813
-1.481285033214008,0.7783594250186899,0.2166945370556222,-0.7030746009502787,-0.010684955963028146,-0.6865507261215884,-0.6874206446824462,1.6438040871890627,-0.6558365592030692,1.2255765417528905,1.7620885312988865,1.6064234411631728,0.6890576874678702,0.41390077802624936,0.8985613596033865,0.9010698138140707,1.4138304645405795,-1.2676136780735823,-1.2761757670616813
-1.481285033214008,0.7783594250186899,0.3611575606099783,-0.7030746009502787,-0.010684955963028146,-0.6865507261215884,-0.6874206446824462,1.568856768292951,-0.47642343047600094,1.329684535470649,1.8355067590676075,1.4433188748548809,1.1745869974764813,0.41390077802624936,0.8609359045630786,1.011227885686598,1.1540551752041714,-1.2676136780735823,-1.2761757670616813
-1.481285033214008,0.7783594250186899,0.5056205841643344,-0.7030746009502787,-0.010684955963028146,-0.6865507261215884,-0.6874206446824462,1.5388777263739735,-0.536227806718357,1.3146612887576783,1.8915737381242705,1.3391260732094705,1.7934017352258256,0.41390077802624936,0.8129948420938732,1.0571948904780974,0.8088835118688616,-1.2676136780735823,-1.2761757670616813
-1.481285033214008,0.7783594250186899,0.6500836077186906,-0.7030746009502787,-0.010684955963028146,-0.6865507261215884,-0.6874206446824462,1.523888491315817,-0.536227806718357,1.2232290572828333,1.9234715646221574,1.2455137664767817,2.3174058688461487,0.41390077802624936,0.7924802803668164,1.1053830829834361,0.5470928593721113,-1.2676136780735823,-1.2761757670616813
-1.481285033214008,0.7783594250186899,0.7945466312730467,-0.7030746009502787,-0.010684955963028146,-0.6865507261215884,-0.6874206446824462,1.4939094493968395,-0.536227806718357,1.1090170719128951,1.9331504972083087,1.1279869717517825,2.5155128422238566,0.41390077802624936,0.7842625011402816,1.163543415057,0.44863942127512646,-1.2676136780735823,-1.2761757670616813
-1.481285033214008,0.7783594250186899,0.9390096548274028,-0.7030746009502787,-0.010684955963028146,-0.6865507261215884,-0.6874206446824462,1.4639304074778619,-0.596032182960713,0.9003178557800599,1.8722854504991333,0.9429389646037419,2.232732124718632,0.41390077802624936,0.8243217646809868,1.246947473931082,0.5633662072569594,-1.2676136780735823,-1.2761757670616813
-1.481285033214008,0.7783594250186899,1.083472678381759,-0.7030746009502787,-0.010684955963028146,-0.6865507261215884,-0.6874206446824462,1.4489411724197054,-0.6558365592030692,0.6587447025308852,1.6976374578088167,0.7127226464667591,1.603223109523694,0.41390077802624936,0.9517084295600727,1.355684610253807,0.8567076648002946,-1.2676136780735823,-1.2761757670616813
-1.481285033214008,0.7783594250186899,1.227935701936115,-0.7030746009502787,-0.010684955963028146,-0.6865507261215884,-0.6874206446824462,1.4189621305007278,-0.7156409354454252,0.5018006530611587,1.5500050351318047,0.5081929352506724,1.141698554527073,0.41390077802624936,1.0600878646948195,1.4532238549131475,1.0843742668718435,-1.2676136780735823,-1.2761757670616813
-1.481285033214008,0.7783594250186899,1.3723987254904713,-0.7030746009502787,-0.010684955963028146,-0.6865507261215884,-0.6874206446824462,1.2540779717490158,-0.47642343047600094,0.4164731889992536,1.4173811851537983,0.33190937410397287,0.7989665737248434,0.41390077802624936,1.1637216383745432,1.5413804140372855,1.2626939486576552,-1.2676136780735823,-1.2761757670616813
-1.481285033214008,0.7783594250186899,1.5168617490448273,-0.7030746009502787,-0.010684955963028146,-0.6865507261215884,-0.6874206446824462,1.0742045779391476,-0.2970103017489328,0.27953114578428495,1.3002536464804255,0.16603058793881603,0.5193513363035754,0.41390077802624936,1.236205651883109,1.5923861881456511,1.3801003160808447,-1.2676136780735823,-1.2761757670616813
-1.481285033214008,0.7783594250186899,1.6613247725991833,-0.7030746009502787,-0.010684955963028146,-0.6865507261215884,-0.6874206446824462,0.9093204191874354,-0.1175971730218646,0.19460648128604427,1.1913014695989643,0.015547188574198983,0.2926272837195672,0.41390077802624936,1.3137202111453183,1.6509204049701094,1.4845162159134162,-1.2676136780735823,-1.2761757670616813
-1.481285033214008,0.8886043569193308,-1.6613247691510074,-0.7030746009502787,-0.010684955963028146,-0.6865507261215884,-0.6874206446824462,0.8343731002913238,0.06181595570520356,0.09559560217666904,1.0994173608125986,-0.11372631777658086,0.11169690510076952,0.41390077802624936,1.3635817119321276,1.6792701511455155,1.5457063970677303,-1.2676136780735823,-1.2761757670616813
-1.481285033214008,0.8886043569193308,-1.5168617455966513,-0.7030746009502787,-0.010684955963028146,-0.6865507261215884,-0.6874206446824462,0.7444362604357235,0.24122908443227173,0.044327587583251817,1.012945689420214,-0.2271527044848755,-0.03889938583431154,0.41390077802624936,1.413354999814288,1.7077534895520996,1.5984145850122222,-1.2676136780735823,-1.2761757670616813
-1.481285033214008,0.8886043569193308,-1.372398722042295,-0.7030746009502787,-0.010684955963028146,-0.6865507261215884,-0.6874206446824462,0.6694889415396119,0.4206422131593399,-0.01623881953501609,0.932191205078394,-0.33081171539595033,-0.2344601414272633,0.41390077802624936,1.4570348487474443,1.7340720265761858,1.685428489920313,-1.2676136780735823,-1.2761757670616813
-1.481285033214008,0.8886043569193308,-1.227935698487939,-0.7030746009502787,-0.010684955963028146,-0.6865507261215884,-0.6874206446824462,0.6694889415396119,0.5402509656440521,-0.06824769761160179,0.8637164620357605,-0.4194856289684359,-0.36731672392268927,0.41390077802624936,1.5064200962566952,1.7718491336108575,1.753522872930534,-1.2676136780735823,-1.2761757670616813
-1.481285033214008,0.8886043569193308,-1.083472674933583,-0.7030746009502787,-0.010684955963028146,-0.6865507261215884,-0.6874206446824462,0.6694889415396119,0.7196640943711202,-0.15230595071072664,0.8038902081057616,-0.5014382551733335,-0.46887085850305965,0.41390077802624936,1.5553782583368805,1.81957886186829,1.8155930013802088,-1.2676136780735823,-1.2761757670616813
-1.481285033214008,0.8886043569193308,-0.9390096513792268,-0.6116540657417868,-0.010684955963028146,-0.6865507261215884,-0.6313937616805103,0.7294467394762346,0.5402509656440521,-0.20274221036099266,0.7556931454089546,-0.5669071914190229,-0.5427608128946909,0.41390077802624936,1.5964411244321168,1.860170080577906,1.8629402796483494,-1.17652325517173,-1.1830892380886002
-1.481285033214008,0.8886043569193308,-0.7945466278248707,-0.7030746009502787,-0.010684955963028146,-0.6865507261215884,-0.5979916500576596,0.9692782171240583,0.36083783691698385,-0.1905758326312197,0.7539175264052986,-0.5768502871474215,-0.5344849947831637,0.41390077802624936,1.5968388055596328,1.8752373757943388,1.8656740116924972,-1.222669838260856,-1.230424125408031
-1.481285033214008,0.8886043569193308,-0.6500836042705146,-0.7030746009502787,-0.010684955963028146,-0.6865507261215884,-0.6044428411533689,1.1191728549162814,0.06181595570520356,-0.10366594171206152,0.90831358244224,-0.005627063132842524,-0.360715599387713,0.41390077802624936,1.4572821341030995,1.5196452182692315,1.7620284478544748,-1.226695293237746,-1.2349934899337205
-1.481285033214008,0.8886043569193308,-0.5056205807161585,-0.7030746009502787,-0.010684955963028146,-0.6865507261215884,-0.6703038186574258,1.2690674927085046,-0.2970103017489328,0.042205697024662474,1.0933154099262103,0.7766192208754384,-0.10300320565276422,0.41390077802624936,1.2909926141983517,1.0741450554203213,1.6043855623667964,-1.2676136780735823,-1.2761757670616813
-1.481285033214008,0.8886043569193308,-0.3611575571618023,-0.7030746009502787,-0.010684955963028146,-0.6865507261215884,-0.6874206446824462,1.3440148116046162,-0.35681467799128885,0.26501532189826804,1.260497731805701,1.4936941321063941,0.029998224003315827,0.41390077802624936,1.1530194366859272,0.7249902650998511,1.548512621047873,-1.2676136780735823,-1.2761757670616813
-1.481285033214008,0.8886043569193308,-0.2166945336074462,-0.7030746009502787,-0.010684955963028146,-0.6865507261215884,-0.6874206446824462,1.4189621305007278,-0.23720592550657674,0.4860051558860326,1.4138403837785611,1.8885716299042807,0.188195735880361,0.41390077802624936,1.04887181078568,0.5794593126128458,1.504560672914437,-1.2676136780735823,-1.2761757670616813
-1.481285033214008,0.8886043569193308,-0.07223151005309006,-0.7030746009502787,-0.010684955963028146,-0.6865507261215884,-0.6874206446824462,1.4789199284373507,-0.41661905423364487,0.7361247219551649,1.5369550703854993,1.8996204350109458,0.3262879736097659,0.2678684187513913,0.9575936282095777,0.592767354291428,1.4416394192644357,-1.2676136780735823,-1.2761757670616813
-1.481285033214008,0.8886043569193308,0.07223151350126605,-0.7030746009502787,-0.010684955963028146,-0.6865507261215884,-0.6874206446824462,1.568856768292951,-0.47642343047600094,0.971555181858457,1.6235234545684436,1.614897783504549,0.4376070853128822,0.3939636142517201,0.9185138653368875,0.789967921503091,1.443155199444186,-1.2676136780735823,-1.2761757670616813
-1.481285033214008,0.8886043569193308,0.2166945370556222,-0.7030746009502787,-0.010684955963028146,-0.6865507261215884,-0.6874206446824462,1.568856768292951,-0.7754453116877812,1.1231157105365452,1.6929291451921473,1.3989296994098444,0.6185464151607091,0.41390077802624936,0.8623516493770351,0.8983324742979526,1.331083103094362,-1.2676136780735823,-1.2761757670616813
-1.481285033214008,0.8886043569193308,0.3611575606099783,-0.7030746009502787,-0.010684955963028146,-0.6865507261215884,-0.6874206446824462,1.4489411724197054,-0.536227806718357,1.2129727080034884,1.7483546192639472,1.2538820137653706,1.0718610656413814,0.41390077802624936,0.8226249918702523,0.978844781856243,1.0733013419978155,-1.2676136780735823,-1.2761757670616813
-1.481285033214008,0.8886043569193308,0.5056205841643344,-0.7030746009502787,-0.010684955963028146,-0.6865507261215884,-0.6874206446824462,1.4189621305007278,-0.7754453116877812,1.1941679842179993,1.7959136558532494,1.1579861767949577,1.6604824941271952,0.41390077802624936,0.7527005987096981,0.9681699818513025,0.7009816669815919,-1.2676136780735823,-1.2761757670616813
-1.481285033214008,0.8886043569193308,0.6500836077186906,-0.7030746009502787,-0.010684955963028146,-0.6865507261215884,-0.6874206446824462,1.3290252906451274,-0.47642343047600094,1.0969474707016649,1.814449810193531,1.0600496677935913,2.1578428876681066,0.41390077802624936,0.7376547550331478,1.0209658051092512,0.4612897008046595,-1.2676136780735823,-1.2761757670616813
-1.481285033214008,0.8886043569193308,0.7945466312730467,-0.7030746009502787,-0.010684955963028146,-0.6865507261215884,-0.6874206446824462,1.2540779717490158,-0.41661905423364487,0.9787356071970917,1.8096948806202608,0.937285258704825,2.3219473969563196,0.41390077802624936,0.7291978850923732,1.066792711554418,0.36854129073079744,-1.2676136780735823,-1.2761757670616813
-1.481285033214008,0.8886043569193308,0.9390096548274028,-0.7030746009502787,-0.010684955963028146,-0.6865507261215884,-0.6874206446824462,1.1641411318934154,-0.35681467799128885,0.7629357409638798,1.7360602666798561,0.7434694900850439,2.0174607628034176,0.41390077802624936,0.7606252989961968,1.132122348787531,0.47320370681559293,-1.2676136780735823,-1.2761757670616813
-1.481285033214008,0.8886043569193308,1.083472678381759,-0.7030746009502787,-0.010684955963028146,-0.6865507261215884,-0.6874206446824462,1.0891938129973038,-0.2970103017489328,0.5148648291690344,1.5516213215524521,0.5046627881426989,1.3797442843368115,0.41390077802624936,0.8822034092248988,1.229674171936171,0.7523673137925853,-1.2676136780735823,-1.2761757670616813
-1.481285033214008,0.8886043569193308,1.227935701936115,-0.7030746009502787,-0.010684955963028146,-0.6865507261215884,-0.6874206446824462,0.9992572590430359,-0.23720592550657674,0.350015184366998,1.3933588412195406,0.28973078854786927,0.9117846094163011,0.41390077802624936,0.9935864214572839,1.3239941908169301,0.9719462613181885,-1.2676136780735823,-1.2761757670616813
-1.481285033214008,0.8886043569193308,1.3723987254904713,-0.7030746009502787,-0.010684955963028146,-0.6865507261215884,-0.6874206446824462,0.9692782171240583,-0.17740154926422066,0.24337007651447007,1.2667367504600044,0.11639550945401345,0.569785815646371,0.41390077802624936,1.0806978698924803,1.4009528582776838,1.1389218285176057,-1.2676136780735823,-1.2761757670616813
-1.481285033214008,0.8886043569193308,1.5168617490448273,-0.7030746009502787,-0.010684955963028146,-0.6865507261215884,-0.6874206446824462,0.9392991752050807,-0.1175971730218646,0.16862656332508488,1.1636631805385311,-0.023478384631885542,0.32146244741494234,0.41390077802624936,1.150875814899184,1.4621341964881138,1.2612607044773207,-1.2676136780735823,-1.2761757670616813
-1.481285033214008,0.8886043569193308,1.6613247725991833,-0.7030746009502787,-0.010684955963028146,-0.6865507261215884,-0.6874206446824462,0.9093204191874354,-0.1175971730218646,0.08086072333313984,1.0796072415837223,-0.140754861341715,0.13302524263303372,0.41390077802624936,1.1913038373035858,1.490319121079599,1.3320237514686581,-1.2676136780735823,-1.2761757670616813
-1.481285033214008,0.9988492888199717,-1.6613247691510074,-0.7030746009502787,-0.010684955963028146,-0.6865507261215884,-0.6874206446824462,0.8943308982279466,-0.17740154926422066,0.011464112793241579,1.0003166688342582,-0.2862799747237311,-0.08438220802778132,0.41390077802624936,1.2210744875282917,1.5299257476957928,1.4159183196369167,-1.2676136780735823,-1.2761757670616813
-1.481285033214008,0.9988492888199717,-1.5168617455966513,-0.7030746009502787,-0.010684955963028146,-0.6865507261215884,-0.6874206446824462,0.8943308982279466,-0.23720592550657674,-0.02363110698181194,0.9337469590330079,-0.35223048304496235,-0.22932457720879248,0.41390077802624936,1.2387291194013463,1.519371961432731,1.4554971698965355,-1.2676136780735823,-1.2761757670616813
-1.481285033214008,0.9988492888199717,-1.372398722042295,-0.7030746009502787,-0.010684955963028146,-0.6865507261215884,-0.6874206446824462,0.8793413772684578,-0.2970103017489328,-0.06710861183253782,0.87419066598601,-0.42124448601542336,-0.34055905911017836,0.41390077802624936,1.2535623844388244,1.5128467616735044,1.4763966823835692,-1.2676136780735823,-1.2761757670616813
-1.481285033214008,0.9988492888199717,-1.227935698487939,-0.7030746009502787,-0.010684955963028146,-0.6865507261215884,-0.6874206446824462,0.8793413772684578,-0.17740154926422066,-0.10940452770348835,0.8233392198648505,-0.4836946864622775,-0.4287612149713808,0.41390077802624936,1.2664636422531708,1.5161236750064582,1.496758619128375,-1.2676136780735823,-1.2761757670616813
-1.481285033214008,0.9988492888199717,-1.083472674933583,-0.7030746009502787,-0.010684955963028146,-0.6865507261215884,-0.6722045298847025,0.8793413772684578,-0.057792796779508555,-0.14294216864632006,0.7869522500238648,-0.531542726401696,-0.4735531650334163,0.41390077802624936,1.2803959787726764,1.5317491949031703,1.5110425874082527,-1.2676136780735823,-1.2761757670616813
-1.481285033214008,0.9988492888199717,-0.9390096513792268,-0.7030746009502787,-0.010684955963028146,-0.6865507261215884,-0.5878819660982143,0.8793413772684578,0.0020115794628475024,-0.1802442853813856,0.7459112380529989,-0.585792110815141,-0.5238704646507389,0.41390077802624936,1.2981653356255476,1.5586407038018868,1.536102088945215,-1.2144967284847759,-1.223015444702149
-1.481285033214008,0.9988492888199717,-0.7945466278248707,-0.7030746009502787,-0.010684955963028146,-0.6865507261215884,-0.6015557542840243,0.9692782171240583,0.0020115794628475024,-0.19221711007407308,0.7371980418215006,-0.6012397162744745,-0.5340146483850848,0.41390077802624936,1.2981079731356393,1.5818137510191457,1.55610811648619,-1.2247306146486558,-1.233257685122044
-1.481285033214008,0.9988492888199717,-0.6500836042705146,-0.7030746009502787,-0.010684955963028146,-0.6865507261215884,-0.6010049022224727,1.0592150569796586,0.0020115794628475024,-0.11813010786182924,0.882884380504302,-0.09197848969040866,-0.37556243335475464,0.41390077802624936,1.1820978807298903,1.3164080605464652,1.5026501173724005,-1.2245483245641702,-1.2329328509335886
-1.481285033214008,0.9988492888199717,-0.5056205807161585,-0.7030746009502787,-0.010684955963028146,-0.6865507261215884,-0.6700721582563476,1.149151896835259,0.0020115794628475024,0.014685855407161361,1.0496255807347652,0.23224218955401565,-0.16560484649050117,0.41390077802624936,1.0647641127166763,1.179227056249095,1.4245789224962684,-1.2676136780735823,-1.2761757670616813
-1.481285033214008,0.9988492888199717,-0.3611575571618023,-0.7030746009502787,-0.010684955963028146,-0.6865507261215884,-0.6874206446824462,1.2091096947718818,-0.057792796779508555,0.2459640795486531,1.243406007344569,0.6478679011125955,0.015188822448578086,0.4086780585864524,0.9351316340520187,1.022552429724995,1.3932737603050884,-1.2676136780735823,-1.2761757670616813
-1.481285033214008,0.9988492888199717,-0.2166945336074462,-0.7030746009502787,-0.010684955963028146,-0.6865507261215884,-0.6874206446824462,1.2690674927085046,0.06181595570520356,0.44775946809517525,1.434426988433801,0.9397005788909333,0.22117531861624823,0.41390077802624936,0.8376597486790052,0.9742558019670768,1.3869101910802764,-1.2676136780735823,-1.2761757670616813
-1.481285033214008,0.9988492888199717,-0.07223151005309006,-0.7030746009502787,-0.010684955963028146,-0.6865507261215884,-0.6874206446824462,1.3440148116046162,-0.1175971730218646,0.7147894229888618,1.572032590788836,1.1908358575141884,0.37807327478787467,0.27653219414316155,0.7828491665149766,0.9262823112618455,1.3859088416270446,-1.2676136780735823,-1.2761757670616813
-1.481285033214008,0.9988492888199717,0.07223151350126605,-0.7030746009502787,-0.010684955963028146,-0.6865507261215884,-0.6874206446824462,1.4189621305007278,-0.23720592550657674,0.9390140774984574,1.6507060106949447,1.099388552952438,0.47944675729147423,0.41390077802624936,0.7626705850859544,1.0352224383773994,1.3908195152430898,-1.2676136780735823,-1.2761757670616813
-1.481285033214008,0.9988492888199717,0.2166945370556222,-0.7030746009502787,-0.010684955963028146,-0.6865507261215884,-0.6874206446824462,1.359004332564105,-0.17740154926422066,1.0994754303008965,1.7015915498142151,0.9850570428250528,0.643176128708555,0.41390077802624936,0.7685201129434156,1.1518831554766167,1.3496288111536068,-1.2676136780735823,-1.2761757670616813
-1.481285033214008,0.9988492888199717,0.3611575606099783,-0.7030746009502787,-0.010684955963028146,-0.6865507261215884,-0.6874206446824462,1.3140357696856386,-0.057792796779508555,1.1764140703331736,1.765352414036406,0.9346577484131425,1.073604927805885,0.41390077802624936,0.7638347062046827,1.2272304750840384,1.1458050688498516,-1.2676136780735823,-1.2761757670616813
-1.481285033214008,0.9988492888199717,0.5056205841643344,-0.7030746009502787,-0.010684955963028146,-0.6865507261215884,-0.6874206446824462,1.2540779717490158,0.12162033194755961,1.1328698681521008,1.7912874447422351,0.8816160240927516,1.5254930778785427,0.41390077802624936,0.7833933871125105,1.3008918433843533,0.9377222069571866,-1.2676136780735823,-1.2761757670616813
-1.481285033214008,0.9988492888199717,0.6500836077186906,-0.7030746009502787,-0.010684955963028146,-0.6865507261215884,-0.6874206446824462,1.239088450789527,0.18142470818991568,1.0342297477320075,1.8047743564847378,0.8319933786219476,1.8878030240637844,0.41390077802624936,0.7944783267590023,1.3533376376469752,0.7697330627490686,-1.2676136780735823,-1.2761757670616813
-1.481285033214008,0.9988492888199717,0.7945466312730467,-0.7030746009502787,-0.010684955963028146,-0.6865507261215884,-0.6874206446824462,1.2540779717490158,0.18142470818991568,0.887672172725342,1.7774352508771152,0.7336747616570274,1.881826858064664,0.41390077802624936,0.8440578354735732,1.4405282555411345,0.7977944291536783,-1.2676136780735823,-1.2761757670616813
-1.481285033214008,0.9988492888199717,0.9390096548274028,-0.7030746009502787,-0.010684955963028146,-0.6865507261215884,-0.6874206446824462,1.194120173812393,0.36083783691698385,0.6711255579504016,1.6670873483995197,0.5486076905541891,1.5294714923079682,0.41390077802624936,0.9691871176615596,1.5932779596628652,1.0188197218119042,-1.2676136780735823,-1.2761757670616813
-1.481285033214008,0.9988492888199717,1.083472678381759,-0.7030746009502787,-0.010684955963028146,-0.6865507261215884,-0.6874206446824462,1.1341623758757702,0.4206422131593399,0.43954458024076604,1.4826532737004174,0.32688560758097984,1.003433802201833,0.41390077802624936,1.1405756326776568,1.7444700998165434,1.3281904128291164,-1.2676136780735823,-1.2761757670616813
-1.481285033214008,0.9988492888199717,1.227935701936115,-0.7030746009502787,-0.010684955963028146,-0.6865507261215884,-0.6874206446824462,1.0891938129973038,0.5402509656440521,0.2850284443747505,1.3354529275913012,0.14148201623258225,0.6304621284947398,0.41390077802624936,1.3007750878975126,1.890717158711584,1.5798492255245449,-1.2676136780735823,-1.2761757670616813
-1.481285033214008,0.9988492888199717,1.3723987254904713,-0.7030746009502787,-0.010684955963028146,-0.6865507261215884,-0.6874206446824462,1.0742045779391476,0.6000553418864081,0.19891434415198778,1.2208141777800279,-0.0037156944474734757,0.3602058078975303,0.41390077802624936,1.4238798116181455,2.0064639835020612,1.7717065580082139,-1.2676136780735823,-1.2761757670616813
-1.481285033214008,0.9988492888199717,1.5168617490448273,-0.7030746009502787,-0.010684955963028146,-0.6865507261215884,-0.6874206446824462,1.0891938129973038,0.6000553418864081,0.14072680848276392,1.1322850983179684,-0.11379842925777214,0.16855022940558337,0.41390077802624936,1.5229226579542794,2.0992724149618613,1.9169969922817118,-1.2676136780735823,-1.2761757670616813
-1.481285033214008,0.9988492888199717,1.6613247725991833,-0.7030746009502787,-0.010684955963028146,-0.6865507261215884,-0.6874206446824462,1.0742045779391476,0.6598597181287641,0.06172512847749776,1.0598207787208822,-0.20481389379997472,-0.03549547755894102,0.41390077802624936,1.6163434982416645,2.185525284791713,2.081144063882096,-1.2676136780735823,-1.2761757670616813
-1.481285033214008,1.1090942207206127,-1.6613247691510074,-0.05221627224963676,-0.010684955963028146,-0.04041030668768818,-0.11547521003041859,1.1041833339567926,0.6000553418864081,0.018412405266452783,0.9999242514682464,-0.2854552514618308,-0.14366619788806534,0.41390077802624936,1.7022194839740445,2.2670616548753646,2.1821585198022286,-0.01342868860890093,-0.0022337789183428437
-1.481285033214008,1.1090942207206127,-1.5168617455966513,-0.7030746009502787,-0.010684955963028146,-0.6865507261215884,-0.6874206446824462,1.1191728549162814,0.7196640943711202,0.009304296301709805,0.944795873522842,-0.2865004535053045,-0.16809898439726917,0.41390077802624936,1.7886883761147212,2.3053939504032432,2.2371916900794755,-1.2676136780735823,-1.2761757670616813
-1.481285033214008,1.1090942207206127,-1.372398722042295,-0.7030746009502787,-0.010684955963028146,-0.6865507261215884,-0.5391002918836343,1.0592150569796586,0.7794684706134762,-0.009302297178924947,0.9059792557348475,-0.3059572915453535,-0.20407641510983937,0.41390077802624936,1.8487647384447905,2.3384081474036114,2.282367267156634,-1.2676136780735823,-1.2761757670616813
-1.481285033214008,1.1090942207206127,-1.227935698487939,-0.7030746009502787,-0.010684955963028146,-0.6865507261215884,-0.6546856631104293,1.1191728549162814,0.7196640943711202,-0.0345949710791517,0.8692604009938838,-0.3367265145888357,-0.2427782744396557,0.41390077802624936,1.9249107925906148,2.3980891754593507,2.3479292360895365,-1.2676136780735823,-1.2761757670616813
-1.481285033214008,1.1090942207206127,-1.083472674933583,-0.7030746009502787,-0.010684955963028146,-0.6865507261215884,-0.656484518741332,1.1191728549162814,0.7196640943711202,-0.06473693323284488,0.8365025960130351,-0.37871860493496173,-0.28815368188477525,0.41390077802624936,1.9976016002854888,2.464117135719076,2.4166280096986554,-1.2676136780735823,-1.2761757670616813
-1.481285033214008,1.1090942207206127,-0.9390096513792268,-0.7030746009502787,-0.010684955963028146,-0.6865507261215884,-0.6602547414335045,1.0891938129973038,0.6598597181287641,-0.09729438497773346,0.8035729344906883,-0.4289985424124864,-0.3413109623486298,0.41390077802624936,2.057274014997548,2.51409797982006,2.4691588980888466,-1.2676136780735823,-1.2761757670616813
-1.481285033214008,1.1090942207206127,-0.7945466278248707,-0.7030746009502787,-0.010684955963028146,-0.6865507261215884,-0.6621018389472689,1.1191728549162814,0.7196640943711202,-0.12125245837562405,0.7824276221317118,-0.4677605357218028,-0.3833288451597119,0.41390077802624936,2.1066023820546214,2.5594707594274233,2.5173175620020394,-1.2676136780735823,-1.2761757670616813
-1.481285033214008,1.1090942207206127,-0.6500836042705146,-0.7030746009502787,-0.010684955963028146,-0.6865507261215884,-0.66359847966756,1.1191728549162814,0.7196640943711202,-0.12255959527134673,0.7881775106294441,-0.47731903688384786,-0.39616328009137425,0.41390077802624936,2.121264523697835,2.578944863308689,2.539379128957041,-1.2676136780735823,-1.2761757670616813
-1.481285033214008,1.1090942207206127,-0.5056205807161585,-0.7030746009502787,-0.010684955963028146,-0.6865507261215884,-0.6651805859356725,1.0891938129973038,0.8392728468558323,-0.08970592891226987,0.8348508250433332,-0.4354935489253016,-0.364780271115056,0.41390077802624936,2.100756228461272,2.56794562502803,2.5360362026314895,-1.2676136780735823,-1.2761757670616813
-1.481285033214008,1.1090942207206127,-0.3611575571618023,-0.7030746009502787,-0.010684955963028146,-0.6865507261215884,-0.6669240628463389,1.1191728549162814,0.7196640943711202,-0.029336344308065258,0.9133266447154927,-0.34655273998564834,-0.2953464012837712,0.41390077802624936,2.036507829575263,2.5075645389816374,2.48974660791142,-1.2676136780735823,-1.2761757670616813
-1.481285033214008,1.1090942207206127,-0.2166945336074462,-0.7030746009502787,-0.010684955963028146,-0.6865507261215884,-0.6701623533684836,1.2690674927085046,0.4206422131593399,0.11588793798705521,1.063026216318783,-0.16976274073540995,-0.11772390866530369,0.41390077802624936,1.916215796011061,2.392742883766169,2.3719860780780384,-1.2676136780735823,-1.2761757670616813
-1.481285033214008,1.1090942207206127,-0.07223151005309006,-0.7030746009502787,-0.010684955963028146,-0.6865507261215884,-0.6874206446824462,1.4189621305007278,0.06181595570520356,0.22372182766870966,1.2066982850111518,0.002601934398963163,0.02037239780456904,0.41390077802624936,1.7912099154820371,2.267115438760644,2.269537504580752,-1.2676136780735823,-1.2761757670616813
-1.481285033214008,1.1090942207206127,0.07223151350126605,-0.7030746009502787,-0.010684955963028146,-0.6865507261215884,-0.6874206446824462,1.568856768292951,-0.47642343047600094,0.3265632260052702,1.3241535339316726,0.13219869911370394,0.1466661019254162,0.41390077802624936,1.6711164814627277,2.132135236349628,2.1347605845185735,-1.2676136780735823,-1.2761757670616813
-1.481285033214008,1.1090942207206127,0.2166945370556222,-0.7030746009502787,-0.010684955963028146,-0.6865507261215884,-0.6874206446824462,1.4189621305007278,0.06181595570520356,0.3859271194911049,1.3875498118067178,0.1934172023071069,0.21542130584667019,0.41390077802624936,1.6132849688427693,2.083802174346843,2.0801047216672286,-1.2676136780735823,-1.2761757670616813
-1.481285033214008,1.1090942207206127,0.3611575606099783,-0.7030746009502787,-0.010684955963028146,-0.6865507261215884,-0.6874206446824462,1.3889830885817502,0.12162033194755961,0.42304679941080947,1.4268499935475105,0.23663270123068514,0.27218267661691153,0.41390077802624936,1.5867555403167506,2.0572940925012477,2.0434312259267338,-1.2676136780735823,-1.2761757670616813
-1.481285033214008,1.1090942207206127,0.5056205841643344,-0.7030746009502787,-0.010684955963028146,-0.6865507261215884,-0.6874206446824462,1.2690674927085046,0.4206422131593399,0.4996114112768268,1.4964094505504495,0.29969046162826585,0.45913560487616273,0.41390077802624936,1.5359188772014993,2.0281098286219894,1.927669464714129,-1.2676136780735823,-1.2761757670616813
-1.481285033214008,1.1090942207206127,0.6500836077186906,-0.7030746009502787,-0.010684955963028146,-0.6865507261215884,-0.6874206446824462,1.2690674927085046,0.7196640943711202,0.5303856902780256,1.5272030813748245,0.33457252570245105,0.6511850374453938,0.41390077802624936,1.5439173292607373,2.060823876843217,1.8524883399127845,-1.2676136780735823,-1.2761757670616813
-1.481285033214008,1.1090942207206127,0.7945466312730467,-0.7030746009502787,-0.010684955963028146,-0.6865507261215884,-0.6874206446824462,1.359004332564105,0.4206422131593399,0.506338687106339,1.5207608962827985,0.31557819578314616,0.728845900502592,0.41390077802624936,1.569483646401572,2.103636717007683,1.8287577116362603,-1.2676136780735823,-1.2761757670616813
-1.481285033214008,1.1090942207206127,0.9390096548274028,-0.7030746009502787,-0.010684955963028146,-0.6865507261215884,-0.6874206446824462,1.2690674927085046,0.4206422131593399,0.4268786264287859,1.4444816397746443,0.21590520915998965,0.6221366717495054,0.41390077802624936,1.6664604790255446,2.1982516797754585,1.9240352605493687,-1.2676136780735823,-1.2761757670616813
-1.481285033214008,1.1090942207206127,1.083472678381759,-0.7030746009502787,-0.010684955963028146,-0.6865507261215884,-0.6874206446824462,1.2091096947718818,0.6598597181287641,0.21493085797081285,1.2649047736431447,0.0176301328527473,0.2875153181958097,0.41390077802624936,1.8551281185227755,2.356902430342568,2.173676526592407,-1.2676136780735823,-1.2761757670616813
-1.481285033214008,1.1090942207206127,1.227935701936115,-0.7030746009502787,-0.010684955963028146,-0.6865507261215884,-0.6874206446824462,1.149151896835259,0.7794684706134762,0.11730100593685847,1.133697522525422,-0.13533406723837,0.06048529632862214,0.41390077802624936,1.996462063091007,2.479692341658591,2.349350252714402,-1.2676136780735823,-1.2761757670616813
-1.481285033214008,1.1090942207206127,1.3723987254904713,-0.7030746009502787,-0.010684955963028146,-0.6865507261215884,-0.6874206446824462,1.1191728549162814,0.7196640943711202,0.01384036866070342,1.0400057890637042,-0.24808824232314586,-0.15799874305997566,0.41390077802624936,2.094459369590072,2.5543409044983902,2.5049843255178823,-1.2676136780735823,-1.2761757670616813
-1.481285033214008,1.1090942207206127,1.5168617490448273,-0.7030746009502787,-0.010684955963028146,-0.6865507261215884,-0.6874206446824462,1.1191728549162814,0.7196640943711202,-0.02326688724648551,0.977806940775372,-0.32215833765299595,-0.24726039893899607,0.41390077802624936,2.160023731479861,2.6036104133424525,2.5668221304136454,-1.2676136780735823,-1.2761757670616813
-1.481285033214008,1.1090942207206127,1.6613247725991833,-0.0575473648620795,-0.010684955963028146,-0.6865507261215884,-0.11625536915074959,1.1041833339567926,0.7794684706134762,-0.052909273317971524,0.9201348077056078,-0.3905672672755301,-0.31238059012630787,0.41390077802624936,2.2208405037637053,2.6471476009941495,2.6084818485950474,-0.4083484972375676,-0.41620894407094244
-1.481285033214008,1.2193391526212536,-1.6613247691510074,-0.7030746009502787,-0.010684955963028146,-0.6865507261215884,-0.11823604662248949,1.1191728549162814,0.7196640943711202,-0.07078808122334898,0.8687427440429747,-0.45270664237242175,-0.32823891297364727,0.41390077802624936,2.2687473415540578,2.6821643802391564,2.6073425024443795,-0.9275423375196797,-0.9358267253756524
-1.481285033214008,1.2193391526212536,-1.5168617455966513,-0.7030746009502787,-0.010684955963028146,-0.6865507261215884,-0.6103770421683828,1.1191728549162814,0.7196640943711202,-0.08887809734149203,0.8260527442042934,-0.5048117463049259,-0.310378769816145,0.41390077802624936,2.3138805342441358,2.7160065888282214,2.5859241922467313,-1.2676136780735823,-1.2761757670616813
-1.481285033214008,1.2193391526212536,-1.372398722042295,-0.7030746009502787,-0.010684955963028146,-0.6865507261215884,-0.6409134104291275,1.0891938129973038,0.8392728468558323,-0.11334882472950096,0.7889275565878849,-0.5509473457829513,-0.30286136492781773,0.41390077802624936,2.3555006359556248,2.750217043535047,2.577500716623797,-1.2676136780735823,-1.2761757670616813
-1.481285033214008,1.2193391526212536,-1.227935698487939,-0.7030746009502787,-0.010684955963028146,-0.6865507261215884,-0.6531308686871078,1.1191728549162814,0.7196640943711202,-0.13854210652960272,0.7602720437878965,-0.586851403607813,-0.32918286076217934,0.41390077802624936,2.3875465042674517,2.775576145444309,2.5949559887542497,-1.2676136780735823,-1.2761757670616813
-1.481285033214008,1.2193391526212536,-1.083472674933583,-0.7030746009502787,-0.010684955963028146,-0.6865507261215884,-0.6578915526850617,1.1191728549162814,0.7196640943711202,-0.16349344703334762,0.7364855677385289,-0.6166989258802065,-0.3701493810363791,0.41390077802624936,2.400643469400309,2.775893210122852,2.6230618983966396,-1.2676136780735823,-1.2761757670616813
-1.481285033214008,1.2193391526212536,-0.9390096513792268,-0.7030746009502787,-0.010684955963028146,-0.6865507261215884,-0.6605584631368935,1.1041833339567926,0.8392728468558323,-0.18864422563273806,0.7143355555984869,-0.6444460976544538,-0.4171238034853484,0.41390077802624936,2.400643469400309,2.775893210122852,2.6622499035796587,-1.2676136780735823,-1.2761757670616813
-1.481285033214008,1.2193391526212536,-0.7945466278248707,-0.7030746009502787,-0.010684955963028146,-0.6865507261215884,-0.6623083463682623,1.1191728549162814,0.7196640943711202,-0.2034216076769786,0.7061400163178978,-0.6544356099684467,-0.44328499094527823,0.41390077802624936,2.399427288206706,2.775893210122852,2.6807593656709066,-1.2676136780735823,-1.2761757670616813
-1.481285033214008,1.2193391526212536,-0.6500836042705146,-0.7030746009502787,-0.010684955963028146,-0.6865507261215884,-0.6639045726901682,1.1191728549162814,0.7196640943711202,-0.1720483604934476,0.753822900941154,-0.5876446299009171,-0.4163873614606746,0.41390077802624936,2.349034099803351,2.722864034201352,2.6543539596355314,-1.2676136780735823,-1.2761757670616813
-1.481285033214008,1.2193391526212536,-0.5056205807161585,-0.7030746009502787,-0.010684955963028146,-0.6865507261215884,-0.6702061369751015,1.1191728549162814,0.7196640943711202,-0.043464408224515604,0.9343001005329713,-0.14464059265004547,-0.21797360505169394,0.41390077802624936,2.1581336615392672,2.3790336316530425,2.489503366897268,-1.2676136780735823,-1.2761757670616813
-1.481285033214008,1.2193391526212536,-0.3611575571618023,-0.7030746009502787,-0.010684955963028146,-0.6865507261215884,-0.6703554630810282,1.2690674927085046,0.4206422131593399,0.19770398377480783,1.149918831871517,0.4512779126359495,0.06914927228077845,0.41390077802624936,1.94793532477946,1.963740493985721,2.274803214003809,-1.2676136780735823,-1.2761757670616813
-1.481285033214008,1.2193391526212536,-0.2166945336074462,-0.7030746009502787,-0.010684955963028146,-0.6865507261215884,-0.6874206446824462,1.4189621305007278,0.06181595570520356,0.48144292771121666,1.3660524370590854,1.0103109808588013,0.22993775808772557,0.41390077802624936,1.7430533821473777,1.600855848854134,2.1501515832668083,-1.2676136780735823,-1.2761757670616813
-1.481285033214008,1.2193391526212536,-0.07223151005309006,-0.7030746009502787,-0.010684955963028146,-0.6865507261215884,-0.6874206446824462,1.4489411724197054,-0.35681467799128885,0.7018736811357782,1.5036921324122312,1.2202805501330307,0.3631011236144245,0.2590730564484289,1.5835668607306685,1.4151413942072117,1.9873412454982349,-1.2676136780735823,-1.2761757670616813
-1.481285033214008,1.2193391526212536,0.07223151350126605,-0.7030746009502787,-0.010684955963028146,-0.6865507261215884,-0.6874206446824462,1.568856768292951,0.06181595570520356,0.9420200346318427,1.6055216557903909,1.1363817428035683,0.4754927553048557,0.41390077802624936,1.516308618256527,1.5121519085749746,1.9571138549819682,-1.2676136780735823,-1.2761757670616813
-1.481285033214008,1.2193391526212536,0.2166945370556222,-0.7030746009502787,-0.010684955963028146,-0.6865507261215884,-0.6874206446824462,1.568856768292951,0.06181595570520356,1.1253853814545312,1.707898058689269,1.0566571127072013,0.6987006023765818,0.41390077802624936,1.4616296323928766,1.6235170816792175,1.8686361370048703,-1.2676136780735823,-1.2761757670616813
-1.481285033214008,1.2193391526212536,0.3611575606099783,-0.7030746009502787,-0.010684955963028146,-0.6865507261215884,-0.6874206446824462,1.5388777263739735,0.12162033194755961,1.2232179410611088,1.7692689341663352,1.0112534033198874,1.1414129289462327,0.41390077802624936,1.4176340487463592,1.671935156920025,1.5988368723743136,-1.2676136780735823,-1.2761757670616813
-1.481285033214008,1.2193391526212536,0.5056205841643344,-0.7030746009502787,-0.010684955963028146,-0.6865507261215884,-0.6874206446824462,1.4189621305007278,-0.23720592550657674,1.2172557228444008,1.8322623580432942,0.9900998733028434,1.6603775206231257,0.41390077802624936,1.3317007005240709,1.620647017413942,1.2238002782027118,-1.2676136780735823,-1.2761757670616813
-1.481285033214008,1.2193391526212536,0.6500836077186906,-0.7030746009502787,-0.010684955963028146,-0.6865507261215884,-0.6874206446824462,1.4189621305007278,0.06181595570520356,1.146024935719959,1.8804844686570807,0.9711229496031365,1.9523096491885505,0.41390077802624936,1.2936587648847644,1.6422611994401173,1.0679312616548624,-1.2676136780735823,-1.2761757670616813
-1.481285033214008,1.2193391526212536,0.7945466312730467,-0.7030746009502787,-0.010684955963028146,-0.6865507261215884,-0.6874206446824462,1.2990465346274822,0.4206422131593399,0.9919063682544434,1.8230809049193741,0.8425108795970767,1.7482403435293128,0.41390077802624936,1.3465484266934586,1.7315372441118864,1.1880412289319369,-1.2676136780735823,-1.2761757670616813
-1.481285033214008,1.2193391526212536,0.9390096548274028,-0.7030746009502787,-0.010684955963028146,-0.6865507261215884,-0.6874206446824462,1.1191728549162814,0.7196640943711202,0.6982824876233674,1.6646702244110005,0.6183452949393627,1.2632359010410494,0.41390077802624936,1.4907929150773762,1.8762046182473484,1.4721720619690186,-1.2676136780735823,-1.2761757670616813
-1.481285033214008,1.2193391526212536,1.083472678381759,-0.7030746009502787,-0.010684955963028146,-0.6865507261215884,-0.6874206446824462,1.4189621305007278,0.06181595570520356,0.4954009788248216,1.5123169651588297,0.421744531183918,0.8878563467251058,0.41390077802624936,1.6290953243596107,2.0044293044226587,1.704480331436294,-1.2676136780735823,-1.2761757670616813
-1.481285033214008,1.2193391526212536,1.227935701936115,-0.7030746009502787,-0.010684955963028146,-0.6865507261215884,-0.6874206446824462,1.194120173812393,0.6598597181287641,0.3963410575607794,1.3679602534023552,0.2374524512869861,0.5875466815364586,0.41390077802624936,1.7736512091173167,2.1438852803191475,1.9152397178814482,-1.2676136780735823,-1.2761757670616813
-1.481285033214008,1.2193391526212536,1.3723987254904713,-0.7030746009502787,-0.010684955963028146,-0.6865507261215884,-0.6874206446824462,1.1191728549162814,0.7196640943711202,0.28289151422206327,1.2548243786098503,0.08428434976629345,0.35218876167975594,0.41390077802624936,1.881298428939704,2.249778376837216,2.0754254982082756,-1.2676136780735823,-1.2761757670616813
-1.481285033214008,1.2193391526212536,1.5168617490448273,-0.7030746009502787,-0.010684955963028146,-0.6865507261215884,-0.6874206446824462,1.1191728549162814,0.7794684706134762,0.18253361059783627,1.1665673473572067,-0.03898815516121149,0.17400641037291764,0.41390077802624936,1.9697470500388141,2.3412318013807827,2.2045956473894934,-1.2676136780735823,-1.2761757670616813
-1.481285033214008,1.2193391526212536,1.6613247725991833,-0.7030746009502787,-0.010684955963028146,-0.6865507261215884,-0.6874206446824462,1.1191728549162814,0.7794684706134762,0.10612070246358864,1.0869121882605968,-0.14413747001690627,-0.030596714035696825,0.41390077802624936,2.051886279285736,2.422541324916038,2.3590244325824545,-1.2676136780735823,-1.2761757670616813
-1.481285033214008,1.3295840845218945,-1.6613247691510074,-0.7030746009502787,-0.010684955963028146,-0.6865507261215884,-0.6874206446824462,1.1191728549162814,0.7196640943711202,0.04062523185359608,1.0199785878876726,-0.23242596015543834,-0.16564065140661788,0.41390077802624936,2.1201577650690147,2.4881338092014036,2.460587381705055,-1.2676136780735823,-1.2761757670616813
-1.481285033214008,1.3295840845218945,-1.5168617455966513,-0.7030746009502787,-0.010684955963028146,-0.6865507261215884,-0.6874206446824462,1.1191728549162814,0.7196640943711202,0.010336797131297655,0.964062592108358,-0.3034052082052619,-0.26371845413129075,0.41390077802624936,2.1711862792009344,2.5344356620528687,2.5284651623041103,-1.2676136780735823,-1.2761757670616813
-1.481285033214008,1.3295840845218945,-1.372398722042295,-0.7030746009502787,-0.010684955963028146,-0.6865507261215884,-0.6874206446824462,1.0592150569796586,0.8392728468558323,-0.029969968946362047,0.9097482714647864,-0.3725932733717019,-0.351184981715913,0.41390077802624936,2.226686175319324,2.584647256371342,2.593843281206568,-1.2676136780735823,-1.2761757670616813
-1.481285033214008,1.3295840845218945,-1.227935698487939,-0.7030746009502787,-0.010684955963028146,-0.6865507261215884,-0.6874206446824462,1.1191728549162814,0.7196640943711202,-0.06008315970265063,0.8756817128217603,-0.41826139152338376,-0.3892545587770315,0.41390077802624936,2.2621304096299233,2.6187475408615466,2.622473665638897,-1.2676136780735823,-1.2761757670616813
-1.481285033214008,1.3295840845218945,-1.083472674933583,-0.7030746009502787,-0.010684955963028146,-0.6865507261215884,-0.6701714954496086,1.1191728549162814,1.0784903518252564,-0.09130535704980748,0.8406320234372898,-0.46527641952490295,-0.43172325803194705,0.41390077802624936,2.3038734309626445,2.664475988097371,2.6651692324478904,-1.2676136780735823,-1.2761757670616813
-1.481285033214008,1.3295840845218945,-0.9390096513792268,-0.7030746009502787,-0.010684955963028146,-0.6865507261215884,-0.6670204632645228,1.1191728549162814,0.7196640943711202,-0.12454089831989086,0.8033829877869273,-0.5154187649808443,-0.4792713728868776,0.41390077802624936,2.346317335155254,2.710193158066927,2.7095613725782117,-1.2676136780735823,-1.2761757670616813
-1.481285033214008,1.3295840845218945,-0.7945466278248707,-0.7030746009502787,-0.010684955963028146,-0.6865507261215884,-0.6670298831707803,1.1191728549162814,1.0784903518252564,-0.1406443802263253,0.7886986464577115,-0.538925450114004,-0.5008877772442628,0.41390077802624936,2.3692464238734954,2.7427029142722947,2.7408468833409594,-1.2676136780735823,-1.2761757670616813
-1.481285033214008,1.3295840845218945,-0.6500836042705146,-0.7030746009502787,-0.010684955963028146,-0.6865507261215884,-0.6702327019605657,1.1191728549162814,1.0784903518252564,-0.07763240432866629,0.9055805763895909,-0.17639451040220863,-0.38791675691121535,0.41390077802624936,2.257261828553668,2.4798107529544082,2.6684593182658793,-1.2676136780735823,-1.2761757670616813
-1.481285033214008,1.3295840845218945,-0.5056205807161585,-0.7030746009502787,-0.010684955963028146,-0.6865507261215884,-0.6703619315038192,1.2690674927085046,0.7196640943711202,0.059100392359723454,1.0832579754834804,0.18055151942146147,-0.14662824094863158,0.41390077802624936,2.0879798184190794,2.2371200791920907,2.4991290732418543,-1.2676136780735823,-1.2761757670616813
-1.481285033214008,1.3295840845218945,-0.3611575571618023,-0.7030746009502787,-0.010684955963028146,-0.6865507261215884,-0.6874206446824462,1.2690674927085046,0.7196640943711202,0.2887497630708774,1.2693187732353053,0.9196751376773529,0.013844510598013397,0.41390077802624936,1.9118446778724985,1.7476138546593296,2.3891125163060565,-1.2676136780735823,-1.2761757670616813
-1.481285033214008,1.3295840845218945,-0.2166945336074462,-0.7030746009502787,-0.010684955963028146,-0.6865507261215884,-0.6874206446824462,1.7187514060851743,-0.17740154926422066,0.5377616303399325,1.4656833099468247,1.5137593589647695,0.22794163401421758,0.41390077802624936,1.738170821976943,1.4030257065659943,2.252474387622127,-1.2676136780735823,-1.2761757670616813
-1.481285033214008,1.3295840845218945,-0.07223151005309006,-0.7030746009502787,-0.010684955963028146,-0.6865507261215884,-0.6874206446824462,1.6887723641661967,-0.17740154926422066,0.799879523022179,1.5872798144746183,1.6906910945745908,0.3703109317233852,0.40170395229326533,1.6316154176137359,1.3076785889728018,2.1575304762939593,-1.2676136780735823,-1.2761757670616813
-1.481285033214008,1.3295840845218945,0.07223151350126605,-0.7030746009502787,-0.010684955963028146,-0.6865507261215884,-0.6874206446824462,1.568856768292951,0.06181595570520356,1.0359305296558567,1.6722186925029534,1.5013653017434672,0.47595659171818616,0.41390077802624936,1.573820539861282,1.4369941337890622,2.1043392999084407,-1.2676136780735823,-1.2761757670616813
-1.481285033214008,1.3295840845218945,0.2166945370556222,-0.7030746009502787,-0.010684955963028146,-0.6865507261215884,-0.6874206446824462,1.7187514060851743,-0.7156409354454252,1.2501492768226066,1.800287300468054,1.4018788103302882,0.7412962463340931,0.41390077802624936,1.4385795522043243,1.4426067424625793,1.8607550408066695,-1.2676136780735823,-1.2761757670616813
-1.481285033214008,1.3295840845218945,0.3611575606099783,-0.7030746009502787,-0.010684955963028146,-0.6865507261215884,-0.6874206446824462,1.6288145662295739,-0.17740154926422066,1.376027409944715,1.9181767132828855,1.3485386936739332,1.2103756386313451,0.41390077802624936,1.349755423713293,1.4850764934878833,1.5672565901850801,-1.2676136780735823,-1.2761757670616813
-1.481285033214008,1.3295840845218945,0.5056205841643344,-0.7030746009502787,-0.010684955963028146,-0.6865507261215884,-0.6874206446824462,1.5988358102119287,-0.1175971730218646,1.349742776729425,1.9695325966209927,1.284309743357694,1.7451928569189226,0.41390077802624936,1.3042361188012268,1.5237006967157063,1.245760531126684,-1.2676136780735823,-1.2761757670616813
-1.481285033214008,1.3295840845218945,0.6500836077186906,-0.7030746009502787,-0.010684955963028146,-0.6865507261215884,-0.6874206446824462,1.568856768292951,0.06181595570520356,1.2543257067140428,1.9871371076047322,1.2067244205366687,2.2000284025864625,0.41390077802624936,1.2984940853576274,1.591186460511111,1.01052987590231,-1.2676136780735823,-1.2761757670616813
-1.481285033214008,1.3295840845218945,0.7945466312730467,-0.7030746009502787,-0.010684955963028146,-0.6865507261215884,-0.6874206446824462,1.568856768292951,0.12162033194755961,1.121198489236766,1.964483354023214,1.0861929807620325,2.3869569184029067,0.41390077802624936,1.3263351385478532,1.6839961931939422,0.9262379121813077,-1.2676136780735823,-1.2761757670616813
-1.481285033214008,1.3295840845218945,0.9390096548274028,-0.7030746009502787,-0.010684955963028146,-0.6865507261215884,-0.6874206446824462,1.4939094493968395,0.24122908443227173,0.8943870245423386,1.869066793167271,0.8937854581944812,2.00558004063741,0.41390077802624936,1.4153819684702935,1.8195276804290725,1.1435486481674055,-1.2676136780735823,-1.2761757670616813
-1.481285033214008,1.3295840845218945,1.083472678381759,-0.7030746009502787,-0.010684955963028146,-0.6865507261215884,-0.6874206446824462,1.403972609541239,0.48044658940169593,0.6429204339583546,1.690416699964012,0.6595383569191853,1.4410634581790944,0.41390077802624936,1.5791065656119962,1.9854887019840846,1.4831681279229554,-1.2676136780735823,-1.2761757670616813
-1.481285033214008,1.3295840845218945,1.227935701936115,-0.7030746009502787,-0.010684955963028146,-0.6865507261215884,-0.6874206446824462,1.3290252906451274,0.7196640943711202,0.4874568036641739,1.5402440010399985,0.45648320116332053,1.0211775793819557,0.41390077802624936,1.7239854156490182,2.1361243524215245,1.7590820436848476,-1.2676136780735823,-1.2761757670616813
-1.481285033214008,1.3295840845218945,1.3723987254904713,-0.7030746009502787,-0.010684955963028146,-0.6865507261215884,-0.6874206446824462,1.3140357696856386,0.7196640943711202,0.38358552007960767,1.4184297187895778,0.2913180700016775,0.7077332062151218,0.41390077802624936,1.8446683818125116,2.2614113107339495,1.9773657437275527,-1.2676136780735823,-1.2761757670616813
-1.481285033214008,1.3295840845218945,1.5168617490448273,-0.7030746009502787,-0.010684955963028146,-0.6865507261215884,-0.6874206446824462,1.2840570136679934,0.7196640943711202,0.3121964902694408,1.3203678195904138,0.15929520982202985,0.47820335020451127,0.41390077802624936,1.9374008722209963,2.3572047478267595,2.1383781941437685,-1.2676136780735823,-1.2761757670616813
-1.481285033214008,1.3295840845218945,1.6613247725991833,-0.7030746009502787,-0.010684955963028146,-0.6865507261215884,-0.6874206446824462,1.2690674927085046,0.7794684706134762,0.2272175524533687,1.2394679181750186,0.04797000247948133,0.30204967289492346,0.41390077802624936,2.0244086825441734,2.450169759791285,2.2762748876441887,-1.2676136780735823,-1.2761757670616813
-1.481285033214008,1.4398290164225354,-1.6613247691510074,-0.7030746009502787,-0.010684955963028146,-0.6865507261215884,-0.6874206446824462,1.2690674927085046,0.6598597181287641,0.1616364215465579,1.166035079121393,-0.05080034732738422,0.15585820039029435,0.41390077802624936,2.1017979119964987,2.529375205685487,2.3897990062059606,-1.2676136780735823,-1.2761757670616813
-1.481285033214008,1.4398290164225354,-1.5168617455966513,-0.7030746009502787,-0.010684955963028146,-0.6865507261215884,-0.6874206446824462,1.2690674927085046,0.6598597181287641,0.12858462488262665,1.101357878603036,-0.13382884367695186,0.03904222031516567,0.41390077802624936,2.168926004283453,2.5943721635636856,2.480155400741193,-1.2676136780735823,-1.2761757670616813
-1.481285033214008,1.4398290164225354,-1.372398722042295,-0.7030746009502787,-0.010684955963028146,-0.6865507261215884,-0.6874206446824462,1.2690674927085046,0.6000553418864081,0.08795091110718738,1.04416930948607,-0.2080730012027809,-0.06172990234729148,0.41390077802624936,2.2277847393067285,2.6522267082249753,2.5585593598054466,-1.2676136780735823,-1.2761757670616813
-1.481285033214008,1.4398290164225354,-1.227935698487939,-0.7030746009502787,-0.010684955963028146,-0.6865507261215884,-0.6874206446824462,1.2540779717490158,0.6598597181287641,0.04597344229387412,0.9922345409555483,-0.2734267248520842,-0.19140066105642162,0.41390077802624936,2.2822578950595314,2.7038982747841795,2.66141231603003,-1.2676136780735823,-1.2761757670616813
-1.481285033214008,1.4398290164225354,-1.083472674933583,-0.7030746009502787,-0.010684955963028146,-0.6865507261215884,-0.6874206446824462,1.2240992157313706,0.7196640943711202,0.010425073009698136,0.9527854632638221,-0.32483475113307253,-0.25166440362135445,0.41390077802624936,2.324538388461562,2.7450485856560953,2.7101823577166746,-1.2676136780735823,-1.2761757670616813
-1.481285033214008,1.4398290164225354,-0.9390096513792268,-0.7030746009502787,-0.010684955963028146,-0.6865507261215884,-0.6874206446824462,1.2091096947718818,0.7794684706134762,-0.02559802433165377,0.9128576920475994,-0.37668870818280703,-0.3097888024483124,0.41390077802624936,2.3693375290045267,2.775893210122852,2.7589489058160424,-1.2676136780735823,-1.2761757670616813
-1.481285033214008,1.4398290164225354,-0.7945466278248707,-0.7030746009502787,-0.010684955963028146,-0.6865507261215884,-0.6874206446824462,1.3140357696856386,0.48044658940169593,-0.04198529683976087,0.8981789169221567,-0.39941211343406136,-0.3392334634657656,0.41390077802624936,2.3939175969491218,2.775893210122852,2.7887186363990395,-1.2676136780735823,-1.2761757670616813
-1.481285033214008,1.4398290164225354,-0.6500836042705146,-0.7030746009502787,-0.010684955963028146,-0.6865507261215884,-0.6874206446824462,1.4189621305007278,0.06181595570520356,0.024980784514844142,1.01977959610278,-0.03231245551161812,-0.23003335179828513,0.41390077802624936,2.2623637158913996,2.4740099006824128,2.6849499236095076,-1.2676136780735823,-1.2761757670616813
-1.481285033214008,1.4398290164225354,-0.5056205807161585,-0.7030746009502787,-0.010684955963028146,-0.6865507261215884,-0.6874206446824462,1.5088989703563283,-0.057792796779508555,0.15113486149387845,1.178247330199829,0.5156353374301732,-0.07826607735656813,0.41390077802624936,2.096838707826943,2.0667596225694216,2.5477423401994495,-1.2676136780735823,-1.2761757670616813
-1.481285033214008,1.4398290164225354,-0.3611575571618023,-0.7030746009502787,-0.010684955963028146,-0.6865507261215884,-0.6874206446824462,1.613825045270085,-0.2970103017489328,0.3377311054660244,1.3625450329064877,1.1437851882058736,0.11377196273935303,0.41390077802624936,1.9077680847871625,1.638177961568982,2.37771468781528,-1.2676136780735823,-1.2761757670616813
-1.481285033214008,1.4398290164225354,-0.2166945336074462,-0.7030746009502787,-0.010684955963028146,-0.6865507261215884,-0.6874206446824462,1.7187514060851743,-0.47642343047600094,0.5839155290446819,1.5329550571989718,1.6446317509157562,0.2985302123902671,0.41390077802624936,1.7427940458484643,1.3325579733246522,2.2326810322066315,-1.2676136780735823,-1.2761757670616813
-1.481285033214008,1.4398290164225354,-0.07223151005309006,-0.7030746009502787,-0.010684955963028146,-0.6865507261215884,-0.6874206446824462,1.6438040871890627,-0.35681467799128885,0.8717844762994421,1.6814488499098892,1.7968814671357598,0.46971351634437725,0.3408723712864529,1.600996863021393,1.2373852196176074,2.097174389101997,-1.2676136780735823,-1.2761757670616813
-1.481285033214008,1.4398290164225354,0.07223151350126605,-0.7030746009502787,-0.010684955963028146,-0.6865507261215884,-0.6874206446824462,1.568856768292951,-0.2970103017489328,1.1343149769762864,1.7926344660553535,1.6361151363267852,0.6075836008442397,0.41390077802624936,1.4882159413710732,1.3061457482423373,1.9709462771063109,-1.2676136780735823,-1.2761757670616813
-1.481285033214008,1.4398290164225354,0.2166945370556222,-0.7030746009502787,-0.010684955963028146,-0.6865507261215884,-0.6874206446824462,1.6288145662295739,-0.41661905423364487,1.3149633884304266,1.8723550280462986,1.4809718433155312,0.8252416859178718,0.41390077802624936,1.4033440402309545,1.3713556729566025,1.79318294909434,-1.2676136780735823,-1.2761757670616813
-1.481285033214008,1.4398290164225354,0.3611575606099783,-0.7030746009502787,-0.010684955963028146,-0.6865507261215884,-0.6874206446824462,1.6887723641661967,-0.536227806718357,1.4155089600331792,1.943770814007605,1.3895958213673723,1.301864523042445,0.41390077802624936,1.3302941144269902,1.4070586304799326,1.4689370001506403,-1.2676136780735823,-1.2761757670616813
-1.481285033214008,1.4398290164225354,0.5056205841643344,-0.7030746009502787,-0.010684955963028146,-0.6865507261215884,-0.6874206446824462,1.613825045270085,-0.35681467799128885,1.3971737331417013,1.9964424087626063,1.3236809543529369,1.8604187732192308,0.41390077802624936,1.2805155241297963,1.4401669492795395,1.1349911061327214,-1.2676136780735823,-1.2761757670616813
-1.481285033214008,1.4398290164225354,0.6500836077186906,-0.7030746009502787,-0.010684955963028146,-0.6865507261215884,-0.6874206446824462,1.523888491315817,-0.17740154926422066,1.3041871923116124,2.022958411987265,1.2535595842690095,2.2680211245440485,0.41390077802624936,1.253941748132588,1.4769850549403978,0.9085664743380986,-1.2676136780735823,-1.2761757670616813
-1.481285033214008,1.4398290164225354,0.7945466312730467,-0.7030746009502787,-0.010684955963028146,-0.6865507261215884,-0.6874206446824462,1.4489411724197054,0.0020115794628475024,1.1633145838739378,1.9945540741325427,1.128926907610069,2.283295990008304,0.41390077802624936,1.2761019866709653,1.5511126948268046,0.898603636821295,-1.2676136780735823,-1.2761757670616813
-1.481285033214008,1.4398290164225354,0.9390096548274028,-0.7030746009502787,-0.010684955963028146,-0.6865507261215884,-0.6874206446824462,1.3739938535235938,0.18142470818991568,0.9726203774578228,1.8683195303107167,0.9218807543606864,1.8558707351243118,0.41390077802624936,1.3831505156322923,1.6797932428039593,1.1287131297961925,-1.2676136780735823,-1.2761757670616813
-1.481285033214008,1.4398290164225354,1.083472678381759,-0.7030746009502787,-0.010684955963028146,-0.6865507261215884,-0.6874206446824462,1.3140357696856386,0.36083783691698385,0.7752492451576537,1.6840754023153754,0.6882536460501156,1.3555482985228342,0.41390077802624936,1.5533937090011436,1.8403672010108194,1.42807775015405,-1.2676136780735823,-1.2761757670616813
-1.481285033214008,1.4398290164225354,1.227935701936115,-0.7030746009502787,-0.010684955963028146,-0.6865507261215884,-0.6874206446824462,1.239088450789527,0.48044658940169593,0.6065383480448407,1.523969116982586,0.4750863055754727,0.9605077765183354,0.41390077802624936,1.69830919390567,1.9832124291619346,1.674040268794548,-1.2676136780735823,-1.2761757670616813
-1.481285033214008,1.4398290164225354,1.3723987254904713,-0.7030746009502787,-0.010684955963028146,-0.6865507261215884,-0.6874206446824462,1.2540779717490158,0.48044658940169593,0.42860883364543534,1.404572654496156,0.30050523847896743,0.6551837955771582,0.41390077802624936,1.8169222900551594,2.111439717783307,1.8826965156990285,-1.2676136780735823,-1.2761757670616813
-1.481285033214008,1.4398290164225354,1.5168617490448273,-0.7030746009502787,-0.010684955963028146,-0.6865507261215884,-0.6874206446824462,1.2540779717490158,0.4206422131593399,0.305075569411802,1.304825587104651,0.1564256701911766,0.42744337162429086,0.41390077802624936,1.9102370820418735,2.210714793965941,2.036475056960083,-1.2676136780735823,-1.2761757670616813
-1.481285033214008,1.4398290164225354,1.6613247725991833,-0.7030746009502787,-0.010684955963028146,-0.6865507261215884,-0.6874206446824462,1.2690674927085046,0.4206422131593399,0.2401241397709146,1.2220143904686276,0.04088898657353693,0.2558792335623936,0.41390077802624936,1.9967122406730442,2.299767462017396,2.1637556121229258,-1.2676136780735823,-1.2761757670616813
-1.481285033214008,1.5500739483231762,-1.6613247691510074,-0.7030746009502787,-0.010684955963028146,-0.6865507261215884,-0.6874206446824462,1.2690674927085046,0.4206422131593399,0.16811063985798874,1.155619320310762,-0.053048236258312606,0.12240176127157973,0.41390077802624936,2.0610965741990044,2.3679025361052473,2.2597917061735235,-1.2676136780735823,-1.2761757670616813
-1.481285033214008,1.5500739483231762,-1.5168617455966513,-0.7030746009502787,-0.010684955963028146,-0.6865507261215884,-0.6874206446824462,1.2690674927085046,0.4206422131593399,0.13703622287022826,1.0985469456975618,-0.12874871415716568,0.017543809431346976,0.41390077802624936,2.1166514226186504,2.4233467819721985,2.336296463854391,-1.2676136780735823,-1.2761757670616813
-1.481285033214008,1.5500739483231762,-1.372398722042295,-0.7030746009502787,-0.010684955963028146,-0.6865507261215884,-0.6874206446824462,1.2690674927085046,0.4206422131593399,0.09937969483076967,1.0496005328177855,-0.1939217446696908,-0.0705916190861834,0.41390077802624936,2.1643244721097963,2.4714733832540725,2.401314743267331,-1.2676136780735823,-1.2761757670616813
-1.481285033214008,1.5500739483231762,-1.227935698487939,-0.7030746009502787,-0.010684955963028146,-0.6865507261215884,-0.6874206446824462,1.2240992157313706,0.5402509656440521,0.0572537917626645,0.9992980535437596,-0.2587665436126556,-0.19339353013755534,0.41390077802624936,2.2148632359077087,2.5218103287245275,2.496074804565054,-1.2676136780735823,-1.2761757670616813
-1.481285033214008,1.5500739483231762,-1.083472674933583,-0.7030746009502787,-0.010684955963028146,-0.6865507261215884,-0.6874206446824462,1.1641411318934154,0.7196640943711202,0.019917018571634318,0.9585304813332528,-0.313145231371685,-0.2542887412230924,0.41390077802624936,2.263722098215448,2.5722001905982412,2.5518315841070214,-1.2676136780735823,-1.2761757670616813
-1.481285033214008,1.5500739483231762,-0.9390096513792268,-0.7030746009502787,-0.010684955963028146,-0.6865507261215884,-0.6874206446824462,1.1191728549162814,0.8392728468558323,-0.02160076177860087,0.9126781819759131,-0.37333759647641196,-0.31883198501206866,0.41390077802624936,2.313269310402087,2.6246208278822647,2.6080517006615835,-1.2676136780735823,-1.2761757670616813
-1.481285033214008,1.5500739483231762,-0.7945466278248707,-0.7030746009502787,-0.010684955963028146,-0.6865507261215884,-0.6874206446824462,1.1191728549162814,1.0784903518252564,-0.05179568945933435,0.8825107490760249,-0.4154971180777178,-0.36632557874473054,0.41390077802624936,2.3614885086416884,2.6855336804073078,2.673410604834018,-1.2676136780735823,-1.2761757670616813
-1.481285033214008,1.5500739483231762,-0.6500836042705146,-0.7030746009502787,-0.010684955963028146,-0.6865507261215884,-0.6874206446824462,1.2690674927085046,0.7196640943711202,-0.028990433643814484,0.9196115845509255,-0.3631317497188451,-0.339271709626163,0.41390077802624936,2.340525651825432,2.680280209290334,2.687269228862937,-1.2676136780735823,-1.2761757670616813
-1.481285033214008,1.5500739483231762,-0.5056205807161585,-0.7030746009502787,-0.010684955963028146,-0.6865507261215884,-0.6874206446824462,1.359004332564105,0.6000553418864081,0.09024608394559988,1.0856410064738886,0.05318440855045126,-0.1277875313383869,0.41390077802624936,2.2030465629865876,2.419361135828385,2.577377567672287,-1.2676136780735823,-1.2761757670616813
-1.481285033214008,1.5500739483231762,-0.3611575571618023,-0.7030746009502787,-0.010684955963028146,-0.6865507261215884,-0.6874206446824462,1.3739938535235938,0.48044658940169593,0.2483220263450393,1.2579692837417173,0.3608136450476803,0.03056377892834153,0.41390077802624936,2.0493705243711835,2.225402565798345,2.485324163117317,-1.2676136780735823,-1.2761757670616813
-1.481285033214008,1.5500739483231762,-0.2166945336074462,-0.7030746009502787,-0.010684955963028146,-0.6865507261215884,-0.6874206446824462,1.403972609541239,0.4206422131593399,0.3982340847309231,1.3937310810968744,0.5252957893070059,0.17442304939682146,0.41390077802624936,1.9334809413980152,2.130739457778424,2.397928147100819,-1.2676136780735823,-1.2761757670616813
-1.481285033214008,1.5500739483231762,-0.07223151005309006,-0.7030746009502787,-0.010684955963028146,-0.6865507261215884,-0.6874206446824462,1.4189621305007278,0.06181595570520356,0.4180294600406843,1.4100170975618331,0.46450995500075065,0.19215380660744735,0.41390077802624936,1.9098234936692569,2.1526229929720073,2.3627446663339073,-1.2676136780735823,-1.2761757670616813
-1.481285033214008,1.5500739483231762,0.07223151350126605,-0.7030746009502787,-0.010684955963028146,-0.6865507261215884,-0.6874206446824462,1.4189621305007278,0.24122908443227173,0.46191761119982133,1.4575378665001946,0.4375800466800046,0.24223430552954334,0.41390077802624936,1.860119619220263,2.1564919627840453,2.3095312183294987,-1.2676136780735823,-1.2761757670616813
-1.481285033214008,1.5500739483231762,0.2166945370556222,-0.7030746009502787,-0.010684955963028146,-0.6865507261215884,-0.6874206446824462,1.4189621305007278,0.06181595570520356,0.5144097179737253,1.509307040468463,0.44317738958212827,0.3061713069888158,0.41390077802624936,1.8014204386857242,2.1287221283394344,2.2377135446789573,-1.2676136780735823,-1.2761757670616813
-1.481285033214008,1.5500739483231762,0.3611575606099783,-0.7030746009502787,-0.010684955963028146,-0.6865507261215884,-0.6874206446824462,1.2690674927085046,0.4206422131593399,0.5074104216596604,1.5028676384783235,0.40053380930248095,0.31247297222536113,0.41390077802624936,1.7969249548127384,2.134753297087909,2.2086477719322484,-1.2676136780735823,-1.2761757670616813
-1.481285033214008,1.5500739483231762,0.5056205841643344,-0.7030746009502787,-0.010684955963028146,-0.6865507261215884,-0.6874206446824462,1.2840570136679934,0.4206422131593399,0.5723540045558011,1.555796670157836,0.4253326990238845,0.4916000850688251,0.41390077802624936,1.739379290566861,2.101727822821273,2.0644333625400253,-1.2676136780735823,-1.2761757670616813
-1.481285033214008,1.5500739483231762,0.6500836077186906,-0.7030746009502787,-0.010684955963028146,-0.6865507261215884,-0.6874206446824462,1.3140357696856386,0.36083783691698385,0.5888302068377042,1.5820935041089241,0.43912837135661753,0.6807997718144014,0.41390077802624936,1.7090509226881723,2.0822827795876986,1.923386326712691,-1.2676136780735823,-1.2761757670616813
-1.481285033214008,1.5500739483231762,0.7945466312730467,-0.7030746009502787,-0.010684955963028146,-0.6865507261215884,-0.6874206446824462,1.3290252906451274,0.24122908443227173,0.5531523662652075,1.5642308604252018,0.4029781398545856,0.7509155625480913,0.41390077802624936,1.7163672913590042,2.091033938211878,1.8600240076689853,-1.2676136780735823,-1.2761757670616813
-1.481285033214008,1.5500739483231762,0.9390096548274028,-0.7030746009502787,-0.010684955963028146,-0.6865507261215884,-0.6874206446824462,1.2690674927085046,0.4206422131593399,0.4312950359303922,1.4239646126665697,0.2407397401881889,0.4865336894383071,0.41390077802624936,1.8452945488242003,2.1958825863771008,2.032545207972018,-1.2676136780735823,-1.2761757670616813
-1.481285033214008,1.5500739483231762,1.083472678381759,-0.7030746009502787,-0.010684955963028146,-0.6865507261215884,-0.6874206446824462,1.2690674927085046,0.4206422131593399,0.29099850933620525,1.271726156367221,0.07120481903987386,0.23981503244738306,0.41390077802624936,1.9910651686623184,2.312720703549538,2.203450187461091,-1.2676136780735823,-1.2761757670616813
-1.481285033214008,1.5500739483231762,1.227935701936115,-0.7030746009502787,-0.010684955963028146,-0.6865507261215884,-0.6874206446824462,1.239088450789527,0.48044658940169593,0.19682776394475862,1.1623794747933331,-0.06152340746728855,0.056192775135081745,0.41390077802624936,2.097053214616936,2.4048191009754474,2.3332967824787914,-1.2676136780735823,-1.2761757670616813
-1.481285033214008,1.5500739483231762,1.3723987254904713,-0.7030746009502787,-0.010684955963028146,-0.6865507261215884,-0.6874206446824462,1.1191728549162814,0.7196640943711202,0.11716499569458216,1.0682521858863614,-0.18014347855655566,-0.15334735895717436,0.41390077802624936,2.178367677307276,2.4763334512746873,2.4751132809038556,-1.2676136780735823,-1.2761757670616813
-1.481285033214008,1.5500739483231762,1.5168617490448273,-0.7030746009502787,-0.010684955963028146,-0.6865507261215884,-0.6874206446824462,1.1191728549162814,0.6598597181287641,0.05940118424168065,1.008768949263887,-0.2571469363224513,-0.23365208957035608,0.41390077802624936,2.218425976772521,2.5097722807241567,2.512247493466487,-1.2676136780735823,-1.2761757670616813
-1.481285033214008,1.5500739483231762,1.6613247725991833,-0.7030746009502787,-0.010684955963028146,-0.6865507261215884,-0.6874206446824462,1.1191728549162814,0.7196640943711202,0.007902998469026612,0.9543655693599439,-0.32707849572600145,-0.3021875815063483,0.41390077802624936,2.259907733655407,2.5483787005705567,2.5508477025901737,-1.2676136780735823,-1.2761757670616813
-1.481285033214008,1.6603188802238171,-1.6613247691510074,-0.7030746009502787,-0.010684955963028146,-0.6865507261215884,-0.6874206446824462,1.1191728549162814,0.7196640943711202,-0.03898064749716672,0.9041090112670468,-0.3906783355339167,-0.3670099408914163,0.41390077802624936,2.3019857712107026,2.5909460433231826,2.5954153954811576,-1.2676136780735823,-1.2761757670616813
-1.481285033214008,1.6603188802238171,-1.5168617455966513,-0.7030746009502787,-0.010684955963028146,-0.6865507261215884,-0.6874206446824462,1.1191728549162814,0.7196640943711202,-0.07559878964847742,0.8651309735696291,-0.4405454969466912,-0.41942589684203574,0.41390077802624936,2.3348212173247975,2.627200719411637,2.63454444637888,-1.2676136780735823,-1.2761757670616813
-1.481285033214008,1.6603188802238171,-1.372398722042295,-0.7030746009502787,-0.010684955963028146,-0.6865507261215884,-0.6728464562932213,1.0891938129973038,0.5402509656440521,-0.10916781757029595,0.8285533612494107,-0.4883877348129104,-0.4693517836263549,0.41390077802624936,2.352777604817034,2.635265266016483,2.644989398939891,-1.2676136780735823,-1.2761757670616813
-1.481285033214008,1.6603188802238171,-1.227935698487939,-0.7030746009502787,-0.010684955963028146,-0.6865507261215884,-0.6683539503586157,1.1341623758757702,0.4206422131593399,-0.14087455140556213,0.7967557264194418,-0.5288580242456203,-0.5095655869140097,0.41390077802624936,2.35757291615828,2.6226247517527805,2.6326587826461916,-1.2676136780735823,-1.2761757670616813
-1.481285033214008,1.6603188802238171,-1.083472674933583,-0.7030746009502787,-0.010684955963028146,-0.6865507261215884,-0.668130626345778,1.194120173812393,0.24122908443227173,-0.16494051754371997,0.7740901446549057,-0.5565480041554746,-0.5357959429618924,0.41390077802624936,2.354165873480362,2.5996191285655046,2.608770942942208,-1.2676136780735823,-1.2761757670616813
-1.481285033214008,1.6603188802238171,-0.9390096513792268,-0.7030746009502787,-0.010684955963028146,-0.6865507261215884,-0.6682010827993822,1.239088450789527,0.06181595570520356,-0.18268789247459002,0.7582362047578427,-0.5752489149444149,-0.5525868211244539,0.41390077802624936,2.332149764223351,2.5584206724414433,2.566130836831235,-1.2676136780735823,-1.2761757670616813
-1.481285033214008,1.6603188802238171,-0.7945466278248707,-0.7030746009502787,-0.010684955963028146,-0.6865507261215884,-0.6684012427332305,1.1191728549162814,0.36083783691698385,-0.20965061521507478,0.727315942797627,-0.6140896506757217,-0.5893055763502593,0.41390077802624936,2.3287383832058604,2.542767826861081,2.5492808286964994,-1.2676136780735823,-1.2761757670616813
-1.481285033214008,1.6603188802238171,-0.6500836042705146,-0.7030746009502787,-0.010684955963028146,-0.6865507261215884,-0.6686048231847397,0.9692782171240583,0.7196640943711202,-0.2175359397901222,0.7182896476038854,-0.6344889111768569,-0.6064756611244209,0.41390077802624936,2.3111112274834342,2.5300145399346956,2.534219537247519,-1.2676136780735823,-1.2761757670616813
-1.481285033214008,1.6603188802238171,-0.5056205807161585,-0.7030746009502787,-0.010684955963028146,-0.6865507261215884,-0.4792276161192181,1.1191728549162814,0.7196640943711202,-0.1784061854244689,0.7676389144817481,-0.5788188476971836,-0.5499217961180378,0.41390077802624936,2.250873864551437,2.497919440135192,2.5005404825017084,-1.1403281682776834,-1.1487863218091967
-1.481285033214008,1.6603188802238171,-0.3611575571618023,-0.7030746009502787,-0.010684955963028146,-0.6865507261215884,-0.6567697307538339,1.1191728549162814,0.7196640943711202,-0.09531177413839821,0.870437653091919,-0.4518495932741253,-0.42291362117104314,0.41390077802624936,2.1511031412425163,2.4344297322678488,2.4350610495682217,-1.2676136780735823,-1.2761757670616813
-1.481285033214008,1.6603188802238171,-0.2166945336074462,-0.7030746009502787,-0.010684955963028146,-0.6865507261215884,-0.66970666948894,1.1191728549162814,0.7196640943711202,0.05888395298379338,1.0173179424840753,-0.26967527009493747,-0.21528742259484523,0.41390077802624936,2.0190758991336173,2.341068714760903,2.3198338072089775,-1.2676136780735823,-1.2761757670616813
-1.481285033214008,1.6603188802238171,-0.07223151005309006,-0.7030746009502787,-0.010684955963028146,-0.6865507261215884,-0.6703352848050806,1.2690674927085046,0.18142470818991568,0.2016234327757892,1.1633820872479836,-0.09138170501848077,-0.004174313437733502,0.41390077802624936,1.8696620381297233,2.210621105907712,2.1633944625381796,-1.2676136780735823,-1.2761757670616813
-1.481285033214008,1.6603188802238171,0.07223151350126605,-0.7030746009502787,-0.010684955963028146,-0.6865507261215884,-0.6874206446824462,1.2690674927085046,0.06181595570520356,0.3136494458383732,1.2800838113327053,0.04297358858728504,0.08773120999727037,0.41390077802624936,1.729523065094961,2.0765083855173327,2.0584894604868467,-1.2676136780735823,-1.2761757670616813
-1.481285033214008,1.6603188802238171,0.2166945370556222,-0.7030746009502787,-0.010684955963028146,-0.6865507261215884,-0.6874206446824462,1.4189621305007278,1.0784903518252564,0.37663461202481424,1.36955427500791,0.14344228810634538,0.19230760499713062,0.41390077802624936,1.7302880589729823,2.185265040185522,2.1630542744770946,-1.2676136780735823,-1.2761757670616813
-1.481285033214008,1.6603188802238171,0.3611575606099783,-0.7030746009502787,-0.010684955963028146,-0.6865507261215884,-0.6874206446824462,1.2690674927085046,0.06181595570520356,0.3791109138877966,1.36305990675551,0.13549759216130533,0.19334269257214168,0.41390077802624936,1.7209153173445952,2.1641383830549445,2.135575463750903,-1.2676136780735823,-1.2761757670616813
-1.481285033214008,1.6603188802238171,0.5056205841643344,-0.7030746009502787,-0.010684955963028146,-0.6865507261215884,-0.6874206446824462,1.2690674927085046,0.06181595570520356,0.3719671066913133,1.3575744129370055,0.12525859069974252,0.19407750710062832,0.41390077802624936,1.712469052233888,2.1391765879111335,2.1029296374422253,-1.2676136780735823,-1.2761757670616813
-1.481285033214008,1.6603188802238171,0.6500836077186906,-0.7030746009502787,-0.010684955963028146,-0.6865507261215884,-0.6874206446824462,1.2690674927085046,0.4206422131593399,0.3369810874473181,1.3279524680068926,0.09176322212018978,0.16250733606279077,0.41390077802624936,1.7299284588261619,2.1453383127037133,2.1080861722628796,-1.2676136780735823,-1.2761757670616813
-1.481285033214008,1.6603188802238171,0.7945466312730467,-0.7030746009502787,-0.010684955963028146,-0.6865507261215884,-0.6874206446824462,1.3290252906451274,0.18142470818991568,0.2791675799443541,1.2692088407107842,0.03057870249838272,0.09145654876959793,0.41390077802624936,1.784986808383576,2.186635228037117,2.1570837338209303,-1.2676136780735823,-1.2761757670616813
-1.481285033214008,1.6603188802238171,0.9390096548274028,-0.7030746009502787,-0.010684955963028146,-0.6865507261215884,-0.6874206446824462,1.2690674927085046,0.4206422131593399,0.19655508956481046,1.1735967669473069,-0.07633278487469913,-0.02794633649496487,0.41390077802624936,1.883399631406179,2.276171083574067,2.2569579701935756,-1.2676136780735823,-1.2761757670616813
-1.481285033214008,1.6603188802238171,1.083472678381759,-0.7030746009502787,-0.010684955963028146,-0.6865507261215884,-0.6874206446824462,1.2690674927085046,0.4206422131593399,0.11360191968418053,1.0770829681725687,-0.1853089814391315,-0.15050249562208104,0.41390077802624936,1.9944755856043488,2.38068011252821,2.373111013181189,-1.2676136780735823,-1.2761757670616813
-1.481285033214008,1.6603188802238171,1.227935701936115,-0.7030746009502787,-0.010684955963028146,-0.6865507261215884,-0.6874206446824462,1.2091096947718818,0.48044658940169593,0.04495467326759302,0.9981945536457195,-0.27903650076820635,-0.25228610716483596,0.41390077802624936,2.0802166007722387,2.4607313533925326,2.4607734152275484,-1.2676136780735823,-1.2761757670616813
-1.481285033214008,1.6603188802238171,1.3723987254904713,-0.34406594495225246,-0.010684955963028146,-0.6865507261215884,-0.33955541711924747,1.1191728549162814,0.7196640943711202,-0.012017270861286414,0.9327158197840196,-0.36111677258348857,-0.33215304130368123,0.41390077802624936,2.158229587047601,2.5347119550764416,2.534388976230447,-0.776905700162564,-0.7850670763916707
-1.481285033214008,1.6603188802238171,1.5168617490448273,-0.7030746009502787,-0.010684955963028146,-0.6865507261215884,0.027149047697531896,1.1191728549162814,0.7196640943711202,-0.054225564749232034,0.875470197078378,-0.43417233397106125,-0.3675071409765828,0.41390077802624936,2.221790600130171,2.5955740599032775,2.566672779557559,-0.8244054740535621,-0.832605662662926
-1.481285033214008,1.6603188802238171,1.6613247725991833,-0.7030746009502787,-0.010684955963028146,-0.6865507261215884,-0.23640902556844004,1.1641411318934154,0.5402509656440521,-0.08627690145795786,0.833623477111339,-0.4867225398047116,-0.3394059780616008,0.41390077802624936,2.2706981482486723,2.63587467213598,2.543943064035857,-1.0061910205217321,-1.014539620538283
-1.481285033214008,1.770563812124458,-1.6613247691510074,-0.04226950398511841,-0.010684955963028146,-0.6865507261215884,-0.40124321272467645,1.1191728549162814,0.7196640943711202,-0.11272043125436865,0.7970535183213089,-0.5349419124288852,-0.28053781347712703,0.41390077802624936,2.303820406812309,2.66658830681762,2.4910593233307026,-0.62708621847405,-0.6351252549538416
-1.481285033214008,1.770563812124458,-1.5168617455966513,-0.7030746009502787,-0.010684955963028146,-0.6865507261215884,-0.615121857448474,1.1191728549162814,0.7196640943711202,-0.12281330668482367,0.767549159445905,-0.5740172176909638,-0.24918247193598989,0.41390077802624936,2.3318894638489773,2.6953553118449527,2.464794970881631,-1.2676136780735823,-1.2761757670616813
-1.481285033214008,1.770563812124458,-1.372398722042295,-0.7030746009502787,-0.010684955963028146,-0.6865507261215884,-0.6457578962926388,1.1791306528529042,0.48044658940169593,-0.12935422232660154,0.7474885610472339,-0.5997145998906588,-0.25830296056863455,0.41390077802624936,2.3460849929692387,2.7059294839354995,2.4624027369937966,-1.2676136780735823,-1.2761757670616813
-1.481285033214008,1.770563812124458,-1.227935698487939,-0.7030746009502787,-0.010684955963028146,-0.6865507261215884,-0.6538417970529488,1.1191728549162814,0.7196640943711202,-0.14526284340515935,0.7263627304014637,-0.6268285168185825,-0.2963204577517651,0.41390077802624936,2.369923204846868,2.7282550012185967,2.492539294240865,-1.2676136780735823,-1.2761757670616813
-1.481285033214008,1.770563812124458,-1.083472674933583,-0.7030746009502787,-0.010684955963028146,-0.6865507261215884,-0.6579581816888991,1.1191728549162814,0.7196640943711202,-0.16570492126112857,0.7068288340348333,-0.6516514437003832,-0.3416030979142186,0.41390077802624936,2.3938602344592135,2.7525041598824544,2.5320770948499804,-1.2676136780735823,-1.2761757670616813
-1.481285033214008,1.770563812124458,-0.9390096513792268,-0.7030746009502787,-0.010684955963028146,-0.6865507261215884,-0.6603957589337037,1.149151896835259,0.6598597181287641,-0.18959629732867211,0.6876901381361011,-0.6737764065445099,-0.39100004843772235,0.41390077802624936,2.400643469400309,2.775893210122852,2.5772347672923455,-1.2676136780735823,-1.2761757670616813
-1.481285033214008,1.770563812124458,-0.7945466278248707,-0.7030746009502787,-0.010684955963028146,-0.6865507261215884,-0.6620688169788721,1.1191728549162814,0.7196640943711202,-0.21078643151716095,0.6725319737106903,-0.6927674209934152,-0.4375285369314195,0.41390077802624936,2.400643469400309,2.775893210122852,2.619752161150218,-1.2676136780735823,-1.2761757670616813
-1.481285033214008,1.770563812124458,-0.6500836042705146,-0.7030746009502787,-0.010684955963028146,-0.6865507261215884,-0.6189562168896189,1.2690674927085046,0.4206422131593399,-0.19440242848603165,0.7042788169312286,-0.657007586130936,-0.43251015243842167,0.41390077802624936,2.370963924306634,2.7504608059828457,2.6285101477549127,-1.2357146657808242,-1.244250706247288
-1.481285033214008,1.770563812124458,-0.5056205807161585,-0.7030746009502787,-0.010684955963028146,-0.6865507261215884,-0.6617731701812462,1.2690674927085046,0.6000553418864081,-0.1492849539832435,0.7681078671496415,-0.5811189552869056,-0.38859460907315263,0.41390077802624936,2.3172557624318526,2.7127635072940723,2.615563786703665,-1.2676136780735823,-1.2761757670616813
-1.481285033214008,1.770563812124458,-0.3611575571618023,-0.7030746009502787,-0.010684955963028146,-0.6865507261215884,-0.6702408356998862,1.4189621305007278,0.06181595570520356,0.023278040904808193,0.9912583679688205,-0.2613683590087412,-0.10630783666072015,0.41390077802624936,2.085933568253861,2.46383607154439,2.392477277552088,-1.2676136780735823,-1.2761757670616813
-1.481285033214008,1.770563812124458,-0.2166945336074462,-0.7030746009502787,-0.010684955963028146,-0.6865507261215884,-0.6704313354904508,1.568856768292951,0.06181595570520356,0.3301688052163832,1.2497375641366024,0.2222725700624203,0.2284160491527643,0.41390077802624936,1.858670613802914,2.1589460694204257,2.188794152136227,-1.2676136780735823,-1.2761757670616813
-1.481285033214008,1.770563812124458,-0.07223151005309006,-0.7030746009502787,-0.010684955963028146,-0.6865507261215884,-0.6874206446824462,1.568856768292951,0.24122908443227173,0.641884663651789,1.4782719755554248,0.6332765158839585,0.39557130004374175,0.41390077802624936,1.6881642278333067,1.951941871023046,2.1420468974828877,-1.2676136780735823,-1.2761757670616813
-1.481285033214008,1.770563812124458,0.07223151350126605,-0.7030746009502787,-0.010684955963028146,-0.6865507261215884,-0.6874206446824462,1.7187514060851743,-0.17740154926422066,0.6304127228320997,1.5310576774877769,0.5844512410442582,0.4453116522627288,0.41390077802624936,1.649607475898016,2.0005807204381054,2.120492337381442,-1.2676136780735823,-1.2761757670616813
-1.481285033214008,1.770563812124458,0.2166945370556222,-0.7030746009502787,-0.010684955963028146,-0.6865507261215884,-0.6874206446824462,1.8686460438773973,-0.47642343047600094,0.6674284333839104,1.5997014939700216,0.6048753675733902,0.5167147924804341,0.41390077802624936,1.5900579808071889,1.9933710773645967,2.075608911540311,-1.2676136780735823,-1.2761757670616813
-1.481285033214008,1.770563812124458,0.3611575606099783,-0.7030746009502787,-0.010684955963028146,-0.6865507261215884,-0.6874206446824462,1.793698724981286,-0.17740154926422066,0.679850484213347,1.6381131704335148,0.6027302582248495,0.5702024546702747,0.41390077802624936,1.5840247965744747,2.037165039694402,2.0787915695495363,-1.2676136780735823,-1.2761757670616813
-1.481285033214008,1.770563812124458,0.5056205841643344,-0.7030746009502787,-0.010684955963028146,-0.6865507261215884,-0.6874206446824462,1.7187514060851743,0.12162033194755961,0.6675552890906489,1.6363027626562763,0.5739693813759247,0.5758083652868244,0.41390077802624936,1.6254983588159457,2.1216738369217643,2.1379956463369516,-1.2676136780735823,-1.2761757670616813
-1.481285033214008,1.770563812124458,0.6500836077186906,-0.7030746009502787,-0.010684955963028146,-0.6865507261215884,-0.6874206446824462,1.8686460438773973,-0.17740154926422066,0.7533666357452677,1.7211143137732992,0.6502997986507016,1.3775040358352348,0.41390077802624936,1.6042694171725511,2.1501298496446983,1.672620998963321,-1.2676136780735823,-1.2761757670616813
-1.481285033214008,1.770563812124458,0.7945466312730467,-0.7030746009502787,-0.010684955963028146,-0.6865507261215884,-0.6874206446824462,1.568856768292951,0.4206422131593399,0.701136741024983,1.7003621145558059,0.58427054790748,1.5335044278596623,0.41390077802624936,1.6417357997618527,2.2204652918778933,1.5947611661174392,-1.2676136780735823,-1.2761757670616813
-1.481285033214008,1.770563812124458,0.9390096548274028,-0.7030746009502787,-0.010684955963028146,-0.6865507261215884,-0.6874206446824462,1.8686460438773973,-0.1175971730218646,0.633412794906925,1.6649165289279655,0.5091187803597605,1.462093963909115,0.41390077802624936,1.7022349091814148,2.3103329592877366,1.6710890609424152,-1.2676136780735823,-1.2761757670616813
-1.481285033214008,1.770563812124458,1.083472678381759,-0.7030746009502787,-0.010684955963028146,-0.6865507261215884,-0.6874206446824462,1.778709204021797,-0.1175971730218646,0.5078969198339564,1.497514341999433,0.33140210713283413,0.9993642479859285,0.41390077802624936,1.8888100228913165,2.4664103244406284,1.9998456677589587,-1.2676136780735823,-1.2761757670616813
-1.481285033214008,1.770563812124458,1.227935701936115,-0.7030746009502787,-0.010684955963028146,-0.6865507261215884,-0.6874206446824462,1.6887723641661967,-0.057792796779508555,0.3945598465032764,1.3797390363619524,0.19741317300622405,0.7353623952358378,0.41390077802624936,2.0189761173234406,2.568247942512222,2.1854835414929865,-1.2676136780735823,-1.2761757670616813
-1.481285033214008,1.770563812124458,1.3723987254904713,-0.7030746009502787,-0.010684955963028146,-0.6865507261215884,-0.6874206446824462,1.568856768292951,-0.057792796779508555,0.3149166951149667,1.281693835774108,0.07729368042873813,0.4570784496956376,0.41390077802624936,2.1218964751622873,2.631152100015636,2.3605694715556487,-1.2676136780735823,-1.2761757670616813
-1.481285033214008,1.770563812124458,1.5168617490448273,-0.7030746009502787,-0.010684955963028146,-0.6865507261215884,-0.6874206446824462,1.3889830885817502,-0.1175971730218646,0.23636162566486743,1.1904929785009046,-0.03682481072547289,0.25085922157320867,0.41390077802624936,2.2003095527538177,2.659244204030913,2.4574785257270535,-1.2676136780735823,-1.2761757670616813
-1.481285033214008,1.770563812124458,1.6613247725991833,-0.7030746009502787,-0.010684955963028146,-0.6865507261215884,-0.6874206446824462,1.1641411318934154,-0.35681467799128885,0.1524197659461521,1.1023751023425914,-0.14922423047749164,0.08105847563006065,0.41390077802624936,2.238127340848524,2.611812022106559,2.455738719263174,-1.2676136780735823,-1.2761757670616813
-1.1534984692869716,-1.5367841448947694,-1.6613247691510074,-0.7030746009502787,-0.010684955963028146,-0.6865507261215884,-0.6874206446824462,0.9392991752050807,-0.6558365592030692,0.07873098602980379,1.0144388235823791,-0.2603919529760592,-0.07225898892989227,0.41390077802624936,2.2608857882102313,2.5366880791194513,2.415169437010564,-1.2676136780735823,-1.2761757670616813
-1.1534984692869716,-1.5367841448947694,-1.5168617455966513,-0.7030746009502787,-0.010684955963028146,-0.6865507261215884,-0.6874206446824462,0.7294467394762346,-0.9548584404148494,-0.002278152839828883,0.9284430626126046,-0.3696905790368526,-0.21231317331287555,0.41390077802624936,2.251976284840684,2.415679108391794,2.320276182697911,-1.2676136780735823,-1.2761757670616813
-1.1534984692869716,-1.5367841448947694,-1.372398722042295,-0.7030746009502787,-0.010684955963028146,-0.6865507261215884,-0.6874206446824462,0.5795521016840115,-1.1940759453842735,-0.07175192303640313,0.8476600514764469,-0.4725978070348183,-0.33859141621994504,0.41390077802624936,2.217703884252498,2.259960447054435,2.1847219394666295,-1.2676136780735823,-1.2761757670616813
-1.1534984692869716,-1.5367841448947694,-1.227935698487939,-0.7030746009502787,-0.010684955963028146,-0.6865507261215884,-0.6874206446824462,0.5046047827878999,-1.3136846978689858,-0.14232750697449448,0.7690102879363743,-0.5834049721274295,-0.46911742417540897,0.41390077802624936,2.0463698394999272,1.899143011578025,1.842140771097116,-1.2676136780735823,-1.2761757670616813
-1.1534984692869716,-1.5367841448947694,-1.083472674933583,-0.7030746009502787,-0.010684955963028146,-0.6865507261215884,-0.6874206446824462,0.4596365058107659,-1.3734890741113417,-0.19983237585075458,0.7074543361838485,-0.6585600551455484,-0.558610184513001,0.41390077802624936,1.8786660208944137,1.5861359801869663,1.5413677983682719,-1.2676136780735823,-1.2761757670616813
-1.1534984692869716,-1.5367841448947694,-0.9390096513792268,-0.5208814124371886,-0.010684955963028146,-0.6865507261215884,-0.6874206446824462,0.3996787078741431,-1.4332934503536978,-0.2794395629923085,0.6534719004402548,-0.7242602454516098,-0.6364972695402096,0.41390077802624936,1.8119871877721196,1.448735502938375,1.4129596879118207,-1.1448494746398838,-1.152793474669421
-1.1534984692869716,-1.5367841448947694,-0.7945466278248707,-0.7030746009502787,-0.010684955963028146,-0.6865507261215884,-0.6874206446824462,0.5195943037473887,-1.3734890741113417,-0.2887713041823327,0.629304139432422,-0.7548636949751121,-0.6797732069039388,0.41390077802624936,1.7665083740294008,1.379388556467695,1.3519896027559493,-1.2676136780735823,-1.2761757670616813
-1.1534984692869716,-1.5367841448947694,-0.6500836042705146,-0.043929179957600456,-0.010684955963028146,-0.6865507261215884,-0.6874206446824462,0.6694889415396119,-1.55290220283841,-0.15587752736127056,0.7593619694709757,-0.22632798122297515,-0.5989753449460584,0.41390077802624936,1.5780133040396254,0.9873495755865618,1.2135479096403379,-0.7927464773663664,-0.7931375908063224
-1.1534984692869716,-1.5367841448947694,-0.5056205807161585,-0.7030746009502787,-0.010684955963028146,-0.6865507261215884,-0.6874206446824462,0.819383579331835,-1.55290220283841,-0.030697100626223786,0.9226305543224236,0.5057510913013675,-0.4409007090311411,0.41390077802624936,1.3614612279564398,0.5395325851310372,1.0412516090182533,-1.2676136780735823,-1.2761757670616813
-1.1534984692869716,-1.5367841448947694,-0.3611575571618023,-0.7030746009502787,-0.010684955963028146,-0.6865507261215884,-0.6874206446824462,0.819383579331835,-1.55290220283841,0.14372230328982025,1.072857523733226,1.1967025823862796,-0.27833743863213495,0.41390077802624936,1.1398043723091411,0.1424806425231517,0.8471880761692434,-1.2676136780735823,-1.2761757670616813
-1.1534984692869716,-1.5367841448947694,-0.2166945336074462,-0.7030746009502787,-0.010684955963028146,-0.6865507261215884,-0.6874206446824462,0.819383579331835,-1.55290220283841,0.38119553240883913,1.222741475836504,1.6528292514787657,-0.11273075036320628,0.36306630881222557,0.9649018022389942,-0.0842648442178492,0.7047538678437884,-1.2676136780735823,-1.2761757670616813
-1.1534984692869716,-1.5367841448947694,-0.07223151005309006,-0.7030746009502787,-0.010684955963028146,-0.6865507261215884,-0.6874206446824462,0.9692782171240583,-1.55290220283841,0.6682686889672038,1.3502284155073037,1.727634552369727,0.04529994315465868,0.06287464288896585,0.8244302231703093,-0.13852454338562184,0.5915144766450812,-1.2676136780735823,-1.2761757670616813
-1.1534984692869716,-1.5367841448947694,0.07223151350126605,-0.7030746009502787,-0.010684955963028146,-0.6865507261215884,-0.6874206446824462,0.9692782171240583,-1.55290220283841,0.9072753027888089,1.4532310163306685,1.5075130127319243,0.17404953902187645,0.16865538117028503,0.6617299562055414,-0.1142317937502267,0.45573620712967083,-1.2676136780735823,-1.2761757670616813
-1.1534984692869716,-1.5367841448947694,0.2166945370556222,-0.7030746009502787,-0.010684955963028146,-0.6865507261215884,-0.6874206446824462,1.2690674927085046,-1.9117284602925464,1.1158940897879903,1.5654018505439922,1.3099598801041947,0.4218073523282794,0.12839560877516787,0.5268500148085953,-0.07264492255142532,0.29954796404439776,-1.2676136780735823,-1.2761757670616813
-1.1534984692869716,-1.5367841448947694,0.3611575606099783,-0.7030746009502787,-0.010684955963028146,-0.6865507261215884,-0.6874206446824462,0.9692782171240583,-1.55290220283841,1.2116708022709302,1.6377903306146682,1.1680991903813358,0.9190863710598344,0.41390077802624936,0.3990001116706697,-0.06885619482629607,0.02745930800146937,-1.2676136780735823,-1.2761757670616813
-1.1534984692869716,-1.5367841448947694,0.5056205841643344,-0.7030746009502787,-0.010684955963028146,-0.6865507261215884,-0.6874206446824462,0.9692782171240583,-1.55290220283841,1.224479959174538,1.7083231775024483,1.0847764460338036,1.559613535441604,0.41390077802624936,0.31297999665692317,-0.060210869008634225,-0.24749212446564617,-1.2676136780735823,-1.2761757670616813
-1.1534984692869716,-1.5367841448947694,0.6500836077186906,-0.7030746009502787,-0.010684955963028146,-0.6865507261215884,-0.6874206446824462,0.9692782171240583,-1.3136846978689858,1.1435388254260432,1.7603233489273054,1.0167628862564217,2.0451347079692797,0.41390077802624936,0.24535492347000634,-0.04090006861775364,-0.42769987182539937,-1.2676136780735823,-1.2761757670616813
-1.1534984692869716,-1.5367841448947694,0.7945466312730467,-0.6885789726195267,-0.010684955963028146,-0.6865507261215884,-0.6874206446824462,0.9692782171240583,-1.3136846978689858,0.9886656626740525,1.7532570532372074,0.9001296108041146,2.0975620563932087,0.41390077802624936,0.2302840138314793,-0.0024844948158936,-0.4525346920306182,-1.2676136780735823,-1.2761757670616813
-1.1534984692869716,-1.5367841448947694,0.9390096548274028,-0.6882648439032348,-0.010684955963028146,-0.6865507261215884,-0.6874206446824462,0.819383579331835,-1.0744671928995615,0.7413055351741797,1.6493457696478648,0.6745193099197752,1.7250534053513527,0.41390077802624936,0.267831378759475,0.07592048204376597,-0.33428287648642707,-1.2676136780735823,-1.2761757670616813
-1.1534984692869716,-1.5367841448947694,1.083472678381759,-0.4482848436778907,-0.010684955963028146,-0.6865507261215884,-0.6874206446824462,0.819383579331835,-1.0744671928995615,0.48584952878188953,1.4630762392545447,0.4152768773018995,1.1396064081785247,0.41390077802624936,0.37191344752839844,0.17587631474209434,-0.123319333534781,-1.0966412670016576,-1.102733389913764
-1.1534984692869716,-1.5367841448947694,1.227935701936115,-0.010012404957054922,-0.010684955963028146,-0.6865507261215884,-0.6874206446824462,0.6694889415396119,-1.0744671928995615,0.3330282897811632,1.2844825038644894,0.17183349000571485,0.7668015528306118,0.41390077802624936,0.46946535116464555,0.25792493295893176,0.004269967403654621,-0.7834022787046643,-0.7842136355080894
-1.1534984692869716,-1.5367841448947694,1.3723987254904713,-0.7030746009502787,-0.010684955963028146,0.7406051790393404,-0.6874206446824462,0.6694889415396119,-1.0744671928995615,0.2734584192457274,1.1374908903968688,-0.04517150745646436,0.45487075111780345,0.41390077802624936,0.5498692445824068,0.33832815465312716,0.11976949122128948,-0.42767201571687047,-0.4116607729349027
-1.1534984692869716,-1.5367841448947694,1.5168617490448273,1.8819042529620376,-0.010684955963028146,-0.6865507261215884,-0.6874206446824462,0.5195943037473887,-0.8352496879301373,0.1835052991556371,1.0156181630068293,-0.0530813909623086,0.1859660661040007,0.41390077802624936,0.5954179537960226,0.31503517804651543,0.21165869717424718,0.5811908442022021,0.5846196808652008
-1.1534984692869716,-1.5367841448947694,1.6613247725991833,-0.7030746009502787,-0.010684955963028146,0.8661387941302536,1.0805088260299809,0.3696996659551655,-0.596032182960713,0.19996907742502462,0.9020314257086939,-0.0037612821654679674,-0.11165660287970422,0.41390077802624936,0.6429391614021172,0.27094431999514723,0.3249616279915523,0.7369555883537361,0.7414935667974945
-1.1534984692869716,-1.4265392129941283,-1.6613247691510074,1.057143344208097,-0.010684955963028146,-0.6865507261215884,-0.6874206446824462,0.3696996659551655,-0.596032182960713,0.19534603697842165,0.8191770909934282,0.09963746431923833,-0.11021138626553782,0.41390077802624936,0.6852215829550689,0.21385836440414138,0.3123692110012924,-0.04512974510944894,-0.0657316431934035
-1.1534984692869716,-1.4265392129941283,-1.5168617455966513,-0.7030746009502787,-0.010684955963028146,-0.6865507261215884,-0.648444766028843,0.3696996659551655,-0.596032182960713,0.20278213541671997,0.7531340832242185,0.08529805484097097,-0.0438827791592862,0.41390077802624936,0.7013471911475411,0.20223280410458336,0.26349064975986025,-1.2676136780735823,-1.2761757670616813
-1.1534984692869716,-1.4265392129941283,-1.372398722042295,-0.6878689922815967,-0.010684955963028146,-0.6865507261215884,-0.6874206446824462,0.06991039037071911,-0.2970103017489328,0.14177369501105408,0.6773168216292412,-0.014776932568136943,-0.12914974564700996,0.41390077802624936,0.7144036651110511,0.21574188474144804,0.2714564654495251,-1.2676136780735823,-1.2761757670616813
-1.1534984692869716,-1.4265392129941283,-1.227935698487939,-0.6797053633895186,-0.010684955963028146,-0.6865507261215884,-0.6874206446824462,-0.07998424742150408,0.0020115794628475024,0.032445654350547054,0.603636982283179,-0.15462678949363884,-0.23563356617817993,0.41390077802624936,0.7290561659996584,0.24757739054627623,0.2898943090015968,-1.261888467479096,-1.273310824213372
-1.1534984692869716,-1.4265392129941283,-1.083472674933583,-0.021317444189903653,-0.010684955963028146,-0.6865507261215884,-0.004791925988431243,-0.07998424742150408,0.0020115794628475024,-0.058528850347406604,0.5560709879391603,-0.29241608156578974,-0.38160288545326654,0.41390077802624936,0.7343508684295187,0.28757698651781827,0.33569021616960404,-0.3631716742560205,-0.361289902966304
-1.1534984692869716,-1.4265392129941283,-0.9390096513792268,-0.7030746009502787,-0.010684955963028146,-0.6865507261215884,0.033292526213536906,-0.22987888521372726,0.36083783691698385,-0.09867214257617653,0.5027648459540125,-0.4305452093538995,-0.3948954605616044,0.41390077802624936,0.7539172619410316,0.33612236474515406,0.3276152258775371,-0.8545641576550678,-0.854927677863926
-1.1534984692869716,-1.4265392129941283,-0.7945466278248707,0.03289236670541327,-0.010684955963028146,0.10951780421210708,-0.18033468349680973,-0.07998424742150408,0.36083783691698385,-0.1305397346787502,0.4822798245176338,-0.5033272444335053,-0.34646605652134604,0.41390077802624936,0.7494545566337076,0.36028932948755693,0.29588275429255534,0.07733000773619919,0.06986624140338638
-1.1534984692869716,-1.4265392129941283,-0.6500836042705146,0.40039048500718,-0.010684955963028146,0.3338423885179958,0.22573724959504682,0.3696996659551655,-0.596032182960713,-0.00398155034526039,0.5925045747367467,0.20020479908268674,-0.10659753098202827,0.41390077802624936,0.6374077784466686,0.04491775897874869,0.17859953582087543,0.7310220990435989,0.7404431780177021
-1.1534984692869716,-1.4265392129941283,-0.5056205807161585,-0.7030746009502787,-0.010684955963028146,-0.6865507261215884,-0.6874206446824462,0.6694889415396119,-1.0744671928995615,0.1403305478730551,0.7962248497345713,0.9380362127503343,0.07543303505926545,0.41390077802624936,0.4695444053524184,-0.24488195965523613,0.09586614872376517,-1.2676136780735823,-1.2761757670616813
-1.1534984692869716,-1.4265392129941283,-0.3611575571618023,-0.7030746009502787,-0.010684955963028146,-0.6865507261215884,-0.6874206446824462,0.9692782171240583,-1.7323153315654782,0.3240202268119408,0.9858167080050301,1.6239166918590593,0.21473938494426512,0.3007884362682386,0.2665708500946822,-0.5174467623737231,-0.0045668432639739825,-1.2676136780735823,-1.2761757670616813
-1.1534984692869716,-1.4265392129941283,-0.2166945336074462,-0.7030746009502787,-0.010684955963028146,-0.6865507261215884,-0.6874206446824462,1.1191728549162814,-2.1509459652619705,0.5769110015674526,1.1835783618636269,2.1160667757107925,0.3307912555595389,0.26553478892812415,0.12860056480863968,-0.678573523498234,-0.06103020083268778,-1.2676136780735823,-1.2761757670616813
-1.1534984692869716,-1.4265392129941283,-0.07223151005309006,-0.7030746009502787,-0.010684955963028146,-0.6865507261215884,-0.6874206446824462,1.1791306528529042,-2.031337212777258,0.8532341178228254,1.336095128351636,2.147278614052621,0.4974745325562503,-0.01165362174123382,0.004186385593586365,-0.697207471042513,-0.13936537989742812,-1.2676136780735823,-1.2761757670616813
-1.1534984692869716,-1.4265392129941283,0.07223151350126605,-0.7030746009502787,-0.010684955963028146,-0.6865507261215884,-0.6874206446824462,1.4189621305007278,-2.0911415890196143,1.0884553311995386,1.4679355351485623,1.9277812117175432,0.6136313766755936,-0.10288760166314526,-0.10186336119051276,-0.6309815080115775,-0.18510560801821027,-1.2676136780735823,-1.2761757670616813
-1.1534984692869716,-1.4265392129941283,0.2166945370556222,-0.7030746009502787,-0.010684955963028146,-0.6865507261215884,-0.6874206446824462,1.3889830885817502,-2.0911415890196143,1.2894000018364384,1.580875897033533,1.7227541799415167,0.7989682012210304,0.13886433737355688,-0.2079699884267899,-0.5730827217672353,-0.26284906073793135,-1.2676136780735823,-1.2761757670616813
-1.1534984692869716,-1.4265392129941283,0.3611575606099783,-0.7030746009502787,-0.010684955963028146,-0.6865507261215884,-0.6874206446824462,1.359004332564105,-1.9715328365349023,1.381696029128817,1.6790853006326871,1.538872389506535,1.2849808775972174,0.41390077802624936,-0.3047619595811839,-0.514427057459888,-0.43842081778128295,-1.2676136780735823,-1.2761757670616813
-1.1534984692869716,-1.4265392129941283,0.5056205841643344,-0.7030746009502787,-0.010684955963028146,-0.6865507261215884,-0.6874206446824462,1.4189621305007278,-1.493097826596054,1.4022420763526802,1.7622903061856656,1.4191673307289991,1.9127818355437685,0.41390077802624936,-0.34117725889951767,-0.42072772196489416,-0.5945090569307557,-1.2676136780735823,-1.2761757670616813
-1.1534984692869716,-1.4265392129941283,0.6500836077186906,-0.7030746009502787,-0.010684955963028146,-0.6865507261215884,-0.6874206446824462,1.2690674927085046,-1.0146628166572054,1.2893470363093982,1.8093539506391514,1.305662201598714,2.4066732209618245,0.41390077802624936,-0.3510223975036205,-0.29007451987281246,-0.6675383503187553,-1.2676136780735823,-1.2761757670616813
-1.1534984692869716,-1.4265392129941283,0.7945466312730467,-0.6780476358666844,-0.010684955963028146,-0.6865507261215884,-0.6874206446824462,1.2690674927085046,-1.0146628166572054,1.1291890909704985,1.818212563944225,1.163777474715458,2.5937026415418702,0.41390077802624936,-0.3481371606687763,-0.20040355401114865,-0.6925616058877201,-1.2676136780735823,-1.2761757670616813
-1.1534984692869716,-1.4265392129941283,0.9390096548274028,-0.6884341042684081,-0.010684955963028146,-0.6865507261215884,-0.6874206446824462,1.2690674927085046,-0.7754453116877812,0.9053077315435715,1.7616460180989157,0.9451744205206718,2.3201791223490087,0.41390077802624936,-0.2946601358856844,-0.04424941669943058,-0.5461025666701101,-1.2676136780735823,-1.2761757670616813
-1.1534984692869716,-1.4265392129941283,1.083472678381759,-0.5519312229486596,-0.010684955963028146,-0.6865507261215884,-0.6874206446824462,1.1191728549162814,-0.7754453116877812,0.6391154166515961,1.5774352873262139,0.6695253826303786,1.62525778040117,0.41390077802624936,-0.1774321751542761,0.09016670552766641,-0.2868537172664848,-1.1713113095987198,-1.1795412593472703
-1.1534984692869716,-1.4265392129941283,1.227935701936115,-0.06942972748599835,-0.010684955963028146,-0.6865507261215884,-0.6874206446824462,1.1191728549162814,-0.7754453116877812,0.49202557079294545,1.4125935541333607,0.428978058728244,1.1900514662465365,0.41390077802624936,-0.06936799269516004,0.2077183266620773,-0.10801130748437192,-0.827977098139758,-0.8294301912441256
-1.1534984692869716,-1.4265392129941283,1.3723987254904713,-0.7030746009502787,-0.010684955963028146,0.27653817570290173,-0.6874206446824462,0.819383579331835,-1.3136846978689858,0.4082661478895911,1.2516126790327047,0.15550314055248807,0.8106104951956242,0.41390077802624936,0.014443907475979956,0.29763977795719987,0.016975270932798287,-0.7027975222996937,-0.6985274851374452
-1.1534984692869716,-1.4265392129941283,1.5168617490448273,1.3624807228767026,-0.010684955963028146,-0.6865507261215884,-0.6874206446824462,0.7444362604357235,-0.47642343047600094,0.2935271228308324,1.1275127743579072,0.09716992547433648,0.4897276507055386,0.41390077802624936,0.09574535514760137,0.34076230920303274,0.1688775374769708,0.20221098586288103,0.20669698196570221
-1.1534984692869716,-1.4265392129941283,1.6613247725991833,-0.7030746009502787,-0.010684955963028146,1.5797187863973992,-0.6874206446824462,0.6694889415396119,-0.536227806718357,0.2943758790542681,1.017950402387807,0.04085831847234063,0.24307246606591237,0.41390077802624936,0.1616288260148637,0.3772542416241317,0.28914231434025134,0.012326566200250763,0.03726806420651204
-1.1534984692869716,-1.3162942810934875,-1.6613247691510074,2.055937446329663,-0.010684955963028146,-0.6865507261215884,-0.6874206446824462,0.6694889415396119,-0.536227806718357,0.2751448154708744,0.933724694217915,0.24916517934117086,0.04190091736784954,0.41390077802624936,0.20923921060106793,0.28890314965686603,0.38809882900510484,0.6653376120683694,0.6468155092434085
-1.1534984692869716,-1.3162942810934875,-1.5168617455966513,-0.7030746009502787,-0.010684955963028146,-0.6865507261215884,-0.4069592458344591,0.6694889415396119,-0.536227806718357,0.3111214862391416,0.8635828731452033,0.2911415212028988,-0.19451406126239043,0.41390077802624936,0.2515510364555693,0.27401238703163283,0.5056287820782135,-1.1093906928597657,-1.1723307162072765
-1.1534984692869716,-1.3162942810934875,-1.372398722042295,-0.7030746009502787,-0.010684955963028146,-0.6865507261215884,-0.6874206446824462,0.6694889415396119,-0.536227806718357,0.3118656191992879,0.8173047591992125,0.2271015526994368,-0.26477388540864083,0.41390077802624936,0.2795333267007794,0.30488520466405983,0.5427228183871611,-1.2676136780735823,-1.2761757670616813
-1.1534984692869716,-1.3162942810934875,-1.227935698487939,-0.7030746009502787,-0.010684955963028146,-0.6865507261215884,-0.6874206446824462,0.5195943037473887,-0.2970103017489328,0.2563570929656698,0.76865474667036,0.10788552580584171,-0.33733905790395285,0.41390077802624936,0.30595574285066646,0.36062656312307934,0.5807861068162342,-1.2676136780735823,-1.2761757670616813
-1.1534984692869716,-1.3162942810934875,-1.083472674933583,-0.7030746009502787,-0.010684955963028146,-0.6865507261215884,-0.6874206446824462,0.5195943037473887,-0.2970103017489328,0.19641319426397413,0.7270411114863244,-0.018883142658040787,-0.4065670494675665,0.41390077802624936,0.3270294683448972,0.41979013815350924,0.6163809574849966,-1.2676136780735823,-1.2761757670616813
-1.1534984692869716,-1.3162942810934875,-0.9390096513792268,-0.5379958550770756,-0.010684955963028146,-0.6865507261215884,-0.6874206446824462,0.3696996659551655,0.0020115794628475024,0.07537846433677219,0.6696890351335202,-0.17642103416540544,-0.5113680389412498,0.41390077802624936,0.36222497118665037,0.4975861426346821,0.6736375777147638,-1.1613508740082146,-1.1690921091466373
-1.1534984692869716,-1.3162942810934875,-0.7945466278248707,0.00420836599599781,-0.010684955963028146,-0.6865507261215884,0.15314725586277236,0.5195943037473887,-0.2970103017489328,0.03734856202644933,0.6498072510310636,-0.2604690376628499,-0.5436746520037612,0.41390077802624936,0.37144924519409805,0.5379977925660263,0.6902923816604049,-0.21063627897881862,-0.2183353057610834
-1.1534984692869716,-1.3162942810934875,-0.6500836042705146,-0.7030746009502787,-0.010684955963028146,-0.6865507261215884,-0.6874206446824462,0.819383579331835,-0.536227806718357,0.09526800058349393,0.7862154237993854,0.11507429449977309,-0.39523886225708765,0.41390077802624936,0.279302430627955,0.39106238668761073,0.6458581001335563,-1.2676136780735823,-1.2761757670616813
-1.1534984692869716,-1.3162942810934875,-0.5056205807161585,-0.7030746009502787,-0.010684955963028146,-0.6865507261215884,-0.6874206446824462,0.9692782171240583,-1.0744671928995615,0.20518977826316864,0.9425158173022383,0.6750373521697126,-0.24489076449054306,0.41390077802624936,0.15645077671574145,0.13296067795818325,0.5569628984768731,-1.2676136780735823,-1.2761757670616813
-1.1534984692869716,-1.3162942810934875,-0.3611575571618023,-0.7030746009502787,-0.010684955963028146,-0.6865507261215884,-0.6874206446824462,1.2690674927085046,-1.493097826596054,0.36941887633481935,1.1283442260465313,1.2896360465546504,-0.017404229942867094,0.41390077802624936,0.020385022502202425,-0.1124888055002631,0.4467541942408475,-1.2676136780735823,-1.2761757670616813
-1.1534984692869716,-1.3162942810934875,-0.2166945336074462,-0.7030746009502787,-0.010684955963028146,-0.6865507261215884,-0.6874206446824462,1.4189621305007278,-1.9117284602925464,0.596569712739542,1.2990186450182433,1.7285289005100188,0.17401617535004038,0.24859384747658209,-0.10871191224406697,-0.2980176189947692,0.3275045228307014,-1.2676136780735823,-1.2761757670616813
-1.1534984692869716,-1.3162942810934875,-0.07223151005309006,-0.7030746009502787,-0.010684955963028146,-0.6865507261215884,-0.6874206446824462,1.568856768292951,-2.2705547177466827,0.8602406069862414,1.4556752755625821,1.8425570450958408,0.3360716669386638,0.05480824878428948,-0.22104261065426578,-0.35746724622150394,0.22984500244238454,-1.2676136780735823,-1.2761757670616813
-1.1534984692869716,-1.3162942810934875,0.07223151350126605,-0.7030746009502787,-0.010684955963028146,-0.6865507261215884,-0.6874206446824462,1.7187514060851743,-2.031337212777258,1.1212821878473975,1.5866188277765487,1.7001095171122529,0.48688034612616454,-0.06316815074407399,-0.29972611141250677,-0.29637157186061175,0.17647412466131185,-1.2676136780735823,-1.2761757670616813
-1.1534984692869716,-1.3162942810934875,0.2166945370556222,-0.7030746009502787,-0.010684955963028146,-0.6865507261215884,-0.6874206446824462,1.8686460438773973,-2.390163470231395,1.3317076878245089,1.7162751953679594,1.5556453542581083,0.7402945224309181,0.3303500763348352,-0.3852345433755161,-0.2526418032003334,0.05856839260673531,-1.2676136780735823,-1.2761757670616813
-1.1534984692869716,-1.3162942810934875,0.3611575606099783,-0.7030746009502787,-0.010684955963028146,-0.6865507261215884,-0.6874206446824462,1.7187514060851743,-1.8519240840501903,1.4787824940890617,1.8319116872055816,1.461898770974236,1.2914298312386976,0.41390077802624936,-0.44960176456204964,-0.20089433196432366,-0.1449042441756949,-1.2676136780735823,-1.2761757670616813
-1.1534984692869716,-1.3162942810934875,0.5056205841643344,-0.7030746009502787,-0.010684955963028146,-0.6865507261215884,-0.6874206446824462,1.6438040871890627,-1.7921197078078341,1.4747309582181776,1.9078952391382837,1.392543274552616,1.9389544154770082,0.41390077802624936,-0.48873575667940117,-0.16052692361603185,-0.3696523907758315,-1.2676136780735823,-1.2761757670616813
-1.1534984692869716,-1.3162942810934875,0.6500836077186906,-0.7030746009502787,-0.010684955963028146,-0.6865507261215884,-0.6874206446824462,1.568856768292951,-1.0146628166572054,1.3694812631397726,1.9386512980871895,1.3007022578809133,2.4726722600901834,0.41390077802624936,-0.45579257513257904,-0.025104522244996697,-0.463194063510747,-1.2676136780735823,-1.2761757670616813
-1.1534984692869716,-1.3162942810934875,0.7945466312730467,-0.6846585001624698,-0.010684955963028146,-0.6865507261215884,-0.6874206446824462,1.568856768292951,-1.2538803216266297,1.2055169927033234,1.9407671512964833,1.181032840410173,2.6799672631923013,0.41390077802624936,-0.44408267356872433,0.048648365408495306,-0.5101714582259494,-1.2676136780735823,-1.2761757670616813
-1.1534984692869716,-1.3162942810934875,0.9390096548274028,-0.6883770071350843,-0.010684955963028146,-0.6865507261215884,-0.6874206446824462,1.4189621305007278,-1.55290220283841,0.9713917080095672,1.8723014533349813,0.9717379693622622,2.3778356160221685,0.41390077802624936,-0.39353185882755404,0.15668652809309253,-0.39063116402420905,-1.2676136780735823,-1.2761757670616813
-1.1534984692869716,-1.3162942810934875,1.083472678381759,-0.6883343442063359,-0.010684955963028146,-0.6865507261215884,-0.6874206446824462,1.2690674927085046,-0.23720592550657674,0.7033279444955016,1.6842347348983837,0.7090043464136083,1.6916278886601932,0.41390077802624936,-0.2589090845597348,0.31651011435210236,-0.09876662050216917,-1.2676136780735823,-1.2761757670616813
-1.1534984692869716,-1.3162942810934875,1.227935701936115,-0.5761910447728295,-0.010684955963028146,-0.5454673373425487,-0.6874206446824462,1.149151896835259,-1.1940759453842735,0.526352463478217,1.4993247497766715,0.3576341089344645,1.2511289569050315,0.41390077802624936,-0.15843579125886936,0.4529576626010245,0.05745459331302936,-1.1017863370220808,-1.1099121509643748
-1.1534984692869716,-1.3162942810934875,1.3723987254904713,0.46152647450139306,-0.010684955963028146,-0.6865507261215884,-0.6874206446824462,1.0442255360201698,-0.8950540641724933,0.4172042440514887,1.3486761404300478,0.2282520209280978,0.868699902854559,0.41390077802624936,-0.05595601590553726,0.5229745220621409,0.22942599031836539,-0.443790180984587,-0.4363887607401616
-1.1534984692869716,-1.3162942810934875,1.5168617490448273,-0.7030746009502787,-0.010684955963028146,0.6826893740178196,-0.6874206446824462,0.9243099401469242,-0.596032182960713,0.37195141320181985,1.2168496491425547,0.06197289171218935,0.5710186440081176,0.41390077802624936,0.03931368009649889,0.6157551940972809,0.37564899404558205,-0.46530125911518866,-0.45805942539691136
-1.1534984692869716,-1.3162942810934875,1.6613247725991833,1.3038905284212716,-0.010684955963028146,-0.6865507261215884,-0.6874206446824462,0.819383579331835,-0.23720592550657674,0.2950245432866627,1.1078459848761912,0.07418791353191341,0.32045095853464456,0.41390077802624936,0.12241722582293026,0.6274280321669636,0.5117283671144173,0.1540906949178427,0.1495870042489657
-1.1534984692869716,-1.2060493491928466,-1.6613247691510074,-0.7030746009502787,-0.010684955963028146,1.4848264952248456,-0.6874206446824462,0.819383579331835,-0.23720592550657674,0.3047394671784846,1.016448918919982,0.14999117101315407,0.12576660963845926,0.41390077802624936,0.20207805807939969,0.6178685971700562,0.6357317190623544,-0.048963299379437934,-0.02403139284256464
-1.1534984692869716,-1.2060493491928466,-1.5168617455966513,-0.6736543634241293,-0.010684955963028146,-0.6865507261215884,-0.6874206446824462,0.6694889415396119,0.06181595570520356,0.25935651114509944,0.9310501333048847,0.31285453684987524,-0.10620123566046351,0.41390077802624936,0.27265561236454067,0.5549635721846218,0.7724982370787083,-1.2676136780735823,-1.2761757670616813
-1.1534984692869716,-1.2060493491928466,-1.372398722042295,-0.7030746009502787,-0.010684955963028146,-0.6865507261215884,-0.6874206446824462,0.6694889415396119,-0.8352496879301373,0.20991351860068772,0.8638013466433021,0.331030774448079,-0.2512485783455442,0.41390077802624936,0.30456554603641695,0.5097861929024066,0.8101490638599065,-1.2676136780735823,-1.2761757670616813
-1.1534984692869716,-1.2060493491928466,-1.227935698487939,-0.7030746009502787,-0.010684955963028146,-0.6865507261215884,-0.6874206446824462,0.5195943037473887,0.36083783691698385,0.1438223492853408,0.803921518001986,0.23051400060822447,-0.359674815576047,0.41390077802624936,0.3486575372289986,0.5561166726605526,0.8664490962234268,-1.2676136780735823,-1.2761757670616813
-1.1534984692869716,-1.2060493491928466,-1.083472674933583,-0.663116417059766,-0.010684955963028146,-0.6865507261215884,-0.6874206446824462,0.5195943037473887,0.36083783691698385,0.0798327997713209,0.7605976667086297,0.11532958572054225,-0.4380346882456152,0.41390077802624936,0.37814041092870204,0.610441432979873,0.9072572525060929,-1.2676136780735823,-1.2761757670616813
-1.1534984692869716,-1.2060493491928466,-0.9390096513792268,-0.36420288091546366,-0.010684955963028146,-0.6865507261215884,-0.6874206446824462,0.5195943037473887,0.36083783691698385,0.00927748659049188,0.7119671358929834,-0.011755710166501999,-0.5239689281700599,0.41390077802624936,0.4254726597445103,0.6919420194301733,0.974630209743641,-1.0293420494196395,-1.0377095759996264
-1.1534984692869716,-1.2060493491928466,-0.7945466278248707,-0.7030746009502787,-0.010684955963028146,-0.6865507261215884,-0.18857200910088368,0.6694889415396119,0.36083783691698385,-0.03050943264769832,0.6902144115472547,-0.12201748037837903,-0.5654839146593206,0.41390077802624936,0.46727834598217327,0.7872058587493849,1.039824915314063,-0.9704889568725015,-0.9788084162665697
-1.1534984692869716,-1.2060493491928466,-0.6500836042705146,-0.295802936758109,-0.010684955963028146,-0.6865507261215884,-0.6874206446824462,0.9692782171240583,0.06181595570520356,0.05313882803841096,0.8286897332418546,0.22608121668396008,-0.4342450633738962,0.41390077802624936,0.4108688446666656,0.685667955715921,1.046982402247543,-0.9843805807708816,-0.992304719858795
-1.1534984692869716,-1.2060493491928466,-0.5056205807161585,-0.7030746009502787,-0.010684955963028146,-0.6865507261215884,-0.6874206446824462,1.2690674927085046,-0.7754453116877812,0.16563303020421524,1.0012837967398545,0.9130359082021552,-0.2329864436298222,0.41390077802624936,0.30614084533911023,0.382838440261473,0.9613170220283227,-1.2676136780735823,-1.2761757670616813
-1.1534984692869716,-1.2060493491928466,-0.3611575571618023,-0.7030746009502787,-0.010684955963028146,-0.6865507261215884,-0.6874206446824462,1.568856768292951,-1.0146628166572054,0.33638211926498596,1.1790439931148706,1.6079054564317938,-0.03508372102359857,0.41390077802624936,0.22424986552330464,0.1398651842309331,0.9223696376689975,-1.2676136780735823,-1.2761757670616813
-1.1534984692869716,-1.2060493491928466,-0.2166945336074462,-0.7030746009502787,-0.010684955963028146,-0.6865507261215884,-0.6874206446824462,1.7187514060851743,-1.2538803216266297,0.5761256731973861,1.3560896280805002,2.0482065564393923,0.15916364514634385,0.41390077802624936,0.11884990559968,-0.01861163619103879,0.8407013579929219,-1.2676136780735823,-1.2761757670616813
-1.1534984692869716,-1.2060493491928466,-0.07223151005309006,-0.7030746009502787,-0.010684955963028146,-0.6865507261215884,-0.6874206446824462,1.9585828837329977,-1.7921197078078341,0.8746008037681152,1.5331916208593335,2.105346202173688,0.3624305951853293,0.3737050523578187,0.023085879905198326,-0.021259408188526084,0.7584404785750077,-1.2676136780735823,-1.2761757670616813
-1.1534984692869716,-1.2060493491928466,0.07223151350126605,-0.7030746009502787,-0.010684955963028146,-0.6865507261215884,-0.6874206446824462,1.7187514060851743,-1.0146628166572054,1.1338487495592526,1.662314328663987,1.918140652663108,0.514239370779818,0.41390077802624936,-0.005365674070480526,0.12553741743709287,0.7682277633311488,-1.2676136780735823,-1.2761757670616813
-1.1534984692869716,-1.2060493491928466,0.2166945370556222,-0.7030746009502787,-0.010684955963028146,-0.6865507261215884,-0.6874206446824462,1.7187514060851743,-1.0146628166572054,1.3180497746974658,1.7498922830562982,1.6695151851323495,0.7226890824267007,0.41390077802624936,-0.009122676140612608,0.29964366142486987,0.7411201462531237,-1.2676136780735823,-1.2761757670616813
-1.1534984692869716,-1.2060493491928466,0.3611575606099783,-0.7030746009502787,-0.010684955963028146,-0.6865507261215884,-0.6874206446824462,1.7187514060851743,-1.0146628166572054,1.4066290605614862,1.8286331931831572,1.5229158593408632,1.2143654455340802,0.41390077802624936,-1.5537301633209513e-05,0.4366429282389167,0.5730270678235189,-1.2676136780735823,-1.2761757670616813
-1.1534984692869716,-1.2060493491928466,0.5056205841643344,-0.7030746009502787,-0.010684955963028146,-0.6865507261215884,-0.6874206446824462,1.6438040871890627,-0.9548584404148494,1.4224801388452348,1.9161248714169838,1.4395301210557387,1.8130342217311062,0.41390077802624936,-0.029333795116431576,0.5035674311669697,0.3219654402032298,-1.2676136780735823,-1.2761757670616813
-1.1534984692869716,-1.2060493491928466,0.6500836077186906,-0.7030746009502787,-0.010684955963028146,-0.6865507261215884,-0.6874206446824462,1.568856768292951,-0.7754453116877812,1.3306274526310453,1.9680554652946756,1.3569616462241154,2.1601710209637877,0.41390077802624936,-0.032394252666247916,0.5768787704719578,0.20200438708383187,-1.2676136780735823,-1.2761757670616813
-1.1534984692869716,-1.2060493491928466,0.7945466312730467,-0.7030746009502787,-0.010684955963028146,-0.6865507261215884,-0.6874206446824462,1.568856768292951,-1.0146628166572054,1.1698188813735644,1.922616456567497,1.2021971457060157,1.9675332485229113,0.41390077802624936,0.007003896127320265,0.650893637695682,0.2854537412234949,-1.2676136780735823,-1.2761757670616813
-1.1534984692869716,-1.2060493491928466,0.9390096548274028,-0.7030746009502787,-0.010684955963028146,-0.6865507261215884,-0.6874206446824462,1.4189621305007278,-1.0146628166572054,0.9892914405676025,1.8268533995266714,0.9940229036531695,1.7340225368385946,0.41390077802624936,0.0843851719570955,0.7442750410301127,0.3817522910182675,-1.2676136780735823,-1.2761757670616813
-1.1534984692869716,-1.2060493491928466,1.083472678381759,-0.6882843521954349,-0.010684955963028146,-0.6865507261215884,-0.6874206446824462,1.2690674927085046,-0.536227806718357,0.6749855024703871,1.6376400431127913,0.7249501013004817,1.2199949548453433,0.41390077802624936,0.2280063855557064,0.8963472416937264,0.6395674595431489,-1.2676136780735823,-1.2761757670616813
-1.1534984692869716,-1.2060493491928466,1.227935701936115,-0.6882288577739264,-0.010684955963028146,-0.6865507261215884,-0.6874206446824462,1.2990465346274822,-0.35681467799128885,0.5084801945267952,1.4649221315808374,0.47231540118900756,0.8856478343991782,0.41390077802624936,0.36465588746066574,1.0513523990691116,0.8288471796641047,-1.2676136780735823,-1.2761757670616813
-1.1534984692869716,-1.2060493491928466,1.3723987254904713,-0.688275554777305,-0.010684955963028146,-0.6865507261215884,-0.6874206446824462,1.2690674927085046,-0.23720592550657674,0.3655680863503717,1.3314563932821322,0.27152222511326946,0.601938630319199,0.41390077802624936,0.4873431665068394,1.193374386782643,1.0105119712675161,-1.2676136780735823,-1.2761757670616813
-1.1534984692869716,-1.2060493491928466,1.5168617490448273,-0.3743733177619751,-0.010684955963028146,-0.6865507261215884,-0.6874206446824462,1.1641411318934154,-0.6558365592030692,0.2609428613747259,1.2177305008896662,0.10215805069053377,0.369149713193872,0.41390077802624936,0.5808931929059508,1.2771558003357015,1.1283139874498107,-1.0425883517586692,-1.0477115766996061
-1.1534984692869716,-1.2060493491928466,1.6613247725991833,-0.7030746009502787,-0.010684955963028146,-0.6865507261215884,-0.6874206446824462,1.0592150569796586,-0.7754453116877812,0.21258533518694228,1.1173384496359395,-0.03834329616848941,0.12098665333687514,0.41390077802624936,0.6419529122058777,1.3004828256116232,1.2148090946472867,-1.2676136780735823,-1.2761757670616813
-1.1534984692869716,-1.0958044172922057,-1.6613247691510074,1.0749904263115606,-0.010684955963028146,-0.6865507261215884,-0.6874206446824462,1.0592150569796586,-0.7754453116877812,0.16922880098439486,1.0489632024857525,-0.13894792997393332,-0.019896740353447986,0.41390077802624936,0.6859885049840116,1.3271271021344582,1.2659316306664912,0.013172435779891056,0.02837455421829351
-1.1534984692869716,-1.0958044172922057,-1.5168617455966513,-0.7030746009502787,-0.010684955963028146,-0.6865507261215884,-0.6874206446824462,1.0592150569796586,-0.7754453116877812,0.17096423936420874,0.9802372844978525,-0.23462411703037273,-0.14336917983391514,0.41390077802624936,0.7242237377531773,1.3344972293817847,1.290881084204232,-1.2676136780735823,-1.2761757670616813
-1.1534984692869716,-1.0958044172922057,-1.372398722042295,-0.7030746009502787,-0.010684955963028146,-0.6865507261215884,-0.6874206446824462,1.0592150569796586,-0.7754453116877812,0.15685317672804294,0.9295034244314022,-0.30442222875033903,-0.22968018512567917,0.41390077802624936,0.7505974680923018,1.3350276946374038,1.3021190810770917,-1.2676136780735823,-1.2761757670616813
-1.1534984692869716,-1.0958044172922057,-1.227935698487939,-0.7030746009502787,-0.010684955963028146,-0.6865507261215884,-0.6874206446824462,0.864351856308969,-0.41661905423364487,0.12075030414843282,0.8788544489724935,-0.3735564175227855,-0.30906293914885496,0.41390077802624936,0.7816435901514405,1.350315330287078,1.3243238851104446,-1.2676136780735823,-1.2761757670616813
-1.1534984692869716,-1.0958044172922057,-1.083472674933583,-0.5945315773486124,-0.010684955963028146,-0.6865507261215884,-0.6874206446824462,0.6544994205801231,0.0020115794628475024,0.06074951654732355,0.8166924767841588,-0.4571966181610792,-0.4015226250355746,0.41390077802624936,0.820276504048122,1.3700253892779566,1.35031661114874,-1.2676136780735823,-1.2761757670616813
-1.1534984692869716,-1.0958044172922057,-0.9390096513792268,-0.4743900600803479,-0.010684955963028146,-0.6865507261215884,-0.34702448105572375,0.4596365058107659,0.4206422131593399,-0.011203824989210867,0.7459168042567721,-0.5527095183003384,-0.50007158790642,0.41390077802624936,0.8673412219236014,1.4014299733890336,1.3846415428423613,-0.8943444279821897,-0.9026017073883043
-1.1534984692869716,-1.0958044172922057,-0.7945466278248707,-0.47152767556774455,-0.010684955963028146,-0.6865507261215884,-0.442399639518877,0.9692782171240583,-0.536227806718357,-0.03926116862186158,0.7281647888730425,-0.5835525105602116,-0.5068728944724125,0.41390077802624936,0.8786006592284699,1.4034221458494252,1.3721179058516146,-0.9577845565838157,-0.9660936361071268
-1.1534984692869716,-1.0958044172922057,-0.6500836042705146,-0.7030746009502787,-0.010684955963028146,-0.6865507261215884,-0.6874206446824462,0.819383579331835,0.06181595570520356,0.007160827195067011,0.8352460255112315,-0.15385760036093177,-0.4105039627442202,0.41390077802624936,0.8017378149776563,1.1579746142255252,1.3211316197362082,-1.2676136780735823,-1.2761757670616813
-1.1534984692869716,-1.0958044172922057,-0.5056205807161585,-0.6884323321870472,-0.010684955963028146,-0.6865507261215884,-0.6874206446824462,1.1191728549162814,-0.536227806718357,0.2168193078731876,0.9903218541839769,0.43803592385994955,-0.2209250693870439,0.41390077802624936,0.6844532148129351,0.8394759879028281,1.2116439045744458,-1.2676136780735823,-1.2761757670616813
-1.1534984692869716,-1.0958044172922057,-0.3611575571618023,-0.7030746009502787,-0.010684955963028146,-0.6865507261215884,-0.6874206446824462,1.4189621305007278,-1.2538803216266297,0.37181213348256575,1.21303610378243,1.1085699193565286,0.017566594377966715,0.41390077802624936,0.5063759442508855,0.48874454900985126,1.0506235935868569,-1.2676136780735823,-1.2761757670616813
-1.1534984692869716,-1.0958044172922057,-0.2166945336074462,-0.7030746009502787,-0.010684955963028146,-0.6865507261215884,-0.6874206446824462,1.7187514060851743,-1.8519240840501903,0.6036749401076873,1.3991929185493428,1.6121973328640753,0.22546051607694656,0.41390077802624936,0.3589832674502328,0.24111811942061798,0.9086337258931783,-1.2676136780735823,-1.2761757670616813
-1.1534984692869716,-1.0958044172922057,-0.07223151005309006,-0.7030746009502787,-0.010684955963028146,-0.6865507261215884,-0.6874206446824462,1.568856768292951,-1.2538803216266297,0.8797351904140454,1.5404019420720634,1.7521839529435606,0.3743048073665883,0.21137454787016277,0.26952333119290633,0.19727861428472918,0.8472278157245178,-1.2676136780735823,-1.2761757670616813
-1.1534984692869716,-1.0958044172922057,0.07223151350126605,-0.7030746009502787,-0.010684955963028146,-0.6865507261215884,-0.6874206446824462,1.7187514060851743,-1.4332934503536978,1.1256351694956346,1.668010642450402,1.59701330730151,0.5273854712313146,0.14192227745135105,0.1873209550033125,0.2713023731991649,0.7755660434062066,-1.2676136780735823,-1.2761757670616813
-1.1534984692869716,-1.0958044172922057,0.2166945370556222,-0.7030746009502787,-0.010684955963028146,-0.6865507261215884,-0.6874206446824462,1.568856768292951,-1.0146628166572054,1.326156115916212,1.7725912620434736,1.4504139815100237,0.756239102576175,0.41390077802624936,0.13828036447124198,0.3703397593081445,0.6965424092987188,-1.2676136780735823,-1.2761757670616813
-1.1534984692869716,-1.0958044172922057,0.3611575606099783,-0.7030746009502787,-0.010684955963028146,-0.6865507261215884,-0.6874206446824462,1.568856768292951,-0.7156409354454252,1.4391655876537168,1.8858669877057808,1.3803514610256893,1.229986967686193,0.41390077802624936,0.09572583261952332,0.4603464407117946,0.5240061429005545,-1.2676136780735823,-1.2761757670616813
-1.1534984692869716,-1.0958044172922057,0.5056205841643344,-0.7030746009502787,-0.010684955963028146,-0.6865507261215884,-0.6874206446824462,1.568856768292951,-1.0146628166572054,1.4258888955422846,1.9483483208356036,1.3170201743201415,1.7446574106733586,0.41390077802624936,0.06324950461451834,0.49864967559198226,0.2949442894103071,-1.2676136780735823,-1.2761757670616813
-1.1534984692869716,-1.0958044172922057,0.6500836077186906,-0.7030746009502787,-0.010684955963028146,-0.6865507261215884,-0.6874206446824462,1.568856768292951,-0.7754453116877812,1.329097337405437,1.9818137294711224,1.250146307492622,2.1322000577437756,0.41390077802624936,0.05628189024157451,0.5587171668879152,0.15342430920536695,-1.2676136780735823,-1.2761757670616813
-1.1534984692869716,-1.0958044172922057,0.7945466312730467,-0.7030746009502787,-0.010684955963028146,-0.6865507261215884,-0.6874206446824462,1.568856768292951,-0.47642343047600094,1.1862813518521607,1.9561862315237637,1.1317923029029227,2.220792812689888,0.41390077802624936,0.09569064386520978,0.6548608498465571,0.15061153474907996,-1.2676136780735823,-1.2761757670616813
-1.1534984692869716,-1.0958044172922057,0.9390096548274028,-0.7030746009502787,-0.010684955963028146,-0.6865507261215884,-0.6874206446824462,1.4189621305007278,-0.23720592550657674,0.9381228180743103,1.864466325748708,0.9280367540251426,1.9909301337090106,0.41390077802624936,0.18850339355579313,0.80905165847507,0.2954692008986563,-1.2676136780735823,-1.2761757670616813
-1.1534984692869716,-1.0958044172922057,1.083472678381759,-0.7030746009502787,-0.010684955963028146,-0.6865507261215884,-0.6874206446824462,1.2690674927085046,0.06181595570520356,0.6769491503432512,1.6747534025461817,0.6764630044415403,1.4143839131835656,0.41390077802624936,0.33648945880247255,0.9683469481835123,0.5881250419389064,-1.2676136780735823,-1.2761757670616813
-1.1534984692869716,-1.0958044172922057,1.227935701936115,-0.7030746009502787,-0.010684955963028146,-0.6865507261215884,-0.6874206446824462,1.2690674927085046,0.06181595570520356,0.4995702158669066,1.5260647927032018,0.4676828601731673,1.0002618121331277,0.41390077802624936,0.4702009407411174,1.1222816327454324,0.8345522076872275,-1.2676136780735823,-1.2761757670616813
-1.1534984692869716,-1.0958044172922057,1.3723987254904713,-0.7030746009502787,-0.010684955963028146,-0.6865507261215884,-0.6874206446824462,1.2690674927085046,-0.7754453116877812,0.39059397092921033,1.4045643051904964,0.2962730405138788,0.6841857776317136,0.41390077802624936,0.5528872828119549,1.1911896333136702,0.9780307802592608,-1.2676136780735823,-1.2761757670616813
-1.1534984692869716,-1.0958044172922057,1.5168617490448273,-0.7030746009502787,-0.010684955963028146,-0.6865507261215884,-0.6874206446824462,1.149151896835259,-0.41661905423364487,0.2790420320284067,1.2958229482769457,0.14455214182261128,0.43848593325392937,0.41390077802624936,0.6421457272980066,1.2706930592819605,1.107733264801791,-1.2676136780735823,-1.2761757670616813
-1.1534984692869716,-1.0958044172922057,1.6613247725991833,-0.7030746009502787,-0.010684955963028146,-0.6865507261215884,-0.6874206446824462,1.029236015060681,-0.596032182960713,0.20505638360247458,1.1961475457590205,0.009747601977699749,0.24034803744866626,0.41390077802624936,0.7073904981725919,1.3168387653697111,1.189945233997829,-1.2676136780735823,-1.2761757670616813
-1.1534984692869716,-0.9855594853915648,-1.6613247691510074,-0.7030746009502787,-0.010684955963028146,-0.6865507261215884,-0.6874206446824462,0.8943308982279466,-0.2970103017489328,0.10976616929383073,1.1059319065536763,-0.11460325969727489,0.07304549815275407,0.41390077802624936,0.7658621568984184,1.3542810243444172,1.252775217680222,-1.2676136780735823,-1.2761757670616813
-1.1534984692869716,-0.9855594853915648,-1.5168617455966513,-0.6881920821865709,-0.010684955963028146,-0.6865507261215884,-0.6874206446824462,0.7444362604357235,0.06181595570520356,0.025960319817391705,1.0169978857671154,-0.23469457077636421,-0.07890812460238868,0.41390077802624936,0.8277153103024559,1.3994408371157145,1.3172659654143555,-1.2676136780735823,-1.2761757670616813
-1.1534984692869716,-0.9855594853915648,-1.372398722042295,-0.6881266131586035,-0.010684955963028146,-0.6865507261215884,-0.6874206446824462,0.6095311436029891,0.4206422131593399,-0.05888849281496412,0.9196317620396034,-0.3638072768127635,-0.24051605473955287,0.41390077802624936,0.8961357457444046,1.4556953111899404,1.3938637398564693,-1.2676136780735823,-1.2761757670616813
-1.1534984692869716,-0.9855594853915648,-1.227935698487939,-0.6241917009406776,-0.010684955963028146,-0.6865507261215884,-0.6874206446824462,0.5645625807245227,0.48044658940169593,-0.13287021786852293,0.8339880634584846,-0.47548723948806915,-0.3744142347947384,0.41390077802624936,0.9614619809954142,1.5094657504980742,1.4621148975957396,-1.2209874766200572,-1.229532829363248
-1.1534984692869716,-0.9855594853915648,-1.083472674933583,-0.6461279517678024,-0.010684955963028146,-0.6865507261215884,-0.6439344645773676,0.5345838247068775,0.5402509656440521,-0.19454955495003246,0.7578813592673002,-0.5712371957608997,-0.5282647043559746,0.41390077802624936,1.020107173304157,1.556192669539651,1.5466907152829872,-1.2098099351806704,-1.218535350174752
-1.1534984692869716,-0.9855594853915648,-0.9390096513792268,-0.33874788679607487,-0.010684955963028146,-0.6865507261215884,-0.3670121754994122,0.4896152618284111,0.6598597181287641,-0.24515844298472608,0.6908232150849503,-0.6559143097666681,-0.6125771443299499,0.41390077802624936,1.0729852662073232,1.5999406553223627,1.5912164851266488,-0.8083447815436208,-0.8107720260525695
-1.1534984692869716,-0.9855594853915648,-0.7945466278248707,-0.09844353129328402,-0.010684955963028146,-0.6865507261215884,-0.18696818017593994,0.4896152618284111,0.6598597181287641,-0.24543896410942095,0.6560483570117823,-0.7022156827646735,-0.5937055122921499,0.41390077802624936,1.1000907298210771,1.6228235298037186,1.5722205410070977,-0.5052837850191253,-0.5132233593649601
-1.1534984692869716,-0.9855594853915648,-0.6500836042705146,-0.7030746009502787,-0.010684955963028146,-0.6865507261215884,-0.1289867418017818,0.9692782171240583,0.06181595570520356,-0.13600499239483335,0.7931641334347741,-0.22380988145447941,-0.36081813164750187,0.41390077802624936,0.9932726148948442,1.3392228376892013,1.4365623635543296,-0.942525359651714,-0.9434414044217937
-1.1534984692869716,-0.9855594853915648,-0.5056205807161585,-0.7030746009502787,-0.010684955963028146,-0.6865507261215884,-0.6874206446824462,1.2690674927085046,-0.536227806718357,0.02487223787918133,0.9725440951077962,0.396974651828511,-0.1640831375555399,0.41390077802624936,0.8565556277076397,0.9993125863921474,1.3294131683760197,-1.2676136780735823,-1.2761757670616813
-1.1534984692869716,-0.9855594853915648,-0.3611575571618023,-0.7030746009502787,-0.010684955963028146,-0.6865507261215884,-0.6874206446824462,1.4189621305007278,-0.7754453116877812,0.22227541105373289,1.159014704612424,0.9912909560438996,0.07469740678268526,0.41390077802624936,0.7203515286654981,0.7051390234101141,1.2028387545415138,-1.2676136780735823,-1.2761757670616813
-1.1534984692869716,-0.9855594853915648,-0.2166945336074462,-0.7030746009502787,-0.010684955963028146,-0.6865507261215884,-0.6874206446824462,1.568856768292951,-1.0146628166572054,0.4745822572210104,1.3440784561133714,1.4602949121684297,0.27820929499783287,0.41390077802624936,0.5865315882375308,0.4891646271783444,1.0955371516182506,-1.2676136780735823,-1.2761757670616813
-1.1534984692869716,-0.9855594853915648,-0.07223151005309006,-0.7030746009502787,-0.010684955963028146,-0.6865507261215884,-0.6874206446824462,1.8686460438773973,-1.4332934503536978,0.801902675376039,1.5424607416926817,1.6478585324821662,0.5058634616527826,0.1351403113382234,0.4469990186675137,0.4115878787778874,0.9775250835009345,-1.2676136780735823,-1.2761757670616813
-1.1534984692869716,-0.9855594853915648,0.07223151350126605,-0.7030746009502787,-0.010684955963028146,-0.6865507261215884,-0.6874206446824462,1.8686460438773973,-1.1940759453842735,1.0707256114443486,1.6964727296692712,1.546189632678451,0.6615481194169078,0.12670244621876547,0.3501465517779642,0.47872339670746017,0.916338832632307,-1.2676136780735823,-1.2761757670616813
-1.1534984692869716,-0.9855594853915648,0.2166945370556222,-0.7030746009502787,-0.010684955963028146,-0.6865507261215884,-0.6874206446824462,1.8686460438773973,-1.1940759453842735,1.3003985223897427,1.829961428558541,1.4625966774933514,0.9121288248598779,0.10523980586315837,0.2688373915026577,0.5384206900510866,0.8060021757622662,-1.2676136780735823,-1.2761757670616813
-1.1534984692869716,-0.9855594853915648,0.3611575606099783,-0.7030746009502787,-0.010684955963028146,-0.6865507261215884,-0.6874206446824462,1.7187514060851743,-0.7156409354454252,1.4236375336953746,1.9360873654741517,1.3972893704296427,1.372204908249958,0.3376514031770932,0.22009711047657796,0.6126029813047935,0.6175290376038568,-1.2676136780735823,-1.2761757670616813
-1.1534984692869716,-0.9855594853915648,0.5056205841643344,-0.7030746009502787,-0.010684955963028146,-0.6865507261215884,-0.6874206446824462,1.8686460438773973,-0.7156409354454252,1.4398972966013477,1.9979640697191092,1.3465452670961742,1.9625425314650946,0.41390077802624936,0.20871041521090436,0.6894386831891219,0.38828660932123643,-1.2676136780735823,-1.2761757670616813
-1.1534984692869716,-0.9855594853915648,0.6500836077186906,-0.7030746009502787,-0.010684955963028146,-0.6865507261215884,-0.6874206446824462,1.568856768292951,-0.23720592550657674,1.3302311920213366,1.9988852764435765,1.2484869145576225,2.4827619227022604,0.41390077802624936,0.2484804561134162,0.8063082465848076,0.2187323380130823,-1.2676136780735823,-1.2761757670616813
-1.1534984692869716,-0.9855594853915648,0.7945466312730467,-0.687783996764701,-0.010684955963028146,-0.6865507261215884,-0.6874206446824462,1.7187514060851743,-0.17740154926422066,1.1631439171756968,1.9864121095632707,1.1380950121325613,2.7699970972716446,0.41390077802624936,0.28706420216160483,0.9178924588992611,0.14290861150199927,-1.2676136780735823,-1.2761757670616813
-1.1534984692869716,-0.9855594853915648,0.9390096548274028,-0.6883485138584806,-0.010684955963028146,-0.6865507261215884,-0.6874206446824462,1.568856768292951,0.06181595570520356,0.9876174683549712,1.9132040059869886,0.9469813518884534,2.4538282954875643,0.41390077802624936,0.3660084853319502,1.0650980854271048,0.31510556323589795,-1.2676136780735823,-1.2761757670616813
-1.1534984692869716,-0.9855594853915648,1.083472678381759,-0.6883322305863874,-0.010684955963028146,-0.6865507261215884,-0.6874206446824462,1.4189621305007278,0.4206422131593399,0.7080869951843809,1.7278563780936071,0.6964743549059224,1.8904363128945516,0.41390077802624936,0.5296376390030492,1.2542646847751495,0.6176438892855838,-1.2676136780735823,-1.2761757670616813
-1.1534984692869716,-0.9855594853915648,1.227935701936115,-0.7030746009502787,-0.010684955963028146,-0.6690689850706925,-0.6874206446824462,1.2690674927085046,0.7196640943711202,0.5381101565857656,1.5474327532131071,0.3618455852095556,1.3840156480799193,0.41390077802624936,0.6857715880053666,1.482551253325811,0.9016116154666769,-1.2676136780735823,-1.2761757670616813
-1.1534984692869716,-0.9855594853915648,1.3723987254904713,-0.7030746009502787,-0.010684955963028146,-0.6692797330820507,-0.6874206446824462,1.4189621305007278,0.06181595570520356,0.4155825834705021,1.4173004751990865,0.19388385476585052,0.9965657682921683,0.41390077802624936,0.8177294166810989,1.6292797647423047,1.1526673476584364,-1.2676136780735823,-1.2761757670616813
-1.1534984692869716,-0.9855594853915648,1.5168617490448273,-0.49327338145689026,-0.010684955963028146,-0.4773391610557443,-0.6874206446824462,1.4189621305007278,0.4206422131593399,0.3350592888797699,1.311439628738175,0.09159827746780971,0.693211871485505,0.41390077802624936,0.9572865701753625,1.7791841278363483,1.408392695944137,-0.9980136671306696,-1.00305964075072
-1.1534984692869716,-0.9855594853915648,1.6613247725991833,-0.5049321650827079,-0.010684955963028146,-0.5184213011476884,-0.6874206446824462,1.2690674927085046,0.4206422131593399,0.24701815892629442,1.2106036727335345,-0.014340119342989724,0.4484177287358555,0.41390077802624936,1.100602171852949,1.9214130100118012,1.6286367351475737,-1.0326909272507208,-1.0405818735329888
-1.1534984692869716,-0.8753145534909239,-1.6613247691510074,-0.20981543503199937,-0.010684955963028146,-0.2594643667590329,-0.6874206446824462,1.2690674927085046,0.4206422131593399,0.2120092533434547,1.1286239277861354,-0.05484024800929608,0.25622751774643826,0.41390077802624936,1.1941570186293635,1.9788967061092688,1.783081241483281,-0.6564672448855187,-0.6585070483705796
-1.1534984692869716,-0.8753145534909239,-1.5168617455966513,-0.7030746009502787,-0.010684955963028146,-0.6865507261215884,-0.6874206446824462,1.194120173812393,0.36083783691698385,0.17998407245055126,1.0566633496305253,-0.08428079629013877,0.05908158086722741,0.41390077802624936,1.2837393924701919,2.0197928447491384,1.9370314052193116,-1.2676136780735823,-1.2761757670616813
-1.1534984692869716,-0.8753145534909239,-1.372398722042295,-0.7030746009502787,-0.010684955963028146,-0.6865507261215884,-0.6874206446824462,1.1191728549162814,0.36083783691698385,0.13912214918206187,0.9993182310324376,-0.1320335164555688,-0.061353950728065765,0.41390077802624936,1.3499279932207482,2.0552750280982166,2.023370174386148,-1.2676136780735823,-1.2761757670616813
-1.1534984692869716,-0.8753145534909239,-1.227935698487939,-0.7030746009502787,-0.010684955963028146,-0.6865507261215884,-0.6874206446824462,1.1191728549162814,0.7196640943711202,0.09324484822963401,0.9491389040168938,-0.1923369498186823,-0.1613456889687968,0.41390077802624936,1.4107163252785038,2.1089496106430703,2.1059157811671265,-1.2676136780735823,-1.2761757670616813
-1.1534984692869716,-0.8753145534909239,-1.083472674933583,-0.7030746009502787,-0.010684955963028146,-0.6865507261215884,-0.6874206446824462,0.9692782171240583,0.36083783691698385,0.046460594363565665,0.9031544073199402,-0.2575663433280006,-0.24376860586952084,0.41390077802624936,1.4549688350352827,2.146514184582686,2.156817784489479,-1.2676136780735823,-1.2761757670616813
-1.1534984692869716,-0.8753145534909239,-0.9390096513792268,-0.7030746009502787,-0.010684955963028146,-0.6865507261215884,-0.6874206446824462,0.9692782171240583,1.0784903518252564,-0.0020296725895164176,0.8576896549003107,-0.3272666486711787,-0.3239024493830545,0.41390077802624936,1.507573130507626,2.2012353841854373,2.2203307644844994,-1.2676136780735823,-1.2761757670616813
-1.1534984692869716,-0.8753145534909239,-0.7945466278248707,-0.6316202156141666,-0.010684955963028146,-0.6865507261215884,-0.6874206446824462,0.9692782171240583,1.0784903518252564,-0.03840456565367913,0.828810798173922,-0.37931870507728926,-0.38057430786300395,0.41390077802624936,1.5399472665138028,2.2428905695933636,2.2663723145079113,-1.2676136780735823,-1.2761757670616813
-1.1534984692869716,-0.8753145534909239,-0.6500836042705146,-0.7030746009502787,-0.010684955963028146,-0.6865507261215884,-0.6697863938621115,1.2690674927085046,0.4206422131593399,0.042222698304947015,0.9523415585129081,0.0937840013287456,-0.295841160124657,0.41390077802624936,1.4583223715251352,1.9411959374924133,2.234316904449024,-1.2676136780735823,-1.2761757670616813
-1.1534984692869716,-0.8753145534909239,-0.5056205807161585,-0.7030746009502787,-0.010684955963028146,-0.6865507261215884,-0.6874206446824462,1.7187514060851743,-0.47642343047600094,0.15952172383731972,1.1264050998070372,0.8279534779400357,-0.1303581615659498,0.41390077802624936,1.328727973841173,1.4913956662672088,2.1363126106663213,-1.2676136780735823,-1.2761757670616813
-1.1534984692869716,-0.8753145534909239,-0.3611575571618023,-0.7030746009502787,-0.010684955963028146,-0.6865507261215884,-0.6874206446824462,1.778709204021797,-0.536227806718357,0.34060824520648453,1.300720511821904,1.531357875845843,0.0518734002544538,0.41390077802624936,1.2072506094981084,1.1104522141710247,2.0348313241463174,-1.2676136780735823,-1.2761757670616813
-1.1534984692869716,-0.8753145534909239,-0.2166945336074462,-0.7030746009502787,-0.010684955963028146,-0.6865507261215884,-0.6874206446824462,1.8386670019584197,-0.536227806718357,0.5932786572136929,1.478827204381803,2.010768264687116,0.2442613520306067,0.41390077802624936,1.0824626100231902,0.88062066014161,1.9303066864097536,-1.2676136780735823,-1.2761757670616813
-1.1534984692869716,-0.8753145534909239,-0.07223151005309006,-0.7030746009502787,-0.010684955963028146,-0.6865507261215884,-0.6874206446824462,1.8986250857963751,-0.596032182960713,0.8757438129195525,1.6247292334608165,2.0841280204838517,0.41298876423834624,0.41390077802624936,1.0037656122085001,0.8797774676175515,1.8611362785182575,-1.2676136780735823,-1.2761757670616813
-1.1534984692869716,-0.8753145534909239,0.07223151350126605,-0.7030746009502787,-0.010684955963028146,-0.6865507261215884,-0.6874206446824462,2.0185406816696205,-0.9548584404148494,1.1119772563685912,1.7361889851421117,1.8850746375003034,0.5546826510298573,0.41390077802624936,0.9407965414587666,0.9984702613501095,1.784669950297436,-1.2676136780735823,-1.2761757670616813
-1.1534984692869716,-0.8753145534909239,0.2166945370556222,-0.7030746009502787,-0.010684955963028146,-0.6865507261215884,-0.6874206446824462,1.8686460438773973,-0.47642343047600094,1.3066536857436613,1.820787628964809,1.6625535261607907,0.7553993145436189,0.41390077802624936,0.9129598266081138,1.1557434504684485,1.6958808663542875,-1.2676136780735823,-1.2761757670616813
-1.1534984692869716,-0.8753145534909239,0.3611575606099783,-0.7030746009502787,-0.010684955963028146,-0.6865507261215884,-0.6874206446824462,1.7187514060851743,-0.17740154926422066,1.4239886755227897,1.8940486114769368,1.5132877333004264,1.2548363932193007,0.41390077802624936,0.9066244047184877,1.2901741030193912,1.4369217663454372,-1.2676136780735823,-1.2761757670616813
-1.1534984692869716,-0.8753145534909239,0.5056205841643344,-0.7030746009502787,-0.010684955963028146,-0.6865507261215884,-0.6874206446824462,1.7187514060851743,-0.2970103017489328,1.42365584276645,1.9544760154144432,1.4212651946243455,1.8948435725692843,0.41390077802624936,0.879804789478815,1.355174964566683,1.078255248756412,-1.2676136780735823,-1.2761757670616813
-1.1534984692869716,-0.8753145534909239,0.6500836077186906,-0.7030746009502787,-0.010684955963028146,-0.6865507261215884,-0.6874206446824462,1.7187514060851743,-0.17740154926422066,1.3389737734599618,1.9912171349704997,1.3366212353225733,2.4313167682272607,0.41390077802624936,0.9057287786155488,1.4546387180888054,0.8378038640451708,-1.2676136780735823,-1.2761757670616813
-1.1534984692869716,-0.8753145534909239,0.7945466312730467,-0.7030746009502787,-0.010684955963028146,-0.6865507261215884,-0.6874206446824462,1.568856768292951,-0.23720592550657674,1.1998032547369277,1.9751259356376034,1.2063008691931199,2.628887481611311,0.41390077802624936,0.9178235873070659,1.5155814987435605,0.7233128952045264,-1.2676136780735823,-1.2761757670616813
-1.1534984692869716,-0.8753145534909239,0.9390096548274028,-0.7030746009502787,-0.010684955963028146,-0.6865507261215884,-0.6874206446824462,1.4189621305007278,0.06181595570520356,0.9595006202413247,1.8940569607825966,1.0003529655136045,2.3024638263521604,0.41390077802624936,0.9965726451966307,1.636435623930534,0.8843594080966917,-1.2676136780735823,-1.2761757670616813
-1.1534984692869716,-0.8753145534909239,1.083472678381759,-0.7030746009502787,-0.010684955963028146,-0.6865507261215884,-0.6874206446824462,1.4189621305007278,0.06181595570520356,0.7075468775876491,1.7233122684882478,0.7624903437675457,1.6721923291935548,0.41390077802624936,1.14886571756374,1.7849281600359919,1.2267217905629912,-1.2676136780735823,-1.2761757670616813
-1.1534984692869716,-0.8753145534909239,1.227935701936115,-0.7030746009502787,-0.010684955963028146,-0.6865507261215884,-0.6874206446824462,1.3889830885817502,0.18142470818991568,0.5465035578831624,1.5791740302298722,0.5549601318398215,1.206571366293942,0.41390077802624936,1.280463946092652,1.9247740691007569,1.5070005069289183,-1.2676136780735823,-1.2761757670616813
-1.1534984692869716,-0.8753145534909239,1.3723987254904713,-0.7030746009502787,-0.010684955963028146,-0.6865507261215884,-0.6874206446824462,1.403972609541239,0.18142470818991568,0.4411505473322592,1.4626566866451385,0.3877924565568205,0.860983129683309,0.41390077802624936,1.4004720594336941,2.047019201707821,1.734835674586576,-1.2676136780735823,-1.2761757670616813
-1.1534984692869716,-0.8753145534909239,1.5168617490448273,-0.7030746009502787,-0.010684955963028146,-0.6865507261215884,-0.6874206446824462,1.4189621305007278,0.06181595570520356,0.3458315616262108,1.369650292022998,0.2545826579741163,0.6108564956765467,0.41390077802624936,1.5023203653603039,2.1347515621238675,1.896922839788838,-1.2676136780735823,-1.2761757670616813
-1.1534984692869716,-0.8753145534909239,1.6613247725991833,-0.7030746009502787,-0.010684955963028146,-0.6865507261215884,-0.6874206446824462,1.4189621305007278,0.06181595570520356,0.2886202917825567,1.2893745012056745,0.14290683963681008,0.4203767831797971,0.41390077802624936,1.5925645770048649,2.2155588135691744,2.0299765479267022,-1.2676136780735823,-1.2761757670616813
-1.1534984692869716,-0.7650696215902829,-1.6613247691510074,-0.7030746009502787,-0.010684955963028146,-0.6865507261215884,-0.6874206446824462,1.2690674927085046,0.4206422131593399,0.20459800293018762,1.210106889046775,0.030388062950405758,0.25384730457276894,0.41390077802624936,1.6873920033893304,2.294990238529752,2.146551004879588,-1.2676136780735823,-1.2761757670616813
-1.1534984692869716,-0.7650696215902829,-1.5168617455966513,-0.7030746009502787,-0.010684955963028146,-0.6865507261215884,-0.6874206446824462,1.1191728549162814,0.7196640943711202,0.15414408810424152,1.1274473714635718,-0.07794327462130453,0.10968287856920318,0.41390077802624936,1.777788538956673,2.373272249812986,2.2502808515106647,-1.2676136780735823,-1.2761757670616813
-1.1534984692869716,-0.7650696215902829,-1.372398722042295,-0.7030746009502787,-0.010684955963028146,-0.6865507261215884,-0.6874206446824462,1.149151896835259,0.6000553418864081,0.10606773693654835,1.062866187960303,-0.16459475125003442,-0.0061777612440835385,0.41390077802624936,1.840454407974034,2.4281166318626677,2.326789976175628,-1.2676136780735823,-1.2761757670616813
-1.1534984692869716,-0.7650696215902829,-1.227935698487939,-0.7030746009502787,-0.010684955963028146,-0.6865507261215884,-0.6874206446824462,1.1191728549162814,0.7196640943711202,0.059930185616687975,1.0028736436925794,-0.24496672694192304,-0.10974510860792672,0.41390077802624936,1.9049635892721475,2.4863420250877795,2.4026423064325404,-1.2676136780735823,-1.2761757670616813
-1.1534984692869716,-0.7650696215902829,-1.083472674933583,-0.7030746009502787,-0.010684955963028146,-0.6865507261215884,-0.6874206446824462,1.0142464941011922,0.7794684706134762,0.009861415178726175,0.9429548516248507,-0.32426117475394184,-0.20795880726422444,0.41390077802624936,1.9664822084913411,2.5380365799205302,2.4692318267232514,-1.2676136780735823,-1.2761757670616813
-1.1534984692869716,-0.7650696215902829,-0.9390096513792268,-0.7030746009502787,-0.010684955963028146,-0.6865507261215884,-0.6874206446824462,0.9093204191874354,1.0186859755829005,-0.07498085849967405,0.884369861136279,-0.4051379308141695,-0.3048705089708227,0.41390077802624936,2.0255043543051956,2.587971881215431,2.5322268824044762,-1.2676136780735823,-1.2761757670616813
-1.1534984692869716,-0.7650696215902829,-0.7945466278248707,-0.6889773045951707,-0.010684955963028146,-0.6865507261215884,-0.6874206446824462,1.1791306528529042,0.6000553418864081,-0.08398826757350093,0.8703910361353183,-0.4284481743261529,-0.3401660187809878,0.41390077802624936,2.0444677186160756,2.6038979836322933,2.557756708128587,-1.2676136780735823,-1.2761757670616813
-1.1534984692869716,-0.7650696215902829,-0.6500836042705146,-0.7030746009502787,-0.010684955963028146,-0.6865507261215884,-0.6874206446824462,1.4489411724197054,0.18142470818991568,-0.008282220361852721,0.9964961657194169,0.03271635203852443,-0.26732417193386465,0.41390077802624936,1.9368552055102715,2.2729214959247632,2.516148520359518,-1.2676136780735823,-1.2761757670616813
-1.1534984692869716,-0.7650696215902829,-0.5056205807161585,-0.7030746009502787,-0.010684955963028146,-0.6865507261215884,-0.6874206446824462,1.7187514060851743,-0.17740154926422066,0.125795761020567,1.1522782064958892,0.6874388691994141,-0.10334823484443457,0.41390077802624936,1.81185318128309,1.8540664770807087,2.425733608237398,-1.2676136780735823,-1.2761757670616813
-1.1534984692869716,-0.7650696215902829,-0.3611575571618023,-0.7030746009502787,-0.010684955963028146,-0.6865507261215884,-0.6874206446824462,1.8686460438773973,-0.47642343047600094,0.3239247580841892,1.3337315790744342,1.3761383270153984,0.08304808971882013,0.41390077802624936,1.659476716388635,1.4426123810957134,2.3075608351053463,-1.2676136780735823,-1.2761757670616813
-1.1534984692869716,-0.7650696215902829,-0.2166945336074462,-0.7030746009502787,-0.010684955963028146,-0.6865507261215884,-0.6874206446824462,2.1684353194618438,-0.9548584404148494,0.6054339187217413,1.536340004868559,1.8739454322364482,0.30054586641802056,0.41390077802624936,1.47561836732683,1.1599446658943904,2.1509751964673294,-1.2676136780735823,-1.2761757670616813
-1.1534984692869716,-0.7650696215902829,-0.07223151005309006,-0.7030746009502787,-0.010684955963028146,-0.6865507261215884,-0.6874206446824462,1.9585828837329977,-0.6558365592030692,0.9173734093824284,1.72217606714304,2.002451407189721,0.5167758235874512,0.41390077802624936,1.3307501221198752,1.1057947032022282,2.0175441809035637,-1.2676136780735823,-1.2761757670616813
-1.1534984692869716,-0.7650696215902829,0.07223151350126605,-0.7030746009502787,-0.010684955963028146,-0.6865507261215884,-0.6874206446824462,2.0185406816696205,-0.7156409354454252,1.2191990999600024,1.8621946188337641,1.863610282133297,0.6910993814346177,0.41390077802624936,1.226496447918957,1.1971826328532365,1.915485142387648,-1.2676136780735823,-1.2761757670616813
-1.1534984692869716,-0.7650696215902829,0.2166945370556222,-0.7030746009502787,-0.010684955963028146,-0.6865507261215884,-0.6874206446824462,1.9735724046924867,-0.7754453116877812,1.3903222171870329,1.924968177661681,1.669693391666328,0.8853736012916477,0.41390077802624936,1.1886695011073745,1.3134807424678279,1.792890797858312,-1.2676136780735823,-1.2761757670616813
-1.1534984692869716,-0.7650696215902829,0.3611575606099783,-0.7030746009502787,-0.010684955963028146,-0.6865507261215884,-0.6874206446824462,1.9286038418140201,-0.7156409354454252,1.4969052049769829,1.9884138555952136,1.5395296815132558,1.37711913298698,0.41390077802624936,1.1453097252271522,1.388553504015718,1.4795583788691333,-1.2676136780735823,-1.2761757670616813
-1.1534984692869716,-0.7650696215902829,0.5056205841643344,-0.7030746009502787,-0.010684955963028146,-0.6865507261215884,-0.6874206446824462,1.8686460438773973,-0.7156409354454252,1.4877022811798837,2.038313480871153,1.4539905452035915,2.008026167406658,0.41390077802624936,1.1016665111615007,1.4241801231212323,1.0979913966802493,-1.2676136780735823,-1.2761757670616813
-1.1534984692869716,-0.7650696215902829,0.6500836077186906,-0.7030746009502787,-0.010684955963028146,-0.6865507261215884,-0.6874206446824462,1.8686460438773973,-0.47642343047600094,1.4020027506379056,2.0704186484595923,1.3780488668331674,2.5489399864112032,0.41390077802624936,1.0976323373964332,1.4910113717320668,0.8297594426417765,-1.2676136780735823,-1.2761757670616813
-1.1534984692869716,-0.7650696215902829,0.7945466312730467,-0.7030746009502787,-0.010684955963028146,-0.6865507261215884,-0.6874206446824462,1.568856768292951,-0.23720592550657674,1.2495019203810032,2.0387128559918812,1.2394547443215138,2.7231455507848032,0.41390077802624936,1.1152479242133317,1.552105527999423,0.7228879876519775,-1.2676136780735823,-1.2761757670616813
-1.1534984692869716,-0.7650696215902829,0.9390096548274028,-0.7030746009502787,-0.010684955963028146,-0.6865507261215884,-0.6874206446824462,1.568856768292951,-0.23720592550657674,1.0129735701085671,1.9601695460989714,1.0456936809633262,2.3918988105751096,0.41390077802624936,1.182224656652965,1.6598168668327453,0.880778044439494,-1.2676136780735823,-1.2761757670616813
-1.1534984692869716,-0.7650696215902829,1.083472678381759,-0.7030746009502787,-0.010684955963028146,-0.6865507261215884,-0.6874206446824462,1.4189621305007278,0.06181595570520356,0.7458952269556092,1.7775890172563502,0.7985933298163833,1.7527778028990153,0.41390077802624936,1.3389823624783197,1.8143652949242657,1.2267955925942151,-1.2676136780735823,-1.2761757670616813
-1.1534984692869716,-0.7650696215902829,1.227935701936115,-0.7030746009502787,-0.010684955963028146,-0.6865507261215884,-0.6874206446824462,1.2690674927085046,0.4206422131593399,0.5694167064389495,1.6174549009046946,0.577608110139485,1.2745046846406982,0.41390077802624936,1.4740575291560463,1.9577743863887944,1.5087224087580038,-1.2676136780735823,-1.2761757670616813
-1.1534984692869716,-0.7650696215902829,1.3723987254904713,-0.7030746009502787,-0.010684955963028146,-0.6865507261215884,-0.6874206446824462,1.568856768292951,-0.47642343047600094,0.4803914639151576,1.5110123861494822,0.42431982281680686,0.935838189313905,0.41390077802624936,1.5646435055514056,2.0442367531266297,1.7065668764374025,-1.2676136780735823,-1.2761757670616813
-1.1534984692869716,-0.7650696215902829,1.5168617490448273,-0.7030746009502787,-0.010684955963028146,-0.6865507261215884,-0.6874206446824462,1.568856768292951,-0.47642343047600094,0.42432647269991863,1.4202053377932338,0.30299018354346713,0.6961958857445975,0.41390077802624936,1.6390320501324749,2.099782060648985,1.8377436548107702,-1.2676136780735823,-1.2761757670616813
-1.1534984692869716,-0.7650696215902829,1.6613247725991833,-0.7030746009502787,-0.010684955963028146,-0.6865507261215884,-0.6874206446824462,1.523888491315817,0.06181595570520356,0.36374698767373953,1.339734034068376,0.1955822044780453,0.5038738475640231,0.41390077802624936,1.7257535300438402,2.1909886865576804,1.9838432912372725,-1.2676136780735823,-1.2761757670616813
-1.1534984692869716,-0.654824689689642,-1.6613247691510074,-0.7030746009502787,-0.010684955963028146,-0.6865507261215884,-0.6874206446824462,1.4639304074778619,0.18142470818991568,0.27465308613341394,1.2692832886862508,0.0970704613623485,0.3447112304480132,0.41390077802624936,1.809922138135419,2.281963694766866,2.1155000011627996,-1.2676136780735823,-1.2761757670616813
-1.1534984692869716,-0.654824689689642,-1.5168617455966513,-0.7030746009502787,-0.010684955963028146,-0.6865507261215884,-0.6874206446824462,1.4189621305007278,-0.23720592550657674,0.23076820445125473,1.2034058754792945,0.010497727155609113,0.21384182079706604,0.41390077802624936,1.858247384675691,2.304183812984456,2.1698693898574417,-1.2676136780735823,-1.2761757670616813
-1.1534984692869716,-0.654824689689642,-1.372398722042295,-0.7030746009502787,-0.010684955963028146,-0.6865507261215884,-0.6874206446824462,1.3290252906451274,0.6000553418864081,0.18333201687581394,1.1372731126742417,-0.07741279935736863,0.09307916246816088,0.41390077802624936,1.93502828251235,2.381242674618593,2.2704213821617993,-1.2676136780735823,-1.2761757670616813
-1.1534984692869716,-0.654824689689642,-1.227935698487939,-0.7030746009502787,-0.010684955963028146,-0.6865507261215884,-0.6874206446824462,1.2690674927085046,0.7196640943711202,0.12785814709816046,1.075534867748143,-0.1593107203006729,-0.014502404241224431,0.41390077802624936,2.018068440277244,2.476359041994296,2.3842612336737177,-1.2676136780735823,-1.2761757670616813
-1.1534984692869716,-0.654824689689642,-1.083472674933583,-0.7030746009502787,-0.010684955963028146,-0.6865507261215884,-0.6874206446824462,1.2690674927085046,0.7196640943711202,0.08297345935619135,1.0252915293892073,-0.22600223625621452,-0.10271839382001746,0.41390077802624936,2.091004605176852,2.558991475611022,2.4831983152593438,-1.2676136780735823,-1.2761757670616813
-1.1534984692869716,-0.654824689689642,-0.9390096513792268,-0.7030746009502787,-0.010684955963028146,-0.6865507261215884,-0.6874206446824462,1.2690674927085046,0.7196640943711202,0.04101299182316264,0.9798226023167479,-0.2861448693049475,-0.18029706831976594,0.41390077802624936,2.153835331097983,2.629665235832265,2.567591593011375,-1.2676136780735823,-1.2761757670616813
-1.1534984692869716,-0.654824689689642,-0.7945466278248707,-0.7030746009502787,-0.010684955963028146,-0.6865507261215884,-0.6874206446824462,1.2690674927085046,0.7196640943711202,0.016242780343987625,0.9558733148070138,-0.3206705203111757,-0.22771335598353942,0.41390077802624936,2.194862044363445,2.6767690758118086,2.625016997176456,-1.2676136780735823,-1.2761757670616813
-1.1534984692869716,-0.654824689689642,-0.6500836042705146,-0.7030746009502787,-0.010684955963028146,-0.6865507261215884,-0.6874206446824462,1.568856768292951,0.06181595570520356,0.08032845248115472,1.0786909052875566,0.13543045388571345,-0.15463714968547038,0.41390077802624936,2.0967263930357776,2.357316653007422,2.5949463813892386,-1.2676136780735823,-1.2761757670616813
-1.1534984692869716,-0.654824689689642,-0.5056205807161585,-0.7030746009502787,-0.010684955963028146,-0.6865507261215884,-0.6874206446824462,1.9136143208545313,-0.6558365592030692,0.2074267544113764,1.2312758577717877,0.8224265887839035,-0.00011696544323257433,0.41390077802624936,1.9476070570851105,1.8760723272392013,2.471684761690021,-1.2676136780735823,-1.2761757670616813
-1.1534984692869716,-0.654824689689642,-0.3611575571618023,-0.7030746009502787,-0.010684955963028146,-0.6865507261215884,-0.6874206446824462,2.318329957254067,-1.3734890741113417,0.4157761365075876,1.43432540521494,1.5738514310899085,0.21854202978548107,0.41390077802624936,1.748412677633101,1.3929542403064064,2.2882823471147784,-1.2676136780735823,-1.2761757670616813
-1.1534984692869716,-0.654824689689642,-0.2166945336074462,-0.7030746009502787,-0.010684955963028146,-0.6865507261215884,-0.6874206446824462,2.6181192328385134,-1.7921197078078341,0.7052392807367209,1.6477454860630654,2.1004094667486846,0.45779943050653366,0.41390077802624936,1.5435692980194446,1.0813850603645523,2.095364274194171,-1.2676136780735823,-1.2761757670616813
-1.1534984692869716,-0.654824689689642,-0.07223151005309006,-0.7030746009502787,-0.010684955963028146,-0.6865507261215884,-0.6874206446824462,2.91790850842296,-2.2705547177466827,1.0284349267365627,1.8377728997787781,2.259883592969415,0.6862274715984611,0.0741538537014237,1.3527223659434267,0.958408640414092,1.8891181658123186,-1.2676136780735823,-1.2761757670616813
-1.1534984692869716,-0.654824689689642,0.07223151350126605,-0.7030746009502787,-0.010684955963028146,-0.6865507261215884,-0.6874206446824462,2.91790850842296,-2.4499678464737507,1.3154681956757983,1.9827773784993605,2.1103964924598775,0.8629825087491912,0.2540587799918479,1.1965074346024152,0.9751588507505592,1.6979979802440686,-1.2676136780735823,-1.2761757670616813
-1.1534984692869716,-0.654824689689642,0.2166945370556222,-0.7030746009502787,-0.010684955963028146,-0.6865507261215884,-0.6874206446824462,2.91790850842296,-2.2705547177466827,1.5824896499293426,2.144714944873538,1.997111013243566,1.1668270956562725,0.41390077802624936,1.0464139003987665,1.0040876411747401,1.4709589137871268,-1.2676136780735823,-1.2761757670616813
-1.1534984692869716,-0.654824689689642,0.3611575606099783,-0.7030746009502787,-0.010684955963028146,-0.6865507261215884,-0.6874206446824462,2.91790850842296,-2.2705547177466827,1.7552396589005241,2.3019254126933117,1.9773582694703526,1.6997035247407042,0.41390077802624936,0.8990694273711461,0.9804253340978425,1.1217700617818303,-1.2676136780735823,-1.2761757670616813
-1.1534984692869716,-0.654824689689642,0.5056205841643344,-0.7030746009502787,-0.010684955963028146,-0.6865507261215884,-0.6874206446824462,2.91790850842296,-2.4499678464737507,1.7751239639840815,2.4059918542128327,1.9397276804348997,2.184878040580522,0.41390077802624936,0.8007857904602698,0.9644805808175361,0.8255697580999946,-1.2676136780735823,-1.2761757670616813
-1.1534984692869716,-0.654824689689642,0.6500836077186906,-0.7030746009502787,-0.010684955963028146,-0.6865507261215884,-0.6874206446824462,2.318329957254067,-1.3136846978689858,1.658087150505328,2.4142200949405894,1.8357644751146616,2.390032072448478,0.41390077802624936,0.8093106277210198,1.0511576493554788,0.7512978393874545,-1.2676136780735823,-1.2761757670616813
-1.1534984692869716,-0.654824689689642,0.7945466312730467,-0.7030746009502787,-0.010684955963028146,-0.6865507261215884,-0.6874206446824462,1.7187514060851743,-0.17740154926422066,1.4248975901226169,2.278134066215643,1.587923945201008,2.148798077608163,0.41390077802624936,0.9532090130145661,1.2603743606464912,0.9431831205693383,-1.2676136780735823,-1.2761757670616813
-1.1534984692869716,-0.654824689689642,0.9390096548274028,-0.7030746009502787,-0.010684955963028146,-0.6865507261215884,-0.6874206446824462,1.4189621305007278,-0.23720592550657674,1.1657359585236933,2.0629856790959336,1.274032613986536,1.648181064196816,0.41390077802624936,1.0931879495228616,1.3704474192809961,1.1500615682483035,-1.2676136780735823,-1.2761757670616813
-1.1534984692869716,-0.654824689689642,1.083472678381759,-0.7030746009502787,-0.010684955963028146,-0.6865507261215884,-0.6874206446824462,1.2690674927085046,-0.1175971730218646,0.9203662886079025,1.8361607880109605,0.9602564953684495,1.2087863886046182,0.41390077802624936,1.2491271552821288,1.4925802129663877,1.342164761936582,-1.2676136780735823,-1.2761757670616813
-1.1534984692869716,-0.654824689689642,1.227935701936115,-0.7030746009502787,-0.010684955963028146,-0.6865507261215884,-0.6874206446824462,1.1191728549162814,-0.23720592550657674,0.7228676467055992,1.646792273666902,0.6909855936593855,0.8576784986753532,0.41390077802624936,1.3788762870775242,1.5866664454425854,1.485773033936269,-1.2676136780735823,-1.2761757670616813
-1.1534984692869716,-0.654824689689642,1.3723987254904713,-0.7030746009502787,-0.010684955963028146,-0.6865507261215884,-0.6874206446824462,0.9692782171240583,0.06181595570520356,0.5500365547053683,1.4753434565952412,0.4496392413909475,0.566003514507494,0.41390077802624936,1.4758555298901486,1.6478044095519835,1.579766689525129,-1.2676136780735823,-1.2761757670616813
-1.1534984692869716,-0.654824689689642,1.5168617490448273,-0.7030746009502787,-0.010684955963028146,-0.6865507261215884,-0.6874206446824462,0.9692782171240583,0.36083783691698385,0.362341766468683,1.3556742501239238,0.2641038600941658,0.3477334908675031,0.41390077802624936,1.553494454886781,1.7264199676721526,1.6806597432873904,-1.2676136780735823,-1.2761757670616813
-1.1534984692869716,-0.654824689689642,1.6613247725991833,-0.7030746009502787,-0.010684955963028146,-0.6865507261215884,-0.6874206446824462,0.9692782171240583,0.36083783691698385,0.2454971982362239,1.253993622696698,0.10559619349491833,0.16815312033592503,0.41390077802624936,1.6153461621776275,1.7933054339092769,1.7628411435947557,-1.2676136780735823,-1.2761757670616813
-1.1534984692869716,-0.5445797577890011,-1.6613247691510074,-0.7030746009502787,-0.010684955963028146,-0.6865507261215884,-0.6874206446824462,0.8943308982279466,0.0020115794628475024,0.14812301930193314,1.1583759827294473,-0.03448243088815592,0.015091172677350625,0.41390077802624936,1.6299456389158993,1.776904385086116,1.7566719051622195,-1.2676136780735823,-1.2761757670616813
-1.1534984692869716,-0.5445797577890011,-1.5168617455966513,-0.7030746009502787,-0.010684955963028146,-0.6865507261215884,-0.6874206446824462,0.819383579331835,-0.23720592550657674,0.09353517778526226,1.068062934958072,-0.15768448206966937,-0.11652525772348662,0.41390077802624936,1.6441233326401392,1.7495787014360709,1.7363449042901822,-1.2676136780735823,-1.2761757670616813
-1.1534984692869716,-0.5445797577890011,-1.372398722042295,-0.7030746009502787,-0.010684955963028146,-0.6865507261215884,-0.6874206446824462,0.819383579331835,-0.9548584404148494,0.041468103018471786,0.9950593893704555,-0.2544970466055715,-0.219008692626705,0.41390077802624936,1.5819655313905379,1.6010180679919932,1.5923829065787125,-1.2676136780735823,-1.2761757670616813
-1.1534984692869716,-0.5445797577890011,-1.227935698487939,-0.7030746009502787,-0.010684955963028146,-0.6865507261215884,-0.6874206446824462,0.7744153023547011,-0.8352496879301373,-0.010866414965102362,0.9263216431995376,-0.34663479787803847,-0.3155240990117385,0.41390077802624936,1.5132973285552036,1.4634805285841415,1.4583413866383144,-1.2676136780735823,-1.2761757670616813
-1.1534984692869716,-0.5445797577890011,-1.083472674933583,-0.7030746009502787,-0.010684955963028146,-0.6865507261215884,-0.6874206446824462,0.7444362604357235,-0.7754453116877812,-0.06315450637559182,0.864531215113065,-0.42881784927570826,-0.4010115912328176,0.41390077802624936,1.4552059975986014,1.3623520770644177,1.3598650218748252,-1.2676136780735823,-1.2761757670616813
-1.1534984692869716,-0.5445797577890011,-0.9390096513792268,-0.7030746009502787,-0.010684955963028146,-0.6865507261215884,-0.6874206446824462,0.6994679834585895,-0.7156409354454252,-0.11473115959571295,0.8066155606282226,-0.50568868822562,-0.4804049239812097,0.41390077802624936,1.4052538737184914,1.285310131329683,1.2849218977067174,-1.2676136780735823,-1.2761757670616813
-1.1534984692869716,-0.5445797577890011,-0.7945466278248707,-0.618748141351002,-0.010684955963028146,-0.6865507261215884,-0.5983000882512394,0.6694889415396119,-0.8352496879301373,-0.15216994046845034,0.7662953720459881,-0.5608780084973514,-0.5389117844121418,0.41390077802624936,1.3648885162190314,1.228488324013961,1.230456872060371,-1.1578791869144285,-1.1663516666691462
-1.1534984692869716,-0.5445797577890011,-0.6500836042705146,-0.7030746009502787,-0.010684955963028146,-0.6865507261215884,-0.21049360180105958,0.819383579331835,-1.3136846978689858,-0.13904756767036994,0.787076098057819,-0.533057067506713,-0.5125390224478859,0.41390077802624936,1.245533564002576,1.0914708400774809,1.093379424776376,-0.9676185318861514,-0.9759356582159129
-1.1534984692869716,-0.5445797577890011,-0.5056205807161585,-0.7030746009502787,-0.010684955963028146,-0.6865507261215884,-0.6874206446824462,0.9692782171240583,-1.55290220283841,-0.02317599578650279,0.937557721291246,-0.10420262905373161,-0.31948867972357337,0.41390077802624936,0.9961807485218787,0.7234626292615105,0.8448342717414548,-1.2676136780735823,-1.2761757670616813
-1.1534984692869716,-0.5445797577890011,-0.3611575571618023,-0.7030746009502787,-0.010684955963028146,-0.6865507261215884,-0.6874206446824462,0.9692782171240583,-1.55290220283841,0.1630488356009656,1.117447686384989,0.34340659658218364,-0.11082006983952232,0.41390077802624936,0.8082202583750308,0.4612423327686068,0.6889078293527418,-1.2676136780735823,-1.2761757670616813
-1.1534984692869716,-0.5445797577890011,-0.2166945336074462,-0.7030746009502787,-0.010684955963028146,-0.6865507261215884,-0.6874206446824462,0.9692782171240583,-1.55290220283841,0.38971121214520554,1.268439313039137,0.7359566341595517,0.06581209134908003,0.38127421096622005,0.6017760314589738,0.2010870772258279,0.5091701878309319,-1.2676136780735823,-1.2761757670616813
-1.1534984692869716,-0.5445797577890011,-0.07223151005309006,-0.7030746009502787,-0.010684955963028146,-0.6865507261215884,-0.6874206446824462,0.9692782171240583,-1.55290220283841,0.6575108019194652,1.459278000954796,0.9274606910432122,0.26900743155583196,0.06628775117838501,0.40948009396560703,0.07582896269058884,0.36291093813571773,-1.2676136780735823,-1.2761757670616813
-1.1534984692869716,-0.5445797577890011,0.07223151350126605,-0.7030746009502787,-0.010684955963028146,-0.6865507261215884,-0.6874206446824462,0.9692782171240583,-1.55290220283841,0.8499894888700611,1.5737469815509864,0.9008648163652258,0.4105914623547121,-0.05819812475320365,0.2833515475626624,0.049488955486491924,0.2576065753887981,-1.2676136780735823,-1.2761757670616813
-1.1534984692869716,-0.5445797577890011,0.2166945370556222,-0.7030746009502787,-0.010684955963028146,-0.6865507261215884,-0.6874206446824462,1.0442255360201698,-1.612706579080766,0.9030707553953637,1.6631576085356292,0.8647850386091853,0.547760095997924,0.41390077802624936,0.15356578089976244,0.01210785399424073,0.14185311144597604,-1.2676136780735823,-1.2761757670616813
-1.1534984692869716,-0.5445797577890011,0.3611575606099783,-0.7030746009502787,-0.010684955963028146,-0.6865507261215884,-0.6874206446824462,1.1191728549162814,-1.7323153315654782,0.8078106202749156,1.6412629459936834,0.7511257401053187,0.541758703807903,0.41390077802624936,0.10630198144165996,0.014191762678314398,0.0988383180995592,-1.2676136780735823,-1.2761757670616813
-1.1534984692869716,-0.5445797577890011,0.5056205841643344,-0.7030746009502787,-0.010684955963028146,-0.6865507261215884,-0.6874206446824462,0.9692782171240583,-1.3136846978689858,0.8044123259041949,1.6743213259782859,0.7250172395760734,0.6265357939433024,0.41390077802624936,0.04598580534075514,0.00862794986845802,0.046415512565746136,-1.2676136780735823,-1.2761757670616813
-1.1534984692869716,-0.5445797577890011,0.6500836077186906,-0.7030746009502787,-0.010684955963028146,-0.6865507261215884,-0.6874206446824462,0.9692782171240583,-1.1940759453842735,0.7787076979047658,1.6719675175576871,0.663787132236272,0.8193916508732535,0.41390077802624936,0.0028475257976161494,0.02389953710075061,-0.04255436451898014,-1.2676136780735823,-1.2761757670616813
-1.1534984692869716,-0.5445797577890011,0.7945466312730467,-0.7030746009502787,-0.010684955963028146,-0.6865507261215884,-0.6874206446824462,0.9692782171240583,-1.0744671928995615,0.6991717853613278,1.6196987768007725,0.5740837651047108,0.8775730120667609,0.41390077802624936,0.022040099049264076,0.06884443120143528,-0.05802156713969145,-1.2676136780735823,-1.2761757670616813
-1.1534984692869716,-0.5445797577890011,0.9390096548274028,0.13029424480438262,-0.010684955963028146,-0.6865507261215884,-0.6874206446824462,0.9243099401469242,-0.8950540641724933,0.49878815697381784,1.4657194902713506,0.3619823483635391,0.5926301658769414,0.41390077802624936,0.10369174713196465,0.1758563626556197,0.07675644466851109,-0.6762465012142006,-0.6765447944294886
-1.1534984692869716,-0.5445797577890011,1.083472678381759,-0.7030746009502787,-0.010684955963028146,-0.6865507261215884,-0.6874206446824462,0.864351856308969,-0.7156409354454252,0.38449901194720376,1.2714951589106327,0.1237343031835267,0.273720660513744,0.41390077802624936,0.2309053604658648,0.3017898119439242,0.2366950536955002,-1.2676136780735823,-1.2761757670616813
-1.1534984692869716,-0.5445797577890011,1.227935701936115,0.9615370856375022,-0.010684955963028146,-0.6865507261215884,-0.6874206446824462,0.819383579331835,-0.536227806718357,0.2686581731469279,1.1433458409908204,-0.04643470167871173,0.0574882621000327,0.41390077802624936,0.316660354727934,0.39768626252668476,0.35375773947032796,-0.07967613000899948,-0.07066040628891787
-1.1534984692869716,-0.5445797577890011,1.3723987254904713,-0.7030746009502787,-0.010684955963028146,0.9101238529167264,0.8913464398939767,0.819383579331835,-0.536227806718357,0.24046481927200092,1.028701524975774,-0.19175342702835282,-0.1325878313423101,0.41390077802624936,0.39365383120366493,0.48550233495772294,0.46354109945539507,0.6971443573306744,0.7053558536763529
-1.1534984692869716,-0.5445797577890011,1.5168617490448273,1.2442237147535073,-0.010684955963028146,-0.6865507261215884,-0.6874206446824462,0.6694889415396119,-0.23720592550657674,0.18734497291836025,0.9315601367256056,-0.16368299689014457,-0.12224672056932216,0.41390077802624936,0.4596544372393956,0.49197960633530935,0.47834408379509213,0.10519427459650035,0.09419485837727931
-1.1534984692869716,-0.5445797577890011,1.6613247725991833,-0.7030746009502787,-0.010684955963028146,1.0782797022930803,1.066756312007211,0.6694889415396119,-0.23720592550657674,0.19908043358245978,0.8554617818400809,-0.038367333328886505,-0.01680124260553753,0.41390077802624936,0.5052971438104241,0.4547451093045457,0.44952373555458325,0.7849375672202507,0.7815342151567225
-1.1534984692869716,-0.4343348258883602,-1.6613247691510074,1.556253010143804,-0.010684955963028146,-0.6865507261215884,-0.6874206446824462,0.6694889415396119,-0.2970103017489328,0.2073770583613139,0.8034991822906932,0.11078490467029138,0.12359715722102255,0.41390077802624936,0.5379682150584794,0.40181699503844986,0.39926455229117447,0.30949990782659553,0.2878490325620781
-1.1534984692869716,-0.4343348258883602,-1.5168617455966513,-0.7030746009502787,-0.010684955963028146,-0.6865507261215884,-0.4509864887508322,0.6694889415396119,-0.2970103017489328,0.23645251712485016,0.7707135462909784,0.14097972246704293,0.14852307507492504,0.41390077802624936,0.5595692898296827,0.39571816269236604,0.395353044636313,-1.2676136780735823,-1.2761757670616813
-1.1534984692869716,-0.4343348258883602,-1.372398722042295,-0.6652385698739579,-0.010684955963028146,-0.6865507261215884,-0.6874206446824462,0.6694889415396119,-0.2970103017489328,0.2408584643001275,0.7401648284326249,0.08808470771183426,0.11861132265176719,0.41390077802624936,0.5764237390704022,0.420632246325042,0.4099132246602679,-1.2676136780735823,-1.2761757670616813
-1.1534984692869716,-0.4343348258883602,-1.227935698487939,-0.6736929432870568,-0.010684955963028146,-0.6865507261215884,-0.6874206446824462,0.5495733456663663,0.0020115794628475024,0.19023257498514934,0.7035670386237286,-0.011945520846879063,0.035547172253316196,0.41390077802624936,0.6084594845898926,0.4711945202503573,0.4532372004806874,-1.2676136780735823,-1.2761757670616813
-1.1534984692869716,-0.4343348258883602,-1.083472674933583,-0.6158950119742261,-0.010684955963028146,-0.6865507261215884,-0.6874206446824462,0.44464698485127707,0.4206422131593399,0.12821452008874018,0.6626623986453064,-0.12962897154825934,-0.07574589951080613,0.41390077802624936,0.6399505274741188,0.5268699500758084,0.5067576474670509,-1.2206160549910616,-1.2291397682584217
-1.1534984692869716,-0.4343348258883602,-0.9390096513792268,-0.30429907306179277,-0.010684955963028146,-0.6865507261215884,-0.2936387802640838,0.3247313889780315,0.7794684706134762,0.05769974842243582,0.6184632618086119,-0.25097850364399665,-0.18961285649486556,0.41390077802624936,0.6742470299488208,0.5855093490952689,0.5626467466271298,-0.7399361577469646,-0.7480673772327086
-1.1534984692869716,-0.4343348258883602,-0.7945466278248707,-0.024161687964406056,-0.010684955963028146,-0.6865507261215884,-0.10918587658837771,0.2198050281629423,0.7196640943711202,0.0012129946770612573,0.5798080639300406,-0.3670191387623754,-0.2520899938742875,0.41390077802624936,0.7044192176028852,0.6428592360910533,0.5938075799939343,-0.4220301590869216,-0.42990176062637864
-1.1534984692869716,-0.4343348258883602,-0.6500836042705146,-0.7030746009502787,-0.010684955963028146,0.3628738243485985,0.05323846190554389,0.6694889415396119,0.06181595570520356,0.02620683838151749,0.632725267426535,-0.3342506870679348,-0.18609665098258346,0.41390077802624936,0.6678383383241857,0.6300096586603774,0.5641900388066855,-0.17014265444553495,-0.1778085558133894
-1.1534984692869716,-0.4343348258883602,-0.5056205807161585,0.006217374354774826,-0.010684955963028146,-0.6865507261215884,-0.6874206446824462,1.1191728549162814,-0.536227806718357,0.24426264372940829,0.8224806329328319,0.18072806822024012,0.03243702703972162,0.41390077802624936,0.5234583973380474,0.38370440418857327,0.4570639886440849,-0.7711275535605024,-0.794825949544535
-1.1534984692869716,-0.4343348258883602,-0.3611575571618023,-0.7030746009502787,-0.010684955963028146,-0.6865507261215884,-0.6874206446824462,1.2690674927085046,-0.7754453116877812,0.4275815639790119,1.0642674797602103,0.7376798498997434,0.2249153048542599,0.41390077802624936,0.3509771027873096,0.15303139259914128,0.3810561937533519,-1.2676136780735823,-1.2761757670616813
-1.1534984692869716,-0.4343348258883602,-0.2166945336074462,-0.7030746009502787,-0.010684955963028146,-0.6865507261215884,-0.6874206446824462,1.4189621305007278,-1.0146628166572054,0.6820142240772521,1.3079781457667063,1.1460803225899963,0.47820335020451127,0.41390077802624936,0.18290211512944787,0.003362767744205705,0.2839047719646143,-1.2676136780735823,-1.2761757670616813
-1.1534984692869716,-0.4343348258883602,-0.07223151005309006,-0.7030746009502787,-0.010684955963028146,-0.6865507261215884,-0.6874206446824462,1.5988358102119287,-1.3136846978689858,0.9689794878953496,1.5474077052961275,1.393156636576542,0.7095600706851688,0.27247279615717884,0.03021401284233948,-0.0686217578102191,0.20815048050065896,-1.2676136780735823,-1.2761757670616813
-1.1534984692869716,-0.4343348258883602,0.07223151350126605,-0.7030746009502787,-0.010684955963028146,-0.6865507261215884,-0.6874206446824462,1.7187514060851743,-1.672510955323122,1.2078474758930962,1.698602498387998,1.3885821162926948,0.854567539713665,0.41390077802624936,-0.06187543923389523,-0.03559628354358301,0.17857311556709413,-1.2676136780735823,-1.2761757670616813
-1.1534984692869716,-0.4343348258883602,0.2166945370556222,-0.7030746009502787,-0.010684955963028146,-0.6865507261215884,-0.6874206446824462,1.568856768292951,-1.493097826596054,1.3873384924970966,1.8095098043448015,1.342292347441088,1.0221923232546277,0.41390077802624936,-0.12967549211691906,-0.00031578976430272947,0.12438102642675304,-1.2676136780735823,-1.2761757670616813
-1.1534984692869716,-0.4343348258883602,0.3611575606099783,-0.7030746009502787,-0.010684955963028146,-0.6865507261215884,-0.6874206446824462,1.568856768292951,-1.0146628166572054,1.4958230080973325,1.951304670814653,1.356054036202225,1.3576567198332539,0.41390077802624936,-0.1908043838311473,0.05724532910350667,0.04816361629940813,-1.2676136780735823,-1.2761757670616813
-1.1534984692869716,-0.4343348258883602,0.5056205841643344,-0.7030746009502787,-0.010684955963028146,-0.6865507261215884,-0.6874206446824462,1.7187514060851743,-1.672510955323122,1.5558519132004507,1.9887673095348128,1.3140926139572953,1.9025522082595987,0.41390077802624936,-0.2200257520621509,0.07028575257872258,-0.1714557258290839,-1.2676136780735823,-1.2761757670616813
-1.1534984692869716,-0.4343348258883602,0.6500836077186906,-0.7030746009502787,-0.010684955963028146,-0.6865507261215884,-0.6874206446824462,1.7187514060851743,-1.672510955323122,1.4643529843952587,1.9884938697744536,1.238087112781679,2.4411598651669886,0.41390077802624936,-0.2178192243516005,0.11608815265680628,-0.35487429824548206,-1.2676136780735823,-1.2761757670616813
-1.1534984692869716,-0.4343348258883602,0.7945466312730467,-0.7030746009502787,-0.010684955963028146,-0.6865507261215884,-0.6874206446824462,1.7187514060851743,-1.8519240840501903,1.2954184550571646,1.9548524299446068,1.130922820790628,2.720545625625872,0.41390077802624936,-0.20109613039239377,0.15837247940019927,-0.4527774963463604,-1.2676136780735823,-1.2761757670616813
-1.1534984692869716,-0.4343348258883602,0.9390096548274028,-0.6862292025333585,-0.010684955963028146,-0.6865507261215884,-0.6874206446824462,1.568856768292951,-1.9117284602925464,1.0537393707539093,1.852179626694805,0.9326626641001836,2.4008524808485743,0.41390077802624936,-0.1417394503936955,0.23581845488604536,-0.34883366749457534,-1.2676136780735823,-1.2761757670616813
-1.1534984692869716,-0.4343348258883602,1.083472678381759,-0.6883262914543069,-0.010684955963028146,-0.6865507261215884,-0.6874206446824462,1.4189621305007278,-1.2538803216266297,0.7428539594708637,1.673992919955666,0.6761629543703765,1.8144013185282906,0.41390077802624936,-0.016574738432530357,0.39420006915625244,-0.09391490117142104,-1.2676136780735823,-1.2761757670616813
-1.1534984692869716,-0.4343348258883602,1.227935701936115,-0.5323947006246446,-0.010684955963028146,-0.6865507261215884,-0.6874206446824462,1.568856768292951,-1.9117284602925464,0.5883822884917462,1.5238000435429746,0.4660002589453706,1.3321864045047582,0.41390077802624936,0.07196064945803796,0.46491134797488826,0.07759359551973019,-1.1573394530115144,-1.1653628976617656
-1.1534984692869716,-0.4343348258883602,1.3723987254904713,-0.7030746009502787,-0.010684955963028146,-0.6865507261215884,-0.6874206446824462,1.3140357696856386,-1.672510955323122,0.49859656562291904,1.3864289175218865,0.2858699232675358,0.9543208497629824,0.41390077802624936,0.14853764533477043,0.522962377313852,0.21493655543676704,-1.2676136780735823,-1.2761757670616813
-1.1534984692869716,-0.4343348258883602,1.5168617490448273,0.49475305040712914,-0.010684955963028146,-0.6865507261215884,-0.6874206446824462,1.0742045779391476,-1.493097826596054,0.368574043483757,1.2755410932782891,0.1270787839491226,0.5830767632585216,0.41390077802624936,0.19889853721019374,0.5578401425650519,0.3434392110988984,-0.4177560552334863,-0.41166200098102096
-1.1534984692869716,-0.4343348258883602,1.6613247725991833,-0.7030746009502787,-0.010684955963028146,-0.6865507261215884,-0.6874206446824462,0.819383579331835,-1.3136846978689858,0.31375537689245375,1.1468080197377608,-0.04496594829168919,0.2825823772526359,0.41390077802624936,0.22848601309737712,0.5491124059554295,0.395658515173834,-1.2676136780735823,-1.2761757670616813
-1.1534984692869716,-0.32408989398771926,-1.6613247691510074,0.8417164802658412,-0.010684955963028146,0.8975465172441816,-0.6874206446824462,0.819383579331835,-1.3734890741113417,0.2600463707874143,1.0590874313737608,-0.14203960612155975,0.09046947233210703,0.41390077802624936,0.23968519568595534,0.5249046695580568,0.4177473757794359,0.8564886791869548,0.862900866812259
-1.1534984692869716,-0.32408989398771926,-1.5168617455966513,-0.7030746009502787,-0.010684955963028146,-0.6865507261215884,-0.6874206446824462,0.819383579331835,-0.8352496879301373,0.24561293772123785,0.9753939914396829,-0.11687435692100048,-0.0761161548933769,0.41390077802624936,0.2580479409848534,0.48261427044051936,0.46788734037702157,-1.2676136780735823,-1.2761757670616813
-1.1534984692869716,-0.32408989398771926,-1.372398722042295,-0.7030746009502787,-0.010684955963028146,-0.6865507261215884,-0.6874206446824462,0.5195943037473887,-1.0744671928995615,0.19592734998507372,0.8859130911324032,-0.11853457872359988,-0.23285298894247802,0.41390077802624936,0.24540409131849922,0.3926125770584879,0.45201881191788024,-1.2676136780735823,-1.2761757670616813
-1.1534984692869716,-0.32408989398771926,-1.227935698487939,-0.7030746009502787,-0.010684955963028146,-0.6865507261215884,-0.6874206446824462,0.5195943037473887,-1.0744671928995615,0.12791242041599185,0.8190045386764584,-0.18839817098395822,-0.34998795827028306,0.41390077802624936,0.20679672542152477,0.3180694132841962,0.39905035172126163,-1.2676136780735823,-1.2761757670616813
-1.1534984692869716,-0.32408989398771926,-1.083472674933583,-0.7030746009502787,-0.010684955963028146,-0.6865507261215884,0.09427489439074863,0.5195943037473887,-1.55290220283841,0.05894803473255818,0.7606693315822098,-0.27527012639426146,-0.4648419916918334,0.41390077802624936,0.14510505465714524,0.22586518305176906,0.318120092357424,-0.8025959330166722,-0.8416000771071924
-1.1534984692869716,-0.32408989398771926,-0.9390096513792268,-0.7030746009502787,-0.010684955963028146,-0.6865507261215884,-0.6874206446824462,0.5195943037473887,-1.3734890741113417,-0.019735198215070703,0.7027863785445351,-0.3825653794660969,-0.4377401114357457,0.41390077802624936,0.089690720235888,0.163902677281756,0.19428967297969177,-1.2676136780735823,-1.2761757670616813
-1.1534984692869716,-0.32408989398771926,-0.7945466278248707,0.42483004571237376,-0.010684955963028146,-0.6865507261215884,0.2654567517297907,0.3696996659551655,-1.612706579080766,-0.06770561832868328,0.6649932464753406,-0.46039521822909274,-0.42748851295304957,0.41390077802624936,0.038821037536109486,0.10186058003634954,0.0935140910896149,0.1749560470678116,0.16757194432479075
-1.1534984692869716,-0.32408989398771926,-0.6500836042705146,-0.7030746009502787,-0.010684955963028146,-0.6865507261215884,-0.6874206446824462,0.5195943037473887,-1.55290220283841,-0.014249015846329689,0.742545772096618,-0.21053722457728316,-0.2793399762834035,0.41390077802624936,-0.09052920803744428,-0.08117118646175484,-0.05026274649618091,-1.2676136780735823,-1.2761757670616813
-1.1534984692869716,-0.32408989398771926,-0.5056205807161585,0.6464834380581255,-0.010684955963028146,-0.6865507261215884,0.4395598390126972,0.6694889415396119,-1.7921197078078341,0.22332883653597863,0.8811602488855483,0.5371477671179739,-0.02779660684574943,0.15583788443141208,-0.22837681472111973,-0.4031464638526573,-0.1971805373930844,0.4109965284433703,0.41391717694422997
-1.1534984692869716,-0.32408989398771926,-0.3611575571618023,-0.7030746009502787,-0.010684955963028146,-0.6865507261215884,-0.6874206446824462,0.6694889415396119,-2.330359093989039,0.4206901604052144,1.0558033711475634,1.2151200204560542,0.17223650826941994,0.04644607525091556,-0.42641213445056914,-0.7211193960708487,-0.3828647011585304,-1.2676136780735823,-1.2761757670616813
-1.1534984692869716,-0.32408989398771926,-0.2166945336074462,-0.7030746009502787,-0.010684955963028146,-0.6865507261215884,-0.6874206446824462,0.6694889415396119,-1.9715328365349023,0.705102616599049,1.2153098980237889,1.6192393919928243,0.3144398013675009,-0.2798789841323048,-0.5358826619879005,-0.8443950973184287,-0.4406678494479224,-1.2676136780735823,-1.2761757670616813
-1.1534984692869716,-0.32408989398771926,-0.07223151005309006,-0.7030746009502787,-0.010684955963028146,-0.6865507261215884,-0.6874206446824462,0.7444362604357235,-2.031337212777258,1.02288858599143,1.3513465266902482,1.6863552881595147,0.4760151815809226,-0.7591627651600403,-0.6432556023417344,-0.8846768418171826,-0.5222527197277629,-1.2676136780735823,-1.2761757670616813
-1.1534984692869716,-0.32408989398771926,0.07223151350126605,-0.7030746009502787,-0.010684955963028146,-0.6865507261215884,-0.6874206446824462,0.819383579331835,-2.330359093989039,1.2953694129024975,1.4393405548146077,1.4314403732807162,0.5609354913807889,-0.9094187149383864,-0.7564611992324681,-0.8685666163414398,-0.6133449510831854,-1.2676136780735823,-1.2761757670616813
-1.1534984692869716,-0.32408989398771926,0.2166945370556222,-0.7030746009502787,-0.010684955963028146,-0.6865507261215884,-0.6874206446824462,0.819383579331835,-2.1509459652619705,1.491454332959602,1.5166265984302423,1.212185000284809,0.7237445137040508,-0.9029616404024501,-0.8543370322234919,-0.8446896074644347,-0.7068429539771401,-1.2676136780735823,-1.2761757670616813
-1.1534984692869716,-0.32408989398771926,0.3611575606099783,-0.7030746009502787,-0.010684955963028146,-0.6865507261215884,-0.6874206446824462,0.6694889415396119,-2.1509459652619705,1.5757695669491816,1.5796610730600287,1.081380575477014,1.1583869004298457,-0.7905573060958099,-0.9312548287755622,-0.8462168095617649,-0.876668414997661,-1.2676136780735823,-1.2761757670616813
-1.1534984692869716,-0.32408989398771926,0.5056205841643344,-0.7030746009502787,-0.010684955963028146,-0.6865507261215884,-0.6874206446824462,0.6694889415396119,-1.9715328365349023,1.538251010838186,1.6529144020419682,1.0061318304201063,1.6726065269731778,-0.12358866821415321,-1.0096652551595755,-0.8465978510393295,-1.0380924536649327,-1.2676136780735823,-1.2761757670616813
-1.1534984692869716,-0.32408989398771926,0.6500836077186906,-0.7030746009502787,-0.010684955963028146,-0.6865507261215884,-0.6874206446824462,0.6694889415396119,-1.7921197078078341,1.3704392198942668,1.6843230983832835,0.9242173321248041,1.9260516257054867,0.41390077802624936,-1.0421611056926585,-0.820931877365267,-1.1009897980770078,-1.2676136780735823,-1.2761757670616813
-1.1534984692869716,-0.32408989398771926,0.7945466312730467,0.700914073246869,-0.010684955963028146,-0.6865507261215884,-0.6874206446824462,0.5195943037473887,-1.9715328365349023,1.0257546095101657,1.598089382202204,0.7326469658331516,1.6861041666010934,0.41390077802624936,-1.0408089898591046,-0.7912871974035559,-1.062926837171742,-0.28753402003944123,-0.2974286393774239
-1.1534984692869716,-0.32408989398771926,0.9390096548274028,-0.7030746009502787,-0.010684955963028146,1.3730928772227458,-0.6874206446824462,0.3696996659551655,-1.612706579080766,0.8607990336540489,1.4397002707334516,0.4417575393834999,1.2269061174039668,0.41390077802624936,-0.9791467233962746,-0.7073036605396892,-0.943119501892526,-0.08205484611970064,-0.0634063378685358
-1.1534984692869716,-0.32408989398771926,1.083472678381759,2.253292730935463,-0.010684955963028146,-0.6865507261215884,-0.6874206446824462,0.3696996659551655,-1.7921197078078341,0.5984627399096856,1.2472738231914826,0.3929728790561945,0.8195967153928312,0.41390077802624936,-0.9141383920284125,-0.7139726454438362,-0.84748800891843,0.7877390383779798,0.7820446729931999
-1.1534984692869716,-0.32408989398771926,1.227935701936115,-0.7030746009502787,-0.010684955963028146,0.9920120432034256,1.312224556800561,0.3696996659551655,-1.7921197078078341,0.5753900408773821,1.0811386433968284,0.4095610063329902,0.3440708106983798,0.41390077802624936,-0.8485863221007467,-0.7313691298856776,-0.7159319579763175,0.7697002315052386,0.763594917461625
-1.1534984692869716,-0.32408989398771926,1.3723987254904713,1.6261857794827717,-0.010684955963028146,-0.6865507261215884,-0.6874206446824462,0.2947523470590539,-1.7323153315654782,0.5049380431690513,0.9635073632819797,0.4873336532315929,0.26477756896549587,0.41390077802624936,-0.8139253991019211,-0.7728447465153323,-0.709738264432843,0.3140898197657571,0.30037981047813955
-1.1534984692869716,-0.32408989398771926,1.5168617490448273,-0.7030746009502787,-0.010684955963028146,1.1215331934565416,1.2232226153582804,0.2198050281629423,-1.612706579080766,0.5293518816576467,0.8683809407977157,0.5077876189943215,0.3361497867556458,0.41390077802624936,-0.7769036963188418,-0.7870181015094992,-0.7404084671364527,0.7214330008276554,0.7170435779322498
-1.1534984692869716,-0.32408989398771926,1.6613247725991833,2.0521557519188267,-0.010684955963028146,-0.6865507261215884,-0.6874206446824462,0.3696996659551655,-1.612706579080766,0.5133340600480305,0.808274289352641,0.5734422215823883,0.44816058433828987,0.41390077802624936,-0.7679206821954204,-0.8128736200050708,-0.7815751528134072,0.6003329123328762,0.5827117065461781
-1.1534984692869716,-0.21384496208707834,-1.6613247691510074,-0.7030746009502787,-0.010684955963028146,1.2053473709669342,1.2521664245888682,0.2198050281629423,-1.3734890741113417,0.546106643378058,0.7470321323378303,0.583534513478769,0.4855002293594831,0.41390077802624936,-0.7570372343202033,-0.8187178463780979,-0.795856719252032,0.6946897897617054,0.6901483445712571
-1.1534984692869716,-0.21384496208707834,-1.5168617455966513,-0.4987623880747033,-0.010684955963028146,-0.6865507261215884,-0.6874206446824462,0.2198050281629423,-1.3734890741113417,0.5171841961370826,0.7111071574100215,0.6484307022129274,0.5616092748022584,0.41390077802624936,-0.7494979231990972,-0.8383318317351909,-0.8195696612429672,-1.2676136780735823,-1.2761757670616813
-1.1534984692869716,-0.21384496208707834,-1.372398722042295,-0.7030746009502787,-0.010684955963028146,-0.6865507261215884,-0.6874206446824462,0.009952592434096328,-1.3136846978689858,0.4337497592453211,0.6642891216980288,0.6105506240299046,0.5373514441331704,0.41390077802624936,-0.7405592565468655,-0.8336498143993113,-0.8186569615668857,-1.2676136780735823,-1.2761757670616813
-1.1534984692869716,-0.21384496208707834,-1.227935698487939,0.502129925565956,-0.010684955963028146,-0.6865507261215884,-0.6874206446824462,-0.10996314638981547,-1.0744671928995615,0.2911914084778952,0.6086709178205814,0.44987546865691896,0.39044061831383237,0.41390077802624936,-0.7291836481489893,-0.7963903772604544,-0.7840820200337636,-0.4403339967066198,-0.4450933051319375
-1.1534984692869716,-0.21384496208707834,-1.083472674933583,-0.7030746009502787,-0.010684955963028146,-0.6865507261215884,0.9429648590638908,-0.22987888521372726,-0.8950540641724933,0.23107030412400303,0.5480097333246,0.2525187776503656,0.18079469696941317,0.41390077802624936,-0.713672638062678,-0.7474893314046577,-0.7295263794674236,-0.3561035585707283,-0.3374631475060609
-1.1534984692869716,-0.21384496208707834,-0.9390096513792268,1.0503544977154171,-0.010684955963028146,-0.6865507261215884,-0.6874206446824462,-0.22987888521372726,-0.8950540641724933,0.12972959572025067,0.5084110639064686,0.04669769071363506,0.1979395555526743,0.41390077802624936,-0.7082340473703166,-0.693656216520533,-0.7438830580325011,-0.05024980841392059,-0.07630327820218273
-1.1534984692869716,-0.21384496208707834,-0.7945466278248707,-0.7030746009502787,-0.010684955963028146,1.1728102890274907,0.8392059971056726,0.054920869411230304,-1.2538803216266297,0.1381792320216656,0.4937587282489488,-0.054768965395704694,0.20000891695460288,0.41390077802624936,-0.7131631241817273,-0.6670249522280074,-0.7494334948186224,0.7654426639886768,0.7585406889876981
-1.1534984692869716,-0.21384496208707834,-0.6500836042705146,1.9515539372027384,-0.010684955963028146,-0.6865507261215884,-0.6874206446824462,0.33972062403618786,-1.612706579080766,0.24256447738714124,0.5762276033529193,0.3220806621043604,0.3281620354692396,0.41390077802624936,-0.7760208442157566,-0.7850849178265111,-0.7918462994073943,0.5783854187030466,0.5611177436032293
-1.1534984692869716,-0.21384496208707834,-0.5056205807161585,-0.7030746009502787,-0.010684955963028146,-0.6865507261215884,1.4149802673815044,0.6245206645624779,-1.9715328365349023,0.41523601891085576,0.7809734513959591,1.0014553594214715,0.6347961508410519,0.41390077802624936,-0.8966281304555894,-0.9762089903541217,-0.8830245603495097,-0.13013145956625774,-0.1120154733433577
-1.1534984692869716,-0.21384496208707834,-0.3611575571618023,-0.7030746009502787,-0.010684955963028146,-0.6865507261215884,-0.6874206446824462,0.819383579331835,-2.1509459652619705,0.6512929106030936,0.9861165872333121,1.7857041875511104,0.8475627961242819,0.24366108503578388,-1.020953132690533,-1.1708888716843207,-0.9414869048882054,-1.2676136780735823,-1.2761757670616813
-1.1534984692869716,-0.21384496208707834,-0.2166945336074462,-0.7030746009502787,-0.010684955963028146,-0.6865507261215884,-0.6874206446824462,0.9692782171240583,-2.1509459652619705,0.9379979240537586,1.169365756304191,2.1841856016733616,0.9771082376270035,-0.2695837639389391,-1.112851456806695,-1.2451091152764304,-0.957404125220018,-1.2676136780735823,-1.2761757670616813
-1.1534984692869716,-0.21384496208707834,-0.07223151005309006,-0.7030746009502787,-0.010684955963028146,-0.6865507261215884,-0.6874206446824462,1.1191728549162814,-2.330359093989039,1.2464783080719377,1.3193881677263277,2.1897812868402857,1.023268098234317,-0.7218852412566333,-1.189405314872372,-1.240116105636153,-0.9627986606739093,-1.2676136780735823,-1.2761757670616813
-1.1534984692869716,-0.21384496208707834,0.07223151350126605,-0.7030746009502787,-0.010684955963028146,-0.6865507261215884,-0.6874206446824462,1.4189621305007278,-2.629380975200819,1.5101145458626726,1.447523570136707,1.934418783457541,1.0891808800647584,-0.8639525259066289,-1.2548327780467494,-1.1659788150122663,-0.963288417940285,-1.2676136780735823,-1.2761757670616813
-1.1534984692869716,-0.21384496208707834,0.2166945370556222,-0.7030746009502787,-0.010684955963028146,-0.6865507261215884,-0.6874206446824462,1.7187514060851743,-2.868598480170243,1.715552131762459,1.575485028679173,1.7329583689638837,1.2561123502300062,-0.8686815033079701,-1.3191667386298906,-1.103977164116072,-0.9937367778518136,-1.2676136780735823,-1.2761757670616813
-1.1534984692869716,-0.21384496208707834,0.3611575606099783,-0.7030746009502787,-0.010684955963028146,-0.6865507261215884,-0.6874206446824462,1.7187514060851743,-2.868598480170243,1.8221828539162848,1.686855721100097,1.5812872023286102,1.7000835451003977,-0.7819214783665938,-1.3724275694909331,-1.0586358307319566,-1.1014666727403002,-1.2676136780735823,-1.2761757670616813
-1.1534984692869716,-0.21384496208707834,0.5056205841643344,-0.7030746009502787,-0.010684955963028146,-0.6865507261215884,-0.6874206446824462,1.7187514060851743,-2.868598480170243,1.8181287024638182,1.7895493976140484,1.499620535445678,2.2701604682820236,-0.4189826520656262,-1.4198576719659968,-1.0329353746475738,-1.2344212503391832,-1.2676136780735823,-1.2761757670616813
-1.1534984692869716,-0.21384496208707834,0.6500836077186906,-0.7030746009502787,-0.010684955963028146,-0.6865507261215884,-0.6874206446824462,1.7187514060851743,-2.868598480170243,1.7133524276517982,1.8555931011587297,1.408988007734629,2.672383130960302,0.19147348315976587,-1.4487013636352928,-1.0042661782180682,-1.3201034434471735,-1.2676136780735823,-1.2761757670616813
-1.1534984692869716,-0.21384496208707834,0.7945466312730467,-0.7030746009502787,-0.010684955963028146,-0.6865507261215884,-0.6874206446824462,1.568856768292951,-2.7489897276855313,1.4576734429296223,1.8353362940770528,1.2602700963577986,2.656759981312002,0.407415755827759,-1.4444517190047712,-0.963264206771681,-1.3150837044033286,-1.2676136780735823,-1.2761757670616813
-1.1534984692869716,-0.21384496208707834,0.9390096548274028,-0.7030746009502787,-0.010684955963028146,-0.6865507261215884,-0.6874206446824462,1.568856768292951,-2.569576598958463,1.2149690506461304,1.7299666650991277,1.0465101155492273,2.0955919722586946,0.41390077802624936,-1.3929937092551343,-0.8819382010780337,-1.1662787213293029,-1.2676136780735823,-1.2761757670616813
-1.1534984692869716,-0.21384496208707834,1.083472678381759,-0.7030746009502787,-0.010684955963028146,-0.6865507261215884,-0.6874206446824462,1.4189621305007278,-2.2705547177466827,0.9722345791744429,1.573049814528391,0.796146512661479,1.5746475314701651,0.41390077802624936,-1.3163880321334478,-0.7865188656066231,-1.0132181122536443,-1.2676136780735823,-1.2761757670616813
-1.1534984692869716,-0.21384496208707834,1.227935701936115,-0.7030746009502787,-0.010684955963028146,-0.6865507261215884,-0.6874206446824462,1.2690674927085046,-1.9117284602925464,0.8119994741788673,1.4398818681315528,0.5763855304296327,1.1615767929566094,0.41390077802624936,-1.247910475220456,-0.6983477761586395,-0.8790796452663131,-1.2676136780735823,-1.2761757670616813
-1.1534984692869716,-0.21384496208707834,1.3723987254904713,1.7549708657447431,-0.010684955963028146,-0.6865507261215884,-0.6874206446824462,1.2690674927085046,-1.7323153315654782,0.5963127318490872,1.334597819536641,0.38508537497554757,0.8245508137864376,0.41390077802624936,-1.1821798103137058,-0.5989772769537355,-0.7424033054715433,0.47417342372596033,0.42809108056648265
-1.1534984692869716,-0.21384496208707834,1.5168617490448273,-0.7030746009502787,-0.010684955963028146,2.159376612149174,-0.6874206446824462,0.9692782171240583,-0.7754453116877812,0.5658582076963168,1.2062849943809906,0.19515616653169676,0.5138056430459493,0.41390077802624936,-1.0631740944328687,-0.41906996382345807,-0.5310794863319704,0.3477642723808123,0.37247543030127844
-1.1534984692869716,-0.21384496208707834,1.6613247725991833,2.2776900080437,-0.010684955963028146,-0.6865507261215884,-0.6874206446824462,0.819383579331835,-0.536227806718357,0.49769549776783856,1.0973481245599055,0.30135068343086524,0.2533614969609123,0.41390077802624936,-0.9417439697873757,-0.33233130406205025,-0.3164059720414972,0.791309808685913,0.7828275523935713
-1.1534984692869716,-0.10360003018643743,-1.6613247691510074,-0.7030746009502787,-0.010684955963028146,0.9912849733510445,1.4946173707760635,0.819383579331835,-0.23720592550657674,0.5269749718947893,1.0111248450109007,0.5072811808907826,0.1010010001589885,0.41390077802624936,-0.8473400135489983,-0.31569126394220387,-0.16453361933838284,0.7574552537931699,0.7515975209095812
-1.1534984692869716,-0.10360003018643743,-1.5168617455966513,-0.7030746009502787,-0.010684955963028146,-0.6865507261215884,-0.6874206446824462,0.819383579331835,-0.23720592550657674,0.5104052625713211,0.9511691768431745,0.6297049253959901,0.1556555771149974,0.41390077802624936,-0.7383924969490667,-0.23949359508405346,-0.0576925148880516,-1.2676136780735823,-1.2761757670616813
-1.1534984692869716,-0.10360003018643743,-1.372398722042295,-0.7030746009502787,-0.010684955963028146,-0.6865507261215884,-0.6874206446824462,0.819383579331835,-0.23720592550657674,0.46933474667164843,0.9168138713794127,0.6095410632932265,0.22593981370405467,0.41390077802624936,-0.6677542059099051,-0.15572866368938704,-0.005500504463716513,-1.2676136780735823,-1.2761757670616813
-1.1534984692869716,-0.10360003018643743,-1.227935698487939,-0.7030746009502787,-0.010684955963028146,-0.6865507261215884,-0.6874206446824462,0.7444362604357235,-0.1175971730218646,0.3981608484466205,0.8777405124423786,0.5058157429741597,0.1776699042901345,0.41390077802624936,-0.577651713358059,-0.02126266124610347,0.11392428300868247,-1.2676136780735823,-1.2761757670616813
-1.1534984692869716,-0.10360003018643743,-1.083472674933583,-0.7030746009502787,-0.010684955963028146,-0.6865507261215884,-0.6874206446824462,0.6694889415396119,0.06181595570520356,0.30005626835549015,0.8267206886570794,0.3207155171673254,0.05165531576537914,0.41390077802624936,-0.46104148397805866,0.1651303812114616,0.2848495689738018,-1.2676136780735823,-1.2761757670616813
-1.1534984692869716,-0.10360003018643743,-0.9390096513792268,-0.0749936486333765,-0.010684955963028146,-0.6865507261215884,-0.6874206446824462,0.6694889415396119,0.06181595570520356,0.16974668613767765,0.7891947343689993,0.16088497787863779,-0.06405966313915995,0.41390077802624936,-0.35931127729537776,0.32681384892271576,0.43419736817097065,-0.8336811008400766,-0.8944186988323639
-1.1534984692869716,-0.10360003018643743,-0.7945466278248707,-0.7030746009502787,-0.010684955963028146,-0.6865507261215884,-0.1135714084071092,0.7444362604357235,0.12162033194755961,0.13700287420505475,0.7578083028427768,0.033182175629668145,-0.19033871979432299,0.41390077802624936,-0.27472474249160983,0.46117792222857457,0.5743862916234247,-0.9329178602674288,-0.9395502891275951
-1.1534984692869716,-0.10360003018643743,-0.6500836042705146,-0.032500246202313995,-0.010684955963028146,-0.6865507261215884,-0.6874206446824462,0.819383579331835,0.06181595570520356,0.14666679425602297,0.7872883095766728,-0.009265791896402855,-0.15716953375263581,0.41390077802624936,-0.2570416703924662,0.5223616460145614,0.6000925435050168,-0.80256775833401,-0.8107501258967944
-1.1534984692869716,-0.10360003018643743,-0.5056205807161585,-0.7030746009502787,-0.010684955963028146,-0.6865507261215884,0.21592966941616,0.9692782171240583,0.06181595570520356,0.25650945059283503,0.9426570597229836,0.32159411682321926,0.028614852244260157,0.41390077802624936,-0.2798319322443747,0.45680407788052607,0.601303071496451,-0.7406030484413676,-0.7347224047402608
-1.1534984692869716,-0.10360003018643743,-0.3611575571618023,-0.7030746009502787,-0.010684955963028146,-0.6865507261215884,-0.6874206446824462,1.4189621305007278,-1.0146628166572054,0.4918117469985976,1.1704963914456257,0.6357258196416626,0.2983723452601161,0.3769213625234194,-0.3424532127716808,0.3893688449128234,0.5488031886933421,-1.2676136780735823,-1.2761757670616813
-1.1534984692869716,-0.10360003018643743,-0.2166945336074462,-0.7030746009502787,-0.010684955963028146,-0.6865507261215884,-0.6874206446824462,1.568856768292951,-1.0146628166572054,0.6136435754129861,1.3339152637989502,0.7685808628916097,0.489877380354754,0.41390077802624936,-0.3841950290100761,0.3935503251227958,0.522911776686076,-1.2676136780735823,-1.2761757670616813
-1.1534984692869716,-0.10360003018643743,-0.07223151005309006,-0.7030746009502787,-0.010684955963028146,-0.6865507261215884,-0.6874206446824462,1.568856768292951,-0.7754453116877812,0.6375467215976497,1.4018264287095457,0.7053440670924506,0.5545801187700684,0.41390077802624936,-0.34594413001467494,0.5159114834501197,0.587365186706188,-1.2676136780735823,-1.2761757670616813
-1.1534984692869716,-0.10360003018643743,0.07223151350126605,-0.7030746009502787,-0.010684955963028146,-0.6865507261215884,-0.6874206446824462,2.0185406816696205,-1.4332934503536978,0.9732899663428753,1.5722795910812724,0.8580886172695944,0.7131869459381754,0.3472456028347269,-0.4002056712038664,0.4975377805120316,0.5641210404579674,-1.2676136780735823,-1.2761757670616813
-1.1534984692869716,-0.10360003018643743,0.2166945370556222,-0.7030746009502787,-0.010684955963028146,-0.6865507261215884,-0.6874206446824462,2.4682245950462907,-1.9715328365349023,1.3160874346153928,1.7640819280251696,0.9847172071090938,1.0060475610783546,0.11469310272208183,-0.49000110572149724,0.46273049817500844,0.44777410337648765,-1.2676136780735823,-1.2761757670616813
-1.1534984692869716,-0.10360003018643743,0.3611575606099783,-0.7030746009502787,-0.010684955963028146,-0.6865507261215884,-0.6874206446824462,1.8686460438773973,-1.1940759453842735,1.5378076697599967,1.8582982761925129,1.0266164642840312,1.4803569123729305,0.41390077802624936,-0.4961904701788357,0.4974141643240909,0.2831776691126165,-1.2676136780735823,-1.2761757670616813
-1.1534984692869716,-0.10360003018643743,0.5056205841643344,-0.7030746009502787,-0.010684955963028146,-0.6865507261215884,-0.6874206446824462,1.7187514060851743,-0.7156409354454252,1.5770270077948416,1.9432503739548093,1.0787771023457287,1.97179566103699,0.41390077802624936,-0.4270195019907752,0.6159614379476872,0.20007155992290554,-1.2676136780735823,-1.2761757670616813
-1.1534984692869716,-0.10360003018643743,0.6500836077186906,-0.7030746009502787,-0.010684955963028146,-0.6865507261215884,-0.6874206446824462,1.4189621305007278,0.4206422131593399,1.4245307548057082,1.9433109064208431,1.0370361588823722,2.0287555863420605,0.41390077802624936,-0.41399701168725284,0.6630852300137052,0.19939620583244633,-1.2676136780735823,-1.2761757670616813
-1.1534984692869716,-0.10360003018643743,0.7945466312730467,-0.6880772076422444,-0.010684955963028146,-0.6865507261215884,-0.6874206446824462,1.359004332564105,0.48044658940169593,0.9950313343498205,1.767141948549495,0.7999170313734233,1.502050622799204,0.41390077802624936,-0.2739064834443877,0.8319883168417054,0.4811649371719569,-1.2676136780735823,-1.2761757670616813
-1.1534984692869716,-0.10360003018643743,0.9390096548274028,-0.688314047855837,-0.010684955963028146,-0.6865507261215884,-0.6874206446824462,1.1641411318934154,0.8392728468558323,0.6745938191284472,1.5621873678649598,0.5181509505958692,1.1080248446673773,0.41390077802624936,-0.06312222982337388,1.0909555557572228,0.7756477060088033,-1.2676136780735823,-1.2761757670616813
-1.1534984692869716,-0.10360003018643743,1.083472678381759,-0.5974495150721534,-0.010684955963028146,-0.48041115147126895,-0.6874206446824462,0.9692782171240583,1.0784903518252564,0.47031297418340484,1.3627975994026973,0.16861085277730425,0.7319877818918356,0.41390077802624936,0.12793824496717682,1.3597465948154366,1.0406991855300989,-1.0767084092231987,-1.0864373970149164
-1.1534984692869716,-0.10360003018643743,1.227935701936115,0.00907626509559579,-0.010684955963028146,0.0004803905043392497,-0.6874206446824462,0.9692782171240583,1.0784903518252564,0.3253077468457967,1.2160049777199693,0.0025994477961634637,0.43307694967602167,0.41390077802624936,0.36585471529597735,1.6069642235024448,1.3508275482879817,-0.33648148731374106,-0.33115078578400786
-1.1534984692869716,-0.10360003018643743,1.3723987254904713,-0.7030746009502787,-0.010684955963028146,0.40012268712106724,-0.6874206446824462,0.9692782171240583,1.0784903518252564,0.2914261569249009,1.1119280995683736,0.011353118518705754,0.22941451806356508,0.41390077802624936,0.46701852764552954,1.6272797849437275,1.5011950382715857,-0.6450542516224004,-0.6337190398112923
-1.1534984692869716,-0.10360003018643743,1.5168617490448273,0.9209711702236272,-0.010684955963028146,-0.6865507261215884,-0.6874206446824462,0.9692782171240583,1.0784903518252564,0.23362115006207917,1.0308653866926116,0.05671124018802512,0.05694956086209455,0.41390077802624936,0.5460500596450631,1.6177656758823984,1.630318897421385,-0.11295577758119876,-0.13005669886626828
-1.1534984692869716,-0.10360003018643743,1.6613247725991833,-0.7030746009502787,-0.010684955963028146,0.30129055807485705,0.5929479706368137,0.9692782171240583,1.0784903518252564,0.22938521568964718,0.9652934189177105,0.1183184822857811,-0.10849275029193454,0.41390077802624936,0.5893322274507033,1.5729871214591709,1.732797603108934,0.10198730369978506,0.10451443692029193
-1.1534984692869716,0.00664490171420348,-1.6613247691510074,0.287037478292001,-0.010684955963028146,-0.6865507261215884,-0.6874206446824462,0.9692782171240583,0.7196640943711202,0.19590446364622913,0.905578489063176,0.15764161896022966,-0.10992494693660394,0.41390077802624936,0.633981936297268,1.547735153579457,1.7329914972028002,-0.5789245866868278,-0.6011189182080641
-1.1534984692869716,0.00664490171420348,-1.5168617455966513,-0.7030746009502787,-0.010684955963028146,-0.6865507261215884,-0.6576588888449754,0.8943308982279466,1.0186859755829005,0.1850890338036813,0.8502288545177861,0.11173147146937701,-0.11139620348976434,0.41390077802624936,0.689850591279354,1.5860201713372113,1.7439211849984766,-1.2676136780735823,-1.2761757670616813
-1.1534984692869716,0.00664490171420348,-1.372398722042295,-0.7030746009502787,-0.010684955963028146,-0.6865507261215884,-0.6874206446824462,0.819383579331835,1.0784903518252564,0.1542402107273887,0.8077594155036185,0.03373420145120144,-0.158055705426525,0.41390077802624936,0.7436749242471431,1.647809180703097,1.78802117389277,-1.2676136780735823,-1.2761757670616813
-1.1534984692869716,0.00664490171420348,-1.227935698487939,-0.7013823111921047,-0.010684955963028146,-0.6865507261215884,-0.6461845572514282,0.819383579331835,0.7196640943711202,0.10922932117407669,0.7740859700020757,-0.06804493774330055,-0.22638369159865884,0.41390077802624936,0.7797964215688454,1.717386443650256,1.8385698882017492,-1.2676136780735823,-1.2761757670616813
-1.1534984692869716,0.00664490171420348,-1.083472674933583,-0.7016234297364077,-0.010684955963028146,-0.6865507261215884,-0.6602784464543694,0.819383579331835,0.36083783691698385,0.05380710913267238,0.740728406564663,-0.16255325035148108,-0.30301353582131385,0.41390077802624936,0.8108256723074228,1.7818568399419288,1.8939497970162247,-1.2676136780735823,-1.2761757670616813
-1.1534984692869716,0.00664490171420348,-0.9390096513792268,-0.7007461129873568,-0.010684955963028146,-0.6865507261215884,-0.6630548510594536,0.819383579331835,1.0784903518252564,-0.003928584818220102,0.7090372253818568,-0.2548028987499345,-0.3761157820583769,0.41390077802624936,0.8364488699004355,1.8431531195200932,1.9448653379892746,-1.2676136780735823,-1.2761757670616813
-1.1534984692869716,0.00664490171420348,-0.7945466278248707,-0.7004190526963004,-0.010684955963028146,-0.6865507261215884,-0.6648180404804042,0.819383579331835,1.0784903518252564,-0.05260128858666318,0.6869317428720004,-0.33485576041586174,-0.4357716547974188,0.41390077802624936,0.8535607272891472,1.8965245170987342,1.9863115106483786,-1.2676136780735823,-1.2761757670616813
-1.1534984692869716,0.00664490171420348,-0.6500836042705146,-0.3967277685922596,-0.010684955963028146,-0.6865507261215884,-0.3918949003695426,0.9692782171240583,0.7196640943711202,-0.038950568308971,0.7404758400684532,-0.24957937513536568,-0.4103794592859052,0.41390077802624936,0.8250766357666716,1.8477030627183308,1.9770945540151859,-0.8579950880707443,-0.8662226832049307
-1.1534984692869716,0.00664490171420348,-0.5056205807161585,-0.7030746009502787,-0.010684955963028146,-0.6865507261215884,-0.6692508957247947,1.1191728549162814,0.36083783691698385,0.0771616370804619,0.9102979340873916,0.11635655267681816,-0.1768874638077405,0.41390077802624936,0.7148987178600922,1.622698612392747,1.8289970223647256,-1.2676136780735823,-1.2761757670616813
-1.1534984692869716,0.00664490171420348,-0.3611575571618023,-0.7030746009502787,-0.010684955963028146,-0.6865507261215884,-0.6874206446824462,1.194120173812393,0.24122908443227173,0.33260521946023647,1.1188837669584788,0.635275744534917,0.004833064209906042,0.41390077802624936,0.5737040821959238,1.3176698131454807,1.7184459465755673,-1.2676136780735823,-1.2761757670616813
-1.1534984692869716,0.00664490171420348,-0.2166945336074462,-0.7030746009502787,-0.010684955963028146,-0.6865507261215884,-0.6874206446824462,1.2690674927085046,0.4206422131593399,0.5796429765300986,1.3229811522619388,1.0915159684885893,0.21115970708068516,0.41390077802624936,0.46140375216273527,1.0911251484922573,1.6190477114693949,-1.2676136780735823,-1.2761757670616813
-1.1534984692869716,0.00664490171420348,-0.07223151005309006,-0.7030746009502787,-0.010684955963028146,-0.6865507261215884,-0.6874206446824462,1.2690674927085046,0.4206422131593399,0.9012614268358516,1.510732684409878,1.3302621630961415,0.40779461015713897,0.33732301814208254,0.3452369974946315,0.9764665798966685,1.5099936378283736,-1.2676136780735823,-1.2761757670616813
-1.1534984692869716,0.00664490171420348,0.07223151350126605,-0.7030746009502787,-0.010684955963028146,-0.6865507261215884,-0.6874206446824462,1.3140357696856386,0.0020115794628475024,1.187173919067099,1.6299496368246216,1.2746327141288634,0.5434765260334128,0.41390077802624936,0.29495564184471135,1.0239256537636625,1.4453889118093324,-1.2676136780735823,-1.2761757670616813
-1.1534984692869716,0.00664490171420348,0.2166945370556222,-0.7030746009502787,-0.010684955963028146,-0.6865507261215884,-0.6874206446824462,1.3739938535235938,-0.1175971730218646,1.4235917610176854,1.734084960115836,1.2118841213460452,0.7606797259227437,0.41390077802624936,0.24901937429591653,1.0701624454635799,1.3268047687754294,-1.2676136780735823,-1.2761757670616813
-1.1534984692869716,0.00664490171420348,0.3611575606099783,-0.7030746009502787,-0.010684955963028146,-0.6865507261215884,-0.6874206446824462,1.4189621305007278,-0.23720592550657674,1.5629447165560806,1.8326060711262904,1.1814605360917214,1.2238122471522435,0.41390077802624936,0.2194757638421925,1.1009324664765614,1.0739712373581547,-1.2676136780735823,-1.2761757670616813
-1.1534984692869716,0.00664490171420348,0.5056205841643344,-0.7030746009502787,-0.010684955963028146,-0.6865507261215884,-0.6874206446824462,1.4189621305007278,0.06181595570520356,1.5613492117909162,1.9288756527104787,1.1889244888288195,1.6231461040983761,0.41390077802624936,0.2024906823765556,1.1330102166356524,0.8924108166746397,-1.2676136780735823,-1.2761757670616813
-1.1534984692869716,0.00664490171420348,0.6500836077186906,-0.7030746009502787,-0.010684955963028146,-0.6865507261215884,-0.6874206446824462,1.239088450789527,0.24122908443227173,1.3677575948770788,1.9115508434663433,1.0903439497023308,1.5971444112647846,0.41390077802624936,0.24340363473766163,1.1992836743072177,0.9167161400582086,-1.2676136780735823,-1.2761757670616813
-1.1534984692869716,0.00664490171420348,0.7945466312730467,-0.7030746009502787,-0.010684955963028146,-0.6865507261215884,-0.6874206446824462,1.0592150569796586,0.6598597181287641,0.9671119626456328,1.7362098584062613,0.8258257748110928,1.1608419784281228,0.41390077802624936,0.4097370200758688,1.3756987216929184,1.1801251968609672,-1.2676136780735823,-1.2761757670616813
-1.1534984692869716,0.00664490171420348,0.9390096548274028,-0.7030746009502787,-0.010684955963028146,-0.6865507261215884,-0.6874206446824462,0.9842677380835471,0.6000553418864081,0.6637502717838903,1.55568047565407,0.5605657634179442,0.7901968105205239,0.41390077802624936,0.5886337547794663,1.5421845698704153,1.40506723755497,-1.2676136780735823,-1.2761757670616813
-1.1534984692869716,0.00664490171420348,1.083472678381759,-0.7030746009502787,-0.010684955963028146,-0.6865507261215884,-0.6874206446824462,0.8943308982279466,0.48044658940169593,0.4436850458854464,1.3886526159292862,0.31943325899028036,0.4785768605794563,0.41390077802624936,0.7449817285340469,1.665301955649229,1.5713698525051807,-1.2676136780735823,-1.2761757670616813
-1.1534984692869716,0.00664490171420348,1.227935701936115,-0.7030746009502787,-0.010684955963028146,-0.6865507261215884,-0.6874206446824462,0.819383579331835,0.36083783691698385,0.2894343915500278,1.2520510175798454,0.12134965109861484,0.23523200318444096,0.41390077802624936,0.8622422268122519,1.7328822749848831,1.6690435655918099,-1.2676136780735823,-1.2761757670616813
-1.1534984692869716,0.00664490171420348,1.3723987254904713,-0.7030746009502787,-0.010684955963028146,-0.6865507261215884,-0.6874206446824462,0.819383579331835,0.36083783691698385,0.1788345243451583,1.144978130247316,-0.03389476375982693,0.05104581844330108,0.41390077802624936,0.9502319479920954,1.771987496993149,1.7284459034571875,-1.2676136780735823,-1.2761757670616813
-1.1534984692869716,0.00664490171420348,1.5168617490448273,0.6230702400019332,-0.010684955963028146,-0.6865507261215884,-0.6874206446824462,0.819383579331835,0.36083783691698385,0.12838584068237666,1.0551075956759113,-0.15949970211345005,-0.09366951501960624,0.41390077802624936,1.0299985875303705,1.8214374420975035,1.791818266564314,-0.3153155153439786,-0.30200894438689063
-1.1534984692869716,0.00664490171420348,1.6613247725991833,-0.7030746009502787,-0.010684955963028146,0.3870162881031988,0.35991687841063863,0.819383579331835,0.06181595570520356,0.1157793913513924,0.966254284844062,-0.2850665125574778,-0.23874940762842942,0.41390077802624936,1.0940565815129024,1.8382080382614556,1.8231858766280682,0.04433525248948436,0.044604411716815486
-1.1534984692869716,0.1168898336148444,-1.6613247691510074,0.4624586844800533,-0.010684955963028146,-0.6865507261215884,-0.6874206446824462,0.819383579331835,0.06181595570520356,0.07809278412373809,0.8949679131204826,-0.2712144772279515,-0.23517461225341085,0.41390077802624936,1.1368128461547609,1.7507415610847339,1.7423547478032115,-0.4433032577607779,-0.45620364303791344
-1.1534984692869716,0.1168898336148444,-1.5168617455966513,-0.7030746009502787,-0.010684955963028146,-0.6865507261215884,-0.656138083875218,0.819383579331835,0.06181595570520356,0.08111443474661678,0.8370633910431866,-0.2615465655427197,-0.2344601414272633,0.41390077802624936,1.1732587548689701,1.690969881157838,1.6882543653288882,-1.2676136780735823,-1.2761757670616813
-1.1534984692869716,0.1168898336148444,-1.372398722042295,-0.7030746009502787,-0.010684955963028146,-0.6865507261215884,-0.66800419303077,0.7894045374128574,0.0020115794628475024,0.05796784553461506,0.7857088992560227,-0.3135306548056384,-0.3000099916079759,0.41390077802624936,1.2033200738450602,1.6777121534364525,1.6845031259903531,-1.2676136780735823,-1.2761757670616813
-1.1534984692869716,0.1168898336148444,-1.227935698487939,-0.7030746009502787,-0.010684955963028146,-0.6865507261215884,-0.6566813431393247,0.819383579331835,0.06181595570520356,0.025017402656995452,0.7520104058375005,-0.3736293578715767,-0.34672482841509883,0.41390077802624936,1.2251038409160557,1.6909503628123737,1.689656167223731,-1.2676136780735823,-1.2761757670616813
-1.1534984692869716,0.1168898336148444,-1.083472674933583,-0.7030746009502787,-0.010684955963028146,-0.6865507261215884,-0.6597826724082048,0.7894045374128574,0.12162033194755961,-0.023366933242006054,0.7172592041303687,-0.4396088765588044,-0.4073848663015964,0.41390077802624936,1.2455547736627102,1.7011541200801086,1.6971346274882728,-1.2676136780735823,-1.2761757670616813
-1.1534984692869716,0.1168898336148444,-0.9390096513792268,-0.7030746009502787,-0.010684955963028146,-0.6865507261215884,-0.6629998465860134,0.7594257813952123,0.18142470818991568,-0.07542550736865426,0.683565581140148,-0.5063923968179349,-0.47159284587602507,0.41390077802624936,1.2708198172220935,1.7192602048148304,1.7143540824775374,-1.2676136780735823,-1.2761757670616813
-1.1534984692869716,0.1168898336148444,-0.7945466278248707,-0.39689717173176053,-0.010684955963028146,-0.6865507261215884,-0.38947916835148055,0.6694889415396119,0.36083783691698385,-0.12117006755578359,0.6537808247496684,-0.5692769238871366,-0.5259585422588194,0.41390077802624936,1.287559059445266,1.7320035156979785,1.7221679271206587,-0.8561164613433738,-0.8643425445979211
-1.1534984692869716,0.1168898336148444,-0.6500836042705146,-0.7030746009502787,-0.010684955963028146,-0.6865507261215884,-0.36212242701901887,0.819383579331835,-0.23720592550657674,-0.08372082435671725,0.7368056244554889,-0.22857669902150346,-0.425471231429109,0.41390077802624936,1.1955674610282867,1.4692631637337032,1.6087267812567125,-1.0792738556270465,-1.083969459250275
-1.1534984692869716,0.1168898336148444,-0.5056205807161585,-0.7030746009502787,-0.010684955963028146,-0.6865507261215884,-0.6874206446824462,0.9243099401469242,-0.536227806718357,0.04155899447845451,0.8957318745883566,0.45218966699583935,-0.25707908343591707,0.41390077802624936,1.042792350930855,1.0317286545392865,1.4557539485613853,-1.2676136780735823,-1.2761757670616813
-1.1534984692869716,0.1168898336148444,-0.3611575571618023,-0.7030746009502787,-0.010684955963028146,-0.6865507261215884,-0.6874206446824462,0.9692782171240583,-1.0744671928995615,0.2434818926271107,1.0596078714265567,1.0833590824379749,-0.08671278256774334,0.41390077802624936,0.8418245546689899,0.5900382558545061,1.217669469230221,-1.2676136780735823,-1.2761757670616813
-1.1534984692869716,0.1168898336148444,-0.2166945336074462,-0.7030746009502787,-0.010684955963028146,-0.6865507261215884,-0.6874206446824462,0.819383579331835,-0.536227806718357,0.5111147390755029,1.1967250394004918,1.4836565454716069,0.05104907343567533,0.07765313395038465,0.7077852870737259,0.3657789725846489,1.0910976755861728,-1.2676136780735823,-1.2761757670616813
-1.1534984692869716,0.1168898336148444,-0.07223151005309006,-0.7030746009502787,-0.010684955963028146,-0.6865507261215884,-0.6874206446824462,0.9692782171240583,-1.0744671928995615,0.8369259666575809,1.3377281133836034,1.5762178480876226,0.1940758796044412,-0.3555193328349696,0.5671970548743029,0.2711887330544615,0.945629505059964,-1.2676136780735823,-1.2761757670616813
-1.1534984692869716,0.1168898336148444,0.07223151350126605,-0.7030746009502787,-0.010684955963028146,-0.6865507261215884,-0.6874206446824462,0.9692782171240583,-1.0744671928995615,1.1393081222167758,1.4347519155790625,1.3524235961146638,0.30402138452562455,-0.4319887955267393,0.43848141197271845,0.28783245997289564,0.7910443818363629,-1.2676136780735823,-1.2761757670616813
-1.1534984692869716,0.1168898336148444,0.2166945370556222,-0.7030746009502787,-0.010684955963028146,-0.6865507261215884,-0.6874206446824462,0.9692782171240583,-1.3136846978689858,1.3490653410996258,1.5020688882368671,1.1439352132414555,0.4876509655707679,-0.2776734477624106,0.32820082002958045,0.29132364136494665,0.5979472625678162,-1.2676136780735823,-1.2761757670616813
-1.1534984692869716,0.1168898336148444,0.3611575606099783,-0.7030746009502787,-0.010684955963028146,-0.6865507261215884,-0.6874206446824462,1.0142464941011922,-1.2538803216266297,1.4589099591226247,1.5695973766380538,1.0357986595557216,0.9672195707940361,-0.11779069272011773,0.2439883465045426,0.2916368023743964,0.31970137729861564,-1.2676136780735823,-1.2761757670616813
-1.1534984692869716,0.1168898336148444,0.5056205841643344,-0.7030746009502787,-0.010684955963028146,-0.6865507261215884,-0.6874206446824462,0.9692782171240583,-1.3136846978689858,1.4852351338524392,1.6294542446888054,0.96356201935685,1.6121653873238484,0.4006372831724506,0.1852380699705898,0.2981394476010864,0.01740039683455196,-1.2676136780735823,-1.2761757670616813
-1.1534984692869716,0.1168898336148444,0.6500836077186906,-0.7030746009502787,-0.010684955963028146,-0.6865507261215884,-0.6874206446824462,0.9692782171240583,-1.3136846978689858,1.357479013154285,1.6668584382693463,0.8991009861126389,2.135635702194795,0.41390077802624936,0.1226278763110811,0.27744674835133215,-0.22957635386226116,-1.2676136780735823,-1.2761757670616813
-1.1534984692869716,0.1168898336148444,0.7945466312730467,-0.6883012863504925,-0.010684955963028146,-0.6865507261215884,-0.6874206446824462,0.819383579331835,-1.0744671928995615,1.0759397733285372,1.638240497344827,0.7698772118178531,2.362055412991811,0.41390077802624936,0.1202695067154792,0.3073766130273274,-0.33419313496325254,-1.2676136780735823,-1.2761757670616813
-1.1534984692869716,0.1168898336148444,0.9390096548274028,-0.6349039691601042,-0.010684955963028146,-0.5323861598349889,-0.6874206446824462,0.819383579331835,-1.0744671928995615,0.7898624994576089,1.5381455422174959,0.4862859645853195,2.0081588083459088,0.41390077802624936,0.1602540544079845,0.40206097435675386,-0.23347716240608724,-1.136139970244949,-1.1452001713010251
-1.1534984692869716,0.1168898336148444,1.083472678381759,-0.3238855160095449,-0.010684955963028146,-0.298246498619565,-0.6874206446824462,0.5195943037473887,-0.536227806718357,0.5138140192683709,1.3509297571827288,0.20444362798857457,1.444736717073434,0.41390077802624936,0.28323585850738503,0.5275736948650497,-0.02137929533548364,-0.7692935030455738,-0.7717417014685265
-1.1534984692869716,0.1168898336148444,1.227935701936115,0.23030928502881018,-0.010684955963028146,0.14465569586878976,-0.6874206446824462,0.5195943037473887,-0.536227806718357,0.3749920267911697,1.19379304156295,0.08576304956451478,0.959781913218878,0.41390077802624936,0.4028578596264391,0.592915910587462,0.18891697244628095,-0.09584543210106951,-0.0892255981556064
-1.1534984692869716,0.1168898336148444,1.3723987254904713,-0.7030746009502787,-0.010684955963028146,0.9570494077023557,-0.6874206446824462,0.2198050281629423,0.0020115794628475024,0.29797295762523884,1.0428348121314415,0.03974183381527554,0.5649212295430563,0.41390077802624936,0.49711021499863006,0.5963617660439346,0.34865426350644063,-0.34863201018855916,-0.32367597607387405
-1.1534984692869716,0.1168898336148444,1.5168617490448273,1.1158732895348245,-0.010684955963028146,0.33241492163906544,-0.6874206446824462,0.06991039037071911,0.36083783691698385,0.18353407055304172,0.9097468799138432,0.27524218290161995,0.22018742843066377,0.41390077802624936,0.5798095720881862,0.465108700134583,0.49408422292180865,0.6090880039934582,0.5982679807488511
-1.1534984692869716,0.1168898336148444,1.6613247725991833,-0.7030746009502787,-0.010684955963028146,0.5470583684608216,1.3153629740903656,0.06991039037071911,0.36083783691698385,0.16847878296568852,0.8081546159715168,0.42218134440906524,-0.05178915563633615,0.41390077802624936,0.6424749590678167,0.38203298320531215,0.6130598660799255,0.6144017401564217,0.6206331566540481
-1.1534984692869716,0.2271347655154853,-1.6613247691510074,-0.7030746009502787,-0.010684955963028146,-0.6865507261215884,-0.6874206446824462,-0.07998424742150408,0.36083783691698385,0.12110340766203474,0.7213044427225536,0.4867103447964682,-0.011987108884023797,0.41390077802624936,0.6716825892235061,0.3111529791336626,0.5483599398075897,-1.2676136780735823,-1.2761757670616813
-1.1534984692869716,0.2271347655154853,-1.5168617455966513,-0.7030746009502787,-0.010684955963028146,-0.6865507261215884,-0.6289686359044385,-0.07998424742150408,0.36083783691698385,0.060347370879054694,0.662637350728327,0.418244223309541,-0.035854340468201934,0.41390077802624936,0.6808335934959449,0.302284493566192,0.5178388696108613,-1.2676136780735823,-1.2761757670616813
-1.1534984692869716,0.2271347655154853,-1.372398722042295,-0.683965434383121,-0.010684955963028146,-0.6865507261215884,-0.6874206446824462,-0.07998424742150408,0.36083783691698385,-0.0744427025891289,0.599742031192871,0.2644950856013185,-0.14672426322367194,0.41390077802624936,0.6876332177198714,0.32939374045208825,0.5277471198264638,-1.2676136780735823,-1.2761757670616813
-1.1534984692869716,0.2271347655154853,-1.227935698487939,-0.49974230147577714,-0.010684955963028146,-0.6865507261215884,-0.654101331486145,-0.07998424742150408,0.36083783691698385,-0.1681727224839687,0.5546432566713304,0.0780355169306485,-0.2857034863750596,0.41390077802624936,0.6808388959109785,0.3729354823843936,0.5528601169186032,-1.1131638086159097,-1.1184780668584087
-1.1534984692869716,0.2271347655154853,-1.083472674933583,-0.1925909161849935,-0.010684955963028146,-0.6865507261215884,-0.31292096883481174,-0.22987888521372726,0.48044658940169593,-0.2429384681168029,0.5029220912106058,-0.11246063695153379,-0.4151683668165185,0.41390077802624936,0.6834269564850789,0.4204492076186877,0.5748192780965513,-0.6779099758194229,-0.6810046997507805
-1.1534984692869716,0.2271347655154853,-0.9390096513792268,-0.7030746009502787,-0.010684955963028146,-0.6865507261215884,0.13975030571311753,-0.37977352300595046,0.7196640943711202,-0.2783469037863292,0.4501182991159908,-0.29003391608367757,-0.4684794456700563,0.41390077802624936,0.6858087049106014,0.4618990166582285,0.5577284307889164,-0.7881208864829722,-0.780365143647911
-1.1534984692869716,0.2271347655154853,-0.7945466278248707,0.11533015150864942,-0.010684955963028146,0.04333964684207407,-0.1733562914296528,0.009952592434096328,-0.23720592550657674,-0.29279145307423016,0.43353449074916495,-0.3932884396060013,-0.42306009582788434,0.41390077802624936,0.6663739076994666,0.4754720740941151,0.4988686906974771,0.10457973399029759,0.09713817791114603
-1.1534984692869716,0.2271347655154853,-0.6500836042705146,-0.7030746009502787,-0.010684955963028146,-0.6865507261215884,0.6320319657578654,0.3996787078741431,-0.9548584404148494,-0.21240220703958754,0.5161759181701052,-0.12131045631566446,-0.21315621633780596,0.41390077802624936,0.5553991814246644,0.2994185498405147,0.3472533350084172,-0.522623527237677,-0.5065033375002431
-1.1534984692869716,0.2271347655154853,-0.5056205807161585,-0.7030746009502787,-0.010684955963028146,-0.6865507261215884,-0.6874206446824462,0.7894045374128574,-1.612706579080766,-0.049358621320085505,0.7140259355136017,0.5060461681669318,0.028794690572937393,0.41390077802624936,0.367125366753107,-0.010076697460502918,0.1924114331199665,-1.2676136780735823,-1.2761757670616813
-1.1534984692869716,0.2271347655154853,-0.3611575571618023,-0.7030746009502787,-0.010684955963028146,-0.6865507261215884,-0.6874206446824462,1.2690674927085046,-2.2705547177466827,0.1955225887352226,0.9269248805334599,1.295862499965098,0.21817665689147167,0.16668739993210066,0.16823033273162774,-0.3541283079240746,0.05707182715700769,-1.2676136780735823,-1.2761757670616813
-1.1534984692869716,0.2271347655154853,-0.2166945336074462,-0.7030746009502787,-0.010684955963028146,-0.6865507261215884,-0.6874206446824462,1.568856768292951,-2.569576598958463,0.5300999379901663,1.1501400884715025,1.8107890365944794,0.3607021942346032,-0.29843972552604475,-0.011092523325574727,-0.5509341708163481,-0.03156987107289795,-1.2676136780735823,-1.2761757670616813
-1.1534984692869716,0.2271347655154853,-0.07223151005309006,-0.7030746009502787,-0.010684955963028146,-0.6865507261215884,-0.6874206446824462,1.793698724981286,-2.7489897276855313,0.898539260304139,1.329643202403007,1.9048679957859118,0.5600346722412156,-0.7673933517822221,-0.14906329064934754,-0.5988473715211452,-0.13363786190621055,-1.2676136780735823,-1.2761757670616813
-1.1534984692869716,0.2271347655154853,0.07223151350126605,-0.7030746009502787,-0.010684955963028146,-0.6865507261215884,-0.6874206446824462,2.0185406816696205,-2.808794103927887,1.2361944951859796,1.4888540247037803,1.7439450090005562,0.7102655902822872,-0.7806731494391774,-0.283463604504623,-0.570774352110322,-0.2184929482264027,-1.2676136780735823,-1.2761757670616813
-1.1534984692869716,0.2271347655154853,0.2166945370556222,-0.7030746009502787,-0.010684955963028146,-0.6865507261215884,-0.6874206446824462,2.093488000565732,-2.9882072326549554,1.5200504863981934,1.623790632349558,1.6047201182453787,0.9222591748766332,-0.9479981341224385,-0.39166420364142024,-0.5513323450638202,-0.3256194350874129,-1.2676136780735823,-1.2761757670616813
-1.1534984692869716,0.2271347655154853,0.3611575606099783,-0.7030746009502787,-0.010684955963028146,-0.6865507261215884,-0.6874206446824462,2.1684353194618438,-3.0480116088973115,1.688170262073421,1.7642294324251597,1.5265230911356273,1.4615666551444866,-0.5525864529054891,-0.5108622525766559,-0.5570681361842678,-0.545433763055795,-1.2676136780735823,-1.2761757670616813
-1.1534984692869716,0.2271347655154853,0.5056205841643344,-0.7030746009502787,-0.010684955963028146,-0.6865507261215884,-0.6874206446824462,2.318329957254067,-3.1676203613820233,1.7592016111022168,1.89215888529593,1.4893052781649243,2.1391958501041297,-0.38535346261146863,-0.6185964802093663,-0.5746884309874332,-0.7852344671367198,-1.2676136780735823,-1.2761757670616813
-1.1534984692869716,0.2271347655154853,0.6500836077186906,-0.7030746009502787,-0.010684955963028146,-0.6865507261215884,-0.6874206446824462,2.318329957254067,-3.2872291138667356,1.6602914318837578,1.9616195421818943,1.4312721131579365,2.691108288341261,0.41390077802624936,-0.6732884810917356,-0.5760605706735747,-0.9575233438858411,-1.2676136780735823,-1.2761757670616813
-1.1534984692869716,0.2271347655154853,0.7945466312730467,-0.7030746009502787,-0.010684955963028146,-0.6865507261215884,-0.6874206446824462,2.1684353194618438,-3.1676203613820233,1.4736428762799672,1.971327697337855,1.3301303731477574,2.931845896844503,0.41390077802624936,-0.6987694775543032,-0.5623792948556138,-1.0360273068858952,-1.2676136780735823,-1.2761757670616813
-1.1534984692869716,0.2271347655154853,0.9390096548274028,-0.7030746009502787,-0.010684955963028146,-0.6865507261215884,-0.6874206446824462,2.0185406816696205,-3.1078159851396676,1.2561278424242037,1.8963335381258422,1.148514706730902,2.5331418809227872,0.41390077802624936,-0.7126201086785192,-0.5552331948401167,-0.9745257597655304,-1.2676136780735823,-1.2761757670616813
-1.1534984692869716,0.2271347655154853,1.083472678381759,-0.7030746009502787,-0.010684955963028146,-0.6865507261215884,-0.6874206446824462,1.568856768292951,-2.569576598958463,1.0148280174503728,1.7210238629619843,0.8914762330611602,1.8906609073683749,0.41390077802624936,-0.6301752675105733,-0.47220562316299114,-0.7964259556289565,-1.2676136780735823,-1.2761757670616813
-1.1534984692869716,0.2271347655154853,1.227935701936115,-0.7030746009502787,-0.010684955963028146,-0.6865507261215884,-0.6874206446824462,1.4189621305007278,-2.2705547177466827,0.8214011821762164,1.5793131853242026,0.6728690345283745,1.4055026664904282,0.41390077802624936,-0.5779455153546904,-0.4002328086158449,-0.6510245999594177,-1.2676136780735823,-1.2761757670616813
-1.1534984692869716,0.2271347655154853,1.3723987254904713,-0.7030746009502787,-0.010684955963028146,-0.6865507261215884,-0.6874206446824462,1.2690674927085046,-2.2705547177466827,0.6584713742555416,1.4525526352458078,0.4770018185988413,1.0252609673154507,0.41390077802624936,-0.5306166408029944,-0.34930510788933655,-0.5440638401448539,-1.2676136780735823,-1.2761757670616813
-1.1534984692869716,0.2271347655154853,1.5168617490448273,-0.7030746009502787,-0.010684955963028146,-0.6865507261215884,-0.6874206446824462,0.9692782171240583,-1.9715328365349023,0.5050060482901895,1.3228482591468533,0.28240194122955486,0.7025032472177978,0.41390077802624936,-0.4717815256285049,-0.28928662932756954,-0.44338695209534845,-1.2676136780735823,-1.2761757670616813
-1.1534984692869716,0.2271347655154853,1.6613247725991833,2.240883391067697,-0.010684955963028146,-0.6865507261215884,-0.6874206446824462,0.819383579331835,-1.4332934503536978,0.35826080530499854,1.2109216421240796,0.10673174210678113,0.4360308552556523,0.41390077802624936,-0.42412848070316717,-0.2183745284211564,-0.34257272239602127,0.8439300503026651,0.8369252353194672
-1.1534984692869716,0.3373796974161262,-1.6613247691510074,-0.7030746009502787,-0.010684955963028146,1.3083071982601107,1.178475014364216,0.6694889415396119,-1.3136846978689858,0.36708970093583776,1.0829622709080282,-0.07533731488721941,0.14025295320005282,0.41390077802624936,-0.3657573268441129,-0.14433927536994726,-0.22742124721084422,0.8296530803258635,0.8243070614546584
-1.1534984692869716,0.3373796974161262,-1.5168617455966513,-0.43178013140195287,-0.010684955963028146,-0.6865507261215884,-0.6874206446824462,0.5195943037473887,-1.0744671928995615,0.30981238765723224,0.9760257555679429,-0.024926416328910576,0.14464637915719492,0.41390077802624936,-0.3191081254921713,-0.16127057257822236,-0.22661619369273134,-1.090816668121762,-1.1323681127372913
-1.1534984692869716,0.3373796974161262,-1.372398722042295,-0.7030746009502787,-0.010684955963028146,-0.6865507261215884,-0.2323386847282737,0.3696996659551655,-0.596032182960713,0.26089839648782787,0.877167889229209,0.021317764804701725,0.17323172218784647,0.41390077802624936,-0.2689060650488892,-0.1633588186723992,-0.22213042762923496,-1.0153397488970215,-1.010994558406484
-1.1534984692869716,0.3373796974161262,-1.227935698487939,0.30842231786877516,-0.010684955963028146,-0.6865507261215884,-0.6874206446824462,0.3696996659551655,-0.596032182960713,0.17437953501521403,0.8021667722624796,-0.05160269116408728,0.12859275676740065,0.41390077802624936,-0.22926593331469924,-0.12568689383272968,-0.19557676248379793,-0.5621180963967499,-0.5782228170310859
-1.1534984692869716,0.3373796974161262,-1.083472674933583,-0.7030746009502787,-0.010684955963028146,-0.6865507261215884,0.34237307764785563,0.2198050281629423,-0.2970103017489328,0.12585395771077176,0.7271566102146186,-0.1798409418825922,0.011598565859781838,0.41390077802624936,-0.19107384292239746,-0.05507212238888966,-0.12999230358280053,-0.6800689563667772,-0.6722741617161687
-1.1534984692869716,0.3373796974161262,-0.9390096513792268,0.7995080441947747,-0.010684955963028146,-0.6865507261215884,-0.6874206446824462,0.2198050281629423,-0.2970103017489328,0.0505964827404771,0.6685194365656731,-0.30696519454683174,0.022922684329792848,0.41390077802624936,-0.16155674454384114,0.013228423894397733,-0.11825079344366236,-0.20995343611161643,-0.22592749621268465
-1.1534984692869716,0.3373796974161262,-0.7945466278248707,-0.7030746009502787,-0.010684955963028146,1.1038092575902538,0.7897650994166769,0.3696996659551655,-0.2970103017489328,0.05996549596804817,0.6366271762715595,-0.35250815369092875,0.020968875157150103,0.41390077802624936,-0.14014342346859834,0.06092345287100479,-0.08979115808948993,0.6994520750384945,0.7188203559909749
-1.1534984692869716,0.3373796974161262,-0.6500836042705146,1.1984230542028815,-0.010684955963028146,-0.6865507261215884,-0.6874206446824462,0.819383579331835,-0.8352496879301373,0.17234003527646513,0.7384233024270799,0.1443731064210329,0.17073270179251707,0.41390077802624936,-0.19363900670430764,-0.10430107644848693,-0.11492642680051923,0.06839283662721604,0.04507158092762532
-1.1534984692869716,0.3373796974161262,-0.5056205807161585,-0.7030746009502787,-0.010684955963028146,-0.6865507261215884,0.1127283403967973,1.2690674927085046,-1.2538803216266297,0.37313104049540846,0.948626813269758,0.8520295951143265,0.4914112955111187,0.41390077802624936,-0.29818118048682374,-0.3159384963180852,-0.18654169073820714,-0.8207762424024971,-0.828342909912198
-1.1534984692869716,0.3373796974161262,-0.3611575571618023,-0.7030746009502787,-0.010684955963028146,-0.6865507261215884,-0.6874206446824462,1.7187514060851743,-1.672510955323122,0.7288534051565474,1.1835387026617428,1.7680468210704439,0.6605171005823646,0.10911055712690086,-0.4130567970942592,-0.5702497423583421,-0.19214365793666233,-1.2676136780735823,-1.2761757670616813
-1.1534984692869716,0.3373796974161262,-0.2166945336074462,-0.7030746009502787,-0.010684955963028146,-0.6865507261215884,-0.6874206446824462,2.0185406816696205,-1.8519240840501903,1.0039864317920026,1.3806205838845353,2.276007554390267,0.8418079696066103,-0.053752117435222645,-0.49983539847666786,-0.6803271384029503,-0.20665252589748825,-1.2676136780735823,-1.2761757670616813
-1.1534984692869716,0.3373796974161262,-0.07223151005309006,-0.7030746009502787,-0.010684955963028146,-0.6865507261215884,-0.6874206446824462,2.1684353194618438,-2.330359093989039,1.338558549883782,1.560387396719796,2.3512637592555734,0.9919615815787935,-0.41542048957591854,-0.5978816318053605,-0.6925775026278717,-0.251063225710218,-1.2676136780735823,-1.2761757670616813
-1.1534984692869716,0.3373796974161262,0.07223151350126605,-0.7030746009502787,-0.010684955963028146,-0.6865507261215884,-0.6874206446824462,2.318329957254067,-2.509772222716107,1.645462392103268,1.7168652129679203,2.1752835636504373,1.10476334230838,-0.28008044019988226,-0.6629704634741865,-0.6022953956826695,-0.24995051816253605,-1.2676136780735823,-1.2761757670616813
-1.1534984692869716,0.3373796974161262,0.2166945370556222,-0.7030746009502787,-0.010684955963028146,-0.6865507261215884,-0.6874206446824462,2.4682245950462907,-2.7489897276855313,1.9037883453866673,1.8566673784869605,2.022749545843668,1.3185422902200015,-0.3574814916434552,-0.73534650053116,-0.5463378173300064,-0.31961286681245565,-1.2676136780735823,-1.2761757670616813
-1.1534984692869716,0.3373796974161262,0.3611575606099783,-0.7030746009502787,-0.010684955963028146,-0.6865507261215884,-0.6874206446824462,2.4682245950462907,-2.629380975200819,2.0434545168195353,1.9763428469375228,1.8969614277504672,1.8227951301133842,0.3659262862802615,-0.7880590134739608,-0.48804410989576963,-0.4773970242356423,-1.2676136780735823,-1.2761757670616813
-1.1534984692869716,0.3373796974161262,0.5056205841643344,-0.7030746009502787,-0.010684955963028146,-0.6865507261215884,-0.6874206446824462,2.0185406816696205,-1.612706579080766,2.0487713402808265,2.0312499682829417,1.7561492555414815,2.4359860547881205,0.41390077802624936,-0.7767964429238451,-0.36581372448305655,-0.6054625447897558,-1.2676136780735823,-1.2761757670616813
-1.1534984692869716,0.3373796974161262,0.6500836077186906,-0.7030746009502787,-0.010684955963028146,-0.6865507261215884,-0.6874206446824462,2.0185406816696205,-1.8519240840501903,1.8982949701685752,2.0763167371327866,1.653629108712669,2.9751747278343137,0.41390077802624936,-0.7666661790022566,-0.2716847685173425,-0.7198253426471802,-1.2676136780735823,-1.2761757670616813
-1.1534984692869716,0.3373796974161262,0.7945466312730467,-0.7030746009502787,-0.010684955963028146,-0.6865507261215884,-0.6874206446824462,1.8686460438773973,-1.55290220283841,1.6633778181507968,2.0588931277716767,1.5034051449068206,3.1703326781209524,0.41390077802624936,-0.7372544058677757,-0.1811508749156507,-0.7479906432732767,-1.2676136780735823,-1.2761757670616813
-1.1534984692869716,0.3373796974161262,0.9390096548274028,-0.7030746009502787,-0.010684955963028146,-0.6865507261215884,-0.6874206446824462,1.7187514060851743,-1.0744671928995615,1.4094813522769152,1.9621852076403474,1.2807737941765212,2.730208070488829,0.41390077802624936,-0.6494577407989264,-0.032428889815734545,-0.5608437581848477,-1.2676136780735823,-1.2761757670616813
-1.1534984692869716,0.3373796974161262,1.083472678381759,-0.6882439008690168,-0.010684955963028146,-0.6865507261215884,-0.6874206446824462,1.568856768292951,-0.596032182960713,1.0267289136495488,1.8004988162114361,1.0145937397474838,2.0513753420988077,0.41390077802624936,-0.5342647023460737,0.12250491716345335,-0.28917302251991445,-1.2676136780735823,-1.2761757670616813
-1.1534984692869716,0.3373796974161262,1.227935701936115,-0.6882836243263136,-0.010684955963028146,-0.6865507261215884,-0.6874206446824462,1.4189621305007278,-0.057792796779508555,0.8023728261654459,1.634279447584712,0.7470286475590139,1.5881175036628994,0.41390077802624936,-0.41615605868136646,0.27934154595490707,-0.07661028999228284,-1.2676136780735823,-1.2761757670616813
-1.1534984692869716,0.3373796974161262,1.3723987254904713,-0.1754000360893798,-0.010684955963028146,-0.6865507261215884,-0.6874206446824462,1.3440148116046162,-0.2970103017489328,0.6296777444074912,1.4937856812468497,0.5230595045224761,1.1899359140172507,0.41390077802624936,-0.28219608629274046,0.4633284101577321,0.16232225765034072,-0.906441612183451,-0.9094239129237756
-1.1534984692869716,0.3373796974161262,1.5168617490448273,-0.7030746009502787,-0.010684955963028146,0.26620020680774525,-0.6874206446824462,1.2690674927085046,-1.0146628166572054,0.5600431159436096,1.3663697106741588,0.2947802499664592,0.8697805603228096,0.41390077802624936,-0.1963290182583713,0.5729714145805065,0.3045540562629424,-0.7093701320428538,-0.7063016310888974
-1.1534984692869716,0.3373796974161262,1.6613247725991833,0.820983363502324,-0.010684955963028146,-0.6865507261215884,-0.6874206446824462,1.2690674927085046,-1.0146628166572054,0.44748613981983154,1.2680246308580325,0.2638916699885914,0.6050512167770743,0.41390077802624936,-0.1118085226236575,0.6075134642897201,0.4456179049790467,-0.19292873807192462,-0.196151983018561
-1.1534984692869716,0.44762462931676716,-1.6613247691510074,-0.7030746009502787,-0.010684955963028146,-0.6865507261215884,-0.6874206446824462,0.6694889415396119,0.06181595570520356,0.39640971657731316,1.1348539013593075,0.1427559857336283,0.35783291845670306,0.41390077802624936,0.0007639177082979654,0.6893248261739134,0.5866452893779487,-1.2676136780735823,-1.2761757670616813
-1.1534984692869716,0.44762462931676716,-1.5168617455966513,-0.6825268136625366,-0.010684955963028146,-0.6865507261215884,-0.6874206446824462,1.1191728549162814,-0.536227806718357,0.3611327138822942,1.0847455434418725,0.080199690233987,0.16321529690418984,0.41390077802624936,0.055172962442968036,0.7470457786040251,0.7108403519277039,-1.2676136780735823,-1.2761757670616813
-1.1534984692869716,0.44762462931676716,-1.372398722042295,-0.7030746009502787,-0.010684955963028146,-0.6865507261215884,-0.6874206446824462,1.1191728549162814,-0.536227806718357,0.3085811026273944,1.0225425205007104,-0.01452329908256759,0.011790610409862507,0.41390077802624936,0.13249783985829555,0.8363964267295689,0.8305603475249981,-1.2676136780735823,-1.2761757670616813
-1.1534984692869716,0.44762462931676716,-1.227935698487939,-0.7030746009502787,-0.010684955963028146,-0.6865507261215884,-0.6874206446824462,1.1191728549162814,-0.536227806718357,0.2520152275391572,0.9749765261566916,-0.09654555016585681,-0.09001090359095078,0.41390077802624936,0.20103637454417317,0.9178356388269093,0.9236858466755569,-1.2676136780735823,-1.2761757670616813
-1.1534984692869716,0.44762462931676716,-1.083472674933583,-0.7030746009502787,-0.010684955963028146,-0.6865507261215884,-0.6874206446824462,0.9692782171240583,-0.536227806718357,0.1919157017333185,0.9283616568824212,-0.17784337096683359,-0.1787647806595884,0.41390077802624936,0.25215454769393286,0.9714187020185856,0.9824300800376548,-1.2676136780735823,-1.2761757670616813
-1.1534984692869716,0.44762462931676716,-0.9390096513792268,-0.7030746009502787,-0.010684955963028146,-0.6865507261215884,-0.6030610370002019,0.9692782171240583,-0.23720592550657674,0.12883572071452135,0.8826756478628064,-0.2586944321314643,-0.26585372912879784,0.41390077802624936,0.3139088833632543,1.0394509794869913,1.055176611205433,-1.2676136780735823,-1.2761757670616813
-1.1534984692869716,0.44762462931676716,-0.7945466278248707,-0.4472495674316494,-0.010684955963028146,-0.6865507261215884,-0.41563086768567,0.9692782171240583,0.06181595570520356,0.06823661882647547,0.8433330238182429,-0.3323202544277681,-0.32954416491572097,0.41390077802624936,0.37619779887550314,1.11746624004888,1.128724920653252,-0.912182439688302,-0.9204542743263018
-1.1534984692869716,0.44762462931676716,-0.6500836042705146,-0.7030746009502787,-0.010684955963028146,-0.6865507261215884,-0.383502777138697,1.2690674927085046,-0.536227806718357,0.09887227200381579,0.9271036948296745,0.026093699915324647,-0.22270636396385146,0.41390077802624936,0.34823864644134855,0.9580885395484772,1.1066978528726097,-1.0926154665815893,-1.0980110920718769
-1.1534984692869716,0.44762462931676716,-0.5056205807161585,-0.7030746009502787,-0.010684955963028146,-0.6865507261215884,-0.6874206446824462,1.7187514060851743,-1.0146628166572054,0.23606541105067916,1.1053565002386203,0.7941779521117168,-0.022975963139487198,0.41390077802624936,0.27365535861722917,0.6316116810819875,1.0658765956376555,-1.2676136780735823,-1.2761757670616813
-1.1534984692869716,0.44762462931676716,-0.3611575571618023,-0.7030746009502787,-0.010684955963028146,-0.6865507261215884,-0.6874206446824462,2.1684353194618438,-1.4332934503536978,0.4679870682614011,1.3072580181535465,1.5230808039932433,0.20461635866035183,0.41390077802624936,0.2022062801156654,0.3804699974746306,1.04086513092575,-1.2676136780735823,-1.2761757670616813
-1.1534984692869716,0.44762462931676716,-0.2166945336074462,-0.7030746009502787,-0.010684955963028146,-0.6865507261215884,-0.6874206446824462,2.318329957254067,-1.612706579080766,0.7946483598577061,1.4996322825351416,2.0322632881553186,0.41133197311985364,0.31171946578471,0.10021987037931822,0.1928592271305973,0.9658508249168759,-1.2676136780735823,-1.2761757670616813
-1.1534984692869716,0.44762462931676716,-0.07223151005309006,-0.7030746009502787,-0.010684955963028146,-0.6865507261215884,-0.6874206446824462,2.6181192328385134,-1.9715328365349023,1.1623729745043327,1.6899303529093272,2.185728953144375,0.6290038919110764,-0.10295397736171125,0.014803748641665561,0.17309798670050128,0.9019544237182194,-1.2676136780735823,-1.2761757670616813
-1.1534984692869716,0.44762462931676716,0.07223151350126605,-0.7030746009502787,-0.010684955963028146,-0.6865507261215884,-0.6874206446824462,2.6181192328385134,-2.1509459652619705,1.4856157009726545,1.8224046111609284,2.002002160950575,0.7822277754402697,0.037324656884822,-0.0351194529746251,0.2837342580369044,0.8596182597003339,-1.2676136780735823,-1.2761757670616813
-1.1534984692869716,0.44762462931676716,0.2166945370556222,-0.7030746009502787,-0.010684955963028146,-0.6865507261215884,-0.6874206446824462,2.4682245950462907,-1.612706579080766,1.7288706731792072,1.9277547584256471,1.8184527464231532,0.9986383846864711,0.41390077802624936,-0.05945054843150885,0.4162705467252824,0.8049134866271127,-1.2676136780735823,-1.2761757670616813
-1.1534984692869716,0.44762462931676716,0.3611575606099783,-0.7030746009502787,-0.010684955963028146,-0.6865507261215884,-0.6874206446824462,2.318329957254067,-1.612706579080766,1.897083302000604,2.0194948416893808,1.6998973270066784,1.5326109324529311,0.41390077802624936,-0.07290614963572581,0.5192296021790538,0.5879119331150175,-1.2676136780735823,-1.2761757670616813
-1.1534984692869716,0.44762462931676716,0.5056205841643344,-0.7030746009502787,-0.010684955963028146,-0.6865507261215884,-0.6874206446824462,2.318329957254067,-1.612706579080766,1.9266851465575654,2.092769739710942,1.6295960926535729,2.206309724120669,0.41390077802624936,-0.09598997246540057,0.5771962688915107,0.2998990695657228,-1.2676136780735823,-1.2761757670616813
-1.1534984692869716,0.44762462931676716,0.6500836077186906,-0.7030746009502787,-0.010684955963028146,-0.6865507261215884,-0.6874206446824462,2.318329957254067,-1.612706579080766,1.8140817438607026,2.1452117285602976,1.5661645129684374,2.771274681778537,0.41390077802624936,-0.10640970004404762,0.6304937136278924,0.08077647187816023,-1.2676136780735823,-1.2761757670616813
-1.1534984692869716,0.44762462931676716,0.7945466312730467,-0.7030746009502787,-0.010684955963028146,-0.6865507261215884,-0.6874206446824462,2.1684353194618438,-1.4332934503536978,1.6052484791717778,2.13416559717235,1.4535727959332418,3.002060151097514,0.41390077802624936,-0.07162561640512459,0.7125202110532036,0.010826994023923136,-1.2676136780735823,-1.2761757670616813
-1.1534984692869716,0.44762462931676716,0.9390096548274028,-0.7030746009502787,-0.010684955963028146,-0.6865507261215884,-0.6874206446824462,2.0185406816696205,-0.9548584404148494,1.3698219426408589,2.037180062627832,1.2553532537551928,2.5830059228519957,0.41390077802624936,0.0487377587431652,0.8818442435317175,0.24158039880378818,-1.2676136780735823,-1.2761757670616813
-1.1534984692869716,0.44762462931676716,1.083472678381759,-0.7030746009502787,-0.010684955963028146,-0.6865507261215884,-0.6874206446824462,1.7187514060851743,-0.47642343047600094,1.1303059443061134,1.864088519667601,1.0100316524776352,1.9647624362643321,0.41390077802624936,0.18366180659243583,1.034973904778487,0.5418424343933907,-1.2676136780735823,-1.2761757670616813
-1.1534984692869716,0.44762462931676716,1.227935701936115,-0.6883101397585548,-0.010684955963028146,-0.6865507261215884,-0.6874206446824462,1.7187514060851743,-0.47642343047600094,0.8425939319462874,1.7277081779181453,0.7932587379434278,1.4769155716852562,0.41390077802624936,0.2986123800669364,1.1795141927979256,0.8065711937899858,-1.2676136780735823,-1.2761757670616813
-1.1534984692869716,0.44762462931676716,1.3723987254904713,-0.7030746009502787,-0.010684955963028146,-0.6865507261215884,-0.6874206446824462,1.6887723641661967,-0.41661905423364487,0.7358206605962299,1.5957856696155641,0.6023713585540929,1.082054074261341,0.41390077802624936,0.43567161404266974,1.339257970711037,1.0651053862462871,-1.2676136780735823,-1.2761757670616813
-1.1534984692869716,0.44762462931676716,1.5168617490448273,-0.7030746009502787,-0.010684955963028146,-0.6865507261215884,-0.6874206446824462,1.6737831291080403,-0.35681467799128885,0.6325372289722714,1.5027563144028593,0.4644361857843596,0.8253075995134505,0.41390077802624936,0.5428232990782856,1.4654861470158527,1.2535673885952514,-1.2676136780735823,-1.2761757670616813
-1.1534984692869716,0.44762462931676716,1.6613247725991833,-0.7030746009502787,-0.010684955963028146,-0.6865507261215884,-0.6874206446824462,1.6438040871890627,-0.2970103017489328,0.5416254982322913,1.4230385355138007,0.3472583443189182,0.6264804590729401,0.41390077802624936,0.6702065896932592,1.6088175988395346,1.441306655076314,-1.2676136780735823,-1.2761757670616813
-1.1534984692869716,0.557869561217408,-1.6613247691510074,-0.7030746009502787,-0.010684955963028146,-0.6865507261215884,-0.6874206446824462,1.613825045270085,-0.23720592550657674,0.4599297691973216,1.351179540577052,0.24273482450114783,0.4629960258320216,0.41390077802624936,0.775353961846195,1.7249734414027416,1.5919239365502142,-1.2676136780735823,-1.2761757670616813
-1.1534984692869716,0.557869561217408,-1.5168617455966513,-0.7030746009502787,-0.010684955963028146,-0.6865507261215884,-0.6874206446824462,1.5988358102119287,-0.17740154926422066,0.39142899534933934,1.291017227094245,0.15624912139239794,0.33534580363920635,0.41390077802624936,0.9041423924450581,1.8582715961757434,1.7498262208931998,-1.2676136780735823,-1.2761757670616813
-1.1534984692869716,0.557869561217408,-1.372398722042295,-0.7030746009502787,-0.010684955963028146,-0.6865507261215884,-0.6874206446824462,1.568856768292951,-0.1175971730218646,0.3196482821972325,1.213658127054087,0.05430586641311576,0.20096425721644487,0.41390077802624936,1.0533118603196787,2.001610855337611,1.9136138897024766,-1.2676136780735823,-1.2761757670616813
-1.1534984692869716,0.557869561217408,-1.227935698487939,-0.7030746009502787,-0.010684955963028146,-0.6865507261215884,-0.6874206446824462,1.3140357696856386,0.18142470818991568,0.23808921729993462,1.1412181595985087,-0.05096529197976429,0.07175570742445804,0.41390077802624936,1.182269486161885,2.1133516481567893,2.0416770084153373,-1.2676136780735823,-1.2761757670616813
-1.1534984692869716,0.557869561217408,-1.083472674933583,-0.7030746009502787,-0.010684955963028146,-0.6865507261215884,-0.6874206446824462,1.0442255360201698,0.5402509656440521,0.16295205908242286,1.0585495969341738,-0.1651335151899693,-0.06090150678804521,0.41390077802624936,1.2988001793163821,2.195567256662599,2.137534929514815,-1.2676136780735823,-1.2761757670616813
-1.1534984692869716,0.557869561217408,-0.9390096513792268,-0.7030746009502787,-0.010684955963028146,-0.6865507261215884,-0.6874206446824462,0.7894045374128574,0.8392728468558323,0.07457155741865222,0.974040012371848,-0.2803112991368523,-0.19094414837593324,0.41390077802624936,1.390797080148395,2.2445001824826543,2.198229021275814,-1.2676136780735823,-1.2761757670616813
-1.1534984692869716,0.557869561217408,-0.7945466278248707,-0.6901372578231552,-0.010684955963028146,-0.6865507261215884,-0.6798264891629254,0.9692782171240583,0.7196640943711202,-0.021381706821088566,0.9172355113152338,-0.36079351421952766,-0.32385199700125367,0.41390077802624936,1.4665411148271306,2.2824156528996173,2.2757486660606108,-1.2676136780735823,-1.2761757670616813
-1.1534984692869716,0.557869561217408,-0.6500836042705146,-0.694253783227792,-0.010684955963028146,-0.6865507261215884,-0.6790196751725285,0.9692782171240583,0.7196640943711202,-0.0573564159031691,0.8814580407874153,-0.41682330623755753,-0.3855438674703881,0.41390077802624936,1.5308579630708454,2.3215889722465035,2.3199412350177413,-1.2676136780735823,-1.2761757670616813
-1.1534984692869716,0.557869561217408,-0.5056205807161585,-0.6376496538565845,-0.010684955963028146,-0.6865507261215884,-0.6226192007149086,0.9692782171240583,0.7196640943711202,-0.026827347675304918,0.8998209470352554,-0.40363270725275135,-0.36212419733766915,0.41390077802624936,1.5337627224337675,2.3067285714919925,2.2971578055916573,-1.1901641884277858,-1.198293248541474
-1.1534984692869716,0.557869561217408,-0.3611575571618023,-0.638171608803494,-0.010684955963028146,-0.6865507261215884,-0.6276702708098911,0.9692782171240583,0.7196640943711202,0.017035955458800836,0.946595148892534,-0.3468693674088101,-0.3109557172144805,0.41390077802624936,1.5023647128314936,2.2626813044121614,2.2564452862606954,-1.1936964488425108,-1.2021981793545027
-1.1534984692869716,0.557869561217408,-0.2166945336074462,-0.6413181366240869,-0.010684955963028146,-0.6865507261215884,-0.6303817918066763,0.819383579331835,1.0784903518252564,0.09090913387669683,1.0130208331711523,-0.26497476193590547,-0.23858584426162344,0.41390077802624936,1.4595819361144673,2.205463925295029,2.205021865037271,-1.1977055893525361,-1.2062105897871704
-1.1534984692869716,0.557869561217408,-0.07223151005309006,-0.6482009286243582,-0.010684955963028146,-0.6865507261215884,-0.6353033463619454,0.8793413772684578,0.8392728468558323,0.16762283389290164,1.0832795445231016,-0.1820631359179237,-0.1573892457378976,0.41390077802624936,1.404116746712661,2.14158471800042,2.1411018821244956,-1.2057758778260896,-1.214287468294987
-1.1534984692869716,0.557869561217408,0.07223151350126605,-0.657319751362351,-0.010684955963028146,-0.6865507261215884,-0.6412805416333478,0.9692782171240583,0.7196640943711202,0.23613864733498177,1.148313677858416,-0.11338150885502252,-0.07883407352587452,0.41390077802624936,1.3438938449125737,2.085816901339771,2.0772260057510907,-1.2161572148660795,-1.2246772853194963
-1.1534984692869716,0.557869561217408,0.2166945370556222,-0.6667617843836727,-0.010684955963028146,-0.6865507261215884,-0.6472733277974804,1.1191728549162814,0.36083783691698385,0.28069769516996246,1.1941492786044359,-0.06987756400667912,-0.01732773762207225,0.41390077802624936,1.3022231292394009,2.0486327182662043,2.0267109172196514,-1.2267926913632172,-1.2353214486040967
-1.1534984692869716,0.557869561217408,0.3611575606099783,-0.7030746009502787,-0.010684955963028146,-0.6865507261215884,-0.6874206446824462,1.1791306528529042,0.24122908443227173,0.31084358069602896,1.2425195893936845,-0.020142192542288658,0.05350659267823305,0.41390077802624936,1.2638577462830483,2.006886880987121,1.9696711177502546,-1.2676136780735823,-1.2761757670616813
-1.1534984692869716,0.557869561217408,0.5056205841643344,-0.7030746009502787,-0.010684955963028146,-0.6865507261215884,-0.6874206446824462,1.2690674927085046,0.06181595570520356,0.31953123492142743,1.266130034248724,0.009904257954080821,0.09915216449041526,0.41390077802624936,1.2550726086479242,1.9837732562882762,1.9354881130397559,-1.2676136780735823,-1.2761757670616813
-1.1534984692869716,0.557869561217408,0.6500836077186906,-0.7030746009502787,-0.010684955963028146,-0.6865507261215884,-0.6874206446824462,1.2690674927085046,0.06181595570520356,0.2944929263300732,1.2481505002857642,-0.004159967481019794,0.08747569309589184,0.41390077802624936,1.2878367131779316,1.9957189174534489,1.9458444158236166,-1.2676136780735823,-1.2761757670616813
-1.1534984692869716,0.557869561217408,0.7945466312730467,-0.7030746009502787,-0.010684955963028146,-0.6865507261215884,-0.6874206446824462,1.2690674927085046,0.06181595570520356,0.2358555106287047,1.1884571394708507,-0.06634078595790646,0.013259425718742205,0.41390077802624936,1.349299416020408,2.036611152424226,1.9955930986461932,-1.2676136780735823,-1.2761757670616813
-1.1534984692869716,0.557869561217408,0.9390096548274028,-0.6424832535235878,-0.010684955963028146,-0.6865507261215884,-0.6874206446824462,1.1191728549162814,0.36083783691698385,0.14678057205485026,1.0909219423037275,-0.1744350673960454,-0.10805902255806592,0.41390077802624936,1.4431454135859372,2.110171892810147,2.0795086283381132,-1.2342100051663503,-1.2427448178928457
-1.1534984692869716,0.557869561217408,1.083472678381759,-0.09195613459670171,-0.010684955963028146,-0.6865507261215884,-0.09940371250631896,1.1191728549162814,0.36083783691698385,0.0631257724147854,0.9884432604105164,-0.2731283325161203,-0.2088604401518913,0.41390077802624936,1.5423535988635717,2.178244941933522,2.150130621743147,-0.4285301976777699,-0.4364070790947585
-1.1534984692869716,0.557869561217408,1.227935701936115,-0.7030746009502787,-0.010684955963028146,-0.6865507261215884,-0.6874206446824462,0.9692782171240583,0.7196640943711202,0.008688326839093114,0.9046273639934276,-0.36239737302533387,-0.2684805079748165,0.41390077802624936,1.6279586793915108,2.2467300450167,2.197783152199604,-1.2676136780735823,-1.2761757670616813
-1.1534984692869716,0.557869561217408,1.3723987254904713,-0.07625467628709649,-0.010684955963028146,0.010197667052491073,-0.10377130662708334,0.9992572590430359,0.6598597181287641,-0.025157298835046926,0.8491476194348389,-0.43544215913410783,-0.31404144998526823,0.41390077802624936,1.6823826672958209,2.2997939202190256,2.231059571011756,0.023844484318259692,0.016336939155877726
-1.1534984692869716,0.557869561217408,1.5168617490448273,-0.7030746009502787,-0.010684955963028146,-0.6865507261215884,-0.6874206446824462,0.9542886961645695,0.8392728468558323,-0.0498850071135106,0.7988277457740215,-0.45923314585403313,-0.33539257246415216,0.41390077802624936,1.7329209490560027,2.3181472373296286,2.2477034574971566,-1.2676136780735823,-1.2761757670616813
-1.1534984692869716,0.557869561217408,1.6613247725991833,0.3284784491615317,-0.010684955963028146,0.31346403578451265,0.26158837995536494,0.9842677380835471,0.7794684706134762,-0.06490171487252579,0.7621081952575862,-0.4483368523857498,-0.3256829302117685,0.41390077802624936,1.7723362101889975,2.3121841659197746,2.2425495428669597,0.7779896095914798,0.7710980745696546
-1.1534984692869716,0.6681144931180489,-1.6613247691510074,-0.7030746009502787,-0.010684955963028146,-0.6865507261215884,-0.6874206446824462,1.0142464941011922,0.7196640943711202,-0.0631211577104183,0.7324479826765323,-0.3698903361284285,-0.26908105406786537,0.41390077802624936,1.8054661813563193,2.2571836371063783,2.2031920987010123,-1.2676136780735823,-1.2761757670616813
-1.1534984692869716,0.6681144931180489,-1.5168617455966513,-0.7030746009502787,-0.010684955963028146,-0.6865507261215884,-0.44997089080762076,1.0442255360201698,0.7196640943711202,-0.06564257835569427,0.7126002915721867,-0.3419914815833995,-0.25419760143661346,0.41390077802624936,1.8283542968674833,2.2392870492796404,2.1946162153331246,-1.2676136780735823,-1.2761757670616813
-1.1534984692869716,0.6681144931180489,-1.372398722042295,-0.7030746009502787,-0.010684955963028146,-0.6865507261215884,-0.6460731264935755,1.0742045779391476,0.6598597181287641,-0.08096661695062224,0.6958703703563139,-0.36412970630912456,-0.26355977325304614,0.41390077802624936,1.8487406365582744,2.2585087158929005,2.204612678627468,-1.2676136780735823,-1.2761757670616813
-1.1534984692869716,0.6681144931180489,-1.227935698487939,-0.7030746009502787,-0.010684955963028146,-0.6865507261215884,-0.6497702109024825,0.9842677380835471,0.7196640943711202,-0.10866431811571543,0.6755725125218096,-0.40871200790493767,-0.3000002266308532,0.41390077802624936,1.8773596986452403,2.297834712075418,2.238172078009046,-1.2676136780735823,-1.2761757670616813
-1.1534984692869716,0.6681144931180489,-1.083472674933583,-0.7030746009502787,-0.010684955963028146,-0.6865507261215884,-0.6561872098957074,0.819383579331835,0.9588815993405444,-0.14670860612474057,0.6471027717727523,-0.46419226070423397,-0.35877318268838015,0.41390077802624936,1.9067611079685192,2.3384220271159415,2.2815563182099914,-1.2676136780735823,-1.2761757670616813
-1.1534984692869716,0.6681144931180489,-0.9390096513792268,-0.5872545098433003,-0.010684955963028146,-0.6865507261215884,-0.6874206446824462,0.7294467394762346,0.9588815993405444,-0.1885199855075818,0.6158798474823679,-0.5264087204879163,-0.42825262241290446,0.41390077802624936,1.9437406324501953,2.389446885828761,2.338445020029664,-1.2006621111363038,-1.2091695285326034
-1.1534984692869716,0.6681144931180489,-0.7945466278248707,-0.6340106161945367,-0.010684955963028146,-0.6865507261215884,-0.6626707349340442,0.6694889415396119,1.0784903518252564,-0.22153516402936177,0.5909870884330736,-0.5839578268165626,-0.49305545184372707,0.41390077802624936,1.9684272307331918,2.432437126066447,2.3874189998735953,-1.2124167785963247,-1.2209337946004633
-1.1534984692869716,0.6681144931180489,-0.6500836042705146,-0.32962900806814965,-0.010684955963028146,-0.6865507261215884,-0.37466762414596083,0.819383579331835,1.0784903518252564,-0.17729979441518287,0.6554124182306923,-0.3855493028257364,-0.47475751221188833,0.41390077802624936,1.9138803232076496,2.2887040300672106,2.3772539709931433,-0.8063577699126118,-0.8088073569377552
-1.1534984692869716,0.6681144931180489,-0.5056205807161585,-0.7030746009502787,-0.010684955963028146,-0.6865507261215884,-0.6692812505719195,0.9692782171240583,1.0784903518252564,-0.05076776589751541,0.812567224012734,-0.04505297938967868,-0.2769532531249857,0.41390077802624936,1.7607991191514631,2.046272733429063,2.229156439342683,-1.2676136780735823,-1.2761757670616813
-1.1534984692869716,0.6681144931180489,-0.3611575571618023,-0.7030746009502787,-0.010684955963028146,-0.6865507261215884,-0.6702997999985975,1.2690674927085046,0.4206422131593399,0.24077345789870483,1.0371134504280468,0.5100570584828472,0.034703315480292235,0.41390077802624936,1.5654229605613368,1.6937388837677092,2.0221884684897478,-1.2676136780735823,-1.2761757670616813
-1.1534984692869716,0.6681144931180489,-0.2166945336074462,-0.7030746009502787,-0.010684955963028146,-0.6865507261215884,-0.6874206446824462,1.4189621305007278,0.06181595570520356,0.6040215046673336,1.2743944553010067,1.0804406396187276,0.21155111991368855,0.3709533720821798,1.368659497383343,1.3610157210116276,1.9168712231397447,-1.2676136780735823,-1.2761757670616813
-1.1534984692869716,0.6681144931180489,-0.07223151005309006,-0.7030746009502787,-0.010684955963028146,-0.6865507261215884,-0.6874206446824462,1.4189621305007278,0.06181595570520356,0.8958432495882488,1.4417187153767141,1.322105277045527,0.3733510946009334,0.21695709346534375,1.2377592594879379,1.2348686542757414,1.8217473920668183,-1.2676136780735823,-1.2761757670616813
-1.1534984692869716,0.6681144931180489,0.07223151350126605,-0.7030746009502787,-0.010684955963028146,-0.6865507261215884,-0.6874206446824462,1.4189621305007278,0.06181595570520356,1.1883116970553718,1.5729343158000968,1.2528169188994993,0.5018541247958018,0.41390077802624936,1.1489057266953566,1.2936947788001438,1.7577798090273957,-1.2676136780735823,-1.2761757670616813
-1.1534984692869716,0.6681144931180489,0.2166945370556222,-0.7030746009502787,-0.010684955963028146,-0.6865507261215884,-0.6874206446824462,1.4189621305007278,0.06181595570520356,1.4053042684900834,1.6995230093369935,1.1933987161330788,0.7375473088670522,0.41390077802624936,1.060123053449133,1.3418101028157492,1.6195119218788085,-1.2676136780735823,-1.2761757670616813
-1.1534984692869716,0.6681144931180489,0.3611575606099783,-0.7030746009502787,-0.010684955963028146,-0.6865507261215884,-0.6874206446824462,1.4189621305007278,0.06181595570520356,1.5296987129596682,1.8226376959439319,1.1750376410600973,1.1573868040228579,0.41390077802624936,0.9725030552084468,1.3628413369240566,1.3703387965308704,-1.2676136780735823,-1.2761757670616813
-1.1534984692869716,0.6681144931180489,0.5056205841643344,-0.7030746009502787,-0.010684955963028146,-0.6865507261215884,-0.6874206446824462,1.4189621305007278,0.06181595570520356,1.501686488109311,1.8902176717300208,1.1509772723702045,1.5326841697813516,0.41390077802624936,0.933781446369386,1.3891737536604731,1.163548561930646,-1.2676136780735823,-1.2761757670616813
-1.1534984692869716,0.6681144931180489,0.6500836077186906,-0.7030746009502787,-0.010684955963028146,-0.6865507261215884,-0.6874206446824462,1.2690674927085046,0.4206422131593399,1.3640003119341961,1.89468594180897,1.0727462616888572,1.6991859809531986,0.41390077802624936,0.9420006717091117,1.4468864650113886,1.0808793694997483,-1.2676136780735823,-1.2761757670616813
-1.1534984692869716,0.6681144931180489,0.7945466312730467,-0.7030746009502787,-0.010684955963028146,-0.6865507261215884,-0.6874206446824462,1.2690674927085046,0.4206422131593399,1.147748603982653,1.8062946258902974,0.9170045262704756,1.5646791173240286,0.41390077802624936,1.0312986432890499,1.5568328712708808,1.1706440376899616,-1.2676136780735823,-1.2761757670616813
-1.1534984692869716,0.6681144931180489,0.9390096548274028,-0.7030746009502787,-0.010684955963028146,-0.6865507261215884,-0.6874206446824462,1.2690674927085046,0.4206422131593399,0.8418844554421058,1.6737424407858714,0.7013480963933334,1.2685586273210394,0.41390077802624936,1.1607291481447024,1.7080857351660035,1.357968877380306,-1.2676136780735823,-1.2761757670616813
-1.1534984692869716,0.6681144931180489,1.083472678381759,-0.7030746009502787,-0.010684955963028146,-0.6865507261215884,-0.6874206446824462,1.1191728549162814,0.36083783691698385,0.5600189218139738,1.4898594202603175,0.44761431784439215,0.8399811051365633,0.41390077802624936,1.3110911773641405,1.8453773434210048,1.5959214737917686,-1.2676136780735823,-1.2761757670616813
-1.1534984692869716,0.6681144931180489,1.227935701936115,-0.7030746009502787,-0.010684955963028146,-0.6865507261215884,-0.6874206446824462,1.1191728549162814,0.36083783691698385,0.4109765443041837,1.3514397606034496,0.25178191435405467,0.5335406618110188,0.41390077802624936,1.4331691607191868,1.9699126285625486,1.7887054803006261,-1.2676136780735823,-1.2761757670616813
-1.1534984692869716,0.6681144931180489,1.3723987254904713,-0.7030746009502787,-0.010684955963028146,-0.6865507261215884,-0.6874206446824462,1.1191728549162814,0.36083783691698385,0.3134343142532342,1.2440586447369786,0.09844721044578215,0.30723162075472726,0.41390077802624936,1.5350025234761566,2.0657104030654616,1.932554809822417,-1.2676136780735823,-1.2761757670616813
-1.1534984692869716,0.6681144931180489,1.5168617490448273,-0.7030746009502787,-0.010684955963028146,-0.6865507261215884,-0.6874206446824462,0.9692782171240583,0.7196640943711202,0.19497593218453518,1.1470939834566098,-0.03907684399440078,0.12423594947446884,0.41390077802624936,1.624466798073056,2.145577737741409,2.0439308089073256,-1.2676136780735823,-1.2761757670616813
-1.1534984692869716,0.6681144931180489,1.6613247725991833,-0.09877687295488259,-0.010684955963028146,-0.07220044490452292,-0.11660538959533835,0.9692782171240583,0.7196640943711202,0.12270545138115459,1.0630589177659506,-0.1766332242709798,-0.06188370073697473,0.41390077802624936,1.7037417591264024,2.231376046992447,2.1649154830988455,-0.0760653669298231,-0.06641525553255129
-1.1534984692869716,0.7783594250186899,-1.6613247691510074,-0.7030746009502787,-0.010684955963028146,-0.6865507261215884,-0.6874206446824462,0.9692782171240583,0.7196640943711202,0.09691189360792955,0.9853331440522319,-0.20505260766874586,-0.11552678881268585,0.41390077802624936,1.7779765336714988,2.244006151471902,2.196163874496776,-1.2676136780735823,-1.2761757670616813
-1.1534984692869716,0.7783594250186899,-1.5168617455966513,-0.7030746009502787,-0.010684955963028146,-0.6865507261215884,-0.6567148128964645,0.9692782171240583,0.7196640943711202,0.061201358265654905,0.9282725976220498,-0.24369275744087698,-0.1986348816081892,0.41390077802624936,1.8328830413438615,2.27039495453966,2.2556902347104826,-1.2676136780735823,-1.2761757670616813
-1.1534984692869716,0.7783594250186899,-1.372398722042295,-0.7030746009502787,-0.010684955963028146,-0.6865507261215884,-0.668809336801841,0.9692782171240583,0.7196640943711202,0.013491842414870408,0.8706463857334146,-0.305547830951003,-0.28054757845424977,0.41390077802624936,1.888809058815856,2.3158210842912923,2.316970375737176,-1.2676136780735823,-1.2761757670616813
-1.1534984692869716,0.7783594250186899,-1.227935698487939,-0.7030746009502787,-0.010684955963028146,-0.6865507261215884,-0.668652898372522,0.9692782171240583,0.36083783691698385,-0.03674759472133232,0.820467058717871,-0.3744018624746833,-0.3568861008594095,0.41390077802624936,1.9380145062516965,2.366757026096997,2.3746936082176098,-1.2676136780735823,-1.2761757670616813
-1.1534984692869716,0.7783594250186899,-1.083472674933583,-0.7030746009502787,-0.010684955963028146,-0.6865507261215884,-0.6619653434596676,0.819383579331835,0.7196640943711202,-0.0839712662932164,0.7761795583962766,-0.44090936982304724,-0.4080391197688204,0.41390077802624936,1.9818322179757248,2.416487167894017,2.4137916535282495,-1.2676136780735823,-1.2761757670616813
-1.1534984692869716,0.7783594250186899,-0.9390096513792268,-0.7030746009502787,-0.010684955963028146,-0.6865507261215884,-0.6627375698553327,0.819383579331835,0.7196640943711202,-0.12998130801094274,0.7340907085651027,-0.5079233152749499,-0.4659193941677097,0.41390077802624936,2.023819632437719,2.467091297826828,2.4583763776572085,-1.2676136780735823,-1.2761757670616813
-1.1534984692869716,0.7783594250186899,-0.7945466278248707,-0.6166351988806916,-0.010684955963028146,-0.6865507261215884,-0.632441770376827,0.9692782171240583,0.7196640943711202,-0.16159584259543505,0.7107397879609892,-0.554383830852136,-0.5078510196808742,0.41390077802624936,2.0472596811501025,2.5024784918946463,2.4909230734269046,-1.181259696805192,-1.189751273150672
-1.1534984692869716,0.7783594250186899,-0.6500836042705146,-0.7030746009502787,-0.010684955963028146,-0.6865507261215884,-0.5973304262422899,1.1191728549162814,0.06181595570520356,-0.11781689196735644,0.7931105587234569,-0.20918202605144692,-0.4285846316350778,0.41390077802624936,1.9539468173143095,2.214182987084445,2.396904526028697,-1.2222529978750807,-1.2300088955123414
-1.1534984692869716,0.7783594250186899,-0.5056205807161585,-0.7030746009502787,-0.010684955963028146,-0.6865507261215884,-0.6702987197491116,1.2690674927085046,-0.23720592550657674,0.017974949246823732,0.9533559991505768,0.5321563264313769,-0.19339922637421028,0.41390077802624936,1.7846464897459686,1.6777407803431337,2.1838769280440373,-1.2676136780735823,-1.2761757670616813
-1.1534984692869716,0.7783594250186899,-0.3611575571618023,-0.7030746009502787,-0.010684955963028146,-0.6865507261215884,-0.6874206446824462,1.2690674927085046,0.06181595570520356,0.29189107655114344,1.1215332799545297,1.2736355864061837,-0.07179108377609403,0.41390077802624936,1.6266075276334173,1.2226926766340895,2.0839673191002137,-1.2676136780735823,-1.2761757670616813
-1.1534984692869716,0.7783594250186899,-0.2166945336074462,-0.7030746009502787,-0.010684955963028146,-0.6865507261215884,-0.6874206446824462,1.2690674927085046,0.06181595570520356,0.5645844194657677,1.27510762515945,1.7214089278268792,0.07507417215000453,0.35728696509322616,1.4909143885854175,0.9769449962310495,1.9787697291144433,-1.2676136780735823,-1.2761757670616813
-1.1534984692869716,0.7783594250186899,-0.07223151005309006,-0.7030746009502787,-0.010684955963028146,-0.6865507261215884,-0.6874206446824462,1.4189621305007278,0.06181595570520356,0.8922566333436069,1.4078351456827325,1.789506203231851,0.2178446476692983,0.41390077802624936,1.390020999402576,0.9625972773507346,1.9066271518471534,-1.2676136780735823,-1.2761757670616813
-1.1534984692869716,0.7783594250186899,0.07223151350126605,-0.7030746009502787,-0.010684955963028146,-0.6865507261215884,-0.6874206446824462,1.568856768292951,-0.23720592550657674,1.2034774929645744,1.5278752004804403,1.6093642634076175,0.35932695995648317,0.41390077802624936,1.2980809790227412,1.0768077914826646,1.8323521762457462,-1.2676136780735823,-1.2761757670616813
-1.1534984692869716,0.7783594250186899,0.2166945370556222,-0.7030746009502787,-0.010684955963028146,-0.6865507261215884,-0.6874206446824462,1.6438040871890627,-0.35681467799128885,1.4640986190863863,1.6328064909112248,1.41121517497556,0.5887835786386731,0.41390077802624936,1.2256996395507342,1.207333907458723,1.7046366694669337,-1.2676136780735823,-1.2761757670616813
-1.1534984692869716,0.7783594250186899,0.3611575606099783,-0.7030746009502787,-0.010684955963028146,-0.6865507261215884,-0.6874206446824462,1.7187514060851743,-0.47642343047600094,1.6040936999032203,1.7249396873164418,1.3082200870120049,1.1183260817837806,0.41390077802624936,1.1603719581865335,1.2826560700875462,1.3906016027366952,-1.2676136780735823,-1.2761757670616813
-1.1534984692869716,0.7783594250186899,0.5056205841643344,-0.7030746009502787,-0.010684955963028146,-0.6865507261215884,-0.6874206446824462,1.568856768292951,-0.23720592550657674,1.6280092701003996,1.785601567587895,1.2212727046501108,1.7592731401818285,0.41390077802624936,1.122175770473524,1.345581914641476,1.0350640292525135,-1.2676136780735823,-1.2761757670616813
-1.1534984692869716,0.7783594250186899,0.6500836077186906,-0.7030746009502787,-0.010684955963028146,-0.6865507261215884,-0.6874206446824462,1.568856768292951,-0.23720592550657674,1.5040163174036882,1.828789742664279,1.149549962363177,2.3008094764779488,0.41390077802624936,1.0958295162850278,1.3980914688326147,0.7601711143722855,-1.2676136780735823,-1.2761757670616813
-1.1534984692869716,0.7783594250186899,0.7945466312730467,-0.7030746009502787,-0.010684955963028146,-0.6865507261215884,-0.6874206446824462,1.5388777263739735,-0.057792796779508555,1.3005619962386326,1.816407026595288,1.0353958299021704,2.5201471376166933,0.41390077802624936,1.1219853655700467,1.4874915634333348,0.6691609823178692,-1.2676136780735823,-1.2761757670616813
-1.1534984692869716,0.7783594250186899,0.9390096548274028,-0.7030746009502787,-0.010684955963028146,-0.6865507261215884,-0.6874206446824462,1.4189621305007278,0.06181595570520356,0.981222371386403,1.710507216707964,0.8281341710768139,2.027135413887778,0.41390077802624936,1.219032093664916,1.62106687871193,0.9254431210758206,-1.2676136780735823,-1.2761757670616813
-1.1534984692869716,0.7783594250186899,1.083472678381759,-0.7030746009502787,-0.010684955963028146,-0.6865507261215884,-0.6874206446824462,1.3440148116046162,0.06181595570520356,0.6929041979948937,1.5587745891765066,0.5960346657528585,1.4387686885552493,0.41390077802624936,1.3500190983517792,1.7597802899987542,1.243473104857156,-1.2676136780735823,-1.2761757670616813
-1.1534984692869716,0.7783594250186899,1.227935701936115,-0.7030746009502787,-0.010684955963028146,-0.6865507261215884,-0.6874206446824462,1.2690674927085046,0.06181595570520356,0.5234269354784855,1.434429075760216,0.4023034416282671,1.0043744949979907,0.41390077802624936,1.4537926629732965,1.8669177894754259,1.4851629662580461,-1.2676136780735823,-1.2761757670616813
-1.1534984692869716,0.7783594250186899,1.3723987254904713,-0.7030746009502787,-0.010684955963028146,-0.6865507261215884,-0.6874206446824462,1.2690674927085046,0.06181595570520356,0.4078371925101043,1.3297719208652625,0.24363663244983885,0.6851785503058594,0.41390077802624936,1.5465492552682971,1.9660488636426343,1.6801732612590867,-1.2676136780735823,-1.2761757670616813
-1.1534984692869716,0.7783594250186899,1.5168617490448273,-0.7030746009502787,-0.010684955963028146,-0.6865507261215884,-0.6874206446824462,1.149151896835259,0.18142470818991568,0.3177081745586086,1.2335858323376725,0.10285678607724934,0.4391125192859722,0.41390077802624936,1.628379498330082,2.044566830035482,1.825378976041121,-1.2676136780735823,-1.2761757670616813
-1.1534984692869716,0.7783594250186899,1.6613247725991833,-0.7030746009502787,-0.010684955963028146,-0.6865507261215884,-0.6874206446824462,1.029236015060681,0.36083783691698385,0.20808130370233108,1.147429347233946,-0.02402709498301924,0.24287798027155102,0.41390077802624936,1.7018097519032707,2.1052077269470555,1.932050859857729,-1.2676136780735823,-1.2761757670616813
-1.1534984692869716,0.8886043569193308,-1.6613247691510074,-0.7030746009502787,-0.010684955963028146,-0.6865507261215884,-0.6874206446824462,0.9542886961645695,0.48044658940169593,0.1240936713059266,1.0658844619563295,-0.18403915627608494,0.07981506854309767,0.41390077802624936,1.7612083691845069,2.184296930250492,2.012277161385278,-1.2676136780735823,-1.2761757670616813
-1.1534984692869716,0.8886043569193308,-1.5168617455966513,-0.7030746009502787,-0.010684955963028146,-0.6865507261215884,-0.6874206446824462,0.8943308982279466,0.5402509656440521,0.08140868767461838,0.9938271710101598,-0.260260991895275,-0.052511763943419346,0.41390077802624936,1.819484802629553,2.2148539844274073,2.0824904050789184,-1.2676136780735823,-1.2761757670616813
-1.1534984692869716,0.8886043569193308,-1.372398722042295,-0.7030746009502787,-0.010684955963028146,-0.6865507261215884,-0.6874206446824462,0.819383579331835,0.6598597181287641,0.021641994625119277,0.9249982782524554,-0.3409437929371261,-0.2262665118731859,0.41390077802624936,1.872335419382091,2.2507204623116275,2.1859267903787387,-1.2676136780735823,-1.2761757670616813
-1.1534984692869716,0.8886043569193308,-1.227935698487939,-0.7030746009502787,-0.010684955963028146,-0.6865507261215884,-0.6874206446824462,0.8793413772684578,0.6598597181287641,-0.02749432097877522,0.8713727753258194,-0.40877417297493013,-0.3397282223066514,0.41390077802624936,1.9191022379402312,2.28818570955988,2.2576335426332395,-1.2676136780735823,-1.2761757670616813
-1.1534984692869716,0.8886043569193308,-1.083472674933583,-0.7030746009502787,-0.010684955963028146,-0.6865507261215884,-0.6874206446824462,0.9392991752050807,0.6598597181287641,-0.07065730214423716,0.8284775217230007,-0.4655797850664663,-0.4198588108278108,0.41390077802624936,1.958025820588297,2.322832073982075,2.310417279402594,-1.2676136780735823,-1.2761757670616813
-1.1534984692869716,0.8886043569193308,-0.9390096513792268,-0.7030746009502787,-0.010684955963028146,-0.6865507261215884,-0.669912377754111,0.9992572590430359,0.6598597181287641,-0.10304997224944483,0.7992027687532419,-0.5066269663487065,-0.45709917858158944,0.41390077802624936,1.992217720875519,2.3568946230043823,2.342176607939767,-1.2676136780735823,-1.2761757670616813
-1.1534984692869716,0.8886043569193308,-0.7945466278248707,-0.7030746009502787,-0.010684955963028146,-0.6865507261215884,-0.666106702940765,1.0592150569796586,0.6000553418864081,-0.1323399087027245,0.7738473190152991,-0.5442103099309653,-0.4912302148698671,0.41390077802624936,2.018214015671801,2.386202069330571,2.369377241779038,-1.2676136780735823,-1.2761757670616813
-1.1534984692869716,0.8886043569193308,-0.6500836042705146,-0.7030746009502787,-0.010684955963028146,-0.6865507261215884,-0.5563708042348964,1.1191728549162814,0.36083783691698385,-0.10057955544502248,0.8329395298227051,-0.24804597007555096,-0.43637952462330976,0.41390077802624936,1.9589879678980202,2.1687030734475328,2.326660713446384,-1.1964812881750082,-1.2025923054055718
-1.1534984692869716,0.8886043569193308,-0.5056205807161585,-0.7030746009502787,-0.010684955963028146,-0.6865507261215884,-0.6700595270184113,1.2690674927085046,0.4206422131593399,0.02155110316513656,0.9824874223731752,0.078569307664984,-0.22510773458795338,0.41390077802624936,1.8220405666757218,1.9585295294877585,2.187763980587961,-1.2676136780735823,-1.2761757670616813
-1.1534984692869716,0.8886043569193308,-0.3611575571618023,-0.7030746009502787,-0.010684955963028146,-0.6865507261215884,-0.6874206446824462,1.4189621305007278,0.06181595570520356,0.28840973746518667,1.1866237711030476,0.6154666377649105,-0.037307694563303954,0.41390077802624936,1.633456801743567,1.6210005163373513,2.0662391104637554,-1.2676136780735823,-1.2761757670616813
-1.1534984692869716,0.8886043569193308,-0.2166945336074462,-0.7030746009502787,-0.010684955963028146,-0.6865507261215884,-0.6874206446824462,1.568856768292951,-0.23720592550657674,0.5617268965871742,1.3877293218784041,1.1064123769939893,0.18484634872725916,0.41390077802624936,1.4657713005718058,1.3492583034449328,1.9388345329525842,-1.2676136780735823,-1.2761757670616813
-1.1534984692869716,0.8886043569193308,-0.07223151005309006,-0.7030746009502787,-0.010684955963028146,-0.6865507261215884,-0.6874206446824462,1.7187514060851743,-0.47642343047600094,0.9048892384904136,1.5550257509352456,1.3623567454318635,0.36848488100143173,0.3875077042017236,1.3280637258487888,1.221286488278638,1.8351754314638637,-1.2676136780735823,-1.2761757670616813
-1.1534984692869716,0.8886043569193308,0.07223151350126605,-0.7030746009502787,-0.010684955963028146,-0.6865507261215884,-0.6874206446824462,1.8686460438773973,-0.47642343047600094,1.2368353126736273,1.709147671436356,1.3406089173456914,0.555686816177313,0.41390077802624936,1.2213338238272051,1.2752868103222403,1.757371496014412,-1.2676136780735823,-1.2761757670616813
-1.1534984692869716,0.8886043569193308,0.2166945370556222,-0.7030746009502787,-0.010684955963028146,-0.6865507261215884,-0.6874206446824462,2.1684353194618438,-1.1940759453842735,1.5341981671765106,1.843447644525572,1.3137536071089362,0.8329755477990867,0.41390077802624936,1.1153959097965407,1.3023817437547962,1.5907326232888028,-1.2676136780735823,-1.2761757670616813
-1.1534984692869716,0.8886043569193308,0.3611575606099783,-0.7030746009502787,-0.010684955963028146,-0.6865507261215884,-0.6874206446824462,2.1684353194618438,-1.1940759453842735,1.695287913454082,1.9289904556633013,1.2859964889234903,1.3559600550581767,0.41390077802624936,1.047873028608452,1.3236289808862423,1.27777270804302,-1.2676136780735823,-1.2761757670616813
-1.1534984692869716,0.8886043569193308,0.5056205841643344,-0.7030746009502787,-0.010684955963028146,-0.6865507261215884,-0.6874206446824462,1.7187514060851743,-0.17740154926422066,1.7320015243331441,2.0101964982862235,1.2795122576894737,1.8644891411832285,0.41390077802624936,1.008212892308454,1.367214747531095,1.029079950945651,-1.2676136780735823,-1.2761757670616813
-1.1534984692869716,0.8886043569193308,0.6500836077186906,-0.7030746009502787,-0.010684955963028146,-0.6865507261215884,-0.6874206446824462,1.568856768292951,0.06181595570520356,1.5473009231127242,2.0207959418213703,1.213575011249841,1.9651782615401425,0.41390077802624936,1.0099843809673883,1.4182543534382654,0.9857926577916386,-1.2676136780735823,-1.2761757670616813
-1.1534984692869716,0.8886043569193308,0.7945466312730467,-0.7030746009502787,-0.010684955963028146,-0.6865507261215884,-0.6874206446824462,1.5088989703563283,0.18142470818991568,1.2173283052333077,1.8425577476973292,0.9664415053989022,1.4713251222824841,0.41390077802624936,1.2065820231661515,1.637263201778221,1.327536675309933,-1.2676136780735823,-1.2761757670616813
-1.1534984692869716,0.8886043569193308,0.9390096548274028,-0.7030746009502787,-0.010684955963028146,-0.6865507261215884,-0.6874206446824462,0.6694889415396119,0.7196640943711202,0.8839802793220152,1.5954774410816224,0.6282212523921694,0.9789774169979157,0.41390077802624936,1.3783947313849323,1.7654518874496747,1.5443963018389053,-1.2676136780735823,-1.2761757670616813
-1.1534984692869716,0.8886043569193308,1.083472678381759,-0.7030746009502787,-0.010684955963028146,-0.6865507261215884,-0.6874206446824462,0.819383579331835,0.7196640943711202,0.5198435887108215,1.4180755690745068,0.3610167176096558,0.6013633104170506,0.41390077802624936,1.4938172197974184,1.8588671225829103,1.7070961549098476,-1.2676136780735823,-1.2761757670616813
-1.1534984692869716,0.8886043569193308,1.227935701936115,-0.7030746009502787,-0.010684955963028146,-0.6865507261215884,-0.6874206446824462,0.819383579331835,0.36083783691698385,0.3629034626134683,1.2834624970230475,0.15993509560915256,0.33154153130180325,0.41390077802624936,1.5805435200860871,1.9261290760169907,1.8201730943001806,-1.2676136780735823,-1.2761757670616813
-1.1534984692869716,0.8886043569193308,1.3723987254904713,-0.7030746009502787,-0.010684955963028146,-0.6865507261215884,-0.6874206446824462,0.819383579331835,0.7196640943711202,0.23707175606444464,1.1800319942846165,0.010639463515191986,0.1407094658805412,0.41390077802624936,1.6596709775939549,1.994974617879743,1.9177734420539956,-1.2676136780735823,-1.2761757670616813
-1.1534984692869716,0.8886043569193308,1.5168617490448273,-0.7030746009502787,-0.010684955963028146,-0.6865507261215884,-0.6874206446824462,0.9692782171240583,0.06181595570520356,0.15555911774023146,1.100552170606863,-0.10188677297961143,-0.06692731142087299,0.41390077802624936,1.716836314070608,2.0389472815057994,2.0291612319959635,-1.2676136780735823,-1.2761757670616813
-1.1534984692869716,0.8886043569193308,1.6613247725991833,-0.7030746009502787,-0.010684955963028146,-0.6865507261215884,-0.6874206446824462,0.9692782171240583,0.06181595570520356,0.10328345034225761,1.0300666364511553,-0.19899358551347798,-0.17191220796370146,0.41390077802624936,1.771918283476808,2.0843599652861124,2.0814982262922883,-1.2676136780735823,-1.2761757670616813
-1.1534984692869716,0.9988492888199717,-1.6613247691510074,-0.7030746009502787,-0.010684955963028146,-0.6865507261215884,-0.6874206446824462,0.9692782171240583,0.06181595570520356,0.029176831268147015,0.9704101517362395,-0.282018766392646,-0.283044971353392,0.41390077802624936,1.8071822356762668,2.1024187722507093,2.1209596046797228,-1.2676136780735823,-1.2761757670616813
-1.1534984692869716,0.9988492888199717,-1.5168617455966513,-0.7030746009502787,-0.010684955963028146,-0.6865507261215884,-0.6874206446824462,0.819383579331835,0.36083783691698385,-0.01133656575450937,0.9052848718141387,-0.3654384882493664,-0.3827478290209085,0.41390077802624936,1.8498493233380158,2.125488155366502,2.1571867946455976,-1.2676136780735823,-1.2761757670616813
-1.1534984692869716,0.9988492888199717,-1.372398722042295,-0.7030746009502787,-0.010684955963028146,-0.6865507261215884,-0.670391492097918,0.819383579331835,0.36083783691698385,-0.056639746549636306,0.8514262841044993,-0.4361160284928264,-0.4601295764820149,0.41390077802624936,1.8891917967737317,2.1484816338054893,2.1863150152648805,-1.2676136780735823,-1.2761757670616813
-1.1534984692869716,0.9988492888199717,-1.227935698487939,-0.7030746009502787,-0.010684955963028146,-0.6865507261215884,-0.6696410259471902,0.819383579331835,0.7196640943711202,-0.10831056070671795,0.7940449851818856,-0.5121521977696389,-0.5317475461964206,0.41390077802624936,1.9340386590519982,2.1866291556629727,2.2226815120234207,-1.2676136780735823,-1.2761757670616813
-1.1534984692869716,0.9988492888199717,-1.083472674933583,-0.7030746009502787,-0.010684955963028146,-0.6865507261215884,-0.5558259401220831,0.819383579331835,0.36083783691698385,-0.1577672850544364,0.7427739864513199,-0.5801939390454174,-0.5894113636024223,0.41390077802624936,1.969345994647186,2.211808688793963,2.2413656534785114,-1.1961421191432706,-1.2023408757550114
-1.1534984692869716,0.9988492888199717,-0.9390096513792268,-0.7030746009502787,-0.010684955963028146,-0.6865507261215884,-0.588848477243308,0.5195943037473887,1.0784903518252564,-0.20887313358975498,0.6879656652228754,-0.652522583547878,-0.6331796185627566,0.41390077802624936,2.0124025687950353,2.2468996377517345,2.256414280673613,-1.2166036791107784,-1.2251241118184362
-1.1534984692869716,0.9988492888199717,-0.7945466278248707,-0.2990513382607226,-0.010684955963028146,-0.6865507261215884,-0.3575924522796308,0.6694889415396119,0.7196640943711202,-0.24849592508365984,0.6451963469804257,-0.7097782707461597,-0.6588916170750402,0.41390077802624936,2.038295225479298,2.26276111275806,2.2495498183729805,-0.7595692382499682,-0.7677164733044994
-1.1534984692869716,0.9988492888199717,-0.6500836042705146,-0.7030746009502787,-0.010684955963028146,-0.6865507261215884,-0.32717513699096246,0.819383579331835,1.0784903518252564,-0.22661723904364725,0.6672350350450035,-0.6822175941818899,-0.5927452895417465,0.41390077802624936,2.0096347081475248,2.237930307399365,2.1958210662452338,-1.052566008955443,-1.060952497867828
-1.1534984692869716,0.9988492888199717,-0.5056205807161585,-0.3236314560922395,-0.010684955963028146,-0.6865507261215884,-0.49752591149715025,0.9692782171240583,0.7196640943711202,-0.025173646219935904,0.8195715956858548,-0.2525823624498028,-0.3392155610077072,0.41390077802624936,1.8600453854097934,1.9437714916116826,2.021281882591401,-0.8827545228759431,-0.8934199135738313
-1.1534984692869716,0.9988492888199717,-0.3611575571618023,-0.7030746009502787,-0.010684955963028146,-0.6865507261215884,-0.6702878567864305,1.4189621305007278,0.4206422131593399,0.210817855932746,1.053652729164687,0.509263832189743,0.06501624571357624,0.41390077802624936,1.668047829271496,1.5183531037994935,1.8121382802617976,-1.2676136780735823,-1.2761757670616813
-1.1534984692869716,0.9988492888199717,-0.2166945336074462,-0.7030746009502787,-0.010684955963028146,-0.6865507261215884,-0.6874206446824462,1.568856768292951,-0.057792796779508555,0.5973118840135015,1.289033571224565,1.060665516420317,0.24827475762805526,0.17161550442913986,1.4603584988980165,1.2107730399295358,1.7090661014355906,-1.2676136780735823,-1.2761757670616813
-1.1534984692869716,0.9988492888199717,-0.07223151005309006,-0.7030746009502787,-0.010684955963028146,-0.6865507261215884,-0.6874206446824462,1.7187514060851743,-0.47642343047600094,0.8514515989745313,1.5191640915753573,1.2290201301063746,0.48102868358535905,0.10131432376024742,1.2629515153500424,1.12700897601689,1.5702414238147528,-1.2676136780735823,-1.2761757670616813
-1.1534984692869716,0.9988492888199717,0.07223151350126605,-0.7030746009502787,-0.010684955963028146,-0.6865507261215884,-0.6874206446824462,1.7187514060851743,-0.17740154926422066,1.1555273436082243,1.7323803102102886,1.2923025136235282,0.7037645567628191,0.41390077802624936,1.080678106345537,1.0932695640472703,1.4324049946948587,-1.2676136780735823,-1.2761757670616813
-1.1534984692869716,0.9988492888199717,0.2166945370556222,-0.7030746009502787,-0.010684955963028146,-0.6865507261215884,-0.6874206446824462,2.0185406816696205,-0.9548584404148494,1.3746862704884233,1.9269100870030618,1.34782006546482,0.996345242558813,0.41390077802624936,0.9279887989641028,1.080449481005296,1.2754499092023135,-1.2676136780735823,-1.2761757670616813
-1.1534984692869716,0.9988492888199717,0.3611575606099783,-0.7030746009502787,-0.010684955963028146,-0.6865507261215884,-0.6874206446824462,2.0185406816696205,-0.9548584404148494,1.517634996806998,2.0607084059772167,1.3770998134312822,1.3354959180012755,0.41390077802624936,0.8364445315608626,1.0937527515327647,1.1107958307483738,-1.2676136780735823,-1.2761757670616813
-1.1534984692869716,0.9988492888199717,0.5056205841643344,-0.7030746009502787,-0.010684955963028146,-0.6865507261215884,-0.6874206446824462,1.943593362773509,-0.8950540641724933,1.5119434912840515,2.133676467015779,1.3781707103703527,1.6139287794425976,0.41390077802624936,0.7839062752575734,1.1016238496470085,0.9660691741216801,-1.2676136780735823,-1.2761757670616813
-1.1534984692869716,0.9988492888199717,0.6500836077186906,-0.7030746009502787,-0.010684955963028146,-0.6865507261215884,-0.6874206446824462,1.8686460438773973,-0.7156409354454252,1.4097049845021963,2.116808782256519,1.3001543763973795,1.7360080821868864,0.41390077802624936,0.8013083193599391,1.1536697346981173,0.9095307044265136,-1.2676136780735823,-1.2761757670616813
-1.1534984692869716,0.9988492888199717,0.7945466312730467,-0.7030746009502787,-0.010684955963028146,-0.6865507261215884,-0.6874206446824462,1.8986250857963751,-0.8352496879301373,1.228863673906366,2.0212210606345495,1.150700430591838,1.6687583122387224,0.41390077802624936,0.8796216151412926,1.2508147087790786,0.9577247409108849,-1.2676136780735823,-1.2761757670616813
-1.1534984692869716,0.9988492888199717,0.9390096548274028,-0.7030746009502787,-0.010684955963028146,-0.6865507261215884,-0.6874206446824462,1.733740927044663,-0.536227806718357,0.9953406268719199,1.8401858491144674,0.911911134869091,1.26769524059377,0.41390077802624936,1.0381435790596267,1.4107311156142965,1.2003150744323874,-1.2676136780735823,-1.2761757670616813
-1.1534984692869716,0.9988492888199717,1.083472678381759,-0.7030746009502787,-0.010684955963028146,-0.6865507261215884,-0.6874206446824462,1.568856768292951,-0.23720592550657674,0.7881545246844085,1.6601977796792216,0.672617058778005,0.926294551672608,0.41390077802624936,1.2004476110100697,1.5797101071191024,1.4252130085870196,-1.2676136780735823,-1.2761757670616813
-1.1534984692869716,0.9988492888199717,1.227935701936115,-0.7030746009502787,-0.010684955963028146,-0.6865507261215884,-0.6874206446824462,1.3889830885817502,0.18142470818991568,0.6253378406671655,1.5129863011625588,0.46932816235896846,0.6529402920832074,0.41390077802624936,1.3428627662074142,1.732199132893632,1.6193905197209375,-1.2676136780735823,-1.2761757670616813
-1.1534984692869716,0.9988492888199717,1.3723987254904713,-0.7030746009502787,-0.010684955963028146,-0.6865507261215884,-0.6874206446824462,1.2690674927085046,0.4206422131593399,0.4916247329154677,1.3895578198179055,0.29547815648557485,0.4301669864934434,0.41390077802624936,1.4599092397333562,1.8599458364755717,1.7786229874195898,-1.2676136780735823,-1.2761757670616813
-1.1534984692869716,0.9988492888199717,1.5168617490448273,-0.7030746009502787,-0.010684955963028146,-0.6865507261215884,-0.6874206446824462,1.2690674927085046,0.6598597181287641,0.3427732928611808,1.2946937046864544,0.15391171476068036,0.25612254424236874,0.41390077802624936,1.563028679154826,1.9865973440064577,1.9274100658588216,-1.2676136780735823,-1.2761757670616813
-1.1534984692869716,0.9988492888199717,1.6613247725991833,-0.3366726311492699,-0.010684955963028146,-0.6865507261215884,-0.6874206446824462,1.2690674927085046,0.7196640943711202,0.2500319628044264,1.2117489191598738,0.03334877801724801,0.11294926341676169,0.41390077802624936,1.6607579726758317,2.107904728549214,2.065103694598774,-1.014586986083691,-1.0185652836353103
-1.1534984692869716,1.1090942207206127,-1.6613247691510074,-0.7030746009502787,-0.010684955963028146,-0.6865507261215884,0.017813809466280802,1.2240992157313706,0.7196640943711202,0.21093882658092442,1.1219034325054484,-0.08376772724580077,-0.05488628088043372,0.41390077802624936,1.7598157621816057,2.215672887454888,2.210748727980874,-0.8496555168098082,-0.846177004989834
-1.1534984692869716,1.1090942207206127,-1.5168617455966513,-0.7030746009502787,-0.010684955963028146,-0.6865507261215884,-0.6874206446824462,1.1641411318934154,0.7196640943711202,0.15597957247957597,1.0445359831596306,-0.1886410291907289,-0.08108083201219964,0.41390077802624936,1.8399044029237361,2.3008665617375423,2.239179977938422,-1.2676136780735823,-1.2761757670616813
-1.1534984692869716,1.1090942207206127,-1.372398722042295,-0.7030746009502787,-0.010684955963028146,-0.6865507261215884,-0.660148702117488,1.1191728549162814,0.7196640943711202,0.10311212974862112,0.9860122209125642,-0.2652491171114723,-0.14446122977547557,0.41390077802624936,1.89754936694206,2.358394933159073,2.2872831811535947,-1.2676136780735823,-1.2761757670616813
-1.1534984692869716,1.1090942207206127,-1.227935698487939,-0.7030746009502787,-0.010684955963028146,-0.6865507261215884,-0.6685755469528352,1.1191728549162814,0.7196640943711202,0.0468856263706791,0.9329927384217371,-0.3387356896509929,-0.21392439453812861,0.41390077802624936,1.9598672047181283,2.4245092078798516,2.3505874193088223,-1.2676136780735823,-1.2761757670616813
-1.1534984692869716,1.1090942207206127,-1.083472674933583,-0.7030746009502787,-0.010684955963028146,-0.6865507261215884,-0.6686798506789062,1.1191728549162814,0.7196640943711202,-0.008835415866495736,0.8790096069026719,-0.4109151379854714,-0.29332342352317564,0.41390077802624936,2.0237569675327776,2.4900158114451743,2.421817296900031,-1.2676136780735823,-1.2761757670616813
-1.1534984692869716,1.1090942207206127,-0.9390096513792268,-0.7030746009502787,-0.010684955963028146,-0.6865507261215884,-0.6690135382742345,0.9692782171240583,0.7196640943711202,-0.06649264236992113,0.821844694151742,-0.48551322197645774,-0.3816216016594185,0.41390077802624936,2.0804581016751302,2.537366883800599,2.48025889826427,-1.2676136780735823,-1.2761757670616813
-1.1534984692869716,1.1090942207206127,-0.7945466278248707,-0.7030746009502787,-0.010684955963028146,-0.6865507261215884,-0.6631610734132045,0.9692782171240583,0.7196640943711202,-0.1094293757285196,0.7825486870637792,-0.5387447569772258,-0.4260555025602866,0.41390077802624936,2.1185916244831975,2.57011259511558,2.5065756545224946,-1.2676136780735823,-1.2761757670616813
-1.1534984692869716,1.1090942207206127,-0.6500836042705146,-0.6118300532973392,-0.010684955963028146,-0.6865507261215884,-0.6404375646162912,1.1341623758757702,0.5402509656440521,-0.10513328297969618,0.7981340576287844,-0.5230658974575202,-0.4157762366424094,0.41390077802624936,2.102120877275815,2.5507473602279043,2.491371999391982,-1.1832577513839908,-1.191750954372003
-1.1534984692869716,1.1090942207206127,-0.5056205807161585,-0.7030746009502787,-0.010684955963028146,-0.6865507261215884,-0.6701618745286965,1.2990465346274822,0.3010334606746278,0.012652894622368058,0.9464664304302784,-0.10880035763037606,-0.22122452868547476,0.41390077802624936,1.9645612881360068,2.2509074046870743,2.3518852869821782,-1.2676136780735823,-1.2761757670616813
-1.1534984692869716,1.1090942207206127,-0.3611575571618023,-0.7030746009502787,-0.010684955963028146,-0.6865507261215884,-0.6703722698672795,1.4189621305007278,-0.23720592550657674,0.28575296047303,1.1621255167461801,0.3999809546133477,0.060052382342847065,0.41390077802624936,1.7515743631062852,1.8868165258057927,2.133243057545185,-1.2676136780735823,-1.2761757670616813
-1.1534984692869716,1.1090942207206127,-0.2166945336074462,-0.7030746009502787,-0.010684955963028146,-0.6865507261215884,-0.6874206446824462,1.4189621305007278,0.06181595570520356,0.594684532314145,1.4059739462960634,0.8171118897333457,0.25868178199662173,0.41390077802624936,1.5302399907005722,1.6220093979273515,1.9970451208581408,-1.2676136780735823,-1.2761757670616813
-1.1534984692869716,1.1090942207206127,-0.07223151005309006,-0.7030746009502787,-0.010684955963028146,-0.6865507261215884,-0.6874206446824462,1.4189621305007278,-0.23720592550657674,0.8950605367997645,1.602878404773585,1.0593898891840712,0.46450308730129874,0.3013869820412722,1.3496566059785768,1.4599719975516776,1.8410586324381066,-1.2676136780735823,-1.2761757670616813
-1.1534984692869716,1.1090942207206127,0.07223151350126605,-0.7030746009502787,-0.010684955963028146,-0.6865507261215884,-0.6874206446824462,1.4939094493968395,-0.057792796779508555,1.1779703413746043,1.7852564629539553,1.150087068567912,0.6620103283340512,0.41390077802624936,1.1984076273353457,1.4114728127419407,1.7160305676720238,-1.2676136780735823,-1.2761757670616813
-1.1534984692869716,1.1090942207206127,0.2166945370556222,-0.7030746009502787,-0.010684955963028146,-0.6865507261215884,-0.6874206446824462,1.568856768292951,-0.23720592550657674,1.3736210748890574,1.9320699579008331,1.1830428443399301,0.9160982880602742,0.41390077802624936,1.082236534327669,1.3993822820793216,1.5609528486423845,-1.2676136780735823,-1.2761757670616813
-1.1534984692869716,1.1090942207206127,0.3611575606099783,-0.7030746009502787,-0.010684955963028146,-0.6865507261215884,-0.6874206446824462,1.568856768292951,-0.23720592550657674,1.478878616712209,2.032799460258311,1.2201852303590421,1.2409864006668727,0.41390077802624936,1.005622903583432,1.3835863019655543,1.3678814945800046,-1.2676136780735823,-1.2761757670616813
-1.1534984692869716,1.1090942207206127,0.5056205841643344,-0.7030746009502787,-0.010684955963028146,-0.6865507261215884,-0.6874206446824462,1.568856768292951,-0.23720592550657674,1.5187276560129772,2.0378542690598627,1.175769531150809,1.7798219070404602,0.41390077802624936,1.0049340716668014,1.4134927446269925,1.0622039620128496,-1.2676136780735823,-1.2761757670616813
-1.1534984692869716,1.1090942207206127,0.6500836077186906,-0.7030746009502787,-0.010684955963028146,-0.6865507261215884,-0.6874206446824462,1.568856768292951,-0.23720592550657674,1.4121178585118095,2.0009607746755145,1.088382020093368,2.2839567534602763,0.41390077802624936,1.0384728108294368,1.469479600497852,0.7986682626713044,-1.2676136780735823,-1.2761757670616813
-1.1534984692869716,1.1090942207206127,0.7945466312730467,-0.7030746009502787,-0.010684955963028146,-0.6865507261215884,-0.6874206446824462,1.4189621305007278,0.06181595570520356,1.2196685968540137,1.9250641946767688,0.9575676488743744,2.502441606596968,0.41390077802624936,1.1025939517546408,1.551132213172269,0.6910683947342788,-1.2676136780735823,-1.2761757670616813
-1.1534984692869716,1.1090942207206127,0.9390096548274028,-0.7030746009502787,-0.010684955963028146,-0.6865507261215884,-0.6874206446824462,1.4189621305007278,0.06181595570520356,0.9220422225067204,1.7891611549008666,0.7558444833515486,2.000097819731082,0.41390077802624936,1.2243749998678084,1.6846628531268013,0.9550975632786813,-1.2676136780735823,-1.2761757670616813
-1.1534984692869716,1.1090942207206127,1.083472678381759,-0.7030746009502787,-0.010684955963028146,-0.6865507261215884,-0.6874206446824462,1.2690674927085046,0.18142470818991568,0.6452071061566248,1.617189810449995,0.5270505020159939,1.4359872975714538,0.41390077802624936,1.3709048291311843,1.828327851787418,1.266058709903687,-1.2676136780735823,-1.2761757670616813
-1.1534984692869716,1.1090942207206127,1.227935701936115,-0.7030746009502787,-0.010684955963028146,-0.6865507261215884,-0.6874206446824462,1.1191728549162814,0.36083783691698385,0.4770631363517617,1.4727823070840902,0.33411499078730633,1.007433374081691,0.41390077802624936,1.5045926912210432,1.9628743131881154,1.5295192971187797,-1.2676136780735823,-1.2761757670616813
-1.1534984692869716,1.1090942207206127,1.3723987254904713,-0.7030746009502787,-0.010684955963028146,-0.6865507261215884,-0.6874206446824462,1.1191728549162814,0.4206422131593399,0.36369140656511706,1.354766263133418,0.17664423755553357,0.6824891128566365,0.41390077802624936,1.6119873232727417,2.0708571738938972,1.7373388298704509,-1.2676136780735823,-1.2761757670616813
-1.1534984692869716,1.1090942207206127,1.5168617490448273,-0.7030746009502787,-0.010684955963028146,-0.6865507261215884,-0.6874206446824462,1.1191728549162814,0.36083783691698385,0.28521284287629817,1.2574606718719399,0.04951584055329454,0.44171569943727756,0.41390077802624936,1.7023375832179735,2.1600204459029837,1.898396696921266,-1.2676136780735823,-1.2761757670616813
-1.1534984692869716,1.1090942207206127,1.6613247725991833,-0.7030746009502787,-0.010684955963028146,-0.6865507261215884,-0.6874206446824462,0.9692782171240583,0.7196640943711202,0.17746526738685753,1.1662194596213806,-0.07458718970931005,0.23451020862545133,0.41390077802624936,1.782032881172161,2.229164835321845,2.0230662322930604,-1.2676136780735823,-1.2761757670616813
-1.1534984692869716,1.2193391526212536,-1.6613247691510074,-0.7030746009502787,-0.010684955963028146,-0.6865507261215884,-0.6874206446824462,0.9692782171240583,-0.536227806718357,0.0997824943944341,1.0820744614062003,-0.22262460078662263,0.0038337815510117103,0.41390077802624936,1.7977314039355676,2.191998435629701,2.046468463365559,-1.2676136780735823,-1.2761757670616813
-1.1534984692869716,1.2193391526212536,-1.5168617455966513,-0.7030746009502787,-0.010684955963028146,-0.6865507261215884,-0.6874206446824462,0.9692782171240583,-0.7754453116877812,0.06070374386963442,1.0119771699636744,-0.2903563455800386,-0.10058962880725886,0.41390077802624936,1.7475908033029015,2.0127666741229944,1.8973136848654373,-1.2676136780735823,-1.2761757670616813
-1.1534984692869716,1.2193391526212536,-1.372398722042295,-0.7030746009502787,-0.010684955963028146,-0.6865507261215884,-0.6874206446824462,0.9692782171240583,-0.7754453116877812,0.011895683754310597,0.949732400494213,-0.35814528223784764,-0.19809373912597036,0.41390077802624936,1.7170180422949395,1.8948515780219368,1.8023322174740433,-1.2676136780735823,-1.2761757670616813
-1.1534984692869716,1.2193391526212536,-1.227935698487939,-0.7030746009502787,-0.010684955963028146,-0.6865507261215884,-0.6874206446824462,0.8943308982279466,-0.8950540641724933,-0.03882109702065029,0.8891978471340725,-0.4274444156626742,-0.33509229941762775,0.41390077802624936,1.6851635429620502,1.7931787815342641,1.7480209096678792,-1.2676136780735823,-1.2761757670616813
-1.1534984692869716,1.2193391526212536,-1.083472674933583,-0.7030746009502787,-0.010684955963028146,-0.6865507261215884,-0.6874206446824462,0.819383579331835,-0.8352496879301373,-0.08896768101068363,0.8318005453756108,-0.4955988829320391,-0.4383959923991568,0.41390077802624936,1.6472103022651232,1.693013235057447,1.6723528661398215,-1.2676136780735823,-1.2761757670616813
-1.1534984692869716,1.2193391526212536,-0.9390096513792268,-0.7030746009502787,-0.010684955963028146,-0.6865507261215884,-0.5965114238999034,0.819383579331835,-1.3136846978689858,-0.13529028472748722,0.782447103844918,-0.5560274753027374,-0.5165654480148314,0.41390077802624936,1.574959112980303,1.5434281053469976,1.5349531354295356,-1.2216737991953754,-1.228164335064356
-1.1534984692869716,1.2193391526212536,-0.7945466278248707,-0.7030746009502787,-0.010684955963028146,-0.6865507261215884,-0.606683504115579,0.6694889415396119,-1.0744671928995615,-0.1911257586588849,0.7194543757434309,-0.6343372284060753,-0.5954778556399283,0.41390077802624936,1.516556867687643,1.420724074751017,1.4132937621951709,-1.2280998006067636,-1.2365295549630888
-1.1534984692869716,1.2193391526212536,-0.6500836042705146,-0.7030746009502787,-0.010684955963028146,-0.6865507261215884,0.14525508712920282,0.819383579331835,-1.612706579080766,-0.1671742242149499,0.7654228696045364,-0.3922109117261315,-0.49070453360142596,0.41390077802624936,1.3652418498753578,1.1202300377666272,1.1901679501867293,-0.7674437699720339,-0.7538671832061655
-1.1534984692869716,1.2193391526212536,-0.5056205807161585,-0.7030746009502787,-0.010684955963028146,-0.6865507261215884,-0.6874206446824462,0.9692782171240583,-1.9715328365349023,-0.03799522713605912,0.9091916510874648,0.329938326951411,-0.29059899490592955,0.41390077802624936,1.1473154842230233,0.6148167954214575,0.9446980273522695,-1.2676136780735823,-1.2761757670616813
-1.1534984692869716,1.2193391526212536,-0.3611575571618023,-0.7030746009502787,-0.010684955963028146,-0.6865507261215884,-0.6874206446824462,0.9692782171240583,-1.7323153315654782,0.17148408620367825,1.0574669703002835,1.0223179569109506,-0.10435239999189028,0.41390077802624936,0.9236538336553143,0.18958686807825184,0.7219626237220175,-1.2676136780735823,-1.2761757670616813
-1.1534984692869716,1.2193391526212536,-0.2166945336074462,-0.7030746009502787,-0.010684955963028146,-0.6865507261215884,-0.6874206446824462,0.9692782171240583,-1.7323153315654782,0.4698598246742824,1.1994253440059732,1.525829328954511,0.060435657694914845,0.21988111766006618,0.7895470807778051,-0.036777577185184554,0.6127862745263059,-1.2676136780735823,-1.2761757670616813
-1.1534984692869716,1.2193391526212536,-0.07223151005309006,-0.7030746009502787,-0.010684955963028146,-0.6865507261215884,-0.6874206446824462,0.9692782171240583,-1.3136846978689858,0.8224500303906932,1.3240721282014891,1.6438924010166456,0.19435011271197164,-0.16647319191747603,0.674867894545476,-0.09073973001987891,0.5360529052280087,-1.2676136780735823,-1.2761757670616813
-1.1534984692869716,1.2193391526212536,0.07223151350126605,-0.7030746009502787,-0.010684955963028146,-0.6865507261215884,-0.6874206446824462,1.1191728549162814,-1.7323153315654782,1.145157216530052,1.4453130914632686,1.479939903153656,0.3347338650728476,-0.07772771844881901,0.5398655155650279,-0.06313601838222,0.4257411401673157,-1.2676136780735823,-1.2761757670616813
-1.1534984692869716,1.2193391526212536,0.2166945370556222,-0.7030746009502787,-0.010684955963028146,-0.6865507261215884,-0.6874206446824462,0.9692782171240583,0.7196640943711202,1.394980567984996,1.5216528804374565,1.2679445814652714,0.5278525626370193,0.3221555887767859,0.5023374321462452,0.09414606242683049,0.41689341203944685,-1.2676136780735823,-1.2761757670616813
-1.1534984692869716,1.2193391526212536,0.3611575606099783,-0.7030746009502787,-0.010684955963028146,-0.6865507261215884,-0.6874206446824462,1.1191728549162814,-1.493097826596054,1.5445401767526736,1.6208565471856013,1.1581055337293433,1.057474813095296,0.41390077802624936,0.39806495847384443,0.12203474190826845,0.15923305310077165,-1.2676136780735823,-1.2761757670616813
-1.1534984692869716,1.2193391526212536,0.5056205841643344,-0.7030746009502787,-0.010684955963028146,-0.6865507261215884,-0.6874206446824462,1.1191728549162814,-1.7323153315654782,1.5884047876775704,1.7002647059897746,1.0970494885855206,1.7027754237939012,0.41390077802624936,0.3187818027790825,0.12409999972889843,-0.12722472741190796,-1.2676136780735823,-1.2761757670616813
-1.1534984692869716,1.2193391526212536,0.6500836077186906,-0.7030746009502787,-0.010684955963028146,-0.6865507261215884,-0.6874206446824462,0.9692782171240583,-1.4332934503536978,1.4455462989235828,1.7505379626939914,1.0297611879580513,2.071941197667404,0.41390077802624936,0.2603193027701321,0.1319470252170697,-0.283809929351515,-1.2676136780735823,-1.2761757670616813
-1.1534984692869716,1.2193391526212536,0.7945466312730467,-0.7030746009502787,-0.010684955963028146,-0.6865507261215884,-0.6874206446824462,0.819383579331835,-1.3136846978689858,1.1887864251125477,1.6807155025627678,0.8588155341547066,1.806927042288922,0.41390077802624936,0.27639140477453855,0.17151765132940702,-0.21476987593528718,-1.2676136780735823,-1.2761757670616813
-1.1534984692869716,1.2193391526212536,0.9390096548274028,-0.7030746009502787,-0.010684955963028146,-0.6865507261215884,-0.6874206446824462,0.819383579331835,-1.0744671928995615,0.9352960282793082,1.5448507304378063,0.6408606544230422,1.3466385706464221,0.41390077802624936,0.35122872648253783,0.2531056365932865,-0.047766796736064716,-1.2676136780735823,-1.2761757670616813
-1.1534984692869716,1.2193391526212536,1.083472678381759,-0.08580400561539285,-0.010684955963028146,-0.6865507261215884,-0.6874206446824462,0.6694889415396119,-1.3136846978689858,0.567232695817782,1.3748324277358623,0.37734706706288257,0.885200272947719,0.41390077802624936,0.4131763592817185,0.3070532591041352,0.08391611509403904,-0.8401923733554314,-0.8475958331893894
-1.1534984692869716,1.2193391526212536,1.227935701936115,-0.7030746009502787,-0.010684955963028146,-0.6865507261215884,-0.6874206446824462,0.7144572185167458,-1.3136846978689858,0.4674561052002071,1.2272041797116802,0.16103500291421965,0.517107019061531,0.41390077802624936,0.46203859585356977,0.34638012276867375,0.18730752045766957,-1.2676136780735823,-1.2761757670616813
-1.1534984692869716,1.2193391526212536,1.3723987254904713,1.3269003302124334,-0.010684955963028146,-0.6865507261215884,-0.6874206446824462,0.6694889415396119,-1.3136846978689858,0.3413242606646218,1.1211339048338014,-0.005692543673234613,0.2577980515670132,0.41390077802624936,0.5060737065939734,0.3867817966567807,0.2683810168998587,0.17294122023972452,0.18939268645090587
-1.1534984692869716,1.2193391526212536,1.5168617490448273,-0.7030746009502787,-0.010684955963028146,1.1004248420898017,1.0123369971296492,0.6694889415396119,-1.0744671928995615,0.3279024037753753,1.012284006946673,-0.16287733758304193,0.001970298416754365,0.41390077802624936,0.5411911193234143,0.4233489831431698,0.3504534609540268,0.8367291945654043,0.8319551280046391
-1.1534984692869716,1.2193391526212536,1.6613247725991833,-0.7030746009502787,-0.010684955963028146,-0.6865507261215884,-0.6874206446824462,0.6694889415396119,-1.0744671928995615,0.28870922155635276,0.9299675066709941,-0.10366966718699601,0.024707233898974664,0.41390077802624936,0.5656945432688882,0.37021332380363675,0.31459266095381305,-1.2676136780735823,-1.2761757670616813
-1.1534984692869716,1.3295840845218945,-1.6613247691510074,0.5636799718083305,-0.010684955963028146,0.4391831054644449,0.4036423966960458,0.6694889415396119,-1.0744671928995615,0.22647668897020024,0.8727747629011982,0.007130866964815931,0.10036953163838426,0.41390077802624936,0.5692818680579469,0.2941195359174576,0.2544776312839547,0.8598797067027844,0.8526696052525824
-1.1534984692869716,1.3295840845218945,-1.5168617455966513,-0.7030746009502787,-0.010684955963028146,-0.6865507261215884,-0.6874206446824462,0.6694889415396119,-1.0744671928995615,0.2001358207508922,0.8199862778669594,0.07818719970143018,0.1481048085548341,0.41390077802624936,0.5455950160276389,0.22492157948382188,0.1956235682718403,-1.2676136780735823,-1.2761757670616813
-1.1534984692869716,1.3295840845218945,-1.372398722042295,-0.7030746009502787,-0.010684955963028146,-0.6865507261215884,-0.4106339898341814,0.6694889415396119,-1.3136846978689858,0.16821787870286045,0.7865570495559665,0.05822475242544224,0.12214949936257546,0.41390077802624936,0.5134932313390944,0.19195292528953747,0.165591818643078,-1.2676136780735823,-1.2761757670616813
-1.1534984692869716,1.3295840845218945,-1.227935698487939,-0.7030746009502787,-0.010684955963028146,-0.6865507261215884,-0.6874206446824462,0.5195943037473887,-1.0744671928995615,0.11051814899872371,0.7398134618194405,-0.02120894514335976,0.058176692987186286,0.41390077802624936,0.4738890114158134,0.1731424451540589,0.14070219278745338,-1.2676136780735823,-1.2761757670616813
-1.1534984692869716,1.3295840845218945,-1.083472674933583,-0.7030746009502787,-0.010684955963028146,-0.6865507261215884,-0.3091100709089745,0.5195943037473887,-1.0744671928995615,0.04965487337087197,0.7010657258031396,-0.13137456671364842,-0.03197601705428468,0.41390077802624936,0.43782391250855884,0.17611639039130547,0.13573933371145994,-1.057634688289222,-1.06602531333144
-1.1534984692869716,1.3295840845218945,-0.9390096513792268,-0.7030746009502787,-0.010684955963028146,-0.6865507261215884,-0.3748949570120339,0.5195943037473887,-1.0744671928995615,-0.01728701385409736,0.662818948126428,-0.23504683950632166,-0.09430667977686542,0.41390077802624936,0.412003079446114,0.18638889560917593,0.12861023217460454,-1.092694912895699,-1.101114172730437
-1.1534984692869716,1.3295840845218945,-0.7945466278248707,-0.7030746009502787,-0.010684955963028146,-0.6865507261215884,0.004409694696738225,0.5945416226435003,-1.3734890741113417,-0.07976868058595793,0.6309051187926933,-0.3360410410837185,-0.12989025641215154,0.41390077802624936,0.3813117371564925,0.19213010849225245,0.1064849072518004,-0.8580545829349306,-0.8662822434416648
-1.1534984692869716,1.3295840845218945,-0.6500836042705146,-0.7030746009502787,-0.010684955963028146,-0.6865507261215884,-0.1659811258509024,0.6694889415396119,-1.55290220283841,-0.08284525842206358,0.6706519883862865,-0.2239425002704634,-0.06988121700050363,0.41390077802624936,0.295379835047395,0.0999779271810635,0.03760992583440452,-0.973859201627994,-0.982181398436052
-1.1534984692869716,1.3295840845218945,-0.5056205807161585,-0.7030746009502787,-0.010684955963028146,-0.6865507261215884,-0.1956740300834758,0.6694889415396119,-1.55290220283841,0.028574593608837066,0.8280468367060481,0.46410629647959944,0.18457455686400942,0.41390077802624936,0.13822589420771556,-0.20902263849768626,-0.10266022352223671,-0.9934932931842032,-1.0011406396009275
-1.1534984692869716,1.3295840845218945,-0.3611575571618023,-0.7030746009502787,-0.010684955963028146,-0.6865507261215884,-0.6874206446824462,0.819383579331835,-1.9715328365349023,0.29560193292094145,1.0072507671847422,1.2254899829984012,0.31165434164323763,0.41390077802624936,0.0015860330573626647,-0.4951234137956777,-0.17242759813966713,-1.2676136780735823,-1.2761757670616813
-1.1534984692869716,1.3295840845218945,-0.2166945336074462,-0.7030746009502787,-0.010684955963028146,-0.6865507261215884,-0.6874206446824462,0.819383579331835,-1.9715328365349023,0.5695965276727283,1.172924647841691,1.6958018921955733,0.39886453857838783,0.1679159325985412,-0.1249635733030185,-0.6600358664582455,-0.22400080691758728,-1.2676136780735823,-1.2761757670616813
-1.1534984692869716,1.3295840845218945,-0.07223151005309006,-0.7030746009502787,-0.010684955963028146,-0.6865507261215884,-0.6874206446824462,0.9692782171240583,-2.1509459652619705,0.9044727071234425,1.3113324793155408,1.8077006759172525,0.534302330026593,0.231293079869656,-0.2367452307383802,-0.7131819355820262,-0.29804018372701085,-1.2676136780735823,-1.2761757670616813
-1.1534984692869716,1.3295840845218945,0.07223151350126605,-0.7030746009502787,-0.010684955963028146,-0.6865507261215884,-0.6874206446824462,0.8943308982279466,-2.0911415890196143,1.202099081470736,1.4206401974630163,1.5968765441475266,0.6150879857630699,0.21911954385546703,-0.3469969004176989,-0.6838189704065167,-0.3670839490797203,-1.2676136780735823,-1.2761757670616813
-1.1534984692869716,1.3295840845218945,0.2166945370556222,-0.7030746009502787,-0.010684955963028146,-0.6865507261215884,-0.6874206446824462,0.819383579331835,-1.9715328365349023,1.434121438572374,1.5043155472348313,1.3374111461452778,0.7548402696033416,0.1709505829575403,-0.4576915627711838,-0.6490906289333715,-0.4661500750453855,-1.2676136780735823,-1.2761757670616813
-1.1534984692869716,1.3295840845218945,0.3611575606099783,-0.7030746009502787,-0.010684955963028146,-0.6865507261215884,-0.6874206446824462,0.819383579331835,-2.1509459652619705,1.5490200141076491,1.5776600228035573,1.1938081767274293,1.2212603331308325,0.41390077802624936,-0.5515843179965543,-0.6474719074828641,-0.6648244880522446,-1.2676136780735823,-1.2761757670616813
-1.1534984692869716,1.3295840845218945,0.5056205841643344,-0.7030746009502787,-0.010684955963028146,-0.6865507261215884,-0.6874206446824462,0.819383579331835,-2.1509459652619705,1.571012477946489,1.6378272067146658,1.090450873622718,1.8315242059130254,0.41390077802624936,-0.6029321821248125,-0.6300487479688882,-0.861809533261534,-1.2676136780735823,-1.2761757670616813
-1.1534984692869716,1.3295840845218945,0.6500836077186906,-0.7030746009502787,-0.010684955963028146,-0.6865507261215884,-0.6874206446824462,0.819383579331835,-2.1509459652619705,1.4293800430591748,1.6691377987144782,0.9971062911247969,2.3216267802074557,0.41390077802624936,-0.6472463927110728,-0.6234420048997218,-1.015361428048002,-1.2676136780735823,-1.2761757670616813
-1.1534984692869716,1.3295840845218945,0.7945466312730467,-0.7030746009502787,-0.010684955963028146,-0.6865507261215884,-0.6874206446824462,0.7594257813952123,-2.1509459652619705,1.2062212380443404,1.6384854103108486,0.8536119033625353,2.4922201167937335,0.41390077802624936,-0.6491726154814407,-0.5946108062028624,-1.0729019022440145,-1.2676136780735823,-1.2761757670616813
-1.1534984692869716,1.3295840845218945,0.9390096548274028,0.22473877946538057,-0.010684955963028146,0.22804080698089912,-0.6874206446824462,0.6844784624991007,-1.9117284602925464,0.8528352416315343,1.5158250650868992,0.5651659785973884,1.9428237876618963,0.41390077802624936,-0.5947869495766913,-0.5090501870254788,-0.9352982333764415,-0.0424432194672701,-0.054601144863653285
-1.1534984692869716,1.3295840845218945,1.083472678381759,-0.7030746009502787,-0.010684955963028146,-0.6865507261215884,-0.6874206446824462,0.5945416226435003,-1.612706579080766,0.691258997179667,1.3433743313360595,0.43246344698582284,1.4362379319842709,0.41390077802624936,-0.5069753413382019,-0.4664522655316257,-0.792650479528688,-1.2676136780735823,-1.2761757670616813
-1.1534984692869716,1.3295840845218945,1.227935701936115,0.9907778054428608,-0.010684955963028146,0.8219642013813991,-0.6874206446824462,0.5195943037473887,-1.3734890741113417,0.49542909632683063,1.2141723051276379,0.2750324793988453,0.9100260997861133,0.41390077802624936,-0.4390721323808891,-0.41199412985163253,-0.6297897030938049,0.8402325613262986,0.8363591060589634
-1.1534984692869716,1.3295840845218945,1.3723987254904713,-0.7030746009502787,-0.010684955963028146,-0.6865507261215884,-0.6874206446824462,0.5195943037473887,-1.3734890741113417,0.44070916794025683,1.0841757033305894,0.254178999452965,0.5768288053961514,0.41390077802624936,-0.38810531907845064,-0.4090620406218817,-0.5238564946370493,-1.2676136780735823,-1.2761757670616813
-1.1534984692869716,1.3295840845218945,1.5168617490448273,0.48087444512902283,-0.010684955963028146,0.3557620121872918,0.5641087543972879,0.33972062403618786,-1.1342715691419176,0.3384942013926419,0.9805100284827402,0.2749429616980561,0.14323696745914527,0.41390077802624936,-0.35714162547119704,-0.42300225982300266,-0.37871366442599874,0.8563766994274742,0.8492994373554544
-1.1534984692869716,1.3295840845218945,1.6613247725991833,-0.7030746009502787,-0.010684955963028146,-0.6865507261215884,-0.6874206446824462,0.15984723022631953,-0.8352496879301373,0.3004446822204523,0.8741809251294069,0.2782368815400581,0.06406171919982782,0.41390077802624936,-0.3194040966585892,-0.4315443552802088,-0.35753772184568305,-1.2676136780735823,-1.2761757670616813
-1.1534984692869716,1.4398290164225354,-1.6613247691510074,0.5827844534178939,-0.010684955963028146,0.43427593310728674,0.51156018975786,-0.020026449484881293,-0.536227806718357,0.22283841498930929,0.7883723277615067,0.22095549944617943,0.0629631592735189,0.41390077802624936,-0.27735233015959676,-0.4143840428184857,-0.35989239967029096,0.8564437434889288,0.8500215284729734
-1.1534984692869716,1.4398290164225354,-1.5168617455966513,-0.7030746009502787,-0.010684955963028146,-0.6865507261215884,-0.6874206446824462,-0.19989998624541588,-0.23720592550657674,0.17703565811197516,0.7025706881483229,0.21662881057470224,0.08327756668120466,0.41390077802624936,-0.2335391977940065,-0.41564319297143937,-0.37012577185184686,-1.2676136780735823,-1.2761757670616813
-1.1534984692869716,1.4398290164225354,-1.372398722042295,0.4332147396545879,-0.010684955963028146,-0.6865507261215884,0.21243270735299521,-0.37977352300595046,0.12162033194755961,0.09334881759752792,0.630551664853094,0.13713543453870744,0.02958483997178625,0.41390077802624936,-0.19033897640252112,-0.3885094397184602,-0.3511966425889658,0.07241736761381527,0.054437786334185716
-1.1534984692869716,1.4398290164225354,-1.227935698487939,-0.7030746009502787,-0.010684955963028146,-0.6865507261215884,0.6976731672394534,-0.42474194293375067,0.24122908443227173,0.0661454613514774,0.566774797795055,-0.010321769218675262,0.05226888182792501,0.41390077802624936,-0.15522855322016987,-0.3378296219793486,-0.3612850308985318,-0.5073786872610946,-0.4926905817739265
-1.1534984692869716,1.4398290164225354,-1.083472674933583,0.14576663710251042,-0.010684955963028146,0.15379934976258136,-0.33975482365670706,-0.48469974087037343,0.3010334606746278,-0.026641641382966128,0.5053350405462951,-0.23669297055972277,0.12779121489524192,0.41390077802624936,-0.13051712999406181,-0.2610817526496096,-0.3945835029803689,0.039873946518072995,0.010384087934936413
-1.1534984692869716,1.4398290164225354,-0.9390096513792268,-0.7030746009502787,-0.010684955963028146,1.194449795725894,0.9510918390623945,-0.5296681607981737,0.36083783691698385,-0.062218128169151156,0.449588118206592,-0.2207555043488485,0.14047998891815666,0.41390077802624936,-0.11825529522898806,-0.27785473438911856,-0.4095469739855971,0.7275271801939334,0.7257131741782444
-1.1534984692869716,1.4398290164225354,-0.7945466278248707,1.3389914680963242,-0.010684955963028146,0.4503604838784272,-0.6874206446824462,-0.22987888521372726,0.18142470818991568,-0.10158916993576576,0.425552554538373,0.01713861436600669,0.21794066994433864,0.41390077802624936,-0.11819166624858551,-0.36214297431273385,-0.435127456725222,0.7870587119098671,0.7782659750874076
-1.1534984692869716,1.4398290164225354,-0.6500836042705146,-0.7030746009502787,-0.010684955963028146,0.9400715787641408,1.2222835794845264,0.06991039037071911,0.0020115794628475024,-0.0034433944347152345,0.4839441194458254,0.5682609702154144,0.35324582045329317,0.41390077802624936,-0.15658934573286976,-0.5370017589534128,-0.4687938472171541,0.6758220091317817,0.6729890608355883
-1.1534984692869716,1.4398290164225354,-0.5056205807161585,0.6516754516784607,-0.010684955963028146,-0.6865507261215884,-0.6874206446824462,0.6694889415396119,-0.8352496879301373,0.27875889532212966,0.6333674681868697,1.2574602351941382,0.5821059617829021,0.41390077802624936,-0.24605313829203884,-0.733807188104676,-0.5273347974695793,-0.32583253572415777,-0.3885855816990161
-1.1534984692869716,1.4398290164225354,-0.3611575571618023,-0.7030746009502787,-0.010684955963028146,-0.6865507261215884,-0.6703217514525965,0.9692782171240583,-0.7754453116877812,0.5291524435620011,0.9007727678804754,2.025597534916924,0.8732096947890805,0.41390077802624936,-0.39219878348434767,-0.9117273167961807,-0.5795565033857678,-1.2676136780735823,-1.2761757670616813
-1.1534984692869716,1.4398290164225354,-0.2166945336074462,-0.7030746009502787,-0.010684955963028146,-0.6865507261215884,-0.6874206446824462,1.1191728549162814,-1.3136846978689858,0.9572302954279434,1.1228796054921764,2.610837738913409,0.8911219178245707,-0.08208056689161969,-0.5156380413898242,-1.0363157352114885,-0.552403906371553,-1.2676136780735823,-1.2761757670616813
-1.1534984692869716,1.4398290164225354,-0.07223151005309006,-0.7030746009502787,-0.010684955963028146,-0.6865507261215884,-0.6874206446824462,1.1191728549162814,-1.493097826596054,1.2359911337179605,1.2834110096381453,2.6039747151862382,0.9319509146709586,-0.2265758047260024,-0.6049152853473585,-1.0257439486964985,-0.554891122163477,-1.2676136780735823,-1.2761757670616813
-1.1534984692869716,1.4398290164225354,0.07223151350126605,-0.7030746009502787,-0.010684955963028146,-0.6865507261215884,-0.6874206446824462,1.1191728549162814,-1.3136846978689858,1.50902384834288,1.420446771881897,2.3352019629047143,0.9874216809648103,-0.044523566362671706,-0.6642946211193819,-0.912218528490366,-0.5200602753623245,-1.2676136780735823,-1.2761757670616813
-1.1534984692869716,1.4398290164225354,0.2166945370556222,-0.7030746009502787,-0.010684955963028146,-0.6865507261215884,-0.6874206446824462,1.194120173812393,-1.3136846978689858,1.7334564415882632,1.5394083746985443,2.0829485418891944,1.1074495247652287,0.1942181765197662,-0.7087893548356479,-0.7889820808042199,-0.49821181723121194,-1.2676136780735823,-1.2761757670616813
-1.1534984692869716,1.4398290164225354,0.3611575606099783,-0.7030746009502787,-0.010684955963028146,-0.6865507261215884,-0.6874206446824462,1.2690674927085046,-1.2538803216266297,1.8274911767374336,1.64016222919753,1.8386381590835144,1.5451084756738587,0.41390077802624936,-0.7327753112776209,-0.6478184665501083,-0.5686231036536098,-1.2676136780735823,-1.2761757670616813
-1.1534984692869716,1.4398290164225354,0.5056205841643344,-0.7030746009502787,-0.010684955963028146,-0.6865507261215884,-0.6874206446824462,1.2690674927085046,-1.2538803216266297,1.8186472415124966,1.7159154794491152,1.677439159387392,2.11867719192496,0.41390077802624936,-0.758604097962616,-0.5676681158649284,-0.7191488968106969,-1.2676136780735823,-1.2761757670616813
-1.1534984692869716,1.4398290164225354,0.6500836077186906,-0.7030746009502787,-0.010684955963028146,-0.6865507261215884,-0.6874206446824462,1.1191728549162814,-1.0744671928995615,1.6398637397264908,1.7375631416986244,1.4864249632552724,2.5451194391119287,0.41390077802624936,-0.7560825585953,-0.4713960455672323,-0.8136650620466533,-1.2676136780735823,-1.2761757670616813
-1.1534984692869716,1.4398290164225354,0.7945466312730467,-0.7030746009502787,-0.010684955963028146,-0.6865507261215884,-0.6874206446824462,1.1191728549162814,-0.6558365592030692,1.4011311080756252,1.7161443895792887,1.296823157513382,2.655914497042791,0.41390077802624936,-0.7232789269714062,-0.3652405357379211,-0.8097039891223013,-1.2676136780735823,-1.2761757670616813
-1.1534984692869716,1.4398290164225354,0.9390096548274028,-0.3136226957745563,-0.010684955963028146,-0.6865507261215884,-0.6874206446824462,0.9542886961645695,-0.35681467799128885,1.0043467281549558,1.5931660749647942,1.0095011772136993,2.0847870250723766,0.41390077802624936,-0.6312810620639328,-0.21103259433950067,-0.5926832208801834,-1.0068206145867735,-1.0328308046148416
-1.1534984692869716,1.4398290164225354,1.083472678381759,-0.7030746009502787,-0.010684955963028146,0.0625246782677037,-0.6874206446824462,0.864351856308969,-0.23720592550657674,0.8170148518628058,1.4177742982952817,0.5747244797594334,1.581604263922028,0.41390077802624936,-0.5303264540893404,-0.03655224873032426,-0.4183318175424823,-0.8370864179078784,-0.8341204063811739
-1.1534984692869716,1.4398290164225354,1.227935701936115,0.4632016036952204,-0.010684955963028146,0.16496715733905928,-0.6874206446824462,0.7594257813952123,-0.1175971730218646,0.5710926403377675,1.2684469665693252,0.42976962728614837,1.1051661476146935,0.41390077802624936,-0.428311363108039,0.05440974724855161,-0.21658544957323367,0.06357024764367611,0.06576773982097171
-1.1534984692869716,1.4398290164225354,1.3723987254904713,-0.7030746009502787,-0.010684955963028146,1.0612742591351807,-0.6874206446824462,0.6694889415396119,0.0020115794628475024,0.48877963404938995,1.1400436906023599,0.41725621313046035,0.7289484327623809,0.41390077802624936,-0.33989455649913,0.08330579022645353,-0.047052576487150354,-0.31473764226736506,-0.288605435029474
-1.1534984692869716,1.4398290164225354,1.5168617490448273,2.2537300794955066,-0.010684955963028146,-0.6865507261215884,-0.6874206446824462,0.5795521016840115,0.12162033194755961,0.3912020936470803,1.035685719160217,0.572295068824127,0.42060463264599446,0.41390077802624936,-0.2569380322804469,0.05410330922476182,0.11621498451628277,0.8063097041725561,0.7969314573870848
-1.1534984692869716,1.4398290164225354,1.6613247725991833,-0.7030746009502787,-0.010684955963028146,0.8705566508825435,1.3812935843782221,0.5195943037473887,0.18142470818991568,0.41140092241590154,0.9409837197136606,0.6051124237069616,0.09407681763086809,0.41390077802624936,-0.18217349826972634,0.06970237091984463,0.29162210625921203,0.7551985830383072,0.7501961156143282
-0.8257119053599354,-1.5367841448947694,-1.6613247691510074,-0.7030746009502787,-0.010684955963028146,-0.6865507261215884,-0.6874206446824462,0.4896152618284111,0.18142470818991568,0.3856054029564898,0.8668912855129086,0.6617207653097216,0.18860993365998416,0.41390077802624936,-0.12743208851999904,0.058598817926204534,0.26168555688374434,-1.2676136780735823,-1.2761757670616813
-0.8257119053599354,-1.5367841448947694,-1.5168617455966513,-0.672057860892386,-0.010684955963028146,-0.6865507261215884,-0.6874206446824462,0.4596365058107659,0.18142470818991568,0.2832609651205542,0.8090646902884376,0.5758003499041034,0.16737110841801178,0.41390077802624936,-0.07502711564914397,0.11603566999455778,0.2945990793175118,-1.2676136780735823,-1.2761757670616813
-0.8257119053599354,-1.5367841448947694,-1.372398722042295,-0.6870123407167243,-0.010684955963028146,-0.6865507261215884,-0.6874206446824462,0.41466794293229947,0.06181595570520356,0.16262772696622554,0.7360047868876174,0.4030021770149827,0.04098300951831142,0.41390077802624936,-0.009697506134021964,0.20902844138374335,0.3737200971703422,-1.2676136780735823,-1.2761757670616813
-0.8257119053599354,-1.5367841448947694,-1.227935698487939,-0.3857729127926785,-0.010684955963028146,-0.6865507261215884,-0.6874206446824462,0.3696996659551655,0.0020115794628475024,0.042979255277608916,0.6599467869794485,0.19254357585681245,-0.10039839800527174,0.41390077802624936,0.05005372174694511,0.3073124193578003,0.4467773392565567,-1.050903051110748,-1.05991917381222
-0.8257119053599354,-1.5367841448947694,-1.083472674933583,0.136546662952625,-0.010684955963028146,-0.6865507261215884,-0.6874206446824462,0.2947523470590539,-0.057792796779508555,-0.052419505666697744,0.5816859619280295,-0.021447659012130915,-0.2622878849828085,0.41390077802624936,0.10314126004393658,0.3937611232538104,0.5141618690019595,-0.671412228949174,-0.6729093174022347
-0.8257119053599354,-1.5367841448947694,-0.9390096513792268,-0.7030746009502787,-0.010684955963028146,-0.6865507261215884,0.8803138666037725,0.2198050281629423,-0.1175971730218646,-0.09346975080910817,0.5023376398144181,-0.22049855539287955,-0.43124070541246473,0.41390077802624936,0.14763141440176447,0.45877304519686546,0.5690349893120847,-0.3343666336218482,-0.3181439353227794
-0.8257119053599354,-1.5367841448947694,-0.7945466278248707,0.7243081003502039,-0.010684955963028146,-0.6865507261215884,-0.6874206446824462,0.3696996659551655,-0.596032182960713,-0.16760644907141448,0.4455595782257268,-0.3975645675538846,-0.36621897774447393,0.41390077802624936,0.1690266590621202,0.4975913475268059,0.4903690112020661,-0.2347478758255775,-0.25767668419315626
-0.8257119053599354,-1.5367841448947694,-0.6500836042705146,-0.7030746009502787,-0.010684955963028146,0.9945983659152621,0.7363786403258518,0.7444362604357235,-1.0146628166572054,-0.08707988500370445,0.5148080235928373,-0.04312669108751143,-0.20324069581775103,0.41390077802624936,0.10834871364460848,0.304979543333804,0.3835739784339485,0.6455207894961377,0.6663879036013983
-0.8257119053599354,-1.5367841448947694,-0.5056205807161585,0.665589711345526,-0.010684955963028146,-0.6865507261215884,-0.6874206446824462,1.1191728549162814,-1.493097826596054,0.22012932636550783,0.6833394541118611,0.8175520184288925,0.036167248300610556,0.27389230451773905,-0.005371217504379232,-0.059339917059915336,0.2701347977128456,-0.2819159793294461,-0.31395148821232016
-0.8257119053599354,-1.5367841448947694,-0.3611575571618023,-0.7030746009502787,-0.010684955963028146,-0.6865507261215884,-0.6874206446824462,1.7187514060851743,-2.031337212777258,0.44529951361708187,0.9085793686724111,1.6562748540915493,0.23084345971586023,0.1715176876102005,-0.13980455094418176,-0.35190972265629716,0.20293106110902065,-1.2676136780735823,-1.2761757670616813
-0.8257119053599354,-1.5367841448947694,-0.2166945336074462,-0.7030746009502787,-0.010684955963028146,-0.6865507261215884,-0.6874206446824462,1.9735724046924867,-2.4499678464737507,0.7578046237949274,1.0913505399942651,2.137895832821755,0.4039577878959934,-0.10310303156199976,-0.258019483928425,-0.5199941233273218,0.11863669554676556,-1.2676136780735823,-1.2761757670616813
-0.8257119053599354,-1.5367841448947694,-0.07223151005309006,-0.7030746009502787,-0.010684955963028146,-0.6865507261215884,-0.6874206446824462,2.2283931173984666,-2.689185351443175,1.1081519683045704,1.268947229133443,2.188313362320863,0.5537850868826582,-0.34862790504350505,-0.36508608930463904,-0.536440281215556,0.05454399841299009,-1.2676136780735823,-1.2761757670616813
-0.8257119053599354,-1.5367841448947694,0.07223151350126605,-0.7030746009502787,-0.010684955963028146,-0.6865507261215884,-0.6874206446824462,2.1834248404213326,-2.629380975200819,1.4298384237314616,1.4172058497349418,1.9911531129354858,0.6683657009447717,-0.16837829091491366,-0.4512558770336506,-0.4726395810438145,0.006661109545464828,-1.2676136780735823,-1.2761757670616813
-0.8257119053599354,-1.5367841448947694,0.2166945370556222,-0.7030746009502787,-0.010684955963028146,-0.6865507261215884,-0.6874206446824462,2.1234670424847097,-2.509772222716107,1.6831476915401313,1.5391279771834685,1.8040917863872885,0.8741048176919989,-0.24299505647653466,-0.5165201704363139,-0.40405038011816036,-0.0699467089600699,-1.2676136780735823,-1.2761757670616813
-0.8257119053599354,-1.5367841448947694,0.3611575606099783,-0.7030746009502787,-0.010684955963028146,-0.6865507261215884,-0.6874206446824462,2.0784984796062433,-2.4499678464737507,1.7962755183442323,1.6387331063787567,1.6226617863128108,1.3699776797178784,-0.093778992642389,-0.5672732000053545,-0.33437010368105086,-0.2534925789628689,-1.2676136780735823,-1.2761757670616813
-0.8257119053599354,-1.5367841448947694,0.5056205841643344,-0.7030746009502787,-0.010684955963028146,-0.6865507261215884,-0.6874206446824462,2.1684353194618438,-2.509772222716107,1.8159067659097081,1.715559938183101,1.4867465638840336,2.022959258671617,0.41390077802624936,-0.6108691743734345,-0.2857308205249811,-0.48354158920803575,-1.2676136780735823,-1.2761757670616813
-0.8257119053599354,-1.5367841448947694,0.6500836077186906,-0.7030746009502787,-0.010684955963028146,-0.6865507261215884,-0.6874206446824462,2.0185406816696205,-2.031337212777258,1.6603051636870645,1.751210777575079,1.3561899704886087,2.5779794008780623,0.41390077802624936,-0.6191079222412382,-0.21842787856542553,-0.6447761007655375,-1.2676136780735823,-1.2761757670616813
-0.8257119053599354,-1.5367841448947694,0.7945466312730467,-0.7030746009502787,-0.010684955963028146,-0.6865507261215884,-0.6874206446824462,1.9286038418140201,-1.7921197078078341,1.4293153074150144,1.737262566694871,1.1956408029908079,2.878472159387761,0.41390077802624936,-0.6005906838497719,-0.13591255502148578,-0.7175237236793397,-1.2676136780735823,-1.2761757670616813
-0.8257119053599354,-1.5367841448947694,0.9390096548274028,-0.4117066880220951,-0.010684955963028146,-0.6865507261215884,-0.6874206446824462,1.568856768292951,-1.0146628166572054,1.030380265538351,1.6181485890499316,0.92805830458274,2.3531310376497148,0.41390077802624936,-0.4982658836267384,0.03337309137761501,-0.49942955074640466,-1.0699941396920116,-1.0912650637721768
-0.8257119053599354,-1.5367841448947694,1.083472678381759,-0.24929407075041035,-0.010684955963028146,-0.15759480429664788,-0.6874206446824462,1.4939094493968395,-1.0744671928995615,0.7409360842756888,1.4453277027481732,0.5138267483271917,1.7683179502417719,0.41390077802624936,-0.37523201945246304,0.24753423331574956,-0.2618212910309183,-0.6196150745131631,-0.6232621759459792
-0.8257119053599354,-1.5367841448947694,1.227935701936115,0.026751122166965003,-0.010684955963028146,-0.034314676890916426,-0.6874206446824462,1.4189621305007278,-0.9548584404148494,0.5655855333163686,1.2973425219070336,0.3413203368332357,1.2530022050164116,0.41390077802624936,-0.24533875837570118,0.3934410223881956,-0.0028226698159984622,-0.3461276538661775,-0.3457985105335441
-0.8257119053599354,-1.5367841448947694,1.3723987254904713,-0.7030746009502787,-0.010684955963028146,0.44783472417112663,-0.6874206446824462,1.3440148116046162,-0.8352496879301373,0.49655052693021456,1.1669395872345405,0.2870195626285969,0.8554415051661508,0.41390077802624936,-0.1487239360872006,0.4435923267062345,0.18753285683702745,-0.6151519711138307,-0.6044111051766845
-0.8257119053599354,-1.5367841448947694,1.5168617490448273,1.5303243859881692,-0.010684955963028146,-0.6865507261215884,-0.6874206446824462,1.2690674927085046,0.06181595570520356,0.38079665621754805,1.0547931051627246,0.29096580127172006,0.5166439963962941,0.41390077802624936,-0.051184324413076715,0.4880622744006208,0.3846873410292449,0.34206624612833103,0.33154884900492426
-0.8257119053599354,-1.5367841448947694,1.6613247725991833,-0.7030746009502787,-0.010684955963028146,1.5611170530629512,-0.6874206446824462,1.1791306528529042,-0.6558365592030692,0.3743348619186328,0.955055082852351,0.26724775490058594,0.2598755504498774,0.41390077802624936,0.04409959170200394,0.5418973411192919,0.5499145861457952,0.00026097179470167706,0.0275143079124737
-0.8257119053599354,-1.4265392129941283,-1.6613247691510074,1.781948696441803,-0.010684955963028146,-0.6865507261215884,-0.6874206446824462,1.0592150569796586,-0.7156409354454252,0.3273962887392125,0.8672301281676033,0.4261980367981799,0.04189115239072679,0.41390077802624936,0.1248801976060121,0.4867016288512527,0.6804895941107227,0.4967954920545553,0.4669798216668114
-0.8257119053599354,-1.4265392129941283,-1.5168617455966513,-0.7030746009502787,-0.010684955963028146,-0.6865507261215884,-0.6874206446824462,0.9392991752050807,-0.7156409354454252,0.33671037475355664,0.7846561909674132,0.41294775934618094,-0.19581524446399634,0.41390077802624936,0.19071064432293897,0.4937752941180266,0.8056506335425314,-1.2676136780735823,-1.2761757670616813
-0.8257119053599354,-1.4265392129941283,-1.372398722042295,-0.7030746009502787,-0.010684955963028146,-0.6865507261215884,-0.6874206446824462,0.819383579331835,-0.7754453116877812,0.30153734142643157,0.7192943473849509,0.27693224393781574,-0.33641708131394693,0.41390077802624936,0.24213394735599267,0.5386585969952461,0.8593671581148091,-1.2676136780735823,-1.2761757670616813
-0.8257119053599354,-1.4265392129941283,-1.227935698487939,-0.7030746009502787,-0.010684955963028146,-0.6865507261215884,-0.6874206446824462,0.9093204191874354,-0.8352496879301373,0.23662645330006887,0.6699283818957684,0.1254177332789233,-0.44278534961583105,0.41390077802624936,0.27849501742966515,0.5902269331939944,0.8934291973658464,-1.2676136780735823,-1.2761757670616813
-0.8257119053599354,-1.4265392129941283,-1.083472674933583,-0.7030746009502787,-0.010684955963028146,-0.6865507261215884,-0.6874206446824462,0.9992572590430359,-0.8950540641724933,0.15812500327240545,0.6306275043795041,-0.02604124325077587,-0.5261741855036134,0.41390077802624936,0.314271857774187,0.6574949590022194,0.9310900682104655,-1.2676136780735823,-1.2761757670616813
-0.8257119053599354,-1.4265392129941283,-0.9390096513792268,-0.7030746009502787,-0.010684955963028146,-0.6865507261215884,-0.6874206446824462,1.0891938129973038,-0.9548584404148494,0.0889821041459841,0.6043209295718129,-0.1336241133797766,-0.5828167490521946,0.41390077802624936,0.34286488982371544,0.7143349834403748,0.9653861778090527,-1.2676136780735823,-1.2761757670616813
-0.8257119053599354,-1.4265392129941283,-0.7945466278248707,-0.7030746009502787,-0.010684955963028146,-0.6865507261215884,-0.6874206446824462,1.1791306528529042,-1.0146628166572054,0.01855757004426691,0.5811794373846667,-0.24106193167879486,-0.6334449004412579,0.41390077802624936,0.38106396976310686,0.7853884839161517,1.0107076121550205,-1.2676136780735823,-1.2761757670616813
-0.8257119053599354,-1.4265392129941283,-0.6500836042705146,-0.7030746009502787,-0.010684955963028146,-0.6865507261215884,-0.6874206446824462,1.2690674927085046,-1.0744671928995615,0.00852812246718113,0.6379352341582653,0.06744921994472765,-0.6011407286230274,0.41390077802624936,0.362547454428236,0.6508843122639602,1.0162964784011874,-1.2676136780735823,-1.2761757670616813
-0.8257119053599354,-1.4265392129941283,-0.5056205807161585,-0.7030746009502787,-0.010684955963028146,-0.6865507261215884,-0.6874206446824462,1.359004332564105,-1.1342715691419176,0.1256486345565662,0.7811780093846248,0.7691436639919417,-0.47343435781175625,0.41390077802624936,0.28253304749657515,0.34479349815292987,0.9734467570536026,-1.2676136780735823,-1.2761757670616813
-0.8257119053599354,-1.4265392129941283,-0.3611575571618023,-0.7030746009502787,-0.010684955963028146,-0.6865507261215884,-0.6874206446824462,1.8686460438773973,-1.8519240840501903,0.3959271417753905,0.9695620014362956,1.4202390565356695,-0.2827357470778384,0.41390077802624936,0.17146914424166335,0.08426652656430829,0.8903382460226388,-1.2676136780735823,-1.2761757670616813
-0.8257119053599354,-1.4265392129941283,-0.2166945336074462,-0.7030746009502787,-0.010684955963028146,-0.6865507261215884,-0.6874206446824462,2.318329957254067,-1.9715328365349023,0.7854905548429006,1.1851424651239006,1.8540045355180577,-0.044299418183190026,-0.03278787706183028,0.07198908968412698,-0.028686572378709335,0.8378859633461772,-1.2676136780735823,-1.2761757670616813
-0.8257119053599354,-1.4265392129941283,-0.07223151005309006,-0.7030746009502787,-0.010684955963028146,-0.6865507261215884,-0.6874206446824462,2.4982036369652683,-2.031337212777258,1.0729710882326986,1.4269724500305212,1.838153271537573,0.22703593238608288,-0.1767276551029503,-0.05849129334816745,0.014626588041158368,0.7415009472663021,-1.2676136780735823,-1.2761757670616813
-0.8257119053599354,-1.4265392129941283,0.07223151350126605,-0.7030746009502787,-0.010684955963028146,-0.6865507261215884,-0.6874206446824462,2.6181192328385134,-2.1509459652619705,1.3478615196764014,1.6804427585778803,1.783960250120921,0.5288355703340424,-0.2982103217959132,-0.17244959215479955,0.09679882244593645,0.6600309286681887,-1.2676136780735823,-1.2761757670616813
-0.8257119053599354,-1.4265392129941283,0.2166945370556222,-0.7030746009502787,-0.010684955963028146,-0.6865507261215884,-0.6874206446824462,2.0185406816696205,-1.4332934503536978,1.5097634040352572,1.8195303626875339,1.6443051770813957,0.7780955626211611,-0.15354972695808544,-0.2284944319273184,0.19320730429137764,0.5802070447250937,-1.2676136780735823,-1.2761757670616813
-0.8257119053599354,-1.4265392129941283,0.3611575606099783,-0.7030746009502787,-0.010684955963028146,-0.6865507261215884,-0.6874206446824462,1.8986250857963751,-0.9548584404148494,1.573895502745509,1.9091267617231078,1.5371674088535412,1.0964533467769233,0.41390077802624936,-0.18109132356515276,0.38308220270927185,0.5808358904349296,-1.2676136780735823,-1.2761757670616813
-0.8257119053599354,-1.4265392129941283,0.5056205841643344,-0.7030746009502787,-0.010684955963028146,-0.6865507261215884,-0.6874206446824462,1.7187514060851743,-0.17740154926422066,1.4995175170822415,1.9349956937591297,1.417115883419247,1.3159529437862867,0.41390077802624936,-0.12780928304397624,0.5435492437570887,0.5831414396884566,-1.2676136780735823,-1.2761757670616813
-0.8257119053599354,-1.4265392129941283,0.6500836077186906,-0.7030746009502787,-0.010684955963028146,-0.6865507261215884,-0.6874206446824462,1.568856768292951,0.06181595570520356,1.3289305940795695,1.862292723175267,1.2270979861422069,1.4271190708478134,0.41390077802624936,0.0516502307097726,0.8235446805938414,0.7143359043474135,-1.2676136780735823,-1.2761757670616813
-0.8257119053599354,-1.4265392129941283,0.7945466312730467,-0.7030746009502787,-0.010684955963028146,-0.6865507261215884,-0.6874206446824462,1.4489411724197054,-2.4499678464737507,1.0691222599344377,1.7183145132753714,0.9766233149960718,1.3230081397574707,0.41390077802624936,0.04003794178630816,0.6896412402409405,0.5141075000499633,-1.2676136780735823,-1.2761757670616813
-0.8257119053599354,-1.4265392129941283,0.9390096548274028,-0.7030746009502787,-0.010684955963028146,-0.6865507261215884,-0.6874206446824462,1.359004332564105,-1.55290220283841,0.7979354920111817,1.5160296230755648,0.6852755247636755,0.8809752928459442,0.41390077802624936,0.19029705595032242,0.8567163255809548,0.7525205949343577,-1.2676136780735823,-1.2761757670616813
-0.8257119053599354,-1.4265392129941283,1.083472678381759,-0.7030746009502787,-0.010684955963028146,-0.6865507261215884,-0.6874206446824462,1.2690674927085046,0.06181595570520356,0.5583580275092537,1.3240971761184686,0.40097310913042783,0.5075430377178949,0.41390077802624936,0.40640999566118424,1.1284108269622384,1.0705274336999837,-1.2676136780735823,-1.2761757670616813
-0.8257119053599354,-1.4265392129941283,1.227935701936115,0.344721621265194,-0.010684955963028146,-0.6865507261215884,-0.6874206446824462,1.239088450789527,0.18142470818991568,0.3192232501901191,1.1828304032316008,0.17141822733816503,0.22447099839517498,0.41390077802624936,0.6147703225552723,1.3879228445867156,1.3624712379833674,-0.5086375159055933,-0.5534360365179168
-0.8257119053599354,-1.4265392129941283,1.3723987254904713,-0.7030746009502787,-0.010684955963028146,-0.6865507261215884,-0.6874206446824462,1.2240992157313706,0.24122908443227173,0.2563387838945941,1.0501801137856719,-0.02745612024380491,-0.00691664451303798,0.41390077802624936,0.8112006976616135,1.6147164765798616,1.612253557612709,-1.2676136780735823,-1.2761757670616813
-0.8257119053599354,-1.4265392129941283,1.5168617490448273,0.7319376916679584,-0.010684955963028146,-0.6865507261215884,-0.6874206446824462,1.194120173812393,0.24122908443227173,0.18417423414529407,0.9588929803539835,-0.17025425922215057,-0.16344841404256144,0.41390077802624936,0.9439133974230306,1.7638214549918887,1.772894814380758,-0.22803079781326394,-0.22707971048311354
-0.8257119053599354,-1.4265392129941283,1.6613247725991833,-0.7030746009502787,-0.010684955963028146,1.4569999389266235,-0.6874206446824462,1.1791306528529042,0.24122908443227173,0.16143109839235234,0.8712398822107338,-0.2805864831800191,-0.2982824044053435,0.41390077802624936,1.089319596737025,1.897106597534581,1.9254545303805957,0.01640672758100611,0.03515541553445111
-0.8257119053599354,-1.3162942810934875,-1.6613247691510074,1.5869767016949574,-0.010684955963028146,-0.6865507261215884,-0.6874206446824462,1.149151896835259,0.3010334606746278,0.11839758851521111,0.7961691876968392,-0.19195401298752857,-0.4173410742263295,0.41390077802624936,1.2193661458120293,1.8838714243457324,2.0571365688138803,0.38995314105782264,0.37625689131083684
-0.8257119053599354,-1.3162942810934875,-1.5168617455966513,-0.7030746009502787,-0.010684955963028146,-0.6865507261215884,-0.6286915690711155,1.1191728549162814,0.36083783691698385,0.1388141644507535,0.7324291967387977,-0.13667683275020773,-0.5411748178603383,0.41390077802624936,1.3362439061323585,1.8841360063620265,2.186401044851573,-1.2676136780735823,-1.2761757670616813
-0.8257119053599354,-1.3162942810934875,-1.372398722042295,-0.7030746009502787,-0.010684955963028146,-0.6865507261215884,-0.6874206446824462,1.1791306528529042,0.24122908443227173,0.1296746685070237,0.6862095279324257,-0.18432677333325018,-0.5720720192247999,0.41390077802624936,1.436917486110173,1.9506363105819882,2.245763206463267,-1.2676136780735823,-1.2761757670616813
-0.8257119053599354,-1.3162942810934875,-1.227935698487939,-0.7030746009502787,-0.010684955963028146,-0.6865507261215884,-0.6874206446824462,1.1641411318934154,0.24122908443227173,0.09396217147856237,0.6554193759854089,-0.24308685522535017,-0.6038700397288348,0.41390077802624936,1.5009128151877629,2.006637046165178,2.286214580145283,-1.2676136780735823,-1.2761757670616813
-0.8257119053599354,-1.3162942810934875,-1.083472674933583,-0.7030746009502787,-0.010684955963028146,-0.6865507261215884,-0.6874206446824462,1.1641411318934154,0.18142470818991568,0.038531458797015784,0.6227116668385191,-0.3202776370688232,-0.6437550887866905,0.41390077802624936,1.5722201745966118,2.0717780060588025,2.3284590374971508,-1.2676136780735823,-1.2761757670616813
-0.8257119053599354,-1.3162942810934875,-0.9390096513792268,-0.7030746009502787,-0.010684955963028146,-0.6865507261215884,-0.6874206446824462,1.149151896835259,0.18142470818991568,-0.02332639172748139,0.5918936838726362,-0.4022468406257188,-0.6861741494078988,0.41390077802624936,1.6353348207409029,2.132107476924968,2.36342198556721,-1.2676136780735823,-1.2761757670616813
-0.8257119053599354,-1.3162942810934875,-0.7945466278248707,-0.7030746009502787,-0.010684955963028146,-0.6865507261215884,-0.6874206446824462,1.1341623758757702,0.12162033194755961,-0.08646914670425224,0.5616135353463403,-0.483872064128656,-0.7289480041979001,0.41390077802624936,1.690435107580855,2.1804453100788663,2.3858219937896576,-1.2676136780735823,-1.2761757670616813
-0.8257119053599354,-1.3162942810934875,-0.6500836042705146,-0.7030746009502787,-0.010684955963028146,-0.6865507261215884,-0.6874206446824462,1.1191728549162814,0.06181595570520356,-0.10399288940984108,0.5840140266561771,-0.37664229159721263,-0.7171885304978334,0.41390077802624936,1.6918426577533963,2.0843643026962155,2.356065364158949,-1.2676136780735823,-1.2761757670616813
-0.8257119053599354,-1.3162942810934875,-0.5056205807161585,-0.7030746009502787,-0.010684955963028146,-0.6865507261215884,-0.6874206446824462,1.2990465346274822,-0.2970103017489328,0.002390006389067673,0.7158593038814048,0.3288574836011416,-0.5923343467544976,0.41390077802624936,1.5779135222294485,1.5898743939548985,2.2333387000115015,-1.2676136780735823,-1.2761757670616813
-0.8257119053599354,-1.3162942810934875,-0.3611575571618023,-0.7030746009502787,-0.010684955963028146,-0.6865507261215884,-0.6874206446824462,1.4189621305007278,-0.47642343047600094,0.25841424788009876,0.8760372540877744,1.01239226740215,-0.4251530559245262,0.41390077802624936,1.4426021570638639,1.1747126798137035,2.0992587506110576,-1.2676136780735823,-1.2761757670616813
-0.8257119053599354,-1.3162942810934875,-0.2166945336074462,-0.7030746009502787,-0.010684955963028146,-0.6865507261215884,-0.6874206446824462,1.568856768292951,-0.7754453116877812,0.6160374864561281,1.0302099661983155,1.4603148049908272,-0.25319180879297065,-0.07384532232567897,1.3127705968165833,0.9199466563241279,1.96195028986838,-1.2676136780735823,-1.2761757670616813
-0.8257119053599354,-1.3162942810934875,-0.07223151005309006,-0.7030746009502787,-0.010684955963028146,-0.6865507261215884,-0.6874206446824462,1.568856768292951,-0.9548584404148494,0.9910733055205012,1.1482747144320034,1.4927417632341091,-0.11147757829912056,-0.29854685823250215,1.1989128028767235,0.8552776066497294,1.8045196398077712,-1.2676136780735823,-1.2761757670616813
-0.8257119053599354,-1.3162942810934875,0.07223151350126605,-0.7030746009502787,-0.010684955963028146,-0.6865507261215884,-0.6874206446824462,1.568856768292951,-0.47642343047600094,1.3111099828643966,1.245839134168936,1.2737184731661737,0.019398341336575135,-0.3598919775387461,1.1531558533636086,1.0100958216496676,1.7649259418022258,-1.2676136780735823,-1.2761757670616813
-0.8257119053599354,-1.3162942810934875,0.2166945370556222,-0.7030746009502787,-0.010684955963028146,-0.6865507261215884,-0.6874206446824462,1.568856768292951,-0.8950540641724933,1.557487305584744,1.3261406686787107,1.0532189699028167,0.23815986882507761,-0.6087810509002008,1.0624556340261626,1.0715456455454846,1.555554382902807,-1.2676136780735823,-1.2761757670616813
-0.8257119053599354,-1.3162942810934875,0.3611575606099783,-0.7030746009502787,-0.010684955963028146,-0.6865507261215884,-0.6874206446824462,1.568856768292951,-0.8352496879301373,1.6719621569036969,1.3843729010031547,0.9191703573090139,0.7232993934968723,-0.5314987770224828,1.0120581072832349,1.1308848856850933,1.2434779085396614,-1.2676136780735823,-1.2761757670616813
-0.8257119053599354,-1.3162942810934875,0.5056205841643344,-0.7030746009502787,-0.010684955963028146,-0.6865507261215884,-0.6874206446824462,1.523888491315817,-0.7156409354454252,1.6650661760621306,1.425761104934375,0.8202632443481649,1.3435235429442662,-0.16093373230206595,0.9840647301702274,1.185226561903816,0.8959716555065858,-1.2676136780735823,-1.2761757670616813
-0.8257119053599354,-1.3162942810934875,0.6500836077186906,-0.7030746009502787,-0.010684955963028146,-0.6865507261215884,-0.6874206446824462,1.4939094493968395,-0.596032182960713,1.5206651480700188,1.431543694879275,0.7125029965527856,1.8711171194052925,0.41390077802624936,0.9937671856061548,1.2550415149246292,0.6340207346935092,-1.2676136780735823,-1.2761757670616813
-0.8257119053599354,-1.3162942810934875,0.7945466312730467,-0.7030746009502787,-0.010684955963028146,-0.6865507261215884,-0.6874206446824462,1.4489411724197054,-0.536227806718357,1.1258594556163115,1.410385162786337,0.5803873032019492,2.2260683415804516,0.41390077802624936,1.012022436491191,1.3281351162424377,0.46165958435759774,-1.2676136780735823,-1.2761757670616813
-0.8257119053599354,-1.3162942810934875,0.9390096548274028,-0.7030746009502787,-0.010684955963028146,-0.6865507261215884,-0.6874206446824462,1.2690674927085046,-0.23720592550657674,0.7497048215301366,1.2834402322079546,0.2633313554910591,1.6800970781744176,0.41390077802624936,1.1221511865492775,1.5204242171237627,0.7271820431136558,-1.2676136780735823,-1.2761757670616813
-0.8257119053599354,-1.3162942810934875,1.083472678381759,-0.7030746009502787,-0.010684955963028146,-0.6865507261215884,-0.6874206446824462,1.2091096947718818,-0.17740154926422066,0.4484015933736143,1.13924772346279,-0.021776719449291156,1.0280285245816556,0.41390077802624936,1.243839201380493,1.6889273947402497,1.06394289507991,-1.2676136780735823,-1.2761757670616813
-0.8257119053599354,-1.3162942810934875,1.227935701936115,-0.7030746009502787,-0.010684955963028146,-0.6865507261215884,-0.6874206446824462,1.149151896835259,-0.1175971730218646,0.27718954637278775,1.0224061485082665,-0.20319179990697073,0.5664640959284503,0.41390077802624936,1.3390826263262265,1.7853068159379994,1.3111189986007092,-1.2676136780735823,-1.2761757670616813
-0.8257119053599354,-1.3162942810934875,1.3723987254904713,-0.7030746009502787,-0.010684955963028146,-0.6865507261215884,-0.6874206446824462,0.9842677380835471,0.0020115794628475024,0.13773262146649873,0.9075419674441779,-0.36553629462615456,0.21777873407371978,0.41390077802624936,1.4209128693880115,1.8497720073375485,1.4844904507072494,-1.2676136780735823,-1.2761757670616813
-0.8257119053599354,-1.3162942810934875,1.5168617490448273,0.5888773226547396,-0.010684955963028146,0.5992319847776718,-0.6874206446824462,0.8043940583723462,0.06181595570520356,-0.000596333882450827,0.8021904286285158,-0.4920098862244727,-0.04688550962453057,0.41390077802624936,1.4770196510088769,1.8557472234956915,1.5781819109966604,0.5413434848779275,-0.032963790957860443
-0.8257119053599354,-1.3162942810934875,1.6613247725991833,-0.7030746009502787,-0.010684955963028146,1.5076772620139656,-0.6874206446824462,0.6395098996206342,0.12162033194755961,-0.046077374225169845,0.6925800481508716,-0.46166421452453943,-0.28353484770571646,0.41390077802624936,1.5547448607592371,1.7911388975627376,1.6895718844306764,0.007725150722394511,0.03781822886747889
-0.8257119053599354,-1.2060493491928466,-1.6613247691510074,2.2440313690275393,-0.010684955963028146,-0.6865507261215884,-0.6874206446824462,0.5495733456663663,0.24122908443227173,-0.11062208093001943,0.6022767412360993,-0.23558311684345687,-0.4727752218559709,0.41390077802624936,1.6095631555269507,1.5929196895883424,1.7634835269552895,0.8983601220931099,0.8888218502527896
-0.8257119053599354,-1.2060493491928466,-1.5168617455966513,-0.7030746009502787,-0.010684955963028146,-0.6865507261215884,-0.01243803971052758,0.44464698485127707,0.36083783691698385,-0.07891076982698436,0.5202135032321019,-0.18339761275376246,-0.6566472998329957,0.41390077802624936,1.6689882848833548,1.5303833444616783,1.8573736850210725,-0.8571117421189505,-0.9082471888995703
-0.8257119053599354,-1.2060493491928466,-1.372398722042295,-0.7030746009502787,-0.010684955963028146,-0.6865507261215884,-0.6874206446824462,0.35471014499567666,0.48044658940169593,-0.08397453577019419,0.45054272215369856,-0.2555298156350467,-0.6844538859381083,0.41390077802624936,1.7314815843932603,1.5692435027991145,1.8698374943297027,-1.2676136780735823,-1.2761757670616813
-0.8257119053599354,-1.2060493491928466,-1.227935698487939,-0.7030746009502787,-0.010684955963028146,-0.6865507261215884,-0.4925449187061793,0.35471014499567666,0.5402509656440521,-0.12403936055149702,0.40646395447359984,-0.3595137426452823,-0.7078532123684882,0.41390077802624936,1.7672487839831756,1.6243676478004514,1.8746092978514926,-1.1698894317739341,-1.1783717245097154
-0.8257119053599354,-1.2060493491928466,-1.083472674933583,-0.34415823875683776,-0.010684955963028146,-0.6865507261215884,-0.2956287142155327,0.33972062403618786,0.6000553418864081,-0.18721546419344137,0.35736377521458845,-0.4786551714548864,-0.7423561315355238,0.41390077802624936,1.7996272583289252,1.6764560394705712,1.8728301885307483,-0.7525297016686205,-0.7606711727242165
-0.8257119053599354,-1.2060493491928466,-0.9390096513792268,-0.7030746009502787,-0.010684955963028146,-0.6865507261215884,-0.21273780131378006,0.33972062403618786,0.6000553418864081,-0.2504543417933594,0.31201312997230984,-0.603204132486237,-0.7553964447348575,0.41390077802624936,1.817815988007177,1.7163458989665028,1.839218822038427,-0.9811483784797248,-0.9894765296485123
-0.8257119053599354,-1.2060493491928466,-0.7945466278248707,0.030958340064120262,-0.010684955963028146,-0.6865507261215884,-0.15632834329878728,0.5345838247068775,0.48044658940169593,-0.301499378056891,0.2847352526061924,-0.7133606365129268,-0.7264766512377518,0.41390077802624936,1.8174872382750973,1.7494763385576357,1.7794697456358204,-0.38527248848751455,-0.3931140017599876
-0.8257119053599354,-1.2060493491928466,-0.6500836042705146,-0.7030746009502787,-0.010684955963028146,-0.6865507261215884,0.35425944352409844,0.7444362604357235,0.3010334606746278,-0.26867579088600985,0.3502898259943024,-0.46797106809217737,-0.5473462834019136,0.41390077802624936,1.7366808433525167,1.5736342630465654,1.6422329034323184,-0.652079813201662,-0.6411245160843344
-0.8257119053599354,-1.2060493491928466,-0.5056205807161585,-0.4453324273539714,-0.010684955963028146,-0.6865507261215884,-0.6874206446824462,0.9392991752050807,0.18142470818991568,0.01158835291839781,0.5076443193367082,0.39597586637063165,-0.32544775701272904,0.41390077802624936,1.5913734617732385,1.0813030833136021,1.5192433468422868,-1.088376963034915,-1.1274900065441538
-0.8257119053599354,-1.2060493491928466,-0.3611575571618023,-0.7030746009502787,-0.010684955963028146,-0.6865507261215884,-0.6874206446824462,1.2540779717490158,-0.35681467799128885,0.25617465615030877,0.7081041904743715,1.1306418346742617,-0.1495463416121455,0.41390077802624936,1.4140852869757263,0.7216101214064417,1.4386807875393395,-1.2676136780735823,-1.2761757670616813
-0.8257119053599354,-1.2060493491928466,-0.2166945336074462,-0.7030746009502787,-0.010684955963028146,-0.6865507261215884,-0.6874206446824462,1.568856768292951,-0.7754453116877812,0.6100053014320952,0.8856890514305312,1.5248877353610248,0.03412067184530173,0.09226976146617763,1.2664732830077772,0.5592222582944307,1.3601300978094575,-1.2676136780735823,-1.2761757670616813
-0.8257119053599354,-1.2060493491928466,-0.07223151005309006,-0.7030746009502787,-0.010684955963028146,-0.6865507261215884,-0.6874206446824462,1.8386670019584197,-1.1342715691419176,1.000767304759665,1.066943432224184,1.5443014722858792,0.21078131421717877,-0.041139570221746406,1.1323737606962228,0.5932227823522621,1.305593890322345,-1.2676136780735823,-1.2761757670616813
-0.8257119053599354,-1.2060493491928466,0.07223151350126605,-0.7030746009502787,-0.010684955963028146,-0.6865507261215884,-0.6874206446824462,1.8086882459407747,-0.9548584404148494,1.3613925770967064,1.2016483466379013,1.3468403439617385,0.3307383619334574,-0.09163168056948251,1.0467349375271613,0.743388040664012,1.2970075261926268,-1.2676136780735823,-1.2761757670616813
-0.8257119053599354,-1.2060493491928466,0.2166945370556222,-0.7030746009502787,-0.010684955963028146,-0.6865507261215884,-0.6874206446824462,1.778709204021797,-0.7754453116877812,1.611290472626744,1.2949671444468136,1.1650870855232998,0.5232085022670601,0.1604585646403562,1.0120985984525819,0.9078825838631382,1.2630839203374353,-1.2676136780735823,-1.2761757670616813
-0.8257119053599354,-1.2060493491928466,0.3611575606099783,-0.7030746009502787,-0.010684955963028146,-0.6865507261215884,-0.6874206446824462,1.748730448004152,-0.596032182960713,1.7483972974813935,1.371465570228538,1.0155908674701635,1.0081388936788094,0.41390077802624936,0.9971559108503207,1.0693821453860175,1.0700798178301352,-1.2676136780735823,-1.2761757670616813
-0.8257119053599354,-1.2060493491928466,0.5056205841643344,-0.7030746009502787,-0.010684955963028146,-0.6865507261215884,-0.6874206446824462,1.6887723641661967,-0.536227806718357,1.757685881575311,1.4294577600152623,0.9096110272793689,1.6257932266467339,0.41390077802624936,0.9729113411660298,1.1663020078826238,0.7763935868924143,-1.2676136780735823,-1.2761757670616813
-0.8257119053599354,-1.2060493491928466,0.6500836077186906,-0.7030746009502787,-0.010684955963028146,-0.6865507261215884,-0.6874206446824462,1.6288145662295739,-0.536227806718357,1.6232221019095112,1.44944112733658,0.8033593185158074,2.1730811344681515,0.41390077802624936,0.9924685759606665,1.2751523506090419,0.5485835293933091,-1.2676136780735823,-1.2761757670616813
-0.8257119053599354,-1.2060493491928466,0.7945466312730467,-0.7030746009502787,-0.010684955963028146,-0.6865507261215884,-0.6874206446824462,1.568856768292951,-0.47642343047600094,1.2373656218394258,1.4384729228014574,0.6707222674446339,2.5188939655526075,0.41390077802624936,1.0143873135961523,1.3698566640249428,0.40199544579565993,-1.2676136780735823,-1.2761757670616813
-0.8257119053599354,-1.2060493491928466,0.9390096548274028,-0.7030746009502787,-0.010684955963028146,-0.669149426848549,-0.6874206446824462,1.4939094493968395,-0.2970103017489328,0.857160759673158,1.3332772376914455,0.37703789944811994,2.030514909720342,0.41390077802624936,1.1234459398929233,1.5754043601096739,0.6543521025496424,-1.2676136780735823,-1.2761757670616813
-0.8257119053599354,-1.2060493491928466,1.083472678381759,-0.7030746009502787,-0.010684955963028146,-0.524062786859929,-0.6874206446824462,1.4339516514602166,-0.17740154926422066,0.5580552739411098,1.1875999440897755,0.10576362475009811,1.3934071148277203,0.41390077802624936,1.267265753036427,1.7716491790051008,1.0036990393792171,-1.176766458403371,-1.1824239185197554
-0.8257119053599354,-1.2060493491928466,1.227935701936115,-0.4148362564921609,-0.010684955963028146,-0.3296339817656558,-0.6874206446824462,1.359004332564105,0.0020115794628475024,0.3537253868414005,1.0644949983394405,-0.06251970632236817,0.8901519300970446,0.41390077802624936,1.4110643565197964,1.9247666955035814,1.326485105539596,-0.84313134774912,-0.8444679741419645
-0.8257119053599354,-1.2060493491928466,1.3723987254904713,-0.12324778802222618,-0.010684955963028146,-0.135115469682151,-0.6874206446824462,1.2840570136679934,0.06181595570520356,0.249087737853239,0.9550439504448046,-0.13944690826907302,0.49656232094336716,0.41390077802624936,1.523690544058683,1.9862451463060793,1.576939504021325,-0.5052027210198865,-0.5061072926271141
-0.8257119053599354,-1.2060493491928466,1.5168617490448273,-0.7030746009502787,-0.010684955963028146,0.31824924533806326,-0.6874206446824462,1.2240992157313706,0.06181595570520356,0.19355501748998521,0.86461331661872,-0.16013958790057273,0.2132494121849528,0.41390077802624936,1.6233354555199895,2.0018455092241934,1.7623952745185458,-0.6761679536140514,-0.6666749366086893
-0.8257119053599354,-1.2060493491928466,1.6613247725991833,0.7930013869614432,-0.010684955963028146,-0.6865507261215884,-0.6874206446824462,1.149151896835259,0.06181595570520356,0.1079751498053943,0.7867984836446298,-0.140738283989717,-0.018570330960941666,0.41390077802624936,1.6974077833499672,1.9717148224604206,1.902849273905632,-0.17848972996804144,-0.19505963599639578
-0.8257119053599354,-1.0958044172922057,-1.6613247691510074,-0.7030746009502787,-0.010684955963028146,0.6587454397668618,-0.6874206446824462,1.1191728549162814,0.06181595570520356,0.08510385055492296,0.724782624305342,-0.12191304306079165,-0.18864693750780726,0.41390077802624936,1.7504970087790148,1.9174733404150812,1.979344424221488,-0.4803986650665479,-0.4690389763912959
-0.8257119053599354,-1.0958044172922057,-1.5168617455966513,-0.7030746009502787,-0.010684955963028146,-0.6865507261215884,-0.6874206446824462,0.9692782171240583,-1.55290220283841,0.03527244414554913,0.6564122475834563,-0.06661762773627301,-0.3425820368707739,0.41390077802624936,1.6397324509546332,1.54598067119272,1.739194798111286,-1.2676136780735823,-1.2761757670616813
-0.8257119053599354,-1.0958044172922057,-1.372398722042295,-0.7030746009502787,-0.010684955963028146,-0.6865507261215884,-0.6874206446824462,0.9692782171240583,0.24122908443227173,-0.019417405052828973,0.6120516908373385,-0.10061860555176466,-0.4814408253043143,0.41390077802624936,1.613722659101902,1.467216773647022,1.7267475833422208,-1.2676136780735823,-1.2761757670616813
-0.8257119053599354,-1.0958044172922057,-1.227935698487939,-0.7030746009502787,-0.010684955963028146,-0.6865507261215884,-0.6874206446824462,0.9692782171240583,0.36083783691698385,-0.07278442386599097,0.5778063178980978,-0.17948701541743498,-0.5659485648207446,0.41390077802624936,1.6128270329989631,1.478494473656305,1.743755676301235,-1.2676136780735823,-1.2761757670616813
-0.8257119053599354,-1.0958044172922057,-1.083472674933583,-0.7030746009502787,-0.010684955963028146,-0.6865507261215884,-0.6874206446824462,0.8793413772684578,0.36083783691698385,-0.13691456089005608,0.5357814794103158,-0.29447664641914073,-0.6549441250731702,0.41390077802624936,1.6472532036231218,1.5718190569183839,1.8269659380616374,-1.2676136780735823,-1.2761757670616813
-0.8257119053599354,-1.0958044172922057,-0.9390096513792268,-0.7030746009502787,-0.010684955963028146,-0.6865507261215884,-0.23437720212407084,0.7894045374128574,0.5402509656440521,-0.2034582258191299,0.49139100431891697,-0.41356005449675187,-0.7336823906062447,0.41390077802624936,1.686790420301888,1.6740257885897585,1.9089813929733517,-1.0568581544916358,-1.0652481392286597
-0.8257119053599354,-1.0958044172922057,-0.7945466278248707,-0.44316881959382276,-0.010684955963028146,-0.6865507261215884,-0.5198675627235548,0.819383579331835,0.36083783691698385,-0.2702471015215384,0.45032216132918484,-0.5338917371798121,-0.7748547891481158,0.41390077802624936,1.727399688892891,1.7685388222201093,1.954463969032465,-0.9782325235026706,-0.9865583083071869
-0.8257119053599354,-1.0958044172922057,-0.6500836042705146,-0.7030746009502787,-0.010684955963028146,-0.6865507261215884,-0.04660537980423512,0.9692782171240583,0.06181595570520356,-0.2613403923386276,0.49377960151309835,-0.29646758639410015,-0.6832682549657882,0.41390077802624936,1.6775921763318777,1.6143304470806785,1.8899981131076793,-0.8772362843512637,-0.8722172112410094
-0.8257119053599354,-1.0958044172922057,-0.5056205807161585,-0.7030746009502787,-0.010684955963028146,-0.6865507261215884,-0.6874206446824462,1.1791306528529042,-0.17740154926422066,-0.11935681562389816,0.6382949500771093,0.49002249972566797,-0.4954153213150573,0.41390077802624936,1.5510770356692145,1.1673195642928302,1.7884395309691747,-1.2676136780735823,-1.2761757670616813
-0.8257119053599354,-1.0958044172922057,-0.3611575571618023,-0.7030746009502787,-0.010684955963028146,-0.6865507261215884,-0.6874206446824462,1.568856768292951,-1.0146628166572054,0.16480716031962409,0.8194978434858597,1.1429239947695777,-0.2753827193044107,0.26166986009408044,1.3690436814544098,0.8037621868542398,1.6266178783999545,-1.2676136780735823,-1.2761757670616813
-0.8257119053599354,-1.0958044172922057,-0.2166945336074462,-0.7030746009502787,-0.010684955963028146,-0.6865507261215884,-0.6874206446824462,1.8686460438773973,-2.2107503415043266,0.5554848111411669,1.0105216076769783,1.5738613775011074,-0.0573169464359039,-0.5906197281837966,1.0878705913196762,0.4269082618738408,1.281692512967664,-1.2676136780735823,-1.2761757670616813
-0.8257119053599354,-1.0958044172922057,-0.07223151005309006,-0.7030746009502787,-0.010684955963028146,-0.6865507261215884,-0.6874206446824462,2.1684353194618438,-2.569576598958463,0.9664253724802957,1.1859711337106382,1.6152343037501082,0.14064029729258842,-1.2756507074769785,0.8679635326334475,0.31004954200341317,1.0447010897557492,-1.2676136780735823,-1.2761757670616813
-0.8257119053599354,-1.0958044172922057,0.07223151350126605,-0.7030746009502787,-0.010684955963028146,-0.6865507261215884,-0.6874206446824462,1.7187514060851743,-0.47642343047600094,1.2996530816388054,1.258900231322788,1.3673871428956557,0.21066169324742512,-1.2617781864766884,0.8903344216599756,0.5643718484394332,1.1732812593855861,-1.2676136780735823,-1.2761757670616813
-0.8257119053599354,-1.0958044172922057,0.2166945370556222,-0.7030746009502787,-0.010684955963028146,-0.6865507261215884,-0.6874206446824462,2.6181192328385134,-2.868598480170243,1.650776599982977,1.438102074475067,1.2680249816224618,0.5405690040951152,-1.2521269270080067,0.6986347648390174,0.540234378085732,0.9069742719366667,-1.2676136780735823,-1.2761757670616813
-0.8257119053599354,-1.0958044172922057,0.3611575606099783,-0.7030746009502787,-0.010684955963028146,-0.6865507261215884,-0.6874206446824462,2.588140190919536,-2.808794103927887,1.8487898575615853,1.5565849837672177,1.2316923992484519,1.1091543270212416,-1.1680184365514503,0.577821648488337,0.5167427480963945,0.5712104024395485,-1.2676136780735823,-1.2761757670616813
-0.8257119053599354,-1.0958044172922057,0.5056205841643344,-0.7030746009502787,-0.010684955963028146,-0.6865507261215884,-0.6874206446824462,2.37828775519069,-2.390163470231395,1.9104044589989344,1.6391185659900518,1.1557855333172236,1.7985348582000156,-0.7406893602117819,0.5100312363599195,0.5529171820979406,0.2522456657124467,-1.2676136780735823,-1.2761757670616813
-0.8257119053599354,-1.0958044172922057,0.6500836077186906,-0.7030746009502787,-0.010684955963028146,-0.6865507261215884,-0.6874206446824462,2.1684353194618438,-1.9117284602925464,1.7851122161512472,1.6569986040605655,1.052712531799278,2.3738344166461234,0.15460120036339328,0.5034196068508188,0.6207041790250113,0.026478483373489146,-1.2676136780735823,-1.2761757670616813
-0.8257119053599354,-1.0958044172922057,0.7945466312730467,-0.7030746009502787,-0.010684955963028146,-0.6865507261215884,-0.6874206446824462,1.9585828837329977,-1.3734890741113417,1.495862241821066,1.6387449345617748,0.9221799755642502,2.7426966624807276,0.41390077802624936,0.5222735485969152,0.7043589402030569,-0.10244449450789021,-1.2676136780735823,-1.2761757670616813
-0.8257119053599354,-1.0958044172922057,0.9390096548274028,-0.6882304590859933,-0.010684955963028146,-0.6865507261215884,-0.6874206446824462,1.7187514060851743,-0.7156409354454252,1.0365229588842333,1.5235843531467623,0.6992112757207917,2.1491186943570266,0.41390077802624936,0.6264317793272296,0.8590446473243427,0.17032300921277424,-1.2676136780735823,-1.2761757670616813
-0.8257119053599354,-1.0958044172922057,1.083472678381759,-0.6883125417266552,-0.010684955963028146,-0.6865507261215884,-0.6874206446824462,1.7187514060851743,-1.3136846978689858,0.7217115596462508,1.3771263994658989,0.4514271088039315,1.5761545929394423,0.41390077802624936,0.7290441150564003,0.9780618793326188,0.4137153393635225,-1.2676136780735823,-1.2761757670616813
-0.8257119053599354,-1.0958044172922057,1.227935701936115,-0.6882878627641971,-0.010684955963028146,-0.6865507261215884,-0.6874206446824462,1.7187514060851743,-1.493097826596054,0.528044744761924,1.2544924937098723,0.2484183696336611,1.095231097140393,0.41390077802624936,0.8152430660680965,1.0764282680986361,0.6330702606049967,-1.2676136780735823,-1.2761757670616813
-0.8257119053599354,-1.0958044172922057,1.3723987254904713,-0.19820258554673123,-0.010684955963028146,-0.6865507261215884,-0.6874206446824462,1.6288145662295739,-1.1940759453842735,0.391392377207188,1.146513706713252,0.07838861452820584,0.7124936325624605,0.41390077802624936,0.9029146423459272,1.1846748433386913,0.8407354204688713,-0.9076411706422535,-0.9108809384744667
-0.8257119053599354,-1.0958044172922057,1.5168617490448273,-0.7030746009502787,-0.010684955963028146,-0.6865507261215884,-0.6874206446824462,1.5388777263739735,-0.8352496879301373,0.3202707906138048,1.0534272979118717,-0.0569248500230442,0.43044366084525454,0.41390077802624936,0.990291693570531,1.3079592194064775,1.0358090367393051,-1.2676136780735823,-1.2761757670616813
-0.8257119053599354,-1.0958044172922057,1.6613247725991833,0.7985688466725497,-0.010684955963028146,-0.6865507261215884,-0.6874206446824462,1.4489411724197054,-0.536227806718357,0.240443894619343,0.982911845410883,-0.16370371858014207,0.1679814194881834,0.41390077802624936,1.0751573282201556,1.4325782165630128,1.2444657203421954,-0.17339006747047356,-0.166484435545665
-0.8257119053599354,-0.9855594853915648,-1.6613247691510074,-0.7030746009502787,-0.010684955963028146,1.1336934916522567,-0.6874206446824462,1.2690674927085046,-0.23720592550657674,0.20705730351288548,0.89287362895081,-0.2810489913007632,-0.044162708503471586,0.41390077802624936,1.1896629808695687,1.5842058326910504,1.4495117814944443,-0.16474264174236167,-0.1574161336599518
-0.8257119053599354,-0.9855594853915648,-1.5168617455966513,-0.6793854733091816,-0.010684955963028146,-0.6865507261215884,-0.6874206446824462,1.1191728549162814,0.06181595570520356,0.10909984988575598,0.8030928494152484,-0.2354314340726752,-0.23336483649332862,0.41390077802624936,1.2939147269195657,1.6029174198761764,1.6169065791670854,-1.2676136780735823,-1.2761757670616813
-0.8257119053599354,-0.9855594853915648,-1.372398722042295,-0.7030746009502787,-0.010684955963028146,-0.6865507261215884,-0.6874206446824462,1.1191728549162814,0.06181595570520356,0.059832101307354106,0.7326581068689711,-0.2245658087055881,-0.3681028045810703,0.41390077802624936,1.377529955696734,1.629890905825843,1.7400310755656858,-1.2676136780735823,-1.2761757670616813
-0.8257119053599354,-0.9855594853915648,-1.227935698487939,-0.7030746009502787,-0.010684955963028146,-0.6865507261215884,-0.6874206446824462,1.0442255360201698,0.18142470818991568,-0.0014862855158067892,0.6787250711838649,-0.29240447741939113,-0.46878297370895494,0.41390077802624936,1.449532895550438,1.7035444667879722,1.8389437020403738,-1.2676136780735823,-1.2761757670616813
-0.8257119053599354,-0.9855594853915648,-1.083472674933583,-0.7030746009502787,-0.010684955963028146,-0.6865507261215884,-0.6874206446824462,0.9542886961645695,0.24122908443227173,-0.0709907887959723,0.6250292949345919,-0.3702774172975817,-0.5644244146415027,0.41390077802624936,1.5080590245397911,1.762059165266966,1.9127684415814747,-1.2676136780735823,-1.2761757670616813
-0.8257119053599354,-0.9855594853915648,-0.9390096513792268,-0.4982329920657765,-0.010684955963028146,-0.6865507261215884,-0.40415123780341927,0.8793413772684578,0.36083783691698385,-0.13435782989341993,0.5806673466375308,-0.4545268356218018,-0.6391435783404738,0.41390077802624936,1.5530239860619863,1.817652618041467,1.9648451636256734,-0.9515653436377804,-0.9598693355254685
-0.8257119053599354,-0.9855594853915648,-0.7945466278248707,-0.7030746009502787,-0.010684955963028146,-0.6865507261215884,-0.3925194512674212,0.819383579331835,0.36083783691698385,-0.2004019187402866,0.5283679917598635,-0.5603384156898166,-0.7005766769158555,0.41390077802624936,1.6000679763150618,1.8755826336385522,1.9947236321126631,-1.089826790863873,-1.0982436916819578
-0.8257119053599354,-0.9855594853915648,-0.6500836042705146,-0.16240024879038714,-0.010684955963028146,-0.6865507261215884,-0.2600521404567522,1.2690674927085046,-0.536227806718357,-0.17544927044575057,0.5851571857561013,-0.24702646292767416,-0.5891477092201082,0.41390077802624936,1.5419795375848417,1.6509997795749976,1.8972809324847166,-0.5966063345030549,-0.6000245756109568
-0.8257119053599354,-0.9855594853915648,-0.5056205807161585,-0.7030746009502787,-0.010684955963028146,-0.6865507261215884,-0.6874206446824462,1.5388777263739735,-0.7754453116877812,-0.012291906927421244,0.7416203907193208,0.5670922668995556,-0.3972349863305956,0.41390077802624936,1.4129187556683465,1.1796954965402386,1.78688401123415,-1.2676136780735823,-1.2761757670616813
-0.8257119053599354,-0.9855594853915648,-0.3611575571618023,-0.7030746009502787,-0.010684955963028146,-0.6865507261215884,-0.6874206446824462,1.8536565229179085,-1.2538803216266297,0.28933042218213395,0.9233903411374677,1.2492784831155268,-0.1859322738676839,0.40116246633127967,1.2649389569121612,0.8267127249332055,1.662828037127855,-1.2676136780735823,-1.2761757670616813
-0.8257119053599354,-0.9855594853915648,-0.2166945336074462,-0.7030746009502787,-0.010684955963028146,-0.6865507261215884,-0.6874206446824462,2.1834248404213326,-1.7323153315654782,0.6889187055589608,1.1132083264362131,1.6868932232318496,0.028297490487770912,-0.17725400274771913,1.105355063873927,0.6105570249591228,1.524940077595627,-1.2676136780735823,-1.2761757670616813
-0.8257119053599354,-0.9855594853915648,-0.07223151005309006,-0.7030746009502787,-0.010684955963028146,-0.6865507261215884,-0.6874206446824462,2.4982036369652683,-2.0911415890196143,1.0933870102728456,1.3545443107579611,1.7609028112269072,0.29930408682724474,-0.37523990222470466,0.9136125056949702,0.5790448730774868,1.3613131138010863,-1.2676136780735823,-1.2761757670616813
-0.8257119053599354,-0.9855594853915648,0.07223151350126605,-0.7030746009502787,-0.010684955963028146,-0.6865507261215884,-0.6874206446824462,2.543171913942402,-2.2107503415043266,1.4411141959324831,1.5487192420601916,1.6535926385382735,0.527221094116415,-0.4782456705115899,0.7576072607666489,0.6185114013473477,1.2117120295263446,-1.2676136780735823,-1.2761757670616813
-0.8257119053599354,-0.9855594853915648,0.2166945370556222,-0.7030746009502787,-0.010684955963028146,-0.6865507261215884,-0.6874206446824462,2.6031297118790246,-2.330359093989039,1.6468100705135154,1.737977823879729,1.5776899169450447,0.8391486408368491,-0.31210263905717917,0.597307541698886,0.6255223910381307,1.0012915210470466,-1.2676136780735823,-1.2761757670616813
-0.8257119053599354,-0.9855594853915648,0.3611575606099783,-0.7030746009502787,-0.010684955963028146,-0.6865507261215884,-0.6874206446824462,2.648098274757491,-2.4499678464737507,1.7094035533580165,1.8712807507180678,1.514865897210636,1.194585670623865,0.006664906577037319,0.48520532917285997,0.629118971495689,0.7827938387836334,-1.2676136780735823,-1.2761757670616813
-0.8257119053599354,-0.9855594853915648,0.5056205841643344,-0.7030746009502787,-0.010684955963028146,-0.6865507261215884,-0.6874206446824462,2.5581614349018906,-2.1509459652619705,1.6998115618005598,1.9231890797806668,1.434207133329182,1.597946766885037,0.41390077802624936,0.4590234498504037,0.688962869300803,0.6009438870545483,-1.2676136780735823,-1.2761757670616813
-0.8257119053599354,-0.9855594853915648,0.6500836077186906,-0.7030746009502787,-0.010684955963028146,-0.6865507261215884,-0.6874206446824462,2.4682245950462907,-2.1509459652619705,1.5741884478827195,1.9133118511850946,1.3128294197350479,1.9517310742940277,0.41390077802624936,0.4612432335985379,0.7392831157423607,0.42382927453005054,-1.2676136780735823,-1.2761757670616813
-0.8257119053599354,-0.9855594853915648,0.7945466312730467,-0.7030746009502787,-0.010684955963028146,-0.6865507261215884,-0.6874206446824462,1.8386670019584197,-0.6558365592030692,1.30029586081264,1.7972676349210843,1.0861424198384386,2.021323625003557,0.41390077802624936,0.6009218606008426,0.9572639978878623,0.48322724541133205,-1.2676136780735823,-1.2761757670616813
-0.8257119053599354,-0.9855594853915648,0.9390096548274028,-0.7030746009502787,-0.010684955963028146,-0.6865507261215884,-0.6874206446824462,1.568856768292951,0.06181595570520356,0.9964319782871082,1.6044007615055593,0.7971743084853548,1.4267488154652426,0.41390077802624936,0.791023080308052,1.193089852679874,0.8479632158462982,-1.2676136780735823,-1.2761757670616813
-0.8257119053599354,-0.9855594853915648,1.083472678381759,-0.6882794726728253,-0.010684955963028146,-0.6865507261215884,-0.6874206446824462,1.568856768292951,0.06181595570520356,0.6160623344811593,1.4305376035472663,0.5212119586422993,0.947666017853831,0.41390077802624936,1.0178869075182924,1.4984326804186108,1.2469797930863105,-1.2676136780735823,-1.2761757670616813
-0.8257119053599354,-0.9855594853915648,1.227935701936115,-0.6881981249000263,-0.010684955963028146,-0.6865507261215884,-0.6874206446824462,1.5388777263739735,0.0020115794628475024,0.4277404605601328,1.264128288216781,0.26209800050240817,0.6286409602613477,0.41390077802624936,1.1810735505529555,1.6969346875317335,1.473517093070612,-1.2676136780735823,-1.2761757670616813
-0.8257119053599354,-0.9855594853915648,1.3723987254904713,-0.5980922571002518,-0.010684955963028146,-0.6865507261215884,-0.6874206446824462,1.4789199284373507,0.0020115794628475024,0.26244616688911626,1.1288980633219663,0.051256462513084224,0.3523498838022812,0.41390077802624936,1.3326647759847154,1.8804821720911062,1.6929222346291912,-1.201915446391719,-1.211243250701146
-0.8257119053599354,-0.9855594853915648,1.5168617490448273,-0.08396104100017213,-0.010684955963028146,-0.6865507261215884,-0.6874206446824462,1.4189621305007278,-0.23720592550657674,0.15301873412848427,1.0130723205560546,-0.12567610196433696,0.12596923291375625,0.41390077802624936,1.439727766077952,2.006105713427538,1.8490021765088815,-0.8237407402726644,-0.825061621852877
-0.8257119053599354,-0.9855594853915648,1.6613247725991833,-0.7030746009502787,-0.010684955963028146,-0.6865507261215884,-0.6874206446824462,1.3290252906451274,0.0020115794628475024,0.11896320803236975,0.9225888077941244,-0.25298850757375374,-0.10473242035158381,0.41390077802624936,1.545943333841282,2.1136105915399495,2.0269908409002104,-1.2676136780735823,-1.2761757670616813
-0.8257119053599354,-0.8753145534909239,-1.6613247691510074,0.8814164777810299,-0.010684955963028146,-0.6865507261215884,-0.6874206446824462,1.1191728549162814,0.36083783691698385,0.04460353144017777,0.847729629023612,-0.3643916284706929,-0.25306242284609426,0.41390077802624936,1.6415323798396566,2.1990007505002778,2.138847208235688,-0.10506839424949763,-0.09735004426228366
-0.8257119053599354,-0.8753145534909239,-1.5168617455966513,-0.7030746009502787,-0.010684955963028146,-0.6865507261215884,-0.6448107479250155,1.1191728549162814,0.7196640943711202,0.037066733110963354,0.7706349236626817,-0.46670787386992996,-0.4323099704074054,0.41390077802624936,1.7694941157310171,2.331560678073718,2.328932855271576,-1.2676136780735823,-1.2761757670616813
-0.8257119053599354,-0.8753145534909239,-1.372398722042295,-0.7030746009502787,-0.010684955963028146,-0.6865507261215884,-0.6874206446824462,1.0891938129973038,0.18142470818991568,-0.01976527740326642,0.7038571769954075,-0.5625241395507524,-0.5028350764321571,0.41390077802624936,1.8468867194474547,2.373638760966705,2.3529447173238878,-1.2676136780735823,-1.2761757670616813
-0.8257119053599354,-0.8753145534909239,-1.227935698487939,-0.7030746009502787,-0.010684955963028146,-0.6865507261215884,-0.6874206446824462,0.9692782171240583,0.7196640943711202,-0.06696410095011925,0.6417759147617844,-0.6471639545145255,-0.5851033811951043,0.41390077802624936,1.9187180538691642,2.418672355104,2.3970835723766366,-1.2676136780735823,-1.2761757670616813
-0.8257119053599354,-0.8753145534909239,-1.083472674933583,-0.5534429623217269,-0.010684955963028146,-0.6865507261215884,-0.4104556587844208,0.9692782171240583,0.7196640943711202,-0.11732908600226932,0.5962617622836676,-0.7096116683585798,-0.6460205634791676,0.41390077802624936,1.9718848873727937,2.45579277824905,2.4337422203712045,-0.9807834332082072,-0.9891112882655155
-0.8257119053599354,-0.8753145534909239,-0.9390096513792268,-0.7030746009502787,-0.010684955963028146,-0.6865507261215884,-0.39124964005943375,0.9392991752050807,0.7794684706134762,-0.17629083381983515,0.5464491089416845,-0.7791627775337759,-0.6942855904045263,0.41390077802624936,2.0338763856054336,2.5071923891947843,2.469342748119292,-1.0896494970673116,-1.0980662518100206
-0.8257119053599354,-0.8753145534909239,-0.7945466278248707,-0.1918902357748368,-0.010684955963028146,-0.6865507261215884,-0.2634738478628479,0.819383579331835,0.7196640943711202,-0.2400829069243962,0.49220019119244823,-0.8560178679992896,-0.7290171727858529,0.41390077802624936,2.091710790451774,2.5394410333119404,2.46945628970579,-0.61092738639962,-0.618953217960053
-0.8257119053599354,-0.8753145534909239,-0.6500836042705146,-0.7030746009502787,-0.010684955963028146,-0.6865507261215884,-0.18615209336317917,0.819383579331835,0.5402509656440521,-0.2770757311373623,0.4582352157682833,-0.9087396494261192,-0.7220295179064347,0.41390077802624936,2.104782207584924,2.5077124446661556,2.392487758313919,-0.9621552047844597,-0.9704678596273781
-0.8257119053599354,-0.8753145534909239,-0.5056205807161585,0.10701811010273105,-0.010684955963028146,-0.6865507261215884,-0.1520595372580809,0.8493626212508127,0.24122908443227173,-0.268926232822509,0.4697022913165802,-0.904049087678286,-0.6287821238651468,0.41390077802624936,2.049028277582655,2.4047739919103743,2.224984659435695,-0.32083487726110876,-0.3286238762213975
-0.8257119053599354,-0.8753145534909239,-0.3611575571618023,-0.7030746009502787,-0.010684955963028146,0.23258010354021175,-0.21863794423607946,0.9692782171240583,0.06181595570520356,-0.19872598484146856,0.5425228479551523,-0.7738273567932207,-0.43833170629976537,0.41390077802624936,1.940777546521904,2.2315812064903278,2.012768883794497,-0.39534437584304877,-0.4016648868812201
-0.8257119053599354,-0.8753145534909239,-0.2166945336074462,0.5470059011848377,-0.010684955963028146,-0.6865507261215884,-0.6874206446824462,0.6694889415396119,1.0784903518252564,-0.08021005997796034,0.6148633195182843,-0.6314055237052295,-0.34496550503681744,0.41390077802624936,1.8594201824735652,2.1142373472998592,1.9328456509632161,-0.34529481563896475,-0.3539171234211598
-0.8257119053599354,-0.8753145534909239,-0.07223151005309006,-0.7030746009502787,-0.010684955963028146,0.2930968751779472,0.13481006496628903,0.7894045374128574,0.3010334606746278,0.0024645504641614127,0.6922579041074967,-0.42456078528262264,-0.2384532033223728,0.41390077802624936,1.7466517938042339,1.9089915349583093,1.7997526399684871,-0.1394144558072485,-0.13653934965004913
-0.8257119053599354,-0.8753145534909239,0.07223151350126605,-0.06623946592919967,-0.010684955963028146,-0.6865507261215884,-0.6874206446824462,0.6694889415396119,0.7196640943711202,0.07417464291354785,0.7391343849591082,-0.3299712436496519,-0.1681998891608709,0.41390077802624936,1.6859458901983633,1.8208939646115747,1.7285673056150586,-0.83739755268101,-0.8456083172999171
-0.8257119053599354,-0.8753145534909239,0.2166945370556222,-0.7030746009502787,-0.010684955963028146,-0.1224974448752979,-0.20010338636546227,0.8043940583723462,0.18142470818991568,0.1575992713743759,0.8077260182809792,-0.209355259379826,-0.09152122005260215,0.41390077802624936,1.5834304440529874,1.6855056119098495,1.6225557097937784,-0.6085677679605799,-0.6165916852746975
-0.8257119053599354,-0.8753145534909239,0.3611575606099783,-0.0726365620627905,-0.010684955963028146,-0.6865507261215884,-0.6874206446824462,0.9392991752050807,-0.17740154926422066,0.19979317956361922,0.8683051012713056,-0.09628362800428847,0.019624563306585418,0.41390077802624936,1.491565621559083,1.5606320087802577,1.4989945149855695,-0.8308770683475599,-0.8390825313962335
-0.8257119053599354,-0.8753145534909239,0.5056205841643344,-0.7030746009502787,-0.010684955963028146,-0.6865507261215884,-0.6874206446824462,0.9692782171240583,-0.23720592550657674,0.20781778385792074,0.8919886025508686,-0.058585900693243494,0.05553201168310927,0.41390077802624936,1.419524118686953,1.4694023945980155,1.409404962857609,-1.2676136780735823,-1.2761757670616813
-0.8257119053599354,-0.8753145534909239,0.6500836077186906,-0.09014398684027966,-0.010684955963028146,-0.6865507261215884,-0.6874206446824462,0.9692782171240583,-0.23720592550657674,0.17152789719518072,0.8661461099827693,-0.10662540904823886,-0.002125295738143984,0.41390077802624936,1.3937890883405055,1.4375818528580433,1.3842782097655673,-0.8284369251376573,-0.8366404081843692
-0.8257119053599354,-0.8753145534909239,0.7945466312730467,-0.7030746009502787,-0.010684955963028146,-0.6865507261215884,-0.6874206446824462,0.8793413772684578,-0.17740154926422066,0.08893633146829497,0.7749654301982438,-0.24769287247799363,-0.16534444710056126,0.41390077802624936,1.4209008184447536,1.4585532307069269,1.4202350834158948,-1.2676136780735823,-1.2761757670616813
-0.8257119053599354,-0.8753145534909239,0.9390096548274028,0.8694468156544968,-0.010684955963028146,-0.6865507261215884,-0.6874206446824462,0.819383579331835,0.06181595570520356,-0.05447862226731341,0.6643879218150034,-0.416513309755195,-0.3494028733910119,0.41390077802624936,1.4774009428535617,1.5226297901612307,1.4954563844709232,-0.11498839894570413,-0.10725669229804159
-0.8257119053599354,-0.8753145534909239,1.083472678381759,-0.7030746009502787,-0.010684955963028146,0.8363242232133644,0.8091462852534449,0.819383579331835,-0.23720592550657674,-0.0871302349491625,0.5791108969074453,-0.5037657153938523,-0.44716005936682124,0.41390077802624936,1.511086221486215,1.5237093715359127,1.5041711379330662,0.6752551003654864,0.668279503972178
-0.8257119053599354,-0.8753145534909239,1.227935701936115,1.2060484350777188,-0.010684955963028146,-0.6865507261215884,-0.6874206446824462,0.7894045374128574,-0.1175971730218646,-0.11015585351298579,0.5078607055083919,-0.5157536274912038,-0.4700263807959179,0.41390077802624936,1.5130032855397069,1.465219396294507,1.4527123441384635,0.10972963459825846,0.10229228746935552
-0.8257119053599354,-0.8753145534909239,1.3723987254904713,-0.7030746009502787,-0.010684955963028146,1.043092701257072,1.0288795291889963,0.819383579331835,-0.23720592550657674,-0.10349135164144724,0.4613926448586401,-0.43763617167104274,-0.4029759791306767,0.41390077802624936,1.498626510232844,1.362581526058876,1.3559587546008791,0.8408911389165669,0.8340507887053978
-0.8257119053599354,-0.8753145534909239,1.5168617490448273,1.5304723785775163,-0.010684955963028146,-0.6865507261215884,-0.6874206446824462,0.819383579331835,-0.23720592550657674,-0.09010480510356093,0.42194217561597064,-0.2692019866953947,-0.24659800799083645,0.41390077802624936,1.4978359683551155,1.22968675042547,1.228166825600385,0.34173246376339433,0.3192898786296976
-0.8257119053599354,-0.8753145534909239,1.6613247725991833,-0.7030746009502787,-0.010684955963028146,0.9104368140731534,0.9023844520197162,0.819383579331835,-0.2970103017489328,-0.0611313540217319,0.40242915251348976,-0.2064069773269822,-0.18990499206045436,0.41390077802624936,1.4906179353812692,1.171741553893024,1.1729401979276821,0.676045968650743,0.6690711843697299
-0.8257119053599354,-0.7650696215902829,-1.6613247691510074,1.394903462520809,-0.010684955963028146,-0.6865507261215884,-0.6874206446824462,0.819383579331835,-0.23720592550657674,-0.03394434516057038,0.3864325786447382,-0.11161104766163644,-0.10094116798367771,0.41390077802624936,1.4690318037797059,1.091389296767541,1.094624888640579,0.1962610500872663,0.1888943044012577
-0.8257119053599354,-0.7650696215902829,-1.5168617455966513,-0.7030746009502787,-0.010684955963028146,-0.6865507261215884,-0.4726034282162924,0.819383579331835,-0.23720592550657674,0.00696792805337707,0.3747115450492883,-0.09734623626736007,-0.08563700758805418,0.41390077802624936,1.4432182012832158,1.06057937158161,1.0629406722298589,-1.2676136780735823,-1.2761757670616813
-0.8257119053599354,-0.7650696215902829,-1.372398722042295,-0.6585643739658747,-0.010684955963028146,-0.6865507261215884,-0.6874206446824462,0.7294467394762346,-0.1175971730218646,-0.005715680934283176,0.3569386564014091,-0.17405213056489166,-0.14324142138322588,0.41390077802624936,1.4177555222544005,1.0771565192549604,1.069482414405791,-1.2676136780735823,-1.2761757670616813
-0.8257119053599354,-0.7650696215902829,-1.227935698487939,-0.6728379490241837,-0.010684955963028146,-0.6865507261215884,-0.6874206446824462,0.6694889415396119,0.06181595570520356,-0.0545492429700338,0.33368514436332697,-0.2899526870588874,-0.24431056209983323,0.41390077802624936,1.4057190401282524,1.1243891803145682,1.10943988218654,-1.2676136780735823,-1.2761757670616813
-0.8257119053599354,-0.7650696215902829,-1.083472674933583,-0.4021763280828994,-0.010684955963028146,-0.6865507261215884,-0.4262186069848877,0.819383579331835,-0.536227806718357,-0.11254126391598546,0.3225708269791576,-0.4101625262047624,-0.3554189130467169,0.41390077802624936,1.3670239433643594,1.1495995090572915,1.1305804521956777,-0.8896806417554735,-0.8979340831829726
-0.8257119053599354,-0.7650696215902829,-0.9390096513792268,-0.7030746009502787,-0.010684955963028146,-0.6865507261215884,-0.330027884673929,0.7594257813952123,-1.0146628166572054,-0.1709105825051747,0.30666679124813573,-0.5301004967778702,-0.44335334578513746,0.41390077802624936,1.2983075367559929,1.1140756865712227,1.0777897282517697,-1.0563773200549091,-1.0647669242403726
-0.8257119053599354,-0.7650696215902829,-0.7945466278248707,0.42298282586228986,-0.010684955963028146,-0.6865507261215884,-0.6874206446824462,0.819383579331835,-1.3136846978689858,-0.22163455612948676,0.29435921893008316,-0.6342187003392896,-0.5014150860088911,0.41390077802624936,1.2015895583932032,1.0288637951661348,0.9680159756317138,-0.43668360034178455,-0.4445671385388644
-0.8257119053599354,-0.7650696215902829,-0.6500836042705146,-0.7030746009502787,-0.010684955963028146,-0.6865507261215884,0.91543608840938,0.9392991752050807,-1.3734890741113417,-0.18668188555066514,0.35886595445788516,-0.4197309737780062,-0.46099784569784574,0.41390077802624936,1.0589396508211917,0.8040801190148031,0.8367391933225458,-0.31100546293212256,-0.2909971571819026
-0.8257119053599354,-0.7650696215902829,-0.5056205807161585,-0.7030746009502787,-0.010684955963028146,-0.6865507261215884,-0.6874206446824462,1.0592150569796586,-1.55290220283841,-0.029894770975872748,0.5182862051756257,0.34600012330227026,-0.23377333803629682,0.41390077802624936,0.8777845693510342,0.37786147903857714,0.6631424048366478,-1.2676136780735823,-1.2761757670616813
-0.8257119053599354,-0.7650696215902829,-0.3611575571618023,-0.7030746009502787,-0.010684955963028146,-0.6865507261215884,-0.6874206446824462,1.1191728549162814,-1.493097826596054,0.2339023250821696,0.6856563864324623,0.955799674283788,-0.08418772223341997,0.15210687148044008,0.7150867125749178,0.09329853249266878,0.5656835473675459,-1.2676136780735823,-1.2761757670616813
-0.8257119053599354,-0.7650696215902829,-0.2166945336074462,-0.7030746009502787,-0.010684955963028146,-0.6865507261215884,-0.6874206446824462,1.0142464941011922,-0.9548584404148494,0.5703282366203589,0.8313893420718644,1.3168916998421571,0.042966927370415964,-0.3482145125348924,0.5968679232888321,-0.031068678007376747,0.5275545358278266,-1.2676136780735823,-1.2761757670616813
-0.8257119053599354,-0.7650696215902829,-0.07223151005309006,-0.7030746009502787,-0.010684955963028146,-0.6865507261215884,-0.6874206446824462,0.9093204191874354,-0.47642343047600094,0.8143293034732445,0.9328313185123138,1.1695074364335656,0.10882030559002728,-0.5671204019195596,0.5262580724757595,0.06684575262588914,0.5407364956710577,-1.2676136780735823,-1.2761757670616813
-0.8257119053599354,-0.7650696215902829,0.07223151350126605,-0.7030746009502787,-0.010684955963028146,-0.6865507261215884,-0.6874206446824462,1.1191728549162814,-1.3136846978689858,1.1046817454403381,1.1080185371931608,0.9682442924286843,0.24695892696076524,-0.7890586126913464,0.3533607793637534,0.1283747342560892,0.4493066964450079,-1.2676136780735823,-1.2761757670616813
-0.8257119053599354,-0.7650696215902829,0.2166945370556222,-0.7030746009502787,-0.010684955963028146,-0.6865507261215884,-0.6874206446824462,1.149151896835259,-1.3136846978689858,1.3184819995539303,1.2298369940964113,0.8217071317071905,0.4584203203019216,-0.7990568889700748,0.2248774786481843,0.16551098894801577,0.3237017530798324,-1.2676136780735823,-1.2761757670616813
-0.8257119053599354,-0.7650696215902829,0.3611575606099783,-0.7030746009502787,-0.010684955963028146,-0.6865507261215884,-0.6874206446824462,1.1791306528529042,-1.55290220283841,1.4300064748481203,1.322348692358207,0.7447550637324886,0.86315583709312,-0.5417718719829931,0.1100387379271185,0.1536345094739887,0.09956716774519545,-1.2676136780735823,-1.2761757670616813
-0.8257119053599354,-0.7650696215902829,0.5056205841643344,-0.7030746009502787,-0.010684955963028146,-0.6865507261215884,-0.6874206446824462,1.1191728549162814,-1.493097826596054,1.3966068058337515,1.3375743470043682,0.6443120591090251,1.2869184118079888,-0.10054931389611911,0.06756326026317269,0.16724682047130912,-0.10133484384907554,-1.2676136780735823,-1.2761757670616813
-0.8257119053599354,-0.7650696215902829,0.6500836077186906,-0.7030746009502787,-0.010684955963028146,-0.6865507261215884,-0.6874206446824462,1.1191728549162814,-1.7323153315654782,1.245016851862863,1.3254351523504555,0.525932359623729,1.614050841656632,0.41390077802624936,0.028527603842806882,0.15893113782148907,-0.27816189047084616,-1.2676136780735823,-1.2761757670616813
-0.8257119053599354,-0.7650696215902829,0.7945466312730467,0.6281494675024211,-0.010684955963028146,-0.6865507261215884,-0.6874206446824462,0.9692782171240583,-1.493097826596054,0.859274149591605,1.245359744868968,0.3424459390338997,1.6672715944717844,0.41390077802624936,0.012623250968552591,0.16775516493540202,-0.35670624807378887,-0.3120029455569024,-0.3336250940378874
-0.8257119053599354,-0.7650696215902829,0.9390096548274028,-0.7030746009502787,-0.010684955963028146,1.3661807451575685,-0.6874206446824462,0.819383579331835,-0.8352496879301373,0.6743217986438946,1.077430160132923,0.043885342947174874,1.0504822757273162,0.41390077802624936,0.12118706553514771,0.32293468619693516,-0.1050670868067928,-0.04632970798953365,-0.027673470617703984
-0.8257119053599354,-0.7650696215902829,1.083472678381759,2.2408987994970966,-0.010684955963028146,-0.6865507261215884,-0.6874206446824462,0.819383579331835,-0.8352496879301373,0.36639134065338064,0.9144837193248501,0.017771869212330177,0.579251333470686,0.41390077802624936,0.21431892420320442,0.3491708124290609,0.10145872690641376,0.8398252641593915,0.8344492896707634
-0.8257119053599354,-0.7650696215902829,1.227935701936115,-0.7030746009502787,-0.010684955963028146,0.9950208425565751,1.2884309064498631,0.7894045374128574,-0.7754453116877812,0.3520259127083423,0.7818626524487303,0.05676428771441871,0.08169482663922627,0.41390077802624936,0.30029903008533415,0.33760727709397836,0.328684481933463,0.8244809814830778,0.8183412134122992
-0.8257119053599354,-0.7650696215902829,1.3723987254904713,1.110358325984346,-0.010684955963028146,-0.6865507261215884,-0.6874206446824462,0.819383579331835,-0.8352496879301373,0.3080318304951248,0.6955774488827484,0.15469002143698632,0.010664383048372477,0.41390077802624936,0.35402406328067687,0.29809910968712683,0.36650562109440843,-0.0028480392803170566,-0.024002636095962766
-0.8257119053599354,-0.7650696215902829,1.5168617490448273,-0.7030746009502787,-0.010684955963028146,1.0131300177073284,1.1008619945326876,0.7744153023547011,-0.536227806718357,0.29137776866562953,0.6286313245513345,0.18989700161033224,0.06480304371306296,0.41390077802624936,0.40025678403362,0.30855226803579483,0.3680574288929515,0.7765060125854554,0.7730754334943573
-0.8257119053599354,-0.7650696215902829,1.6613247725991833,1.6490375552886984,-0.010684955963028146,-0.6865507261215884,-0.6874206446824462,0.7294467394762346,-0.2970103017489328,0.2656345608378626,0.5856435328107861,0.24522888710924648,0.14802343374547788,0.41390077802624936,0.43660917742814664,0.31356761533810384,0.35965076615878705,0.3564215839624899,0.34918574034340777
-0.8257119053599354,-0.654824689689642,-1.6613247691510074,-0.7030746009502787,-0.010684955963028146,1.0857070905937387,1.125039501160583,0.6694889415396119,-0.23720592550657674,0.26105402359197094,0.5448084703795291,0.2694102704687246,0.18466976539095617,0.41390077802624936,0.47022118632579096,0.33331887972496255,0.3737497926621956,0.7552909708334485,0.7483808587772319
-0.8257119053599354,-0.654824689689642,-1.5168617455966513,-0.7030746009502787,-0.010684955963028146,-0.6865507261215884,-0.6874206446824462,0.6844784624991007,-0.23720592550657674,0.23289336448682185,0.5137226138570602,0.3315256084052192,0.25900972247832726,0.41390077802624936,0.5013709464969489,0.332847836987757,0.36701786832887895,-1.2676136780735823,-1.2761757670616813
-0.8257119053599354,-0.654824689689642,-1.372398722042295,-0.4833802291516481,-0.010684955963028146,-0.6865507261215884,-0.6874206446824462,0.6994679834585895,-0.2970103017489328,0.17599334885145393,0.4915746890434331,0.3038464037741637,0.24314407589814585,0.41390077802624936,0.5201318549610933,0.36310517612654253,0.3924621011647061,-1.2676136780735823,-1.2761757670616813
-0.8257119053599354,-0.654824689689642,-1.227935698487939,-0.7030746009502787,-0.010684955963028146,-0.6865507261215884,-0.6874206446824462,0.819383579331835,-0.8352496879301373,0.10904753825411126,0.4756887434746742,0.193457816819502,0.14447467830945332,0.41390077802624936,0.5268500148085953,0.4145546672884637,0.44007096178020216,-1.2676136780735823,-1.2761757670616813
-0.8257119053599354,-0.654824689689642,-1.083472674933583,-0.7030746009502787,-0.010684955963028146,-0.6865507261215884,-0.6874206446824462,0.6694889415396119,0.06181595570520356,0.0047839174322096105,0.4247865057440841,0.012151318017409308,-0.026083667108801088,0.41390077802624936,0.5843204811685423,0.5436609320672456,0.5671982358012723,-1.2676136780735823,-1.2761757670616813
-0.8257119053599354,-0.654824689689642,-0.9390096513792268,-0.05934508961191263,-0.010684955963028146,-0.6865507261215884,-0.23138992170635087,0.5795521016840115,0.48044658940169593,-0.13570420051287616,0.3853464731334894,-0.18523935656073992,-0.25661036453402525,0.41390077802624936,0.6436617359598703,0.7033079857350559,0.74802522150585,-0.5190945471289078,-0.5258547858941282
-0.8257119053599354,-0.654824689689642,-0.7945466278248707,-0.7030746009502787,-0.010684955963028146,-0.6865507261215884,0.23471216497208955,0.5195943037473887,1.0784903518252564,-0.18028024962814135,0.3495516082188796,-0.3442940757759213,-0.33236298831182026,0.41390077802624936,0.7228629452404773,0.8790574575404233,0.8827169853781549,-0.7283767190439797,-0.7188527741030862
-0.8257119053599354,-0.654824689689642,-0.6500836042705146,0.005200418014418244,-0.010684955963028146,-0.015018090293719477,-0.3273263261595425,0.5195943037473887,1.0784903518252564,-0.21106041368790024,0.33933484119314133,-0.44779643071061503,-0.3042813553510837,0.41390077802624936,0.7705986596365654,1.0036174659195554,0.9355085827188822,-0.11069560184189003,-0.11831289383763892
-0.8257119053599354,-0.654824689689642,-0.5056205807161585,-0.7030746009502787,-0.010684955963028146,0.5302204934087361,0.379305385756781,0.5195943037473887,0.7794684706134762,-0.207407754008307,0.36334466116890923,-0.4323430231780823,-0.24543027947657475,0.41390077802624936,0.8036886216722707,1.0772419662339932,0.9837694340599235,0.14866812449426042,0.14126259129937005
-0.8257119053599354,-0.654824689689642,-0.3611575571618023,1.3863120089561898,-0.010684955963028146,-0.6865507261215884,-0.6874206446824462,0.5195943037473887,1.0784903518252564,-0.13153627126158232,0.443127842952303,-0.26901300488261753,-0.1111130191532047,0.41390077802624936,0.8096167216797745,1.0895385238765134,1.0108517226301912,0.27331660531935603,0.24976384297177753
-0.8257119053599354,-0.654824689689642,-0.2166945336074462,-0.7030746009502787,-0.010684955963028146,0.7491358809355845,0.6763582661839322,0.5195943037473887,0.7196640943711202,-0.021256812800536776,0.5340677844236369,-0.08094543306814178,0.016605557879469806,0.41390077802624936,0.7776306260465072,1.0334362928969092,0.9875285339698316,0.42445153463188146,0.4424010926335057
-0.8257119053599354,-0.654824689689642,-0.07223151005309006,0.6357271897467905,-0.010684955963028146,-0.6865507261215884,-0.6874206446824462,0.6095311436029891,0.7196640943711202,0.15719581791531592,0.6224556214649511,0.07942635676328044,0.14626736535957074,0.41390077802624936,0.7547801094783085,0.9959302739936863,0.9657944908220365,-0.3066926245069889,-0.3417532242829194
-0.8257119053599354,-0.654824689689642,0.07223151350126605,-0.7030746009502787,-0.010684955963028146,0.09689209135545541,0.06295190839247494,0.6245206645624779,0.7196640943711202,0.24094543238773686,0.7305102479879814,0.2173847378258109,0.25965746596080275,0.41390077802624936,0.718550635705014,0.9734247541913071,0.9555788049260697,-0.35735007483396786,-0.3511754081250357
-0.8257119053599354,-0.654824689689642,0.2166945370556222,0.12658188832584344,-0.010684955963028146,-0.6865507261215884,-0.6874206446824462,0.6544994205801231,0.7196640943711202,0.2992611315544903,0.7975746541495763,0.26937794463232856,0.30789482545098046,0.41390077802624936,0.7039661021363822,0.9851669908226408,0.968887625657292,-0.7119907819517267,-0.720099189744501
-0.8257119053599354,-0.654824689689642,0.3611575606099783,-0.7030746009502787,-0.010684955963028146,-0.6865507261215884,0.08248799644900573,0.6694889415396119,0.7794684706134762,0.31611790095660885,0.8231110055101487,0.2351564880352635,0.29885652537578555,0.41390077802624936,0.7389311909430413,1.060573732948476,1.030486993221409,-0.8039847606355599,-0.8121682121518199
-0.8257119053599354,-0.654824689689642,0.5056205841643344,0.16666172154250436,-0.010684955963028146,-0.6865507261215884,-0.6874206446824462,0.6844784624991007,0.7794684706134762,0.2957778307823469,0.8207968562914341,0.157944984501793,0.28948865732269796,0.41390077802624936,0.7963197108888336,1.1587006966767979,1.0902225319733176,-0.6705419592855056,-0.6786165082309419
-0.8257119053599354,-0.654824689689642,0.6500836077186906,-0.7030746009502787,-0.010684955963028146,0.06324447846755415,-0.12045817701409588,0.6844784624991007,0.7794684706134762,0.24765505304156898,0.7851641070617191,0.041452616541468826,0.2166638991855396,0.41390077802624936,0.8846733705550703,1.278954524305491,1.184483446988858,-0.45630063880059285,-0.46420027001111835
-0.8257119053599354,-0.654824689689642,0.7945466312730467,0.6607185872258212,-0.010684955963028146,-0.6865507261215884,-0.6874206446824462,0.6994679834585895,0.7794684706134762,0.15606000161322972,0.7018554309634646,-0.06427524789895604,0.0984010750000574,0.41390077802624936,1.0095168043689757,1.387235365085361,1.2992412385577732,-0.2888589940314341,-0.2966218130777471
-0.8257119053599354,-0.654824689689642,0.9390096548274028,-0.7030746009502787,-0.010684955963028146,0.559834024438375,0.4840842385638354,0.6694889415396119,0.7196640943711202,0.046154571318444,0.5651710353328971,-0.25411659637721745,-0.08698213318671243,0.41390077802624936,1.1766378393585295,1.528167361639963,1.436838356949202,0.20714798113359498,0.21882168596533577
-0.8257119053599354,-0.654824689689642,1.083472678381759,1.0962936549628535,-0.010684955963028146,-0.6865507261215884,-0.6874206446824462,0.819383579331835,0.36083783691698385,-0.019556030876687506,0.4917618526453075,-0.24003910906051845,-0.11417189823690486,0.41390077802624936,1.2637791741330058,1.52208327648823,1.4564290843026397,0.012798660643711287,0.005282170336751671
-0.8257119053599354,-0.654824689689642,1.227935701936115,-0.7030746009502787,-0.010684955963028146,0.7171964794934084,0.6783383160977258,0.7594257813952123,0.7794684706134762,-0.047353124141905685,0.43736612627155264,-0.2380746928487558,-0.1446540880736498,0.41390077802624936,1.3670123744588316,1.5599037576239334,1.5143191355755439,0.43650490652756746,0.42933427258683704
-0.8257119053599354,-0.654824689689642,1.3723987254904713,1.481119537546991,-0.010684955963028146,-0.6865507261215884,-0.6874206446824462,0.7444362604357235,0.7794684706134762,-0.05869232419629638,0.403162499860611,-0.19003186902336083,-0.12084056386364676,0.41390077802624936,1.455597412235623,1.5752794426987022,1.5445124636158611,0.2825846829086022,0.27528847452764954
-0.8257119053599354,-0.654824689689642,1.5168617490448273,-0.7030746009502787,-0.010684955963028146,0.8971762356620453,0.875489933263005,0.7444362604357235,0.7794684706134762,-0.0436468450398766,0.37879435551694235,-0.15853738682996632,-0.10722818575453895,0.41390077802624936,1.527462489298455,1.5916245389315324,1.5719144154219622,0.6468401015901794,0.6398412306636297
-0.8257119053599354,-0.654824689689642,1.6613247725991833,1.3673861576269886,-0.010684955963028146,-0.6865507261215884,-0.6874206446824462,0.7294467394762346,0.7794684706134762,-0.02579942411348598,0.3584401398692342,-0.08883376601638864,-0.05198282768260394,0.41390077802624936,1.5832357008099371,1.5688457622926528,1.5576007516502313,0.1735407523227866,0.16615549546458946
-0.8257119053599354,-0.5445797577890011,-1.6613247691510074,-0.7030746009502787,-0.010684955963028146,0.8074148547856863,0.7949746671154899,0.7744153023547011,0.7794684706134762,0.009087856925779736,0.34555576968518203,-0.050227599815853424,-0.02397768704266222,0.41390077802624936,1.6241790215480536,1.5614018990735723,1.5564697027693457,0.5262037494990278,0.5191062858985959
-0.8257119053599354,-0.5445797577890011,-1.5168617455966513,-0.7030746009502787,-0.010684955963028146,-0.6865507261215884,-0.6874206446824462,0.819383579331835,1.0784903518252564,0.0020185938043900927,0.34459838263618886,0.015237192091836441,0.032796703697076095,0.41390077802624936,1.6737725093568037,1.5725837423195748,1.5724934775131028,-1.2676136780735823,-1.2761757670616813
-0.8257119053599354,-0.5445797577890011,-1.372398722042295,-0.4258136874324899,-0.010684955963028146,-0.6865507261215884,-0.6874206446824462,0.8793413772684578,0.7794684706134762,-0.049403086206983526,0.34503254653049975,-0.004280153283005272,0.007559934071432839,0.41390077802624936,1.7392795087566844,1.6502459376990646,1.6543879669653556,-1.2676136780735823,-1.2761757670616813
-0.8257119053599354,-0.5445797577890011,-1.227935698487939,-0.7030746009502787,-0.010684955963028146,-0.6865507261215884,-0.6874206446824462,0.819383579331835,1.0784903518252564,-0.09424330906205461,0.3376823744479678,-0.09675193819823187,-0.08973422923913965,0.41390077802624936,1.8151561038112585,1.7774313804136523,1.786494912951189,-1.2676136780735823,-1.2761757670616813
-0.8257119053599354,-0.5445797577890011,-1.083472674933583,-0.6604141721523462,-0.010684955963028146,-0.6865507261215884,-0.6874206446824462,0.819383579331835,1.0784903518252564,-0.14730430483009493,0.3332899438954286,-0.21672637894573532,-0.21269156617638196,0.41390077802624936,1.8944787865999069,1.9252633289603958,1.9387013399376536,-1.2676136780735823,-1.2761757670616813
-0.8257119053599354,-0.5445797577890011,-0.9390096513792268,-0.5824767993268289,-0.010684955963028146,-0.6865507261215884,-0.6858732127272777,0.9093204191874354,0.8392728468558323,-0.20224328817418105,0.32784480505427993,-0.3419889949805998,-0.33798436014214767,0.41390077802624936,1.951040129800466,2.0530182736215314,2.0688872496196202,-1.1881403295243955,-1.1966375225704238
-0.8257119053599354,-0.5445797577890011,-0.7945466278248707,-0.5454135021046838,-0.010684955963028146,-0.6865507261215884,-0.6086974617696626,0.819383579331835,1.0784903518252564,-0.25771911963802124,0.3162872786946682,-0.47000179371193196,-0.4628808587863486,0.41390077802624936,2.014645008316495,2.1815079755541458,2.1976272508673738,-1.1141759290443214,-1.1226127190484285
-0.8257119053599354,-0.5445797577890011,-0.6500836042705146,-0.23274918009897488,-0.010684955963028146,-0.6865507261215884,-0.3133307903220402,0.6694889415396119,1.0784903518252564,-0.2817268890859743,0.32521199066954865,-0.5515747985560755,-0.5436746520037612,0.41390077802624936,2.0329359299935748,2.2393842072659513,2.2563928824515425,-0.6769822333979794,-0.6850620106196462
-0.8257119053599354,-0.5445797577890011,-0.5056205807161585,-0.7030746009502787,-0.010684955963028146,-0.6865507261215884,0.12241825346073942,0.8793413772684578,0.8392728468558323,-0.1794269161369367,0.4539930727176209,-0.28139297135472163,-0.44318327243358296,0.41390077802624936,1.9246278364429157,2.050546383603728,2.185670011713889,-0.7825831009296514,-0.7743700271730672
-0.8257119053599354,-0.5445797577890011,-0.3611575571618023,-0.7030746009502787,-0.010684955963028146,-0.6865507261215884,-0.6874206446824462,0.9692782171240583,0.7196640943711202,0.0011253726940563353,0.6248964018195065,0.05878009371737514,-0.2700306980930524,0.41390077802624936,1.7900978544381836,1.841595989293051,2.0834384773261783,-1.2676136780735823,-1.2761757670616813
-0.8257119053599354,-0.5445797577890011,-0.2166945336074462,-0.7030746009502787,-0.010684955963028146,-0.6865507261215884,-0.6874206446824462,1.1191728549162814,0.36083783691698385,0.2483861080938041,0.8374050167997678,0.3203657350401677,-0.04724274503760436,0.41390077802624936,1.622105295232207,1.690082447050727,1.9461998883290377,-1.2676136780735823,-1.2761757670616813
-0.8257119053599354,-0.5445797577890011,-0.07223151005309006,-0.7030746009502787,-0.010684955963028146,-0.6865507261215884,-0.6874206446824462,1.149151896835259,0.24122908443227173,0.5284730462460152,1.0252755265533593,0.5025334272785563,0.13402533904002162,0.41390077802624936,1.467920706811313,1.5772351809142269,1.8242610281125238,-1.2676136780735823,-1.2761757670616813
-0.8257119053599354,-0.5445797577890011,0.07223151350126605,-0.7030746009502787,-0.010684955963028146,-0.6865507261215884,-0.6874206446824462,1.1191728549162814,0.06181595570520356,0.8860138940022041,1.1248403007712917,0.4871720240496124,0.2167737551781705,0.07325719952781307,1.3723764903218583,1.555935027379522,1.7366086701295858,-1.2676136780735823,-1.2761757670616813
-0.8257119053599354,-0.5445797577890011,0.2166945370556222,-0.7030746009502787,-0.010684955963028146,-0.6865507261215884,-0.6874206446824462,1.1641411318934154,0.12162033194755961,1.189966706301532,1.1883959112293454,0.43031502216688244,0.3901818464200796,0.06411016247104492,1.3196155325871601,1.5762193594680618,1.608215407419061,-1.2676136780735823,-1.2761757670616813
-0.8257119053599354,-0.5445797577890011,0.3611575606099783,-0.7030746009502787,-0.010684955963028146,-0.6865507261215884,-0.6874206446824462,1.2091096947718818,0.0020115794628475024,1.3278954776683993,1.2065500848356898,0.36426339199846347,0.787252669918016,0.1649884149459995,1.306971682920806,1.6062962623465549,1.350715753495122,-1.2676136780735823,-1.2761757670616813
-0.8257119053599354,-0.5445797577890011,0.5056205841643344,-0.7030746009502787,-0.010684955963028146,-0.6865507261215884,-0.6874206446824462,1.2690674927085046,0.06181595570520356,1.3564098941825458,1.2601039228887458,0.35043705156453414,1.3208159023934143,0.41390077802624936,1.2849367741923126,1.6433108526850873,1.0683369544773884,-1.2676136780735823,-1.2761757670616813
-0.8257119053599354,-0.5445797577890011,0.6500836077186906,-0.6875468430074869,-0.010684955963028146,-0.6865507261215884,-0.6874206446824462,1.149151896835259,-0.057792796779508555,1.1405171748031646,1.274215641004792,0.29865520599599094,1.5759666171298292,0.41390077802624936,1.2575965582038917,1.6298271458973261,0.8899674890728814,-1.2676136780735823,-1.2761757670616813
-0.8257119053599354,-0.5445797577890011,0.7945466312730467,-0.7030746009502787,-0.010684955963028146,-0.4102637899693352,-0.6874206446824462,1.029236015060681,0.06181595570520356,0.7556389222448356,1.200547629841748,0.11000576912638553,1.316079074740789,0.41390077802624936,1.2995319125910114,1.6911715707276358,0.9791771135844826,-1.104261428971123,-1.1171419398896278
-0.8257119053599354,-0.5445797577890011,0.9390096548274028,-0.40523505809047955,-0.010684955963028146,-0.3111588136047628,-0.6874206446824462,0.9692782171240583,0.06181595570520356,0.4325701319517325,1.0499852966536092,-0.10757777792052378,0.7612778307715119,0.41390077802624936,1.409771531327072,1.7827178158474104,1.2489610937707032,-0.8235742535114783,-0.8243514530164224
-0.8257119053599354,-0.5445797577890011,1.083472678381759,-0.12465725618475264,-0.010684955963028146,-0.12037078386196369,-0.6874206446824462,0.9392991752050807,0.12162033194755961,0.1971337869898803,0.8976661303995491,-0.26060745855203316,0.3921739017531197,0.41390077802624936,1.5160907372024213,1.8215892514511147,1.4140937936815734,-0.49626258415483365,-0.4969301039855845
-0.8257119053599354,-0.5445797577890011,1.227935701936115,0.41688377533690607,-0.010684955963028146,0.2974765531795367,-0.6874206446824462,0.9243099401469242,0.12162033194755961,0.11199856817426956,0.7803486450224155,-0.2879617470839279,0.08421663198117539,0.41390077802624936,1.6077651547928486,1.8044681925508255,1.5741638489298546,0.16602714412726524,0.17414741492767447
-0.8257119053599354,-0.5445797577890011,1.3723987254904713,-0.7030746009502787,-0.010684955963028146,0.7766101467341922,-0.6874206446824462,0.9692782171240583,0.06181595570520356,0.08056777819592935,0.6977260035392099,-0.21382285574328616,-0.1433529048720439,0.41390077802624936,1.672657074048838,1.7354894921979056,1.7025435739896813,-0.4325203079196812,-0.41688876993455903
-0.8257119053599354,-0.5445797577890011,1.5168617490448273,1.6188411545250132,-0.010684955963028146,-0.6865507261215884,-0.6874206446824462,0.819383579331835,0.36083783691698385,0.016741048635403676,0.6230108502913294,-0.05597662548875877,-0.33320603133675064,0.41390077802624936,1.719357853437924,1.5989712441643016,1.7937056770906412,0.4170285168035804,0.39455395977504526
-0.8257119053599354,-0.5445797577890011,1.6613247725991833,-0.7030746009502787,-0.010684955963028146,0.33602140148948234,0.8347944739286621,0.8793413772684578,0.12162033194755961,0.03656323365638283,0.5673119364591703,-0.004056359031032313,-0.49826099839824417,0.41390077802624936,1.7432380025980911,1.5254877096782171,1.8630118981875252,0.29689095096051676,0.2915817810756134
-0.8257119053599354,-0.4343348258883602,-1.6613247691510074,-0.7030746009502787,-0.010684955963028146,-0.6865507261215884,-0.6874206446824462,0.819383579331835,0.06181595570520356,0.02565952793543451,0.526823370212796,0.009687094642907061,-0.4933679311116549,0.41390077802624936,1.7539691265505264,1.4773797592597873,1.8170633649253598,-1.2676136780735823,-1.2761757670616813
-0.8257119053599354,-0.4343348258883602,-1.5168617455966513,-0.7030746009502787,-0.010684955963028146,-0.6865507261215884,-0.6874206446824462,0.819383579331835,0.06181595570520356,-0.013290405196440019,0.4942068076526927,-0.037167133044231526,-0.456012824876684,0.41390077802624936,1.7514239673344245,1.4601151320850827,1.74262419072194,-1.2676136780735823,-1.2761757670616813
-0.8257119053599354,-0.4343348258883602,-1.372398722042295,-0.7030746009502787,-0.010684955963028146,-0.6865507261215884,-0.3844749166941222,0.7894045374128574,0.12162033194755961,-0.06956137346128007,0.4656960161508079,-0.13351553172418973,-0.48639085495745293,0.41390077802624936,1.7458188326062367,1.479672514240329,1.72101810020816,-1.2676136780735823,-1.2761757670616813
-0.8257119053599354,-0.4343348258883602,-1.227935698487939,-0.7030746009502787,-0.010684955963028146,-0.6865507261215884,-0.6874206446824462,0.6694889415396119,0.36083783691698385,-0.1401964618803673,0.42844419739855877,-0.26206792326305667,-0.53694902401047,0.41390077802624936,1.7696864487854156,1.5420375316679176,1.736596005875707,-1.2676136780735823,-1.2761757670616813
-0.8257119053599354,-0.4343348258883602,-1.083472674933583,-0.7030746009502787,-0.010684955963028146,-0.6865507261215884,-0.5167032978908341,0.5195943037473887,0.7196640943711202,-0.22056282157616536,0.38270878832045657,-0.4225458081472661,-0.6283321211694068,0.41390077802624936,1.8089966256932,1.6373794443689862,1.791791627961328,-1.1716765806540481,-1.1862063069599758
-0.8257119053599354,-0.4343348258883602,-0.9390096513792268,-0.18638172226457198,-0.010684955963028146,-0.6865507261215884,-0.2999991323470558,0.3097418680185427,0.8392728468558323,-0.3507913207649285,0.3271330267467799,-0.5660227896899297,-0.7128675281210183,0.41390077802624936,1.8637238153298827,1.7308575719487178,1.8501537502150187,-0.6433454818335679,-0.6475967796446985
-0.8257119053599354,-0.4343348258883602,-0.7945466278248707,-0.7030746009502787,-0.010684955963028146,-0.6865507261215884,0.1493769923139627,0.2198050281629423,1.0784903518252564,-0.39164474339327565,0.27373434662390234,-0.700721234482054,-0.7200415313138623,0.41390077802624936,1.9166713216662157,1.820353089571708,1.8553412906227555,-0.7651508810445623,-0.7566586855386661
-0.8257119053599354,-0.4343348258883602,-0.6500836042705146,0.10226165336460273,-0.010684955963028146,0.09854983363073404,-0.17394101854618457,0.5195943037473887,0.7196640943711202,-0.35133013057086926,0.3189472283227939,-0.39566811848531375,-0.5515769597403433,0.41390077802624936,1.8777279754712066,1.6254138311173387,1.7453168731155846,0.17701967406395488,0.16603176981817785
-0.8257119053599354,-0.4343348258883602,-0.5056205807161585,-0.7030746009502787,-0.010684955963028146,-0.6865507261215884,-0.13651738486174575,0.9992572590430359,-0.17740154926422066,-0.17799946248843113,0.4837096431118787,0.4016370320779476,-0.2891936519483477,0.41390077802624936,1.7056173679350866,1.136349588674092,1.5610362580386197,-0.9472376539644493,-0.9521379409295071
-0.8257119053599354,-0.4343348258883602,-0.3611575571618023,-0.7030746009502787,-0.010684955963028146,-0.6865507261215884,-0.6874206446824462,1.1191728549162814,-0.536227806718357,0.20948456322120093,0.6663966256016628,1.158240639148127,-0.14844615418964946,0.11806661848954934,1.5038667423991778,0.7058139244221692,1.4362959775244686,-1.2676136780735823,-1.2761757670616813
-0.8257119053599354,-0.4343348258883602,-0.2166945336074462,-0.7030746009502787,-0.010684955963028146,-0.6865507261215884,-0.6874206446824462,1.2690674927085046,-0.536227806718357,0.5369671474343282,0.8169158207105591,1.5568637896299613,-0.0027697842282452144,-0.18155095586541162,1.3709944881490241,0.5265372707208944,1.3617231736077084,-1.2676136780735823,-1.2761757670616813
-0.8257119053599354,-0.4343348258883602,-0.07223151005309006,-0.7030746009502787,-0.010684955963028146,-0.6865507261215884,-0.6874206446824462,1.3290252906451274,-0.6558365592030692,0.8995868007278247,0.9510216724431843,1.5284576681137936,0.11658427615070385,-0.2538026504833921,1.2437842490792363,0.5420049088898508,1.2920793846401972,-1.2676136780735823,-1.2761757670616813
-0.8257119053599354,-0.4343348258883602,0.07223151350126605,-0.7030746009502787,-0.010684955963028146,-0.6865507261215884,-0.6874206446824462,1.4189621305007278,-0.7754453116877812,1.2411523300751088,1.0639035891885362,1.2962288594442537,0.20656040285587185,-0.2544617495252929,1.1406797528274064,0.6579187239693003,1.244052603646706,-1.2676136780735823,-1.2761757670616813
-0.8257119053599354,-0.4343348258883602,0.2166945370556222,-0.7030746009502787,-0.010684955963028146,-0.6865507261215884,-0.6874206446824462,1.4189621305007278,-0.7754453116877812,1.5089368802552705,1.1609726167896528,1.0992584207392537,0.39848289072250714,-0.36505181473779635,1.0554487335781977,0.7581799103388926,1.1351727726711185,-1.2676136780735823,-1.2761757670616813
-0.8257119053599354,-0.4343348258883602,0.3611575606099783,-0.7030746009502787,-0.010684955963028146,-0.6865507261215884,-0.6874206446824462,1.5388777263739735,-1.1940759453842735,1.6591458071507381,1.2426997952408423,0.9502860470092542,0.8957651644464364,-0.11932432070277384,0.9705700839098543,0.8131240528209474,0.8394183380654927,-1.2676136780735823,-1.2761757670616813
-0.8257119053599354,-0.4343348258883602,0.5056205841643344,-0.7030746009502787,-0.010684955963028146,-0.6865507261215884,-0.6874206446824462,1.5538672473334623,-1.3734890741113417,1.7042541271179885,1.3296884278086643,0.8639569998768853,1.553807442794038,0.3284275100483013,0.8834591175123885,0.8334296382189926,0.487257535033607,-1.2676136780735823,-1.2761757670616813
-0.8257119053599354,-0.4343348258883602,0.6500836077186906,-0.7030746009502787,-0.010684955963028146,-0.6865507261215884,-0.6874206446824462,1.5538672473334623,-1.55290220283841,1.592874162706217,1.3797508645449703,0.7825903830651169,2.10793815833422,0.41390077802624936,0.8226683752659814,0.8430743033244276,0.2086893663381156,-1.2676136780735823,-1.2761757670616813
-0.8257119053599354,-0.4343348258883602,0.7945466312730467,-0.7030746009502787,-0.010684955963028146,-0.6865507261215884,-0.6874206446824462,1.568856768292951,-1.7921197078078341,1.3101657579132093,1.3742778946849556,0.6597049593067652,2.3730328747739646,0.41390077802624936,0.8136441469166174,0.8887060263149511,0.08208700380539471,-1.2676136780735823,-1.2761757670616813
-0.8257119053599354,-0.4343348258883602,0.9390096548274028,-0.6880994930350921,-0.010684955963028146,-0.6865507261215884,-0.6874206446824462,1.2690674927085046,-1.1940759453842735,0.8465173043196421,1.2585641717699798,0.4295251113441779,1.8160141672497307,0.41390077802624936,0.8923584980895989,0.9925323469188537,0.304966954609227,-1.2676136780735823,-1.2761757670616813
-0.8257119053599354,-0.4343348258883602,1.083472678381759,-0.4723792824397067,-0.010684955963028146,-0.31058932262342354,-0.6874206446824462,0.9692782171240583,-0.536227806718357,0.5262609181228387,1.0979075280391137,0.04604620078011378,1.223721921113858,0.41390077802624936,1.0166798850415653,1.1963377053651367,0.5726510704928461,-0.8747162005345729,-0.8825954289861675
-0.8257119053599354,-0.4343348258883602,1.227935701936115,0.1262196110671752,-0.010684955963028146,0.12098256924951292,-0.6874206446824462,0.819383579331835,0.0020115794628475024,0.32089199123958595,0.9559415008032357,-0.1118845739696034,0.7353143840983176,0.41390077802624936,1.1318044741367121,1.2882153286167943,0.820361692867006,-0.15812208560940785,-0.15192860958064297
-0.8257119053599354,-0.4343348258883602,1.3723987254904713,-0.7030746009502787,-0.010684955963028146,0.9275966458229268,-0.6874206446824462,0.6694889415396119,0.06181595570520356,0.22966900629131984,0.8293124522889831,-0.1510071246848762,0.3593432349183544,0.41390077802624936,1.2158250966450816,1.2810529633134102,0.9960616208935776,-0.3364445501699638,-0.3117454056980973
-0.8257119053599354,-0.4343348258883602,1.5168617490448273,1.0356964229942662,-0.010684955963028146,0.31600747277638414,-0.6874206446824462,0.6694889415396119,0.06181595570520356,0.11138782987481735,0.7280639014296529,0.057939621971076695,0.049821127562490033,0.41390077802624936,1.2917735153214738,1.1464475131353093,1.1583527242531266,0.5917714036593898,0.5817945607702136
-0.8257119053599354,-0.4343348258883602,1.6613247725991833,-0.7030746009502787,-0.010684955963028146,-0.6865507261215884,1.715105462328109,0.4896152618284111,0.3010334606746278,0.08283548742772838,0.6312627473851224,0.12612558620923775,-0.2760027953517051,0.41390077802624936,1.3537380194412159,1.0793230556014997,1.322374900108363,0.1474293371710813,0.14705743391976583
-0.8257119053599354,-0.32408989398771926,-1.6613247691510074,-0.7030746009502787,-0.010684955963028146,-0.6865507261215884,-0.6874206446824462,0.5195943037473887,0.06181595570520356,0.027848769719766443,0.5573999190900157,0.06579480021532755,-0.2471668179082364,0.41390077802624936,1.390532441434448,1.0754744716169464,1.2654765909236791,-1.2676136780735823,-1.2761757670616813
-0.8257119053599354,-0.32408989398771926,-1.5168617455966513,-0.7030746009502787,-0.010684955963028146,-0.6865507261215884,-0.6385351782668921,0.5195943037473887,0.06181595570520356,-0.03808742638683296,0.5082927820762878,-0.0650460947668629,-0.13576063515910894,0.41390077802624936,1.3898513221215025,1.0939527061385215,1.1433656715337797,-1.2676136780735823,-1.2761757670616813
-0.8257119053599354,-0.32408989398771926,-1.372398722042295,-0.5533353048796881,-0.010684955963028146,-0.6865507261215884,-0.6874206446824462,0.3996787078741431,0.4206422131593399,-0.17719974841966232,0.4472809267425939,-0.21529326686550848,-0.24610080790567,0.41390077802624936,1.4020820654529706,1.1342563545582964,1.1626926330478138,-1.1692669824848787,-1.195891554910408
-0.8257119053599354,-0.32408989398771926,-1.227935698487939,-0.2871506557309191,-0.010684955963028146,-0.6865507261215884,-0.4821917684117895,0.3696996659551655,0.36083783691698385,-0.2637486890804719,0.39210871494247534,-0.3748395045674305,-0.38767670122361453,0.41390077802624936,1.423132653136146,1.1929983333266971,1.213225626214047,-0.8446200674247194,-0.845810740235072
-0.8257119053599354,-0.32408989398771926,-1.083472674933583,-0.7030746009502787,-0.010684955963028146,-0.6865507261215884,0.012775251307854096,0.3696996659551655,0.36083783691698385,-0.30112208041365335,0.3419982696986253,-0.5250004744356864,-0.4807808756004354,0.41390077802624936,1.4294560240825138,1.2389228314991854,1.2270597951320281,-0.8528623079637313,-0.8465140013121115
-0.8257119053599354,-0.32408989398771926,-0.9390096513792268,0.06886737641331105,-0.010684955963028146,-0.6865507261215884,-0.3318366374166109,0.3696996659551655,0.36083783691698385,-0.3717408214478516,0.3002232146051664,-0.6596516737746165,-0.4807759931118741,0.41390077802624936,1.4357924100476007,1.2864807983165318,1.195481696434843,-0.4857369361206335,-0.5000724693277809
-0.8257119053599354,-0.32408989398771926,-0.7945466278248707,-0.7030746009502787,-0.010684955963028146,0.5662943920534826,0.22762536226969693,0.2198050281629423,0.7196640943711202,-0.39656661403564913,0.2585713117701899,-0.742449744931412,-0.4866203319198375,0.41390077802624936,1.4529640401148722,1.3152621167972045,1.1788151016321424,0.10866259151293449,0.10122429669520187
-0.8257119053599354,-0.32408989398771926,-0.6500836042705146,0.9440700184032945,-0.010684955963028146,0.44488219925051653,-0.6874206446824462,0.6694889415396119,0.06181595570520356,-0.32698495109880765,0.3132592638420386,-0.3902796502183648,-0.39187075889783385,0.41390077802624936,1.3898252920840652,1.1064362061564887,1.1195656082101277,0.6723745423792316,0.6696346528636442
-0.8257119053599354,-0.32408989398771926,-0.5056205807161585,-0.7030746009502787,-0.010684955963028146,-0.6865507261215884,0.6625706089161655,0.7294467394762346,0.3010334606746278,-0.14105764211631866,0.45834862717016256,0.27922820718953834,-0.1668230273865637,0.41390077802624936,1.2648565284602762,0.7677356585372124,1.0133374099776817,-0.47768508813415744,-0.48193202791223505
-0.8257119053599354,-0.32408989398771926,-0.3611575571618023,-0.7030746009502787,-0.010684955963028146,-0.6865507261215884,-0.6874206446824462,1.2690674927085046,-1.0146628166572054,0.28234616546216695,0.6844262553985816,1.129852752719157,0.060093883495618734,-0.17275442907650942,1.04725650235137,0.3532586045808045,0.8800614223493268,-1.2676136780735823,-1.2761757670616813
-0.8257119053599354,-0.32408989398771926,-0.2166945336074462,-0.7030746009502787,-0.010684955963028146,-0.6865507261215884,-0.6874206446824462,1.403972609541239,-1.0744671928995615,0.625676558482065,0.8567336594022609,1.6094073645228124,0.19064349014579599,-0.5615925871635471,0.9079938739103334,0.16503192200211936,0.8325966722090016,-1.2676136780735823,-1.2761757670616813
-0.8257119053599354,-0.32408989398771926,-0.07223151005309006,-0.7030746009502787,-0.010684955963028146,-0.6865507261215884,-0.6874206446824462,1.5388777263739735,-1.3136846978689858,1.0154806050551408,1.0152814076785497,1.6534276938858934,0.34811513872338373,-1.026811707010933,0.7755419565610207,0.15031747509758048,0.7539791676224494,-1.2676136780735823,-1.2761757670616813
-0.8257119053599354,-0.32408989398771926,0.07223151350126605,-0.7030746009502787,-0.010684955963028146,-0.6865507261215884,-0.6874206446824462,1.7037618851256855,-1.672510955323122,1.368489957720105,1.1584219039105765,1.4680937274158874,0.473925476476655,-1.1604073564492177,0.6372193016941126,0.21794572281487468,0.6771032162934152,-1.2676136780735823,-1.2761757670616813
-0.8257119053599354,-0.32408989398771926,0.2166945370556222,-0.7030746009502787,-0.010684955963028146,-0.6865507261215884,-0.6874206446824462,1.8686460438773973,-2.2107503415043266,1.6493301833680003,1.3111877580174371,1.32845523172836,0.7163215035945768,-1.515743254049531,0.4626180052054172,0.20525858139256295,0.4768717551070978,-1.2676136780735823,-1.2761757670616813
-0.8257119053599354,-0.32408989398771926,0.3611575606099783,-0.7030746009502787,-0.010684955963028146,-0.6865507261215884,-0.6874206446824462,1.9585828837329977,-2.2107503415043266,1.7599117415017942,1.447357975574454,1.2503410913785984,1.1674211317645729,-1.2483807757398178,0.343085663104203,0.22201855090176234,0.25151135733669033,-1.2676136780735823,-1.2761757670616813
-0.8257119053599354,-0.32408989398771926,0.5056205841643344,-0.7030746009502787,-0.010684955963028146,-0.6865507261215884,-0.6874206446824462,2.0185406816696205,-2.031337212777258,1.7454671922138931,1.5413294107757756,1.1721830210460422,1.6585921573058504,-0.5277223491198605,0.25717448861750936,0.25946709912111804,0.04552246431809718,-1.2676136780735823,-1.2761757670616813
-0.8257119053599354,-0.32408989398771926,0.6500836077186906,-0.7030746009502787,-0.010684955963028146,-0.6865507261215884,-0.6874206446824462,2.0185406816696205,-2.509772222716107,1.5979876246994893,1.5708372485285376,1.0662015231200481,2.0179205304762804,0.19633637644417884,0.18275943196127248,0.2267946900368809,-0.16804052591674223,-1.2676136780735823,-1.2761757670616813
-0.8257119053599354,-0.32408989398771926,0.7945466312730467,-0.7030746009502787,-0.010684955963028146,-0.6865507261215884,-0.6874206446824462,1.8086882459407747,-2.2705547177466827,1.2966477784008157,1.508387225294939,0.8792645267118357,2.085700050433353,0.41390077802624936,0.1805150642888918,0.25536716222108546,-0.23897126509736916,-1.2676136780735823,-1.2761757670616813
-0.8257119053599354,-0.32408989398771926,0.9390096548274028,-0.7030746009502787,-0.010684955963028146,-0.6865507261215884,-0.6874206446824462,1.4189621305007278,-1.493097826596054,1.0286088629117813,1.3524458519354585,0.6156514752396882,1.4616122250377261,0.41390077802624936,0.28279913232371306,0.37822430339370827,0.00779346852157913,-1.2676136780735823,-1.2761757670616813
-0.8257119053599354,-0.32408989398771926,1.083472678381759,-0.7030746009502787,-0.010684955963028146,-0.6865507261215884,-0.6874206446824462,1.2690674927085046,-1.0146628166572054,0.7305064527165209,1.204778640484864,0.3630391545534114,0.9622841886065816,0.41390077802624936,0.389964314415778,0.5466407328081314,0.266934671767236,-1.2676136780735823,-1.2761757670616813
-0.8257119053599354,-0.32408989398771926,1.227935701936115,0.6863196030889362,-0.010684955963028146,-0.6865507261215884,-0.6874206446824462,1.1191728549162814,-0.536227806718357,0.4380249273414866,1.0729117942200148,0.13210586594251517,0.5693252342254148,0.41390077802624936,0.49021129100225713,0.6609594653221359,0.44945015187256426,-0.26524303793390136,-0.29102089940685505
-0.8257119053599354,-0.32408989398771926,1.3723987254904713,-0.7030746009502787,-0.010684955963028146,1.3690741714640806,-0.6874206446824462,0.9692782171240583,-0.23720592550657674,0.3547389247045171,0.9327993128406179,-0.10393241821616425,0.29849928996271174,0.41390077802624936,0.6027555321269887,0.7975254248668748,0.5971395888592456,-0.04436979258443425,-0.024958567661827965
-0.8257119053599354,-0.32408989398771926,1.5168617490448273,2.240623418613529,-0.010684955963028146,-0.6865507261215884,-0.6874206446824462,0.819383579331835,0.06181595570520356,0.22090419240924541,0.8179866191614316,-0.07253491353195803,0.047658998877895375,0.41390077802624936,0.6920674828011063,0.7854878106075146,0.7291043895127515,0.8532285044237768,0.8474014920797306
-0.8257119053599354,-0.32408989398771926,1.6613247725991833,-0.7030746009502787,-0.010684955963028146,1.0697448164241568,1.4267036773776727,0.819383579331835,0.18142470818991568,0.2354344019939646,0.7245001394638513,0.010918791896358235,-0.15527187319844885,0.41390077802624936,0.77271432323495,0.7647875208900797,0.8592999065597294,0.8318463018751135,0.8263138934861985
-0.8257119053599354,-0.21384496208707834,-1.6613247691510074,1.190513513223075,-0.010684955963028146,-0.6865507261215884,-0.6874206446824462,0.6694889415396119,0.36083783691698385,0.2106674599917674,0.6451775610426912,0.11981458830360033,-0.17567253790405218,0.41390077802624936,0.8402203331024772,0.7335009143338092,0.8956991556989902,0.06144317144192022,0.03910470951350088
-0.8257119053599354,-0.21384496208707834,-1.5168617455966513,-0.7030746009502787,-0.010684955963028146,-0.6865507261215884,-0.6446406960642036,0.6694889415396119,0.36083783691698385,0.21182877821428037,0.5800195796734229,0.09586197240169453,-0.13453106178973653,0.41390077802624936,0.9015726493047099,0.7722968790017183,0.9009251255667726,-1.2676136780735823,-1.2761757670616813
-0.8257119053599354,-0.21384496208707834,-1.372398722042295,-0.7030746009502787,-0.010684955963028146,-0.6865507261215884,-0.6407152393963748,0.5195943037473887,0.6598597181287641,0.1653407389624003,0.5276402106165156,0.0008886650699701782,-0.19755422413993867,0.41390077802624936,0.9501403608233342,0.8392868768223293,0.9539547235407364,-1.2676136780735823,-1.2761757670616813
-0.8257119053599354,-0.21384496208707834,-1.227935698487939,-0.5440438203881282,-0.010684955963028146,-0.6865507261215884,-0.4627335106147327,0.5195943037473887,0.7196640943711202,0.058778675825108366,0.4694392881882958,-0.15614610380425525,-0.3432753502464888,0.41390077802624936,1.0089465537340043,0.9526277402285713,1.0667281575363916,-1.0257319154402356,-1.0338606236221537
-0.8257119053599354,-0.21384496208707834,-1.083472674933583,-0.17927763005644853,-0.010684955963028146,-0.6865507261215884,-0.1855910042626274,0.42965746389178827,0.6000553418864081,-0.06333040423699722,0.41467688814098025,-0.32001157056925533,-0.4493335805247258,0.41390077802624936,1.0564653511514475,1.0546267099560034,1.1403673002534092,-0.5828019083266941,-0.5857638388944276
-0.8257119053599354,-0.21384496208707834,-0.9390096513792268,-0.7030746009502787,-0.010684955963028146,-0.6865507261215884,-0.079488213374711,0.33972062403618786,0.7196640943711202,-0.11598402317360422,0.35999658959931974,-0.4746318481249725,-0.47799297463189144,0.41390077802624936,1.0974723008699663,1.1401465574784173,1.1554093769723668,-0.9115565078826496,-0.914486328371824
-0.8257119053599354,-0.21384496208707834,-0.7945466278248707,-0.036517859792354675,-0.010684955963028146,0.03348942456203096,-0.21121424750947634,0.3696996659551655,0.7196640943711202,-0.21885746238454717,0.31594426138714377,-0.6753379931027211,-0.4600986540544596,0.41390077802624936,1.1310452647114544,1.2570597118456397,1.145385401678218,-0.016378627312907835,-0.027088408979544114
-0.8257119053599354,-0.21384496208707834,-0.6500836042705146,-0.7030746009502787,-0.010684955963028146,0.5751671337162763,0.45460930612463507,0.6694889415396119,0.36083783691698385,-0.18121597393918645,0.3685664560836576,-0.2575862361503982,-0.32677823514570314,0.41390077802624936,1.0941192464178442,1.041210666765852,1.0911937492362864,0.1971921177503638,0.21398942682727895
-0.8257119053599354,-0.21384496208707834,-0.5056205807161585,0.3905226401513874,-0.010684955963028146,-0.6865507261215884,-0.6874206446824462,1.0891938129973038,-0.2970103017489328,0.12104586486722554,0.5315915195200274,0.6746138008261637,-0.11515002344536658,0.41390077802624936,0.9821982800784195,0.6007518756798701,1.0170847190305305,-0.4720529376149822,-0.5083579941502994
-0.8257119053599354,-0.21384496208707834,-0.3611575571618023,-0.7030746009502787,-0.010684955963028146,-0.6865507261215884,-0.6874206446824462,1.568856768292951,-1.2538803216266297,0.39515881468560854,0.7507712297224882,1.4959329034937234,0.05821412539949015,0.41390077802624936,0.8131153515264538,0.2475123293947285,0.9462911031505206,-1.2676136780735823,-1.2761757670616813
-0.8257119053599354,-0.21384496208707834,-0.2166945336074462,-0.7030746009502787,-0.010684955963028146,-0.6865507261215884,-0.6874206446824462,1.8686460438773973,-1.672510955323122,0.7812493893073041,0.9415027682155129,1.8544935674019984,0.23177845627536317,-0.03708017223576375,0.6685368109954227,0.10525069977299638,0.861691703749154,-1.2676136780735823,-1.2761757670616813
-0.8257119053599354,-0.21384496208707834,-0.07223151005309006,-0.7030746009502787,-0.010684955963028146,-0.6865507261215884,-0.6874206446824462,1.988561639750643,-2.2705547177466827,1.1902897306269382,1.1165494402510863,1.9145433672795427,0.3823340598057661,-0.25766990828931535,0.5145175615160293,0.048186431232506446,0.7417813076452706,-1.2676136780735823,-1.2761757670616813
-0.8257119053599354,-0.21384496208707834,0.07223151350126605,-0.7030746009502787,-0.010684955963028146,-0.6865507261215884,-0.6874206446824462,2.0784984796062433,-2.629380975200819,1.5547932565550404,1.2579978105360552,1.7122524274507855,0.49718321073875504,-0.4312167413486824,0.36276051510503843,0.055893792115355244,0.595127937635385,-1.2676136780735823,-1.2761757670616813
-0.8257119053599354,-0.21384496208707834,0.2166945370556222,-0.7030746009502787,-0.010684955963028146,-0.6865507261215884,-0.6874206446824462,2.1684353194618438,-3.0480116088973115,1.8369255795045605,1.3959144245269184,1.550485653448732,0.7383106045788135,-0.520134558736423,0.1778180631877385,-0.010780225379238997,0.32948167488020297,-1.2676136780735823,-1.2761757670616813
-0.8257119053599354,-0.21384496208707834,0.3611575606099783,-0.7030746009502787,-0.010684955963028146,-0.6865507261215884,-0.6874206446824462,2.318329957254067,-3.3470334901090917,1.9931961167168613,1.5142219984002128,1.4286238811762564,1.2717696772982356,-0.36958399401531916,-0.008171133660956368,-0.12324167888706096,-0.0695045518203415,-1.2676136780735823,-1.2761757670616813
-0.8257119053599354,-0.21384496208707834,0.5056205841643344,-0.7030746009502787,-0.010684955963028146,-0.6865507261215884,-0.6874206446824462,2.318329957254067,-3.466642242593804,2.0036107086819315,1.5996799249304006,1.3297391476406049,1.9019728196169823,-0.17483536545084993,-0.15281595437990672,-0.2180511744979642,-0.43191357477970976,-1.2676136780735823,-1.2761757670616813
-0.8257119053599354,-0.21384496208707834,0.6500836077186906,-0.7030746009502787,-0.010684955963028146,-0.6865507261215884,-0.6874206446824462,2.1684353194618438,-3.2872291138667356,1.8488336685530877,1.6377924179410832,1.2175071591437658,2.3706835840278506,0.33581966679386005,-0.24824086653110664,-0.27124950941348824,-0.6691849216721834,-1.2676136780735823,-1.2761757670616813
-0.8257119053599354,-0.21384496208707834,0.7945466312730467,-0.7030746009502787,-0.010684955963028146,-0.6865507261215884,-0.6874206446824462,2.0185406816696205,-3.2274247376243794,1.5183183174953572,1.5934680415194913,1.031400688070653,2.5824582703850285,0.41390077802624936,-0.24886727456166047,-0.24022011127633638,-0.7639117938907758,-1.2676136780735823,-1.2761757670616813
-0.8257119053599354,-0.21384496208707834,0.9390096548274028,-0.7030746009502787,-0.010684955963028146,-0.6865507261215884,-0.6874206446824462,1.793698724981286,-2.2705547177466827,1.185050066822323,1.4668870015127826,0.7893738355026972,1.9916071721228543,0.41390077802624936,-0.1662551663012927,-0.11288979906430226,-0.550207750069633,-1.2676136780735823,-1.2761757670616813
-0.8257119053599354,-0.21384496208707834,1.083472678381759,-0.7030746009502787,-0.010684955963028146,-0.6865507261215884,-0.6874206446824462,1.5838462892524399,-1.8519240840501903,0.9075780563569528,1.3293815908256656,0.5468380582284029,1.3717565330504053,0.41390077802624936,-0.07922349511046484,0.015313850672007514,-0.3080272580055477,-1.2676136780735823,-1.2761757670616813
-0.8257119053599354,-0.21384496208707834,1.227935701936115,-0.7030746009502787,-0.010684955963028146,-0.6865507261215884,-0.6874206446824462,1.359004332564105,-1.3734890741113417,0.6771446650665234,1.2027511507604698,0.32365302394137047,0.9137351635965696,0.41390077802624936,0.013360286658215403,0.1585850124952552,-0.08756901823219813,-1.2676136780735823,-1.2761757670616813
-0.8257119053599354,-0.21384496208707834,1.3723987254904713,1.6184598854812713,-0.010684955963028146,-0.6865507261215884,-0.6874206446824462,1.1191728549162814,-0.7754453116877812,0.4337026787768409,1.0774732982121655,0.10019114787597143,0.5281609731644794,0.41390077802624936,0.1183411147753248,0.3141726840474977,0.1261797871759296,0.4166803550152754,0.4366503573361897
-0.8257119053599354,-0.21384496208707834,1.5168617490448273,-0.7030746009502787,-0.010684955963028146,1.2718926196399354,1.14137420694669,0.9992572590430359,-0.7754453116877812,0.39013885973390117,0.9433013478097334,-0.13105959702568648,0.12149443214725793,0.41390077802624936,0.2276082223904602,0.4876964138584174,0.3728178782560915,0.8633832532064708,0.8586505991970664
-0.8257119053599354,-0.21384496208707834,1.6613247725991833,1.8046763089736162,-0.010684955963028146,-0.6865507261215884,-0.6874206446824462,0.8793413772684578,-0.536227806718357,0.29007390124688465,0.8353462171791494,-0.10036331433099552,0.09243060523759183,0.41390077802624936,0.3155511859104624,0.5278512891116534,0.4401170334624158,0.5158922650016193,0.507365550985262
-0.8257119053599354,-0.10360003018643743,-1.6613247691510074,-0.7030746009502787,-0.010684955963028146,1.228252320202254,1.1604369071256744,0.819383579331835,-0.536227806718357,0.2933074139779245,0.7430759530060169,-0.021518941625722304,0.11443679493179332,0.41390077802624936,0.38434712874433213,0.517135934322248,0.4562643938560921,0.7910215012473787,0.7867431774415463
-0.8257119053599354,-0.10360003018643743,-1.5168617455966513,-0.7030746009502787,-0.010684955963028146,-0.6865507261215884,-0.6874206446824462,0.819383579331835,-0.536227806718357,0.26245728311084077,0.6775798247575257,0.11915066535608054,0.22013860354505002,0.41390077802624936,0.43542336461155373,0.4763399898557618,0.43153307117395046,-1.2676136780735823,-1.2761757670616813
-0.8257119053599354,-0.10360003018643743,-1.372398722042295,-0.7030746009502787,-0.010684955963028146,-0.6865507261215884,-0.6874206446824462,0.8793413772684578,-0.596032182960713,0.20405919312424692,0.6373973997186783,0.11452889961903899,0.19364052437438542,0.41390077802624936,0.46936605139219917,0.4983176468485837,0.46385159202462656,-1.2676136780735823,-1.2761757670616813
-0.8257119053599354,-0.10360003018643743,-1.227935698487939,-0.7030746009502787,-0.010684955963028146,-0.6865507261215884,-0.6874206446824462,0.7744153023547011,-0.41661905423364487,0.13459065409083715,0.5999118004079541,0.027400824120366707,0.09425909720382601,0.41390077802624936,0.4998708450801859,0.5511316872289658,0.5230888578911722,-1.2676136780735823,-1.2761757670616813
-0.8257119053599354,-0.10360003018643743,-1.083472674933583,-0.1898512168122878,-0.010684955963028146,-0.6865507261215884,-0.6874206446824462,0.6694889415396119,0.06181595570520356,0.01034856724841772,0.547997905141582,-0.12623973193226887,-0.07035970087951819,0.41390077802624936,0.5510579496253817,0.6563500996054846,0.634835832275043,-0.9064077531349884,-0.9713341949952008
-0.8257119053599354,-0.10360003018643743,-0.9390096513792268,-0.7030746009502787,-0.010684955963028146,-0.6865507261215884,0.38726846853829056,0.6994679834585895,-0.23720592550657674,-0.052293957750750394,0.5005961138088731,-0.25905498953742073,-0.23851667567367066,0.41390077802624936,0.5954892953801102,0.7448683987322279,0.742900128970687,-0.6304550477550547,-0.6138773963418807
-0.8257119053599354,-0.10360003018643743,-0.7945466278248707,-0.09793581458618653,-0.010684955963028146,-0.6865507261215884,-0.6874206446824462,0.3696996659551655,0.0020115794628475024,-0.1816534299588155,0.4310909272927231,-0.4236855010971284,-0.26613528596917035,0.41390077802624936,0.6403930381105547,0.8184287053771386,0.7454923707301219,-0.8350059849606735,-0.8657641870698308
-0.8257119053599354,-0.10360003018643743,-0.6500836042705146,-0.7030746009502787,-0.010684955963028146,0.7431532184011593,0.49942102262222043,0.6694889415396119,-0.23720592550657674,-0.16123162286010864,0.44941278278773567,-0.2792031031557862,-0.23344377005840414,0.41390077802624936,0.625424320470856,0.743826986566454,0.7287836345308942,0.4110535069084672,0.40386224233969586
-0.8257119053599354,-0.10360003018643743,-0.5056205807161585,0.9012374513576628,-0.010684955963028146,-0.6865507261215884,-0.6874206446824462,0.9692782171240583,-0.6558365592030692,0.14485811959190645,0.5996794114004222,0.6216582787361624,-0.04896138101120764,0.38342734546882534,0.5183136086423175,0.32785114054889164,0.650570949370049,-0.08914462081144134,-0.11572376327170492
-0.8257119053599354,-0.10360003018643743,-0.3611575571618023,-0.7030746009502787,-0.010684955963028146,-0.6865507261215884,-0.5845653354257642,1.1191728549162814,-1.0744671928995615,0.41687402687673136,0.7882352599935912,1.3892054247278194,0.16170416669444493,0.12671059762034376,0.3755788624297693,-0.0005242023197606121,0.539813096883941,-1.2160797007869848,-1.2334156105736338
-0.8257119053599354,-0.10360003018643743,-0.2166945336074462,-0.7030746009502787,-0.010684955963028146,-0.6865507261215884,-0.6874206446824462,1.2690674927085046,-1.493097826596054,0.9084830475844066,0.957846534044619,1.8918116733522894,0.2768234819944965,-0.7249792803985599,0.23933089795416843,-0.21073786732298946,0.46108707274260124,-1.2676136780735823,-1.2761757670616813
-0.8257119053599354,-0.10360003018643743,-0.07223151005309006,-0.7030746009502787,-0.010684955963028146,-0.6865507261215884,-0.6874206446824462,1.568856768292951,-1.612706579080766,1.2567274645019315,1.1186068483207612,1.9039736476456197,0.40605481673310306,-1.01735608118013,0.13817094190645882,-0.19917129580083473,0.41919415761046813,-1.2676136780735823,-1.2761757670616813
-0.8257119053599354,-0.10360003018643743,0.07223151350126605,-0.7030746009502787,-0.010684955963028146,-0.6865507261215884,-0.6874206446824462,1.4189621305007278,-1.0146628166572054,1.5713211165731928,1.2145104520068606,1.6350939714437087,0.45948714405258156,-1.1818490360579093,0.09304449774460546,-0.06597832322283499,0.43214466729660683,-1.2676136780735823,-1.2761757670616813
-0.8257119053599354,-0.10360003018643743,0.2166945370556222,-0.7030746009502787,-0.010684955963028146,-0.6865507261215884,-0.6874206446824462,1.4189621305007278,-0.7754453116877812,1.814349840972882,1.3014538591690255,1.3928847680037748,0.6331751646386761,-1.014624197165467,0.041681690446707234,0.044203387534754654,0.36731176635854534,-1.2676136780735823,-1.2761757670616813
-0.8257119053599354,-0.10360003018643743,0.3611575606099783,-0.7030746009502787,-0.010684955963028146,-0.6865507261215884,-0.6874206446824462,1.5388777263739735,-0.8950540641724933,1.937723554729999,1.3850965074936727,1.2311337424861193,1.1122717959676782,-0.3766407788102288,0.037350099402030955,0.19673340183475924,0.24143759842384627,-1.2676136780735823,-1.2761757670616813
-0.8257119053599354,-0.10360003018643743,0.5056205841643344,-0.7030746009502787,-0.010684955963028146,-0.6865507261215884,-0.6874206446824462,1.4189621305007278,-0.7754453116877812,1.9225074088753382,1.4339503822357194,1.0920713097805221,1.7133224128345605,0.222694515690512,0.031381267206314956,0.2986191651584983,0.026833955878910295,-1.2676136780735823,-1.2761757670616813
-0.8257119053599354,-0.10360003018643743,0.6500836077186906,-0.7030746009502787,-0.010684955963028146,-0.6865507261215884,-0.6874206446824462,1.4789199284373507,-0.8352496879301373,1.770489807315754,1.4597803508453289,0.9646179966791224,2.2203232800399024,0.41390077802624936,0.0613343687119478,0.42923766796975454,-0.10912860036535474,-1.2676136780735823,-1.2761757670616813
-0.8257119053599354,-0.10360003018643743,0.7945466312730467,-0.5766699266647356,-0.010684955963028146,-0.6865507261215884,-0.6874206446824462,1.5388777263739735,-0.8950540641724933,1.3383734974868386,1.4452149871217657,0.8047236345852425,2.5087701255206007,0.41390077802624936,0.09995932898607901,0.548226923682865,-0.18210265140453885,-1.1889622202921766,-1.1985755264546814
-0.8257119053599354,-0.10360003018643743,0.9390096548274028,-0.606084114478688,-0.010684955963028146,-0.3944152675569773,-0.6874206446824462,1.3739938535235938,-0.536227806718357,0.9010227550164726,1.3243079960863793,0.4397027766033481,1.7637096947879294,0.41390077802624936,0.20664584761193389,0.7666170404716017,0.1461015319238503,-1.0289699144364377,-1.0408704132021844
-0.8257119053599354,-0.10360003018643743,1.083472678381759,-0.2629531954934679,-0.010684955963028146,-0.1933440266614648,-0.6874206446824462,1.194120173812393,-0.17740154926422066,0.6018381479415618,1.1702243432362096,0.19271763805279143,1.2289811750425503,0.41390077802624936,0.3467038383080023,0.9443176962118854,0.4256206114062638,-0.6539782116361639,-0.6559717471594947
-0.8257119053599354,-0.10360003018643743,1.227935701936115,0.31033493395991446,-0.010684955963028146,0.24235961668197123,-0.6874206446824462,1.029236015060681,0.24122908443227173,0.434954234563941,1.031258499834095,0.08146454219143417,0.7804944920009823,0.41390077802624936,0.45441806137490437,1.0188873181878066,0.6557148199368251,0.03782074460387174,0.04470367877803904
-0.8257119053599354,-0.10360003018643743,1.3723987254904713,-0.7030746009502787,-0.010684955963028146,1.0887542778962227,-0.6874206446824462,0.9692782171240583,0.36083783691698385,0.36284199644628573,0.9148949226285964,0.10161099807459986,0.42862656135233024,0.41390077802624936,0.5620281642920568,1.0384477365301252,0.8671513072660769,-0.2656450326884414,-0.2395595244852685
-0.8257119053599354,-0.10360003018643743,1.5168617490448273,1.9539033643505705,-0.010684955963028146,-0.6865507261215884,-0.6874206446824462,0.9692782171240583,0.36083783691698385,0.26248016944968533,0.8255970112703613,0.24650202774269264,0.1461265869393845,0.41390077802624936,0.6625725581581449,1.0031308085059782,1.066483606427011,0.6426114726631462,0.6191627761018211
-0.8257119053599354,-0.10360003018643743,1.6613247725991833,-0.7030746009502787,-0.010684955963028146,0.7471393937722414,1.2521967565562762,0.9093204191874354,0.5402509656440521,0.2726776681434298,0.7447659916266596,0.2935336330962098,-0.07915631777092513,0.41390077802624936,0.7480253147633019,1.006962476591129,1.2275999910647135,0.7755639806120396,0.7802748538624781
-0.8257119053599354,0.00664490171420348,-1.6613247691510074,-0.7030746009502787,-0.010684955963028146,-0.6865507261215884,-0.6874206446824462,0.819383579331835,0.7196640943711202,0.24178568797103034,0.6767101054179606,0.3436560857297535,-0.11155488436800895,0.41390077802624936,0.8307805882295755,1.0146301501715338,1.2840240457765626,-1.2676136780735823,-1.2761757670616813
-0.8257119053599354,0.00664490171420348,-1.5168617455966513,-0.7030746009502787,-0.010684955963028146,-0.6865507261215884,-0.6874206446824462,0.819383579331835,0.7196640943711202,0.1803927570727757,0.6300159177399219,0.27241408665076167,-0.09984098056118167,0.41390077802624936,0.8983473348511233,1.0881848181833103,1.3133260723628695,-1.2676136780735823,-1.2761757670616813
-0.8257119053599354,0.00664490171420348,-1.372398722042295,-0.7030746009502787,-0.010684955963028146,-0.6865507261215884,-0.6265097658146254,0.6694889415396119,0.6598597181287641,0.09479065694473576,0.5749696413001725,0.12822593670738397,-0.2241100794252462,0.41390077802624936,0.9603894470454472,1.1837019622525475,1.4043479952743452,-1.2676136780735823,-1.2761757670616813
-0.8257119053599354,0.00664490171420348,-1.227935698487939,-0.7030746009502787,-0.010684955963028146,-0.6865507261215884,-0.6680993285274682,0.6694889415396119,0.7196640943711202,-0.0022703060950821736,0.5218555333452006,-0.022492861055604624,-0.3376230559886061,0.41390077802624936,1.0072449605459666,1.2718793409451807,1.4763940621931115,-1.2676136780735823,-1.2761757670616813
-0.8257119053599354,0.00664490171420348,-1.083472674933583,-0.29730364611449145,-0.010684955963028146,-0.6865507261215884,-0.38552045438102506,0.6694889415396119,0.36083783691698385,-0.14759005711795428,0.47368073546348644,-0.19571458528827418,-0.4548060364539313,0.41390077802624936,1.0510588159681524,1.3681182300555876,1.5442054646339065,-0.7885574367892942,-0.7955574045137055
-0.8257119053599354,0.00664490171420348,-0.9390096513792268,-0.7030746009502787,-0.010684955963028146,-0.6865507261215884,-0.3005404795205446,0.6395098996206342,0.4206422131593399,-0.1939649724664026,0.4280740448476399,-0.353366860524425,-0.5185575033478715,0.41390077802624936,1.094877009729911,1.4553127516188398,1.576377473168159,-1.0406214713203759,-1.0448844866139708
-0.8257119053599354,0.00664490171420348,-0.7945466278248707,0.049320619129651404,-0.010684955963028146,-0.6865507261215884,-0.1863951674744071,0.6694889415396119,0.7196640943711202,-0.27453207804863733,0.3907136851218131,-0.49860518571687584,-0.5347030792722384,0.41390077802624936,1.1457450052976332,1.5564941195418223,1.5978136880006013,-0.40096691012284646,-0.4069635988698511
-0.8257119053599354,0.00664490171420348,-0.6500836042705146,-0.7030746009502787,-0.010684955963028146,-0.6865507261215884,0.30753555796391874,0.9692782171240583,0.36083783691698385,-0.2407230705166486,0.4271535338986443,-0.4214691091349962,-0.44851657743878937,0.41390077802624936,1.1529977449880628,1.549726892298838,1.5840297393997251,-0.6593325247344447,-0.6673978975922087
-0.8257119053599354,0.00664490171420348,-0.5056205807161585,-0.7030746009502787,-0.010684955963028146,-0.6865507261215884,-0.6874206446824462,1.4189621305007278,-0.17740154926422066,-0.06298057020037309,0.597394484751517,0.3386596718375572,-0.22039531937813492,0.41390077802624936,1.056451372057268,1.1598284233036251,1.5041798719012585,-1.2676136780735823,-1.2761757670616813
-0.8257119053599354,0.00664490171420348,-0.3611575571618023,-0.7030746009502787,-0.010684955963028146,-0.6865507261215884,-0.6874206446824462,1.8686460438773973,-0.9548584404148494,0.24961870091443303,0.8004509899493857,1.0635217941695718,-0.05158897360531985,0.41390077802624936,0.932921491058491,0.8225331965577795,1.457470173311146,-1.2676136780735823,-1.2761757670616813
-0.8257119053599354,0.00664490171420348,-0.2166945336074462,-0.7030746009502787,-0.010684955963028146,-0.6865507261215884,-0.6874206446824462,2.0185406816696205,-1.1940759453842735,0.6460120513885581,0.9894034305613962,1.548391933891385,0.15990171466720474,-0.008174137753248685,0.8100216333732452,0.6146641185858255,1.3653857631690933,-1.2676136780735823,-1.2761757670616813
-0.8257119053599354,0.00664490171420348,-0.07223151005309006,-0.7030746009502787,-0.010684955963028146,-0.6865507261215884,-0.6874206446824462,2.1984143613808214,-1.2538803216266297,1.060725589160063,1.1543530089523555,1.6099950316511413,0.3224771912876143,-0.05567351923581684,0.7403223518327514,0.6527474467737818,1.3478475183408145,-1.2676136780735823,-1.2761757670616813
-0.8257119053599354,0.00664490171420348,0.07223151350126605,-0.7030746009502787,-0.010684955963028146,-0.6865507261215884,-0.6874206446824462,2.318329957254067,-1.612706579080766,1.4304818568006918,1.3034604756292698,1.4442994252255623,0.4572656117571569,-0.37109782573699945,0.6391031051442122,0.7439293494448891,1.2785085448632099,-1.2676136780735823,-1.2761757670616813
-0.8257119053599354,0.00664490171420348,0.2166945370556222,-0.7030746009502787,-0.010684955963028146,-0.6865507261215884,-0.6874206446824462,2.4682245950462907,-2.1509459652619705,1.7585941422797424,1.4543372993305952,1.3567229323553442,0.7242937936672053,-0.48415310768396225,0.5194864064401916,0.7715929173419719,1.105517020373029,-1.2676136780735823,-1.2761757670616813
-0.8257119053599354,0.00664490171420348,0.3611575606099783,-0.7030746009502787,-0.010684955963028146,-0.6865507261215884,-0.6874206446824462,2.4982036369652683,-2.0911415890196143,1.9522367630344335,1.610721881665518,1.2887897727351527,1.242119951761205,0.26216476661847593,0.4021290185781918,0.8016624466232896,0.8193625269058222,-1.2676136780735823,-1.2761757670616813
-0.8257119053599354,0.00664490171420348,0.5056205841643344,-0.7030746009502787,-0.010684955963028146,-0.6865507261215884,-0.6874206446824462,2.258372159317444,-1.7323153315654782,1.945704348032798,1.725295228582456,1.2600421577678262,1.738612889834379,0.41390077802624936,0.3263285854850086,0.8189522307765926,0.5726508521436414,-1.2676136780735823,-1.2761757670616813
-0.8257119053599354,0.00664490171420348,0.6500836077186906,-0.7030746009502787,-0.010684955963028146,-0.6865507261215884,-0.6874206446824462,2.0185406816696205,-0.7156409354454252,1.6419745140633557,1.6852303895983178,1.0935392342999448,1.7790960437410026,0.41390077802624936,0.3809800951980308,0.9447592445603894,0.5896648405311853,-1.2676136780735823,-1.2761757670616813
-0.8257119053599354,0.00664490171420348,0.7945466312730467,-0.7030746009502787,-0.010684955963028146,-0.6865507261215884,-0.6874206446824462,1.5388777263739735,-0.47642343047600094,1.2453529540961805,1.5236838490392086,0.8099819706390072,1.446370723245307,0.41390077802624936,0.5039026086566017,1.0997453173313205,0.7569015533795481,-1.2676136780735823,-1.2761757670616813
-0.8257119053599354,0.00664490171420348,0.9390096548274028,-0.7030746009502787,-0.010684955963028146,-0.6865507261215884,-0.6874206446824462,1.568856768292951,-0.23720592550657674,0.912641168404767,1.3532773036240826,0.5304289663531857,0.939798701285272,0.41390077802624936,0.658555737751369,1.2926724512388237,1.0597946968870406,-1.2676136780735823,-1.2761757670616813
-0.8257119053599354,0.00664490171420348,1.083472678381759,-0.7030746009502787,-0.010684955963028146,-0.6865507261215884,-0.6874206446824462,1.4339516514602166,-0.41661905423364487,0.6658381597819106,1.2081642839299227,0.2946816147220711,0.5777231145509762,0.41390077802624936,0.7933040828479372,1.4497122876936115,1.2845559444394656,-1.2676136780735823,-1.2761757670616813
-0.8257119053599354,0.00664490171420348,1.227935701936115,-0.24010316657343242,-0.010684955963028146,-0.6865507261215884,-0.6874206446824462,1.2990465346274822,-0.6558365592030692,0.36176045346203095,1.0576409141681964,0.05113793444629854,0.2515061513075906,0.41390077802624936,0.9118260738663957,1.5737613491625888,1.4573710427721647,-0.9427077536500013,-0.9729796488721578
-0.8257119053599354,0.00664490171420348,1.3723987254904713,-0.7030746009502787,-0.010684955963028146,-0.6865507261215884,-0.6874206446824462,1.1191728549162814,-0.23720592550657674,0.2584247102064277,0.9137858565267831,-0.17101764628165833,-0.026325350292589048,0.41390077802624936,1.0382896364919143,1.683894697797528,1.60293223005962,-1.2676136780735823,-1.2761757670616813
-0.8257119053599354,0.00664490171420348,1.5168617490448273,0.5066017742796558,-0.010684955963028146,0.5586318644882361,-0.6874206446824462,1.1191728549162814,-0.23720592550657674,0.0850953499147807,0.8168483304898089,-0.3547121126390625,-0.21259228890896736,0.41390077802624936,1.1298637902344346,1.777272631203876,1.6986464773823369,0.4353211204987721,0.4456930749277731
-0.8257119053599354,0.00664490171420348,1.6613247725991833,-0.7030746009502787,-0.010684955963028146,-0.6865507261215884,-0.6874206446824462,1.0142464941011922,0.06181595570520356,0.048927741691010225,0.720507779807512,-0.36422336834791325,-0.38376175914548694,0.41390077802624936,1.2345016485064195,1.7746025215443573,1.8044541350463301,-1.2676136780735823,-1.2761757670616813
-0.8257119053599354,0.1168898336148444,-1.6613247691510074,0.40833998040275454,-0.010684955963028146,0.3683934257067193,0.5418081689939991,-0.37977352300595046,0.36083783691698385,-0.09038401843746469,0.5506056716093337,-0.4682777491041403,-0.6373744899850696,0.41390077802624936,1.3219659485602118,1.7090412666117343,1.841190952056218,0.948990071772897,0.9428798263541961
-0.8257119053599354,0.1168898336148444,-1.5168617455966513,-0.7030746009502787,-0.010684955963028146,-0.6865507261215884,-0.1902323705374964,0.1448577092668307,1.0784903518252564,-0.13424797546696599,0.46182959185483763,-0.43279226941722804,-0.6456381018751933,0.41390077802624936,1.3954950198681162,1.6565594718452559,1.8163790585175037,-0.9805967703186074,-1.0031224757771027
-0.8257119053599354,0.1168898336148444,-1.372398722042295,-0.0976700639709938,-0.010684955963028146,-0.6865507261215884,-0.3204296212184049,0.6694889415396119,0.7794684706134762,-0.16979045969258194,0.4342226126906288,-0.44027362837392403,-0.493434658455327,0.41390077802624936,1.4323921158979072,1.6749310060782925,1.7273720620679607,-0.6095166301600956,-0.6239332519810035
-0.8257119053599354,0.1168898336148444,-1.227935698487939,-0.7030746009502787,-0.010684955963028146,-0.6865507261215884,-0.4850975447412245,0.6694889415396119,0.7196640943711202,-0.18813680280578418,0.41083133710915953,-0.5002546322406766,-0.462558614541298,0.41390077802624936,1.4581551044327132,1.7171890914905612,1.710093652793399,-1.1646280119973973,-1.1731060098644384
-0.8257119053599354,0.1168898336148444,-1.083472674933583,-0.028096660414208982,-0.010684955963028146,-0.6865507261215884,-0.21884441080043573,0.5195943037473887,0.7196640943711202,-0.2271553949541924,0.37478112259645346,-0.5882430723080448,-0.4780108770899498,0.41390077802624936,1.491389195749785,1.763448437723015,1.7088988459447108,-0.4779218093913581,-0.4858391078059707
-0.8257119053599354,0.1168898336148444,-0.9390096513792268,-0.7030746009502787,-0.010684955963028146,0.017571918900119745,-0.2636822493975388,0.6395098996206342,0.6598597181287641,-0.25477855204419186,0.3479534119604949,-0.6579972540452165,-0.4818761805343701,0.41390077802624936,1.5158222421866319,1.7993491811470503,1.7012295484751698,-0.5716825249144771,-0.5796763119491871
-0.8257119053599354,0.1168898336148444,-0.7945466278248707,0.3030362655386784,-0.010684955963028146,-0.6865507261215884,-0.014073821794240748,0.6694889415396119,0.36083783691698385,-0.28148167831263965,0.32581592377894264,-0.6765746635617718,-0.47222675564091,0.41390077802624936,1.5339169745074708,1.7994103386295053,1.6827379910187164,-0.09455748512425001,-0.10216163129068363
-0.8257119053599354,0.1168898336148444,-0.6500836042705146,-0.7030746009502787,-0.010684955963028146,-0.045944761148821234,-0.3686996526689577,0.9692782171240583,0.36083783691698385,-0.2334432530778889,0.3813081922960211,-0.47447684988379124,-0.363025830225336,0.41390077802624936,1.498207619445194,1.6829673595174677,1.627073354841176,-0.6857596131647823,-0.6970887267727628
-0.8257119053599354,0.1168898336148444,-0.5056205807161585,-0.004828543470878572,-0.010684955963028146,-0.6865507261215884,-0.312711547518458,1.2690674927085046,0.4206422131593399,0.0676363428533522,0.5475818314095341,0.27243066400275967,-0.1384240326693379,0.41390077802624936,1.4158326737481448,1.3286972445918102,1.5915894255684542,-0.5313146304642701,-0.5411806479438683
-0.8257119053599354,0.1168898336148444,-0.3611575571618023,-0.7030746009502787,-0.010684955963028146,-0.6865507261215884,-0.6874206446824462,1.568856768292951,-0.47642343047600094,0.32225536313932673,0.7629194694575324,0.9896348785792997,-0.006606606489390797,0.4024829933869608,1.2383478275566613,0.9416480202933771,1.5224836490415805,-1.2676136780735823,-1.2761757670616813
-0.8257119053599354,0.1168898336148444,-0.2166945336074462,-0.7030746009502787,-0.010684955963028146,-0.6865507261215884,-0.6874206446824462,1.568856768292951,-0.47642343047600094,0.6766790915448853,0.9333072289349238,1.4397389956909135,0.1626529969715384,-0.0028512725226328703,1.1258209397902212,0.7482966876777828,1.4604698546867452,-1.2676136780735823,-1.2761757670616813
-0.8257119053599354,0.1168898336148444,-0.07223151005309006,-0.7030746009502787,-0.010684955963028146,-0.6865507261215884,-0.6874206446824462,1.4189621305007278,-0.057792796779508555,1.0529710436641275,1.0600712578906768,1.4871361316559863,0.2649142786452143,0.0361205784231163,1.0695102562094296,0.7825214558379486,1.4655635049364164,-1.2676136780735823,-1.2761757670616813
-0.8257119053599354,0.1168898336148444,0.07223151350126605,-0.7030746009502787,-0.010684955963028146,-0.6865507261215884,-0.6874206446824462,1.568856768292951,-0.47642343047600094,1.3974137127518715,1.169040133383458,1.3005464307721322,0.3469880976138002,0.10574752173289113,1.0165786571181976,0.9176807932862258,1.4604143939887249,-1.2676136780735823,-1.2761757670616813
-0.8257119053599354,0.1168898336148444,0.2166945370556222,-0.7030746009502787,-0.010684955963028146,-0.6865507261215884,-0.6874206446824462,1.568856768292951,-1.0146628166572054,1.6340878816975173,1.2451169192293614,1.1246698436169833,0.5113115051391813,0.37540869528767884,0.9561132903397579,0.9895954865379893,1.3366230591186528,-1.2676136780735823,-1.2761757670616813
-0.8257119053599354,0.1168898336148444,0.3611575606099783,-0.7030746009502787,-0.010684955963028146,-0.6865507261215884,-0.6874206446824462,1.568856768292951,-1.2538803216266297,1.7568868214019377,1.3105351206250275,0.9683420988054725,0.974942040201941,0.41390077802624936,0.8825061289195413,1.011874159791972,1.005388188827582,-1.2676136780735823,-1.2761757670616813
-0.8257119053599354,0.1168898336148444,0.5056205841643344,-0.7030746009502787,-0.010684955963028146,-0.6865507261215884,-0.6874206446824462,1.4939094493968395,-1.2538803216266297,1.7720709263822159,1.3725669828001632,0.8723559152666706,1.5855037447863778,0.41390077802624936,0.8174527270238939,1.0257226427694106,0.6500073900724496,-1.2676136780735823,-1.2761757670616813
-0.8257119053599354,0.1168898336148444,0.6500836077186906,-0.7030746009502787,-0.010684955963028146,-0.6865507261215884,-0.6874206446824462,1.4189621305007278,-1.2538803216266297,1.6371768835461384,1.4000368941964567,0.7710600058829101,2.0879997025457597,0.41390077802624936,0.7707784597099756,1.0232550901617106,0.3619932164279259,-1.2676136780735823,-1.2761757670616813
-0.8257119053599354,0.1168898336148444,0.7945466312730467,-0.7030746009502787,-0.010684955963028146,-0.6865507261215884,-0.6874206446824462,1.359004332564105,-1.3734890741113417,1.3144383104277926,1.3670042579043054,0.622076028006512,2.260589976953639,0.41390077802624936,0.7733583256426606,1.0558077867270999,0.24534954277711735,-1.2676136780735823,-1.2761757670616813
-0.8257119053599354,0.1168898336148444,0.9390096548274028,-0.7030746009502787,-0.010684955963028146,-0.5609725909463823,-0.6874206446824462,1.1191728549162814,-1.0744671928995615,0.8053173171316487,1.2282708035097227,0.26272379554033254,1.5282240164805374,0.41390077802624936,0.8708171959969555,1.2331224129682004,0.5603547350243007,-1.2000247038767682,-1.2238303492426974
-0.8257119053599354,0.1168898336148444,1.083472678381759,-0.19012323829991049,-0.010684955963028146,-0.08847285604897319,-0.6874206446824462,0.819383579331835,-0.536227806718357,0.47917979574718655,1.0599474098567228,-0.013950551571036795,1.013012431011153,0.41390077802624936,0.9800512840275638,1.3399619323707834,0.7704876776008718,-0.5265902709166148,-0.5203023288763179
-0.8257119053599354,0.1168898336148444,1.227935701936115,0.35507653374101117,-0.010684955963028146,0.28689486787579904,-0.6874206446824462,0.819383579331835,-0.8352496879301373,0.31534499659905796,0.9248834752996329,-0.10564568754515724,0.5859297640745507,0.41390077802624936,1.0672432327637238,1.3458512678088834,0.9541372634759527,0.1066117262550306,0.11484946837695893
-0.8257119053599354,0.1168898336148444,1.3723987254904713,-0.7030746009502787,-0.010684955963028146,0.7581620697963989,-0.6874206446824462,0.6694889415396119,-0.536227806718357,0.2385090181438836,0.8012754838832933,-0.09790074869169306,0.23994116340188518,0.41390077802624936,1.1428286770291833,1.287399895517396,1.097113196178527,-0.444555885278949,-0.42933230540763795
-0.8257119053599354,0.1168898336148444,1.5168617490448273,2.00815286090998,-0.010684955963028146,-0.6865507261215884,-0.6874206446824462,0.3696996659551655,0.0020115794628475024,0.10717085846885659,0.6814302462176479,0.0021004695010237552,-0.06679629797780949,0.41390077802624936,1.1873771579523802,1.1291551265359443,1.175313653783903,0.6892349555069405,0.6759799671565364
-0.8257119053599354,0.1168898336148444,1.6613247725991833,-0.7030746009502787,-0.010684955963028146,0.9275575256783735,1.3649804247482737,0.33972062403618786,0.0020115794628475024,0.11236474959578267,0.5795520185564726,0.02117768618031865,-0.3843924139179976,0.41390077802624936,1.2149048866178964,1.0231518598012548,1.264917180260971,0.8272324841446022,0.8221964595261279
-0.8257119053599354,0.2271347655154853,-1.6613247691510074,-0.7030746009502787,-0.010684955963028146,-0.6865507261215884,-0.6874206446824462,0.06991039037071911,0.0020115794628475024,0.07171076506308108,0.48962025574356255,0.09484909619461691,-0.3756381119274559,0.41390077802624936,1.2844026763871155,0.9671563291101889,1.2428010260047686,-1.2676136780735823,-1.2761757670616813
-0.8257119053599354,0.2271347655154853,-1.5168617455966513,-0.7030746009502787,-0.010684955963028146,-0.6865507261215884,-0.6311083862414597,0.1298681883073419,0.48044658940169593,-0.0018740454853733472,0.4290328234475764,0.02999186423765363,-0.3042862378396451,0.41390077802624936,1.3085551768649148,0.9604758500692684,1.1563434748705188,-1.2676136780735823,-1.2761757670616813
-0.8257119053599354,0.2271347655154853,-1.372398722042295,-0.4098154376891636,-0.010684955963028146,-0.6865507261215884,-0.5482588725529818,0.1898261291946309,0.36083783691698385,-0.15097527358076385,0.3695864629250995,-0.11141792151085979,-0.4053570060524395,0.41390077802624936,1.3113254477010772,0.9706362332359716,1.1457391273900006,-0.9805195932572478,-0.9931692131574403
-0.8257119053599354,0.2271347655154853,-1.227935698487939,-0.7030746009502787,-0.010684955963028146,-0.6865507261215884,-0.01094806025635475,0.1298681883073419,0.36083783691698385,-0.2131260692424715,0.31132848690820425,-0.2814957509371092,-0.5009073071985083,0.41390077802624936,1.3001118039805892,0.9820262721669268,1.116776852166369,-0.8679308202612599,-0.8636340643248792
-0.8257119053599354,0.2271347655154853,-1.083472674933583,-0.004597372237942511,-0.010684955963028146,-0.6865507261215884,-0.3364384413926107,0.06991039037071911,0.36083783691698385,-0.33367103151839966,0.25510634992136283,-0.4622734322104658,-0.5300346064594723,0.41390077802624936,1.2771793409982357,0.9895685945953496,1.0396100596965359,-0.5472209688514923,-0.5607903953712877
-0.8257119053599354,0.2271347655154853,-0.9390096513792268,-0.7030746009502787,-0.010684955963028146,0.4573889303840947,0.23507248782629792,0.2198050281629423,-0.057792796779508555,-0.36426221980884194,0.21625424758431408,-0.6469252406457543,-0.5347811990892203,0.41390077802624936,1.2186980415178026,0.9796485039483627,0.9304123122787534,0.006184036022896874,0.01699680927007308
-0.8257119053599354,0.2271347655154853,-0.7945466278248707,0.8991143131206604,-0.010684955963028146,-0.6865507261215884,0.32053615297394433,0.2198050281629423,0.0020115794628475024,-0.387976390224189,0.1914032350633189,-0.6343107046428785,-0.4833124459195073,0.41390077802624936,1.1906005442550456,0.9160369148571199,0.8461255889386664,0.5522105543457286,0.5451345187001184
-0.8257119053599354,0.2271347655154853,-0.6500836042705146,-0.7030746009502787,-0.010684955963028146,0.6002223311109108,0.18642513716048917,0.3696996659551655,-0.2970103017489328,-0.33243974648856184,0.23139849650029193,-0.39179730679378144,-0.29598031104865613,0.41390077802624936,1.0890645987776846,0.7215225057223573,0.6807987765847254,0.027388922307149784,0.02881624147215008
-0.8257119053599354,0.2271347655154853,-0.5056205807161585,1.2701403346676334,-0.010684955963028146,-0.6865507261215884,-0.6874206446824462,0.6395098996206342,-0.536227806718357,0.024608064139375444,0.38743519109938873,0.367461992066477,-0.10988832827239366,0.12605149857844294,0.938224870167497,0.3505509763238933,0.5807572847212001,0.17488810429239637,0.15171899464738875
-0.8257119053599354,0.2271347655154853,-0.3611575571618023,-0.7030746009502787,-0.010684955963028146,-0.6865507261215884,0.06668723788226992,1.2690674927085046,-3.0480116088973115,0.3394874684984962,0.626630970070335,1.2330873834190832,0.21216224473195375,-0.5344693806547954,0.6072042583401334,-0.20228252006784697,0.2098754392186117,-0.8339341337556607,-0.8401595790105091
-0.8257119053599354,0.2271347655154853,-0.2166945336074462,-0.7030746009502787,-0.010684955963028146,-0.6865507261215884,-0.6874206446824462,1.5388777263739735,-2.031337212777258,0.8773367021031345,0.8290689308739049,1.787046953062948,0.3310410762242625,-1.3600258652137385,0.47422691986476934,-0.3453942820698027,0.22282311036508798,-1.2676136780735823,-1.2761757670616813
-0.8257119053599354,0.2271347655154853,-0.07223151005309006,-0.7030746009502787,-0.010684955963028146,-0.6865507261215884,-0.6874206446824462,1.8086882459407747,-2.390163470231395,1.2289591426341178,1.0161253833256636,1.8082062851531915,0.501632785314353,-1.7238159307366663,0.3102598577447144,-0.37122269175222933,0.12571273822685353,-1.2676136780735823,-1.2761757670616813
-0.8257119053599354,0.2271347655154853,0.07223151350126605,-0.7030746009502787,-0.010684955963028146,-0.6865507261215884,-0.6874206446824462,2.0185406816696205,-2.509772222716107,1.5850758062187789,1.1756040791830231,1.6148049503333601,0.6339400878466245,-1.7062473313635966,0.16390259798879403,-0.31693761873535314,0.05410970184463464,-1.2676136780735823,-1.2761757670616813
-0.8257119053599354,0.2271347655154853,0.2166945370556222,-0.7030746009502787,-0.010684955963028146,-0.6865507261215884,-0.6874206446824462,2.108477521525221,-2.689185351443175,1.8545617922181856,1.3150541823134074,1.4565401419408834,0.8451752592177706,-1.5698662315574203,0.028946494630456968,-0.28415265385893845,-0.05892269430791816,-1.2676136780735823,-1.2761757670616813
-0.8257119053599354,0.2271347655154853,0.3611575606099783,-0.7030746009502787,-0.010684955963028146,-0.6865507261215884,-0.6874206446824462,2.1984143613808214,-2.808794103927887,2.0001967208217173,1.4446771526821787,1.3466952921317559,1.3591605263101567,-1.2927418676147489,-0.11001365513480237,-0.28133810844298385,-0.2944957210854251,-1.2676136780735823,-1.2761757670616813
-0.8257119053599354,0.2271347655154853,0.5056205841643344,-0.7030746009502787,-0.010684955963028146,-0.6865507261215884,-0.6874206446824462,2.1684353194618438,-3.1676203613820233,1.9944620582026638,1.5294462614954307,1.2479804764540836,1.946956000481005,-1.1049883060903822,-0.25222418531562507,-0.35737247381074944,-0.6022779216376872,-1.2676136780735823,-1.2761757670616813
-0.8257119053599354,0.2271347655154853,0.6500836077186906,-0.7030746009502787,-0.010684955963028146,-0.6865507261215884,-0.6874206446824462,2.0784984796062433,-2.9284028564125992,1.8338915048691662,1.5650205655855267,1.1306650429670588,2.37324200803401,-0.3134080277956435,-0.2931718443933143,-0.324651919474367,-0.741627729096079,-1.2676136780735823,-1.2761757670616813
-0.8257119053599354,0.2271347655154853,0.7945466312730467,-0.7030746009502787,-0.010684955963028146,-0.6865507261215884,-0.6874206446824462,1.988561639750643,-2.9882072326549554,1.4991598363008707,1.5268127513352279,0.9549202457602942,2.541518603797916,0.41390077802624936,-0.2980640453183554,-0.29433385659413697,-0.817951038587754,-1.2676136780735823,-1.2761757670616813
-0.8257119053599354,0.2271347655154853,0.9390096548274028,-0.7030746009502787,-0.010684955963028146,-0.6865507261215884,-0.6874206446824462,1.4189621305007278,-2.0911415890196143,1.2042144330753697,1.3730707242416393,0.6811228980881773,1.9212285407549436,0.41390077802624936,-0.2067595916859506,-0.18095612520201784,-0.620191727098229,-1.2676136780735823,-1.2761757670616813
-0.8257119053599354,0.2271347655154853,1.083472678381759,-0.7030746009502787,-0.010684955963028146,-0.6865507261215884,-0.6874206446824462,1.568856768292951,-1.493097826596054,0.9027196135679485,1.269670835623961,0.4786438053142429,1.3256162023973375,0.41390077802624936,-0.09162054145889399,0.08540271114083674,-0.2524604422717597,-1.2676136780735823,-1.2761757670616813
-0.8257119053599354,0.2271347655154853,1.227935701936115,1.0461485339927479,-0.010684955963028146,-0.6865507261215884,-0.6874206446824462,1.3889830885817502,-2.2705547177466827,0.5903472441554014,1.1539167577316296,0.2547219077308994,0.8592734449387349,0.41390077802624936,-0.1108201042576316,0.029714052214570894,-0.21212370192226573,-0.011317250030058063,-0.020349710580112396
-0.8257119053599354,0.2271347655154853,1.3723987254904713,-0.7030746009502787,-0.010684955963028146,-0.6865507261215884,-0.6874206446824462,1.2240992157313706,-1.9715328365349023,0.5150734218002178,1.0249478163062113,0.038103991437873436,0.5504527884395212,0.41390077802624936,-0.04540975342268061,0.11239528169495734,-0.0986471834871413,-1.2676136780735823,-1.2761757670616813
-0.8257119053599354,0.2271347655154853,1.5168617490448273,2.2400264315581966,-0.010684955963028146,-0.6865507261215884,-0.6874206446824462,1.0442255360201698,-1.7323153315654782,0.3895372759699868,0.9257831129844789,-0.1319879287375743,0.22236176333666186,0.41390077802624936,-0.013061165416211041,0.15992093480703515,0.011399287289714802,0.8302721145018688,0.8277329007758127
-0.8257119053599354,0.2271347655154853,1.6613247725991833,-0.7030746009502787,-0.010684955963028146,1.3248769852627569,1.1944038993450028,0.8793413772684578,-1.3734890741113417,0.3883824967014294,0.8140589666239559,-0.26718783842763805,-0.019945565239061717,0.41390077802624936,0.05112480958372128,0.21441572160240022,0.11016823998764155,0.8849868988750059,0.8769630182377528
-0.8257119053599354,0.3373796974161262,-1.6613247691510074,2.2616781415488116,-0.010684955963028146,-0.6865507261215884,-0.6874206446824462,0.5495733456663663,-0.6558365592030692,0.3341641060832494,0.7064628561367443,-0.25088069726720846,-0.06557160709699844,0.41390077802624936,0.11743367874799306,0.21678026072014975,0.13933576346378904,0.8049495904647069,0.8004506282132247
-0.8257119053599354,0.3373796974161262,-1.5168617455966513,-0.7030746009502787,-0.010684955963028146,0.7082518780998442,0.6423613603691601,0.2198050281629423,0.36083783691698385,0.3273524777477101,0.5911109364670277,-0.19090963981165476,-0.0625273754789824,0.41390077802624936,0.1969511047796916,0.22447656120723544,0.1715780804419885,0.37038238636798104,0.3499854030407282
-0.8257119053599354,0.3373796974161262,-1.372398722042295,0.4532663917527516,-0.010684955963028146,-0.6865507261215884,-0.6874206446824462,0.2797628260995651,0.24122908443227173,0.2898084197162876,0.5127937536024048,-0.12072444692253527,-0.022254168580497564,0.41390077802624936,0.26087894857503635,0.24181644244723025,0.20157161895991005,-0.4781305806443866,-0.49729452667116913
-0.8257119053599354,0.3373796974161262,-1.227935698487939,-0.7030746009502787,-0.010684955963028146,0.3714780595646848,0.33645081330794663,0.06991039037071911,0.7196640943711202,0.24094412459694575,0.42864875538722447,-0.15341332732738547,-0.08675265622432789,0.41390077802624936,0.3255809449652787,0.2965053283447127,0.2705933310429343,-0.026181349837266638,-0.028100830666847872
-0.8257119053599354,0.3373796974161262,-1.083472674933583,1.1910099871517446,-0.010684955963028146,-0.6865507261215884,-0.6874206446824462,0.5195943037473887,-1.0744671928995615,0.15520339864504729,0.40492489913030555,-0.11742969821293338,-0.0713679347674417,0.41390077802624936,0.29323524918519106,0.2284591711639769,0.21166262745993367,0.062396257597050406,0.05335475199508375
-0.8257119053599354,0.3373796974161262,-0.9390096513792268,-0.7030746009502787,-0.010684955963028146,-0.6865507261215884,0.8212970622110923,0.5195943037473887,-0.7754453116877812,0.15049927516939499,0.38403911102225524,-0.1608598738448857,-0.08384838927840454,0.41390077802624936,0.28412618219529034,0.23121060726293025,0.200906090583667,-0.39639766860477677,-0.40424828656526907
-0.8257119053599354,0.3373796974161262,-0.7945466278248707,-0.7030746009502787,-0.010684955963028146,-0.6865507261215884,-0.6874206446824462,0.3696996659551655,-0.596032182960713,0.09810525270482495,0.3488906215208102,-0.2718286681194773,-0.06333542733588962,0.41390077802624936,0.2715522279998329,0.24890008375724149,0.16083486286721488,-1.2676136780735823,-1.2761757670616813
-0.8257119053599354,0.3373796974161262,-0.6500836042705146,0.43641431793613966,-0.010684955963028146,0.5053578633566759,0.2467434967339442,0.5195943037473887,-0.8352496879301373,0.059788290315851644,0.369563502334535,-0.2495694287241669,-0.038879042131972484,0.41390077802624936,0.21857869162606267,0.21300194277926815,0.12463081791704898,0.8921135208391279,0.885314959887832
-0.8257119053599354,0.3373796974161262,-0.5056205807161585,-0.7030746009502787,-0.010684955963028146,-0.6865507261215884,-0.6874206446824462,0.6095311436029891,-0.8352496879301373,0.1775790451856848,0.5009133874239465,0.3074644108477265,0.06538080485949209,0.3831641716464409,0.10600962555821948,-0.017320822944331904,0.08342002570072403,-1.2676136780735823,-1.2761757670616813
-0.8257119053599354,0.3373796974161262,-0.3611575571618023,-0.7030746009502787,-0.010684955963028146,-0.6865507261215884,0.4254459562058083,0.6395098996206342,-0.9548584404148494,0.4086238286709619,0.6613905210831265,0.8987619792642798,0.24544942424720745,-0.05831224437529955,-0.015349398522051045,-0.24905324695146602,0.002504832432017903,-0.6286117854220307,-0.6390847314819551
-0.8257119053599354,0.3373796974161262,-0.2166945336074462,-0.7030746009502787,-0.010684955963028146,-0.6865507261215884,-0.6874206446824462,0.6694889415396119,-1.0744671928995615,0.7992740158858913,0.8223581764498211,1.3333024494525743,0.3590258731618652,-0.8968154836124282,-0.1394389253257323,-0.4150994986150055,-0.058088163647156715,-1.2676136780735823,-1.2761757670616813
-0.8257119053599354,0.3373796974161262,-0.07223151005309006,-0.7030746009502787,-0.010684955963028146,-0.6865507261215884,-0.6874206446824462,0.819383579331835,-1.3136846978689858,1.086928485450908,0.9395309405288511,1.3551961582363288,0.40839027376162645,-1.3242027842490842,-0.24055622103430838,-0.4348492449083281,-0.09204277508943029,-1.2676136780735823,-1.2761757670616813
-0.8257119053599354,0.3373796974161262,0.07223151350126605,-0.7030746009502787,-0.010684955963028146,-0.6865507261215884,-0.6874206446824462,0.819383579331835,-1.55290220283841,1.359731682791986,1.0412533144843763,1.0913327887490114,0.46864832008990437,-1.8021753541086567,-0.34339535551559575,-0.3891318580682668,-0.16548911545860578,-1.2676136780735823,-1.2761757670616813
-0.8257119053599354,0.3373796974161262,0.2166945370556222,-0.7030746009502787,-0.010684955963028146,-0.6865507261215884,-0.6874206446824462,0.819383579331835,-1.3136846978689858,1.55002112795825,1.13949194065334,0.906929640593693,0.6311074307329346,-1.942913960301393,-0.4074919125165533,-0.31620524703943087,-0.2195049967906699,-1.2676136780735823,-1.2761757670616813
-0.8257119053599354,0.3373796974161262,0.3611575606099783,-0.7030746009502787,-0.010684955963028146,-0.6865507261215884,-0.6874206446824462,0.5495733456663663,-0.6558365592030692,1.5803527197766554,1.18564759811632,0.7462942708655026,0.9438015281575043,-1.6084340058820747,-0.43064394368506864,-0.23178558358968918,-0.3100616175467079,-1.2676136780735823,-1.2761757670616813
-0.8257119053599354,0.3373796974161262,0.5056205841643344,-0.7030746009502787,-0.010684955963028146,-0.6865507261215884,-0.6874206446824462,0.6095311436029891,-0.9548584404148494,1.498014211567851,1.2076167086337324,0.6161405071236291,1.3270427028053517,-0.9226752228765467,-0.4545600046561449,-0.1799296771010999,-0.4434118439046961,-1.2676136780735823,-1.2761757670616813
-0.8257119053599354,0.3373796974161262,0.6500836077186906,1.4047937033495659,-0.010684955963028146,-0.6865507261215884,-0.6874206446824462,0.6694889415396119,-1.55290220283841,1.234391705580423,1.1900038483443331,0.46566042322941165,1.533889330707917,-0.03472208820776177,-0.482825010030189,-0.17784381658247977,-0.5620512292874146,0.2374488412836547,0.22807634384949033
-0.8257119053599354,0.3373796974161262,0.7945466312730467,-0.7030746009502787,-0.010684955963028146,2.005361649035696,-0.6874206446824462,0.5195943037473887,-1.1940759453842735,1.0245416335514037,1.0904077642301766,0.25025016702943975,1.4342312291855466,0.381899539915868,-0.454883210954326,-0.12961875609126391,-0.5589915018804941,0.2951796198368969,0.3173176365638209
-0.8257119053599354,0.3373796974161262,0.9390096548274028,2.253263884922285,-0.010684955963028146,-0.6865507261215884,-0.6874206446824462,0.3696996659551655,-1.612706579080766,0.5946126038206335,0.9160464310341805,0.2031845781043267,0.7724131596838165,0.41390077802624936,-0.42246882479766745,-0.223340212377784,-0.43409663012934163,0.8014251937971364,0.7939487380402582
-0.8257119053599354,0.3373796974161262,1.083472678381759,-0.7030746009502787,-0.010684955963028146,1.0217732684686511,1.4384772920095508,0.3247313889780315,-1.3136846978689858,0.5301666353205133,0.7438148665569113,0.2537687099910146,0.14814875095188645,0.41390077802624936,-0.3476129446370508,-0.27143731927095605,-0.23395250862494585,0.7964103698974415,0.7902785175415762
-0.8257119053599354,0.3373796974161262,1.227935701936115,2.25304798774291,-0.010684955963028146,-0.6865507261215884,-0.6874206446824462,0.2797628260995651,-1.493097826596054,0.43026384289159547,0.624397530806332,0.3158144230491176,0.04109205176284875,0.41390077802624936,-0.3152756845172438,-0.34811383820449765,-0.24893410261417273,0.7705579641091577,0.7639901436373419
-0.8257119053599354,0.3373796974161262,1.3723987254904713,-0.7030746009502787,-0.010684955963028146,1.1986605458305484,1.3281061657493878,0.2198050281629423,-1.612706579080766,0.448812893577421,0.5345555230292649,0.3003883681473815,0.10604949333144814,0.41390077802624936,-0.3444531873147881,-0.4434650763372883,-0.3775223511645873,0.7526555820156232,0.7471853558811354
-0.8257119053599354,0.3373796974161262,1.5168617490448273,2.2669884954902897,-0.010684955963028146,-0.6865507261215884,-0.6874206446824462,0.2198050281629423,-1.612706579080766,0.41425582971291264,0.4726913427427973,0.3630217483338135,0.21497699938758524,0.41390077802624936,-0.37643711377826883,-0.5400644042272695,-0.49372321262805313,0.7644819387648822,0.7566650532164555
-0.8257119053599354,0.3373796974161262,1.6613247725991833,-0.7030746009502787,-0.010684955963028146,1.228632643318821,1.2879368091600865,0.2198050281629423,-1.672510955323122,0.4353106075545207,0.42867519485514727,0.36292311308942543,0.23494556385550708,0.41390077802624936,-0.4052771901645874,-0.5955435662455517,-0.5573545378920775,0.7350970478833833,0.7281702897864688
-0.8257119053599354,0.44762462931676716,-1.6613247691510074,2.301492268942226,-0.010684955963028146,-0.6865507261215884,-0.6874206446824462,0.2198050281629423,-1.672510955323122,0.42818772501069524,0.3905432201312583,0.40970357156017295,0.30299117943917486,0.41390077802624936,-0.44959839029793736,-0.6707785469313009,-0.6415150553917875,0.7623510879644921,0.7554466267928187
-0.8257119053599354,0.44762462931676716,-1.5168617455966513,-0.7030746009502787,-0.010684955963028146,-0.6865507261215884,1.0857499808120945,0.2198050281629423,-1.672510955323122,0.4485650672225041,0.36068053688795365,0.3697024211890063,0.3275883430632783,0.41390077802624936,-0.48380210050955236,-0.7013674810724746,-0.6929858583926546,-0.3051359620559743,-0.31291215184759186
-0.8257119053599354,0.44762462931676716,-1.372398722042295,-0.7030746009502787,-0.010684955963028146,-0.6865507261215884,-0.6874206446824462,0.2198050281629423,-1.672510955323122,0.39756318805507945,0.3298695116767873,0.21958206583314538,0.3835172495338055,0.41390077802624936,-0.5053776272810486,-0.6860332182641911,-0.7413340494156174,-1.2676136780735823,-1.2761757670616813
-0.8257119053599354,0.44762462931676716,-1.227935698487939,0.666645188759381,-0.010684955963028146,-0.6865507261215884,0.2856397474360396,0.2198050281629423,-1.612706579080766,0.25456672737262886,0.3051479133935194,0.038626178025810344,0.31378880289265115,0.41390077802624936,-0.5278709538910785,-0.654012505047957,-0.7437391659065351,0.2640147360851944,0.23368554683168039
-0.8257119053599354,0.44762462931676716,-1.083472674933583,-0.7030746009502787,-0.010684955963028146,-0.6865507261215884,0.8869713150778559,0.20481550720345348,-1.4332934503536978,0.20853118373447574,0.27921566578957696,-0.14780769574926278,0.33013618834422137,0.41390077802624936,-0.5362056272672164,-0.6051780384372442,-0.7589733899257204,-0.41945669166097604,-0.40333421090460014
-0.8257119053599354,0.44762462931676716,-0.9390096513792268,0.7694716402619455,-0.010684955963028146,0.865475739059869,-0.6874206446824462,0.1898261291946309,-1.3136846978689858,0.0953915868132546,0.25065547422920487,-0.35216831797496984,0.3678566674732017,0.41390077802624936,-0.5394977039464527,-0.541628691180982,-0.7737503907100458,0.767490653361907,0.7249006169966825
-0.8257119053599354,0.44762462931676716,-0.7945466278248707,-0.7030746009502787,-0.010684955963028146,1.2435079213862674,1.1199675778380074,0.06991039037071911,-1.1342715691419176,0.0698517404535065,0.2286279185721736,-0.26596940305578526,0.3596719891481535,0.41390077802624936,-0.5254778775788934,-0.5669875762197392,-0.7683342386848789,0.7366248616162652,0.7296994118780177
-0.8257119053599354,0.44762462931676716,-0.6500836042705146,2.2660582563572502,-0.010684955963028146,-0.6865507261215884,-0.6874206446824462,0.2198050281629423,-1.1342715691419176,0.0864646068730815,0.266659005852673,0.059286531820913944,0.4341869020756405,0.41390077802624936,-0.5484763797303012,-0.6712038299919179,-0.790815254462309,0.8362719289022923,0.8249384818337814
-0.8257119053599354,0.44762462931676716,-0.5056205807161585,-0.7030746009502787,-0.010684955963028146,1.2228997639533623,1.0955421858212953,0.4896152618284111,-1.8519240840501903,0.2872085316235446,0.4323732414869777,1.2158817497803622,0.6105668013552386,0.41390077802624936,-0.649597772759585,-1.004584760990147,-0.8460379518493257,0.7243602919398573,0.7216051552384135
-0.8257119053599354,0.44762462931676716,-0.3611575571618023,-0.7030746009502787,-0.010684955963028146,-0.6865507261215884,-0.6874206446824462,0.6694889415396119,-1.9715328365349023,0.5907886235474038,0.6227715035290812,1.8711604371007846,0.7540216390212181,0.24941364557816895,-0.7620848924132734,-1.1663500973170986,-0.8866792893395214,-1.2676136780735823,-1.2761757670616813
-0.8257119053599354,0.44762462931676716,-0.2166945336074462,-0.7030746009502787,-0.010684955963028146,-0.6865507261215884,-0.6874206446824462,0.6694889415396119,-2.1509459652619705,0.9513766238468981,0.7984102804910304,2.20588121110074,0.8245866187025543,-0.23816826225625407,-0.865331107757818,-1.2505364081032893,-0.9154271456440354,-1.2676136780735823,-1.2761757670616813
-0.8257119053599354,0.44762462931676716,-0.07223151005309006,-0.7030746009502787,-0.010684955963028146,-0.6865507261215884,-0.6874206446824462,0.5495733456663663,-1.9117284602925464,1.3012302773328939,0.9295813512842273,2.2122452565327713,0.8112940435942164,-0.3238162031251653,-0.948371265522712,-1.256487226329602,-0.9171261208066164,-1.2676136780735823,-1.2761757670616813
-0.8257119053599354,0.44762462931676716,0.07223151350126605,-0.7030746009502787,-0.010684955963028146,-0.6865507261215884,-0.6874206446824462,0.6694889415396119,-1.9715328365349023,1.6082923622381056,1.0423345495673235,1.9357134746485847,0.8017723771514457,-0.4356732290401211,-1.0237135217532238,-1.1944862260449232,-0.9154079309140126,-1.2676136780735823,-1.2761757670616813
-0.8257119053599354,0.44762462931676716,0.2166945370556222,-0.7030746009502787,-0.010684955963028146,-0.6865507261215884,-0.6874206446824462,0.6694889415396119,-1.7921197078078341,1.7931224347468462,1.115866188737924,1.5691119661536812,0.8692386040924972,-0.6677657572065634,-1.0673552897056844,-1.0904249262486807,-0.9160845950997006,-1.2676136780735823,-1.2761757670616813
-0.8257119053599354,0.44762462931676716,0.3611575606099783,-0.7030746009502787,-0.010684955963028146,-0.6865507261215884,-0.6874206446824462,0.6694889415396119,-2.0911415890196143,1.8774919420542573,1.1730283183869672,1.3304387118949201,1.2708501419525104,-0.1703625749562546,-1.1129191831078054,-1.0347527494808069,-1.0303310128309644,-1.2676136780735823,-1.2761757670616813
-0.8257119053599354,0.44762462931676716,0.5056205841643344,-0.7030746009502787,-0.010684955963028146,-0.6865507261215884,-0.6874206446824462,0.6694889415396119,-1.9715328365349023,1.8291121834230246,1.2063371775413645,1.1353141613348972,1.779415032993679,0.41390077802624936,-1.1348608175354813,-0.9809916356043951,-1.1565905671121428,-1.2676136780735823,-1.2761757670616813
-0.8257119053599354,0.44762462931676716,0.6500836077186906,-0.7030746009502787,-0.010684955963028146,-0.6865507261215884,-0.6874206446824462,0.6395098996206342,-1.7323153315654782,1.6367283113047848,1.2140178429729311,0.9351907102798782,2.156749210230359,0.41390077802624936,-1.140424014981131,-0.9169467392438444,-1.2372397018747952,-1.2676136780735823,-1.2761757670616813
-0.8257119053599354,0.44762462931676716,0.7945466312730467,0.9632730422939002,-0.010684955963028146,0.911641902804168,-0.6874206446824462,0.6095311436029891,-1.55290220283841,1.142174799630907,1.1569197246672798,0.6455661357876736,2.2543729415188243,0.41390077802624936,-1.1123600193406313,-0.8141093481434672,-1.2420937138721937,0.8619487259826907,0.8500221424960325
-0.8257119053599354,0.44762462931676716,0.9390096548274028,-0.7030746009502787,-0.010684955963028146,1.784567553176433,-0.6874206446824462,0.3696996659551655,-0.596032182960713,0.9343073384412228,1.0045894260056731,0.5345260588994906,1.5110197542864463,0.41390077802624936,-1.0244413987260106,-0.7462254101005905,-1.029292544012916,0.05973714273066739,0.1012725998425189
-0.8257119053599354,0.44762462931676716,1.083472678381759,1.513358809380575,-0.010684955963028146,0.398516460009405,-0.6874206446824462,0.3696996659551655,-0.596032182960713,0.546100758319498,0.8590248480304109,0.8088389622187453,0.9524598078730057,0.41390077802624936,-0.9246677831907079,-0.7623221896050134,-0.8123442677067931,0.7514202098054941,0.7416321313345013
-0.8257119053599354,0.44762462931676716,1.227935701936115,-0.7030746009502787,-0.010684955963028146,0.6394546061320991,1.6705371337207249,0.33972062403618786,-0.41661905423364487,0.49786943394305727,0.7373970336063931,0.9424955204377955,0.2796016179859177,0.41390077802624936,-0.8500054411788156,-0.7725025248581913,-0.5704511231962301,0.7163175209643824,0.7104995248425574
-0.8257119053599354,0.44762462931676716,1.3723987254904713,-0.7030746009502787,-0.010684955963028146,-0.6865507261215884,-0.6874206446824462,0.2198050281629423,-0.2970103017489328,0.3943015578220305,0.6336777840472265,0.937558785012792,0.17393480054068416,0.41390077802624936,-0.7742944260846072,-0.7289451682495144,-0.48810137565196077,-1.2676136780735823,-1.2761757670616813
-0.8257119053599354,0.44762462931676716,1.5168617490448273,1.2228043853783683,-0.010684955963028146,-0.6865507261215884,0.7912679961052459,0.06991039037071911,0.0020115794628475024,0.2489634977280828,0.5560869907750083,0.800250236148583,0.22561187322234913,0.41390077802624936,-0.7183416555185799,-0.6606008141241849,-0.47694635147692654,0.8339669073363537,0.8230575245293598
-0.8257119053599354,0.44762462931676716,1.6613247725991833,-0.7030746009502787,-0.010684955963028146,1.256087872041737,1.0095342187481626,0.009952592434096328,0.12162033194755961,0.19237604409179213,0.47705107184816886,0.5354394709945802,0.33331794339004944,0.41390077802624936,-0.6510491883655855,-0.5299304792621957,-0.46576316025447256,0.7019513985626973,0.6990772632225511
-0.8257119053599354,0.557869561217408,-1.6613247691510074,2.296116160424125,-0.010684955963028146,-0.6865507261215884,-0.6874206446824462,-0.22987888521372726,0.7196640943711202,0.12046324406978237,0.3986149113778934,0.523284127642049,0.3923439751046742,0.41390077802624936,-0.5836793541568743,-0.4870627708599247,-0.4464840172162905,0.8392402013710938,0.8277515261419393
-0.8257119053599354,0.557869561217408,-1.5168617455966513,-0.7030746009502787,-0.010684955963028146,0.776645187505383,0.7768566508317768,-0.22987888521372726,0.0020115794628475024,0.1584630671919095,0.32871174129195835,0.3926230969290368,0.33420086007156435,0.41390077802624936,-0.5419715215784667,-0.43928055994024373,-0.42246866157670165,0.4027747336469601,0.41245017351882823
-0.8257119053599354,0.557869561217408,-1.372398722042295,1.0189148517005455,-0.010684955963028146,-0.6865507261215884,-0.6874206446824462,-0.22987888521372726,0.4206422131593399,0.1300408499285368,0.2751495539332426,0.37266976719664774,0.3292809390978876,0.41390077802624936,-0.5042539973316673,-0.42117621016956314,-0.409332991764889,-0.0755997432268783,-0.1136706748363781
-0.8257119053599354,0.557869561217408,-1.227935698487939,-0.7030746009502787,-0.010684955963028146,0.847702432315963,0.8526202573953482,-0.22987888521372726,0.36083783691698385,0.11848847997519382,0.22393630456682403,0.24217948320921492,0.21618297406224438,0.41390077802624936,-0.4591222507547804,-0.35508340562879526,-0.34794520458022726,0.5031193827091419,0.5261247741386308
-0.8257119053599354,0.557869561217408,-1.083472674933583,2.110163113573839,-0.010684955963028146,-0.6865507261215884,-0.6874206446824462,-0.37977352300595046,0.7196640943711202,0.08757165177776309,0.18594418071273716,0.23491362982849287,0.2129117067261245,0.41390077802624936,-0.43070419840135893,-0.3427651609357591,-0.33692424681694283,0.6870440706139878,0.6800779570530685
-0.8257119053599354,0.557869561217408,-0.9390096513792268,-0.7030746009502787,-0.010684955963028146,1.173654405515581,1.176342154090481,-0.2448684061732161,0.4206422131593399,0.10188215250957443,0.16047253647102838,0.1949671847189196,0.17690091234171826,0.41390077802624936,-0.40651554509378546,-0.31599813570700397,-0.3111016148091901,0.731621720998057,0.7246920538309366
-0.8257119053599354,0.557869561217408,-0.7945466278248707,1.9872156720408134,-0.010684955963028146,-0.6865507261215884,-0.6874206446824462,-0.22987888521372726,0.36083783691698385,0.09657906085158996,0.1360654287009472,0.20195205198327562,0.18632492901326161,0.41390077802624936,-0.3792818594437659,-0.30524721415475253,-0.3012075572918998,0.5738334324930189,0.5667749427212069
-0.8257119053599354,0.557869561217408,-0.6500836042705146,-0.7030746009502787,-0.010684955963028146,1.2110633052430408,1.2130496918616143,-0.07998424742150408,0.0020115794628475024,0.14855785973997995,0.1497081941491,0.3032529345726354,0.20088776489565002,0.41390077802624936,-0.3742797539162113,-0.33023243131312063,-0.29489748362226476,0.7242324948146714,0.7172969647813111
-0.8257119053599354,0.557869561217408,-0.5056205807161585,1.917135268448066,-0.010684955963028146,-0.6865507261215884,-0.6874206446824462,-0.07998424742150408,0.7196640943711202,0.3270941890664642,0.22528471743088566,0.8227092326354694,0.3096289226383614,0.08481588696581188,-0.33929393748714837,-0.4064233771856111,-0.22448401370781884,0.5499407623670424,0.5186285759586046
-0.8257119053599354,0.557869561217408,-0.3611575571618023,-0.7030746009502787,-0.010684955963028146,0.7296168115911548,0.7914141125137594,-0.22987888521372726,0.7196640943711202,0.5301607502619533,0.38095404258095017,1.5929286477692035,0.500303934677566,0.19101700467138227,-0.44421740311434943,-0.673931844076314,-0.31615094017028594,0.3807353914503655,0.3907961386532628
-0.8257119053599354,0.557869561217408,-0.2166945336074462,-0.7030746009502787,-0.010684955963028146,-0.6865507261215884,-0.6874206446824462,-0.22987888521372726,1.0784903518252564,0.7946607838702217,0.5577575476824448,1.7303888794041942,0.6144247810668167,-0.1834828380394636,-0.5191053387840325,-0.6834463868786534,-0.3207980662961326,-1.2676136780735823,-1.2761757670616813
-0.8257119053599354,0.557869561217408,-0.07223151005309006,-0.7030746009502787,-0.010684955963028146,-0.6865507261215884,-0.6874206446824462,0.06991039037071911,0.7196640943711202,0.9917775508615183,0.7093391919365538,1.5821434225593067,0.6493288780439784,-0.48264626287792045,-0.553082491262396,-0.5738192140027556,-0.26052102151630957,-1.2676136780735823,-1.2761757670616813
-0.8257119053599354,0.557869561217408,0.07223151350126605,-0.7030746009502787,-0.010684955963028146,-0.6865507261215884,-0.6874206446824462,0.5195943037473887,-0.2970103017489328,1.2122462302190222,0.8904919895113451,1.3751934179515124,0.6558543240062534,-0.8667775687964722,-0.5891425287734822,-0.4348746187574317,-0.1831524743812372,-1.2676136780735823,-1.2761757670616813
-0.8257119053599354,0.557869561217408,0.2166945370556222,-0.7030746009502787,-0.010684955963028146,-0.6865507261215884,-0.6874206446824462,0.3696996659551655,-0.2970103017489328,1.3833935415756884,0.9708422283041354,1.1575891492146058,0.6629160299621859,-1.1046610855413113,-0.6171293983771303,-0.35358439669713565,-0.17871430844438813,-1.2676136780735823,-1.2761757670616813
-0.8257119053599354,0.557869561217408,0.3611575606099783,-0.7030746009502787,-0.010684955963028146,-0.6865507261215884,-0.6874206446824462,0.6994679834585895,-0.7156409354454252,1.4597011725512512,1.0505509621120623,1.0013302004138864,1.0055088598404165,-1.1009056183856045,-0.613567862606644,-0.2502041787223453,-0.2593589670483419,-1.2676136780735823,-1.2761757670616813
-0.8257119053599354,0.557869561217408,0.5056205841643344,-0.7030746009502787,-0.010684955963028146,-0.6865507261215884,-0.6874206446824462,0.9692782171240583,-1.55290220283841,1.41568551178998,1.1003545703729138,0.859648546092606,1.3849595958684515,-1.1217289559602865,-0.6465095980402751,-0.2466143212504469,-0.4421886516593833,-1.2676136780735823,-1.2761757670616813
-0.8257119053599354,0.557869561217408,0.6500836077186906,-0.7030746009502787,-0.010684955963028146,-0.6865507261215884,-0.6874206446824462,0.819383579331835,-1.7323153315654782,1.2256844344931577,1.075054782672703,0.6504067225710887,1.64069132674367,-0.7606486492191665,-0.6734726195047187,-0.2624376270478642,-0.6112313307806813,-1.2676136780735823,-1.2761757670616813
-0.8257119053599354,0.557869561217408,0.7945466312730467,1.8546264953950418,-0.010684955963028146,-0.6865507261215884,-0.6874206446824462,0.7894045374128574,-1.9715328365349023,0.8164263460068025,1.0017757099983124,0.417035734348887,1.6811809906350423,0.24565002702088382,-0.6980023145064952,-0.3093141867380009,-0.7375015841728951,0.558031524668009,0.5196701637412162
-0.8257119053599354,0.557869561217408,0.9390096548274028,-0.7030746009502787,-0.010684955963028146,2.2422259655596726,-0.6874206446824462,0.6694889415396119,-1.9715328365349023,0.6539379174781302,0.8489799375461707,0.08958744467045268,1.0980271355898725,0.29338347017734256,-0.6570406763346266,-0.26892075392909,-0.623560855328357,0.4033858591401129,0.42871236956513026
-0.8257119053599354,0.557869561217408,1.083472678381759,2.2771553713771,-0.010684955963028146,-0.6865507261215884,-0.6874206446824462,0.5195943037473887,-2.390163470231395,0.38006821674689517,0.7045411242840415,0.21533743485405826,0.5498839785221212,0.3310813735050008,-0.715966896640147,-0.5367597314696553,-0.6522964840774019,0.8099780748166017,0.8008810583776642
-0.8257119053599354,0.557869561217408,1.227935701936115,-0.7030746009502787,-0.010684955963028146,0.9854236460243251,1.4900539785760312,0.2797628260995651,-2.031337212777258,0.35395686581142843,0.5672722772572862,0.25219883475680427,-0.07291242864902268,0.23565407971403496,-0.7050489830672119,-0.6345340637565885,-0.5318185983902325,0.7900109872701714,0.7841824966106846
-0.8257119053599354,0.557869561217408,1.3723987254904713,-0.7030746009502787,-0.010684955963028146,-0.6865507261215884,-0.6874206446824462,0.06991039037071911,-2.2705547177466827,0.29411170531446224,0.4532861648384225,0.2739159947417802,-0.058737750607263425,0.16834562791031046,-0.7383428470628435,-0.7727092024496078,-0.6745438662056915,-1.2676136780735823,-1.2761757670616813
-0.8257119053599354,0.557869561217408,1.5168617490448273,1.1688019611926996,-0.010684955963028146,-0.6865507261215884,0.8969672672336452,0.06991039037071911,-2.031337212777258,0.15770912580082982,0.38778794926351634,0.1872794377298485,-0.06558625456268256,0.19671134091677964,-0.8447558092767405,-0.9015138003557135,-0.8330341649572148,0.856547994308349,0.8478493195641783
-0.8257119053599354,0.557869561217408,1.6613247725991833,-0.7030746009502787,-0.010684955963028146,1.4806548652647444,1.0676263165068642,0.06991039037071911,-2.569576598958463,0.13358430907707167,0.3233688814451425,0.03671066500244179,0.06758362094876486,-0.06141094146098511,-0.958304858050329,-1.0161413564690644,-1.029705005660791,0.7403971235941468,0.7377562131110158
-0.8257119053599354,0.6681144931180489,-1.6613247691510074,2.368652058492663,-0.010684955963028146,-0.6865507261215884,-0.6874206446824462,-0.07998424742150408,-2.2705547177466827,0.09910440486923928,0.27299473729753626,0.07698865715197499,0.15191965961745352,-0.09716182429737454,-1.0216267804186585,-1.1038995244752252,-1.129044504830871,0.84297184147796,0.8361333502475622
-0.8257119053599354,0.6681144931180489,-1.5168617455966513,-0.7030746009502787,-0.010684955963028146,-0.6865507261215884,2.1737055644261365,-0.07998424742150408,-2.2705547177466827,0.10994468273681837,0.217208155755949,0.01747845008196563,0.1729086641947023,-0.5731407942280881,-1.1289577834899545,-1.192487547469377,-1.2364369410233327,0.3154312402232275,0.3081618363921838
-0.8257119053599354,0.6681144931180489,-1.372398722042295,-0.7030746009502787,-0.010684955963028146,-0.6865507261215884,-0.6874206446824462,-0.10996314638981547,-2.569576598958463,0.08434402410528327,0.18950724690306717,-0.10341603370142666,0.3514034947694684,-0.5314615134724108,-1.2218814018585118,-1.2524395552213128,-1.3629942144452616,-1.2676136780735823,-1.2761757670616813
-0.8257119053599354,0.6681144931180489,-1.227935698487939,1.4059851691112593,-0.010684955963028146,-0.6865507261215884,0.5889568066908812,-0.22987888521372726,-2.4499678464737507,-0.01664619636644942,0.1570778479448382,-0.29577465308058387,0.3656823325672036,-0.11726667404722842,-1.2922642129006026,-1.2774916769305225,-1.430860640885667,0.8009876998411558,0.7885424696791056
-0.8257119053599354,0.6681144931180489,-1.083472674933583,-0.7030746009502787,-0.010684955963028146,1.714540402439547,0.7626805351952061,-0.22987888521372726,-2.4499678464737507,-0.02094163521987728,0.13095426208619146,-0.38560317921972986,0.3963101833126962,0.05874770471847746,-1.340393752122364,-1.302360217757115,-1.47855935219894,0.7338958268037539,0.7269682373110751
-0.8257119053599354,0.6681144931180489,-0.9390096513792268,2.355927562493346,-0.010684955963028146,-0.6865507261215884,-0.6874206446824462,-0.6795627985903968,-1.672510955323122,-0.044882707337483334,0.08626738664386888,-0.3365889225672523,0.408757274151823,0.41390077802624936,-1.3771568416631252,-1.3473082564801244,-1.5118659032013548,0.8426700533300178,0.8358312509024777
-0.8257119053599354,0.6681144931180489,-0.7945466278248707,-0.7030746009502787,-0.010684955963028146,1.4152443099824252,1.0849276707163655,-0.82945743638262,-1.2538803216266297,-0.026471628580120754,0.039898126111091704,-0.29492920812868606,0.34011111247510634,0.41390077802624936,-1.3923576604699741,-1.3663168478220657,-1.507112550187371,0.7543872240747509,0.7474761981368028
-0.8257119053599354,0.6681144931180489,-0.6500836042705146,1.4070831092898541,-0.010684955963028146,0.6188807572751661,-0.6874206446824462,-0.5296681607981737,-1.1940759453842735,0.02742112213107078,0.05655012047413948,0.15493868171695627,0.3646602649616896,0.41390077802624936,-1.414261695954685,-1.4413570787941823,-1.4931872204763843,0.7993504227478827,0.79075909292251
-0.8257119053599354,0.6681144931180489,-0.5056205807161585,-0.7030746009502787,-0.010684955963028146,1.0847385009184332,1.3996197407141484,-0.07998424742150408,-1.7921197078078341,0.19687353662244775,0.1791979417395992,1.3585646761623218,0.49888150301001927,0.3469707841529449,-1.4710286282472267,-1.6453516567562165,-1.4967939126413392,0.6895759275835613,0.6875641261897959
-0.8257119053599354,0.6681144931180489,-0.3611575571618023,-0.7030746009502787,-0.010684955963028146,-0.6865507261215884,-0.6874206446824462,0.3696996659551655,-2.9882072326549554,0.430933431776648,0.40027642320419843,1.8605152905152709,0.652857289777664,-0.42024844828213886,-1.6314587385210417,-1.7667995733863155,-1.5720586651881234,-1.2676136780735823,-1.2761757670616813
-0.8257119053599354,0.6681144931180489,-0.2166945336074462,-0.7030746009502787,-0.010684955963028146,-0.6865507261215884,-0.6874206446824462,0.3696996659551655,-2.569576598958463,0.7666622908231713,0.5569281833202356,2.130329929369869,0.6974213903735021,-1.1407648076174464,-1.6913994072300254,-1.780121711647733,-1.5471170722217555,-1.2676136780735823,-1.2761757670616813
-0.8257119053599354,0.6681144931180489,-0.07223151005309006,-0.7030746009502787,-0.010684955963028146,-0.6865507261215884,-0.6874206446824462,0.5795521016840115,-2.7489897276855313,1.0732202223784066,0.7596924628200104,2.0421085775069288,0.7270068298111415,-1.7221204392083844,-1.779512048031101,-1.7578154958395953,-1.5423112062240163,-1.2676136780735823,-1.2761757670616813
-0.8257119053599354,0.6681144931180489,0.07223151350126605,-0.7030746009502787,-0.010684955963028146,-0.6865507261215884,-0.6874206446824462,0.6694889415396119,-3.1078159851396676,1.391849716831059,0.9184211127189289,1.7887046882627478,0.7105992270006477,-2.2799115333224593,-1.879842417144926,-1.7393248996992263,-1.5640493980067027,-1.2676136780735823,-1.2761757670616813
-0.8257119053599354,0.6681144931180489,0.2166945370556222,-0.7030746009502787,-0.010684955963028146,-0.6865507261215884,-0.6874206446824462,0.819383579331835,-3.3470334901090917,1.6208693862762895,1.017274108629361,1.5281302654118332,0.8134040924008231,-2.6710996240359206,-1.94934044793301,-1.7250403985711653,-1.6142816151433181,-1.2676136780735823,-1.2761757670616813
-0.8257119053599354,0.6681144931180489,0.3611575606099783,-0.7030746009502787,-0.010684955963028146,-0.6865507261215884,-0.6874206446824462,0.9392991752050807,-3.5862509950785157,1.6878256591999612,1.0573326856342546,1.2418999037412184,1.1651605395606572,-2.7050443891797515,-2.0324196507540604,-1.741158106079336,-1.7413642367520057,-1.2676136780735823,-1.2761757670616813
-0.8257119053599354,0.6681144931180489,0.5056205841643344,-0.7030746009502787,-0.010684955963028146,-0.6865507261215884,-0.6874206446824462,0.9542886961645695,-3.466642242593804,1.645174678129222,1.1103953062043241,1.0931355757787937,1.652957765506026,-2.416214612570672,-2.0747278613255844,-1.7298535141274134,-1.8308980006581388,-1.2676136780735823,-1.2761757670616813
-0.8257119053599354,0.6681144931180489,0.6500836077186906,-0.7030746009502787,-0.010684955963028146,-0.6865507261215884,-0.6874206446824462,0.9542886961645695,-3.3470334901090917,1.4604917320844821,1.1406079645098697,0.8930121247237747,1.9766049122699423,-1.7777199848878817,-2.0955128462193517,-1.6949691343258062,-1.876970337919428,-1.2676136780735823,-1.2761757670616813
-0.8257119053599354,0.6681144931180489,0.7945466312730467,-0.7030746009502787,-0.010684955963028146,-0.6865507261215884,-0.6874206446824462,0.9692782171240583,-3.2274247376243794,1.1589112522802427,1.0813285901005893,0.6598906256491428,2.0658218120038168,-0.6518612082414024,-2.0942910010824174,-1.6463280077704427,-1.8822728391834942,-1.2676136780735823,-1.2761757670616813
-0.8257119053599354,0.6681144931180489,0.9390096548274028,2.276984445311437,-0.010684955963028146,-0.6865507261215884,-0.6874206446824462,0.5195943037473887,-2.390163470231395,0.638489638758046,0.9278739182767932,0.3381656667480169,1.4021427006121099,0.41390077802624936,-2.03180975251577,-1.5531330046351963,-1.7510601423659362,0.8577188388561129,0.8424731383329223
-0.8257119053599354,0.6681144931180489,1.083472678381759,-0.7030746009502787,-0.010684955963028146,1.3032924978050893,1.176569957625014,0.3097418680185427,-2.2107503415043266,0.532452653623388,0.7537004444581432,-0.04265174995276882,0.4489328312790804,0.41390077802624936,-1.9655442667472272,-1.4417711930237835,-1.5480091378979828,0.8577984649130149,0.8518089495980565
-0.8257119053599354,0.6681144931180489,1.227935701936115,1.2576204482773168,-0.010684955963028146,0.798251013223716,-0.6874206446824462,0.0998892893390305,-1.672510955323122,0.34666266267396645,0.6096964908657965,-0.044631085781329655,0.31475309438352234,0.41390077802624936,-1.9013272003136892,-1.4041308228426146,-1.485925362623008,0.8279812926165064,0.8223073930254745
-0.8257119053599354,0.6681144931180489,1.3723987254904713,-0.7030746009502787,-0.010684955963028146,1.096682487726618,1.5296876098651133,0.0998892893390305,-1.672510955323122,0.3132603780780155,0.5079929028480058,0.27005015625584733,0.24993887247938987,0.41390077802624936,-1.8555568742535578,-1.4427306281386072,-1.4463610325855085,0.7541684770967606,0.7508809559995943
-0.8257119053599354,0.6681144931180489,1.5168617490448273,1.4997925831333727,-0.010684955963028146,0.5292737649906809,-0.6874206446824462,-0.035015827493703876,-1.4332934503536978,0.21965329051754082,0.4270923056571389,0.4927279235717411,0.2980940434121178,0.41390077802624936,-1.8032512011551491,-1.4363058394232693,-1.403753569680654,0.7838109393993442,0.7751027329612012
-0.8257119053599354,0.6681144931180489,1.6613247725991833,-0.7030746009502787,-0.010684955963028146,1.0488550776299213,1.5612795044434071,-0.16992108727710448,-1.1342715691419176,0.21069361580758975,0.35102873954519687,0.6142987633166517,0.28030876507922325,0.41390077802624936,-1.7422514955526471,-1.4003951199559967,-1.3363772280304314,0.6982718838655413,0.6950288045194544
-0.8257119053599354,0.7783594250186899,-1.6613247691510074,2.333521556133298,-0.010684955963028146,-0.6865507261215884,-0.6874206446824462,0.06991039037071911,-1.612706579080766,0.1840107602964043,0.3213066029471659,0.6999232729891056,0.381618775231525,0.41390077802624936,-1.7065876930558859,-1.375920741272531,-1.3147874045324093,0.8367130177141149,0.8240997263350306
-0.8257119053599354,0.7783594250186899,-1.5168617455966513,-0.7030746009502787,-0.010684955963028146,-0.6865507261215884,1.6828450093509473,-0.12495266734930428,-1.1940759453842735,0.2150694837946714,0.28332421994968215,0.6218804152529356,0.39817285269886,0.41390077802624936,-1.6708773739181486,-1.3253785278689427,-1.2834796221507716,0.034016758023183824,0.026517543813177363
-0.8257119053599354,0.7783594250186899,-1.372398722042295,1.3840519865324306,-0.010684955963028146,-0.6865507261215884,-0.6874206446824462,-0.31981572506932765,-0.8352496879301373,0.18961006656857704,0.22112258855946326,0.39171548690714647,0.46649026014577755,0.41390077802624936,-1.617080999138718,-1.2286322702117163,-1.2541354541679375,0.17007171643518404,0.12079382561224916
-0.8257119053599354,0.7783594250186899,-1.227935698487939,-0.7030746009502787,-0.010684955963028146,1.4607303689676707,1.0526162809525565,-0.37977352300595046,-0.8950540641724933,0.1801096203664986,0.16605891773292245,0.10542959110733846,0.4289569430783165,0.41390077802624936,-1.571316096003053,-1.1276572545743928,-1.2138593057227767,0.7181440672177408,0.71625271623211
-0.8257119053599354,0.7783594250186899,-1.083472674933583,2.3266271798160107,-0.010684955963028146,-0.6865507261215884,-0.6874206446824462,-0.4996892618298623,-0.6558365592030692,0.14599393589399265,0.1337408428501578,0.11210860622733143,0.42643188274399313,0.41390077802624936,-1.5411051043116977,-1.1076171186746622,-1.1923369521290392,0.7988751828055604,0.7920006475480401
-0.8257119053599354,0.7783594250186899,-0.9390096513792268,-0.7030746009502787,-0.010684955963028146,1.32197226223001,1.173660389799653,-0.6196050006537741,-0.47642343047600094,0.1529128030744037,0.09743179986199718,0.10079539235629842,0.3683213176346257,0.41390077802624936,-1.5087003589096455,-1.0854791943785278,-1.1593180762039539,0.7307253436938356,0.7237949661415699
-0.8257119053599354,0.7783594250186899,-0.7945466278248707,1.4397364378715996,-0.010684955963028146,0.6243022444739526,-0.6874206446824462,-0.5296681607981737,-0.6558365592030692,0.12908812433720715,0.06450283411512206,0.16467538941297977,0.33938769041992956,0.41390077802624936,-1.4779217677908356,-1.0860350334832505,-1.1367245014114473,0.7603316776952064,0.7534256722309189
-0.8257119053599354,0.7783594250186899,-0.6500836042705146,-0.7030746009502787,-0.010684955963028146,1.090148586791668,1.4741566806785453,-0.22987888521372726,-0.8950540641724933,0.16570365090693562,0.09310964263209484,0.5114089415382839,0.3432293951696365,0.41390077802624936,-1.4625235545334199,-1.142021130307342,-1.1070308655263241,0.6708485260742706,0.6675406295577098
-0.8257119053599354,0.7783594250186899,-0.5056205807161585,2.265136079774478,-0.010684955963028146,-0.6865507261215884,-0.6874206446824462,0.03993149140240772,-1.1940759453842735,0.44805764439555024,0.21305298463924316,1.200183826305859,0.5277264316825172,0.23577751522364887,-1.4940148384365113,-1.281259693522409,-1.131092074498922,0.7940681415735374,0.781007383372002
-0.8257119053599354,0.7783594250186899,-0.3611575571618023,-0.7030746009502787,-0.010684955963028146,-0.6865507261215884,1.9757505684965104,0.2198050281629423,-0.8352496879301373,0.7638426938775204,0.4399676307600595,1.856244135772987,0.8434338382975475,0.14239505874289118,-1.542626415388595,-1.3689124624630624,-1.1501381297609756,0.1371516443185883,0.17292694176050732
-0.8257119053599354,0.7783594250186899,-0.2166945336074462,-0.7030746009502787,-0.010684955963028146,-0.6865507261215884,-0.6874206446824462,0.6694889415396119,-1.7921197078078341,1.211690419132797,0.6659353264639575,2.1415047223517187,1.0659825494134882,-0.7747354356323715,-1.6017278564090873,-1.3974034997725797,-1.1703102118722042,-1.2676136780735823,-1.2761757670616813
-0.8257119053599354,0.7783594250186899,-0.07223151005309006,-0.7030746009502787,-0.010684955963028146,-0.6865507261215884,-0.6874206446824462,1.0891938129973038,-2.2107503415043266,1.6321340422555866,0.8524859501478252,2.1224830398016175,1.1799097237564713,-1.3613720109600942,-1.6139788453252288,-1.3324377712471236,-1.1286837919445345,-1.2676136780735823,-1.2761757670616813
-0.8257119053599354,0.7783594250186899,0.07223151350126605,-0.7030746009502787,-0.010684955963028146,-0.6865507261215884,-0.6874206446824462,1.2690674927085046,-1.9117284602925464,1.9300723247065616,1.056147780006031,1.8932348390213174,1.221627333521029,-1.5991821650907287,-1.6298099284644743,-1.2035054366134792,-1.0521986856920997,-1.2676136780735823,-1.2761757670616813
-0.8257119053599354,0.7783594250186899,0.2166945370556222,-0.7030746009502787,-0.010684955963028146,-0.6865507261215884,-0.6874206446824462,1.2690674927085046,-1.493097826596054,1.9576026286503916,1.2092503894411715,1.6874104366141873,1.3329895738731041,-0.9540767507279546,-1.5824543008187453,-1.0178463923806251,-0.9366393341923486,-1.2676136780735823,-1.2761757670616813
-0.8257119053599354,0.7783594250186899,0.3611575606099783,-0.7030746009502787,-0.010684955963028146,-0.6865507261215884,-0.6874206446824462,1.239088450789527,-1.0744671928995615,1.5870119904850295,1.1998261106776449,1.3748386626187554,1.1999523393009073,0.41390077802624936,-1.492312522191878,-0.817514215074465,-0.7780988151237204,-1.2676136780735823,-1.2761757670616813
-0.8257119053599354,0.7783594250186899,0.5056205841643344,-0.7030746009502787,-0.010684955963028146,-0.6865507261215884,-0.6874206446824462,1.1191728549162814,-0.7754453116877812,1.3735766100021594,1.2395653267410498,1.1967042401214794,1.12879088226699,0.41390077802624936,-1.4543361436838953,-0.6932851510862058,-0.6830077364315147,-1.2676136780735823,-1.2761757670616813
-0.8257119053599354,0.7783594250186899,0.6500836077186906,-0.7030746009502787,-0.010684955963028146,-0.6865507261215884,-0.6874206446824462,1.1191728549162814,-0.536227806718357,1.1922304921609577,1.2237426967402114,0.9547055690519202,1.1370016005310322,0.41390077802624936,-1.3989671208092884,-0.5488901663052237,-0.6173315708644995,-1.2676136780735823,-1.2761757670616813
-0.8257119053599354,0.7783594250186899,0.7945466312730467,1.7991151201349398,-0.010684955963028146,-0.6865507261215884,-0.6874206446824462,0.9093204191874354,-0.47642343047600094,0.866369568528817,1.1272504670050942,0.6721197382180651,0.9717578439118323,0.41390077802624936,-1.3124922031969828,-0.3975984825896775,-0.5077934170364274,0.5111939681588191,0.44171870834047616
-0.8257119053599354,0.7783594250186899,0.9390096548274028,-0.7030746009502787,-0.010684955963028146,1.2534011339855924,1.217632538357984,0.819383579331835,-0.8352496879301373,0.7061501570227348,0.9468651097755351,0.29004161389783173,0.4327522641866904,0.41390077802624936,-1.1798915772078657,-0.20489233972693144,-0.2619239151571762,0.8284775624655049,0.8235722805272511
-0.8257119053599354,0.7783594250186899,1.083472678381759,2.252093919294637,-0.010684955963028146,-0.6865507261215884,-0.6874206446824462,0.819383579331835,-0.536227806718357,0.5494663579204407,0.8151889059899188,0.23987688901669316,0.35452910119684067,0.41390077802624936,-1.1152614044394413,-0.17948639378855472,-0.22588385045981824,0.7935524595029917,0.7875375186056878
-0.8257119053599354,0.7783594250186899,1.227935701936115,-0.7030746009502787,-0.010684955963028146,1.2835261556753008,1.2579393301375408,0.6694889415396119,-0.2970103017489328,0.5124395311469055,0.7112936252364243,0.26869164225961145,0.3322568158760444,0.41390077802624936,-1.0671200552932871,-0.19194451995741846,-0.21888357495379732,0.7757322198654486,0.7705515940470424
-0.8257119053599354,0.7783594250186899,1.3723987254904713,2.277746983398921,-0.010684955963028146,-0.6865507261215884,-0.6874206446824462,0.6694889415396119,-0.536227806718357,0.48458424119148263,0.6485785115481262,0.349461474399452,0.38433913510830325,0.41390077802624936,-1.0158729370506663,-0.20347639219874775,-0.21989889875613658,0.7745484338366533,0.7676540192310798
-0.8257119053599354,0.7783594250186899,1.5168617490448273,-0.7030746009502787,-0.010684955963028146,1.2647204536727268,1.2491894988772634,0.5195943037473887,0.06181595570520356,0.4968055461344826,0.5871248387899333,0.3750237511803633,0.40098597985830436,0.41390077802624936,-0.9455325453288439,-0.17350857518434964,-0.186575316515747,0.7423753727640408,0.7354546500111006
-0.8257119053599354,0.7783594250186899,1.6613247725991833,2.299944080123159,-0.010684955963028146,-0.6865507261215884,-0.6874206446824462,0.4896152618284111,-0.057792796779508555,0.4866322415703738,0.5359463781970973,0.4408482716264097,0.4578604616135508,0.41390077802624936,-0.872167366849249,-0.15418671439770593,-0.1641054365477619,0.7670472278937871,0.7601465639616364
-0.8257119053599354,0.8886043569193308,-1.6613247691510074,-0.7030746009502787,-0.010684955963028146,1.2654938610225335,1.256291572156351,0.3696996659551655,0.0020115794628475024,0.4999095875772017,0.4862137390343543,0.45272097112737514,0.46230515370058733,0.41390077802624936,-0.7916434460366374,-0.1162905454557019,-0.12316452394857487,0.7286737594647633,0.7217418777062431
-0.8257119053599354,0.8886043569193308,-1.5168617455966513,-0.1801408156464332,-0.010684955963028146,-0.6865507261215884,-0.6874206446824462,0.2198050281629423,0.7196640943711202,0.4542376097789795,0.43675662695838546,0.4983244376062649,0.5014667807032662,0.41390077802624936,-0.7021389212892561,-0.08292610258950216,-0.0873408433131778,-1.0038083051339066,-1.0121549596510342
-0.8257119053599354,0.8886043569193308,-1.372398722042295,-0.7030746009502787,-0.010684955963028146,-0.03405720567215135,-0.039597649403085314,0.15984723022631953,0.9588815993405444,0.36433418573895165,0.3913871957783722,0.45937677795457094,0.4590420238454031,0.41390077802624936,-0.6152111292293126,-0.015352506239508028,-0.017685918536221503,-0.5062780322736472,-0.5142183837322556
-0.8257119053599354,0.8886043569193308,-1.227935698487939,0.46114869922943363,-0.010684955963028146,-0.6865507261215884,-0.03214247018617255,0.06991039037071911,1.0784903518252564,0.20170843917721187,0.3403423240760935,0.35684585584695977,0.34790763295952537,0.41390077802624936,-0.5320743228994891,0.07017688358513272,0.07275126520478863,-0.07210832936165883,-0.08786656045143235
-0.8257119053599354,0.8886043569193308,-1.083472674933583,-0.7030746009502787,-0.010684955963028146,0.47900898160953814,0.24784036343121074,-0.07998424742150408,1.0784903518252564,0.14066926568795474,0.30341264936721923,0.24787380362052688,0.30667827205110504,0.41390077802624936,-0.5095802732328637,0.11647548337902042,0.0910917250115177,-0.036334211320643565,-0.043890842980690625
-0.8257119053599354,0.8886043569193308,-0.9390096513792268,0.8502531084886442,-0.010684955963028146,-0.6865507261215884,0.17623207951304362,-0.05000534845319268,0.9588815993405444,0.0617532459795068,0.26086180462286834,0.15954801443999933,0.2667395156190742,0.41390077802624936,-0.46560710434080643,0.16249128403418064,0.11670233994140564,0.33091877790484797,0.3236621321593009
-0.8257119053599354,0.8886043569193308,-0.7945466278248707,-0.7030746009502787,-0.010684955963028146,0.7793078677186204,0.42010481052423937,-0.07998424742150408,1.0784903518252564,0.013555270268239644,0.22291629772538218,0.07127278618306564,0.2513613041469365,0.41390077802624936,-0.41507677620317485,0.2126942035324474,0.13527119301635984,0.23624114946350955,0.22890711704847264
-0.8257119053599354,0.8886043569193308,-0.6500836042705146,1.3074760341089418,-0.010684955963028146,0.5614375319677956,-0.6874206446824462,0.2198050281629423,1.0784903518252564,0.007028086429768509,0.2427285042806734,0.1999561388027168,0.2758502392745962,0.41390077802624936,-0.36208612748997815,0.20919803411877774,0.17653307894660897,0.8088282601755139,0.8019617389617062
-0.8257119053599354,0.8886043569193308,-0.5056205807161585,-0.7030746009502787,-0.010684955963028146,0.8252519671129547,1.1752077385094233,0.4596365058107659,0.6000553418864081,0.20459277176702317,0.4051865107076467,1.4607996925367686,0.4224298696198544,0.41390077802624936,-0.3979022539095213,-0.23925135072979076,0.16943782153649825,0.6492910743033062,0.6576456479600751
-0.8257119053599354,0.8886043569193308,-0.3611575571618023,-0.7030746009502787,-0.010684955963028146,-0.6865507261215884,-0.6874206446824462,0.9692782171240583,-0.23720592550657674,0.7222032889837112,0.6092303212997896,2.1537495834050393,0.5973661797814732,-0.14795087855974792,-0.49473423419553203,-0.457732119389684,0.11947952347730957,-1.2676136780735823,-1.2761757670616813
-0.8257119053599354,0.8886043569193308,-0.2166945336074462,-0.7030746009502787,-0.010684955963028146,-0.6865507261215884,-0.6874206446824462,1.1191728549162814,-0.536227806718357,1.1301267769677301,0.78227524730342,2.4767974149956054,0.6942965976942235,-0.45503979470417094,-0.6106242992064308,-0.5761807169334329,0.060029585485284656,-1.2676136780735823,-1.2761757670616813
-0.8257119053599354,0.8886043569193308,-0.07223151005309006,-0.7030746009502787,-0.010684955963028146,-0.6865507261215884,-0.6874206446824462,1.1191728549162814,-0.41661905423364487,1.5371563899460199,0.9330198736651315,2.4157529739981816,0.7117881129653421,-0.9650718269711125,-0.6276064884456858,-0.49997524073709676,0.124104596333471,-1.2676136780735823,-1.2761757670616813
-0.8257119053599354,0.8886043569193308,0.07223151350126605,-0.7030746009502787,-0.010684955963028146,-0.6865507261215884,-0.6874206446824462,1.2690674927085046,-0.7754453116877812,1.8898629890428402,1.051637067623311,2.104326695025811,0.7613657155656166,-0.9032154983373165,-0.6122928728099415,-0.3311166123626542,0.18171996430673146,-1.2676136780735823,-1.2761757670616813
-0.8257119053599354,0.8886043569193308,0.2166945370556222,-0.7030746009502787,-0.010684955963028146,-0.6865507261215884,-0.6874206446824462,1.2540779717490158,-0.7754453116877812,2.13623704228621,1.1420078647588336,1.8086886860963332,0.8876423309764989,-0.9609099542224315,-0.604358290749971,-0.18047857634965753,0.17881810337488435,-1.2676136780735823,-1.2761757670616813
-0.8257119053599354,0.8886043569193308,0.3611575606099783,-0.7030746009502787,-0.010684955963028146,-0.6865507261215884,-0.6874206446824462,1.239088450789527,-0.8352496879301373,2.2508145551822656,1.2330841782226114,1.555367683612142,1.3275211866843664,-0.7897875808896324,-0.5985791404011369,-0.04733483337632891,0.03298921996233918,-1.2676136780735823,-1.2761757670616813
-0.8257119053599354,0.8886043569193308,0.5056205841643344,-0.7030746009502787,-0.010684955963028146,-0.6865507261215884,-0.6874206446824462,0.9692782171240583,0.06181595570520356,2.1775063423861325,1.2458669651878023,1.2910757895756764,1.802039671238988,0.08515125891646105,-0.47719553239661994,0.175419151717219,-0.04464527650418464,-1.2676136780735823,-1.2761757670616813
-0.8257119053599354,0.8886043569193308,0.6500836077186906,-0.7030746009502787,-0.010684955963028146,-0.6865507261215884,-0.6874206446824462,0.9692782171240583,0.06181595570520356,1.9584049583007428,1.255324641173968,1.0758876698924777,2.2199920845658228,0.41390077802624936,-0.3595522961605389,0.3736760951595119,-0.11386306617312304,-1.2676136780735823,-1.2761757670616813
-0.8257119053599354,0.8886043569193308,0.7945466312730467,-0.1767469746953903,-0.010684955963028146,-0.05451348489679027,-0.6874206446824462,1.239088450789527,-0.8352496879301373,1.3760993384382265,1.2309704123397325,0.7921082697147669,2.1970785657472995,0.41390077802624936,-0.2727741768158606,0.5337087445854951,-0.08055345828184092,-0.5190468254176043,-0.5808457700338595
-0.8257119053599354,0.8886043569193308,0.9390096548274028,-0.7030746009502787,-0.010684955963028146,-0.022250034770586465,-0.6874206446824462,0.9692782171240583,0.06181595570520356,1.0937871942549278,1.0863994017379892,0.47877393752742714,1.5655189053565848,0.41390077802624936,-0.1021137797914152,0.762422764901825,0.24432046297487542,-0.8892287683761245,-0.891792317534177
-0.8257119053599354,0.8886043569193308,1.083472678381759,0.4854612299759747,-0.010684955963028146,0.23079438400059876,-0.6874206446824462,0.819383579331835,0.7196640943711202,0.5906990398782122,0.9434558099644402,0.2973621725401472,0.9774150206582765,0.41390077802624936,0.1352753412604127,0.989765513014034,0.637446852066091,0.1273287906015139,0.12768480173034136
-0.8257119053599354,0.8886043569193308,1.227935701936115,-0.7030746009502787,-0.010684955963028146,1.1710672460092089,-0.6874206446824462,0.9093204191874354,0.4206422131593399,0.5170259534513573,0.8404455556108871,0.3888534070846923,0.5611560171141442,0.41390077802624936,0.2570968805429275,0.9755140846380098,0.8862878682735219,-0.24706924422429022,-0.22036536833169337
-0.8257119053599354,0.8886043569193308,1.3723987254904713,1.7570475995257637,-0.010684955963028146,-0.6865507261215884,-0.6874206446824462,0.819383579331835,0.7196640943711202,0.3568026185729017,0.7496176339904892,0.4888189839706134,0.21157471860840185,0.41390077802624936,0.3952725139020873,0.9806695302866516,1.1406437303466912,0.4759144124102773,0.44154125567639196
-0.8257119053599354,0.8886043569193308,1.5168617490448273,-0.7030746009502787,-0.010684955963028146,0.595497475363262,1.2094732391252423,0.819383579331835,0.7196640943711202,0.3376702931942374,0.6754952814444563,0.4833733238392714,-0.06306689046501411,0.41390077802624936,0.513814268467489,1.02874798631638,1.3514345590773371,0.6352389625594264,0.6390925318802158
-0.8257119053599354,0.8886043569193308,1.6613247725991833,-0.7030746009502787,-0.010684955963028146,-0.6865507261215884,-0.6874206446824462,0.819383579331835,0.7794684706134762,0.29002158961523994,0.6206118164650734,0.48161695339508365,-0.11061581906803822,0.41390077802624936,0.6791459794020864,1.1132181805938237,1.4713580561335087,-1.2676136780735823,-1.2761757670616813
-0.8257119053599354,0.9988492888199717,-1.6613247691510074,0.8710394380839241,-0.010684955963028146,-0.6865507261215884,0.6448201324030441,0.819383579331835,0.7196640943711202,0.2342175026628291,0.5879013242162969,0.400227128290518,-0.06394817965034193,0.41390077802624936,0.8013521847933984,1.2141223880112129,1.5012107594143316,0.6709306685302621,0.6639514601028309
-0.8257119053599354,0.9988492888199717,-1.5168617455966513,-0.7030746009502787,-0.010684955963028146,-0.6865507261215884,-0.6874206446824462,0.819383579331835,0.7196640943711202,0.1865524516989426,0.5454506711398639,0.23391733097341325,0.010422699864584516,0.41390077802624936,0.9509733220213311,1.3689995917885542,1.5150121759515922,-1.2676136780735823,-1.2761757670616813
-0.8257119053599354,0.9988492888199717,-1.372398722042295,-0.7030746009502787,-0.010684955963028146,-0.6865507261215884,-0.6419906430608531,0.7594257813952123,1.0186859755829005,0.1305881603746198,0.5141706932608041,0.04631558275008123,-0.04803940442120171,0.41390077802624936,1.0873567390991525,1.545150490898971,1.6160960669188524,-1.2676136780735823,-1.2761757670616813
-0.8257119053599354,0.9988492888199717,-1.227935698487939,-0.685107777377614,-0.010684955963028146,-0.6865507261215884,-0.6874206446824462,0.6694889415396119,1.0784903518252564,-0.007367420703465512,0.46390996051507716,-0.13011385909420076,-0.1784295164450408,0.41390077802624936,1.2036208653887814,1.6861158855113672,1.7314538821025693,-1.2676136780735823,-1.2761757670616813
-0.8257119053599354,0.9988492888199717,-1.083472674933583,-0.39230360090500055,-0.010684955963028146,-0.6865507261215884,-0.4834615665456531,0.6694889415396119,1.0784903518252564,-0.10418905802850882,0.42416517824789884,-0.29451808979913574,-0.3131544645632855,0.41390077802624936,1.2841250226544498,1.8048242939202968,1.8336517907127405,-0.9255786250480972,-0.9305283459828451
-0.8257119053599354,0.9988492888199717,-0.9390096513792268,-0.7030746009502787,-0.010684955963028146,-0.6865507261215884,0.005580142563216834,0.6694889415396119,0.9588815993405444,-0.14543939516196033,0.3891147930879567,-0.43058831046909435,-0.38666683983950384,0.41390077802624936,1.3257716364411063,1.8983028552410386,1.886394041133182,-0.8574382449008069,-0.8523737257024204
-0.8257119053599354,0.9988492888199717,-0.7945466278248707,0.00023379746599424685,-0.010684955963028146,-0.6865507261215884,-0.33736121305625466,0.6694889415396119,0.7196640943711202,-0.19077330904067855,0.36411418884055635,-0.5383187190308772,-0.38830165975947023,0.41390077802624936,1.3505758519303015,1.9720154049805712,1.887610246203941,-0.5494605640411051,-0.5574362432422849
-0.8257119053599354,0.9988492888199717,-0.6500836042705146,-0.7030746009502787,-0.010684955963028146,0.29276048377451497,-0.03870651711923761,0.819383579331835,1.0784903518252564,-0.19053986838446393,0.38384916431849425,-0.5003657004990631,-0.35260578588727254,0.41390077802624936,1.3660362480549288,1.9739299378001154,1.8906832929123547,-0.24603958763972383,-0.253767506387302
-0.8257119053599354,0.9988492888199717,-0.5056205807161585,0.305323611049454,-0.010684955963028146,-0.6865507261215884,-0.12560917263791418,0.8343731002913238,0.6000553418864081,0.12175468747601163,0.5157487120305109,0.31323664481342905,-0.1387462769143885,0.4120690416430162,1.289715696250728,1.4499100735943167,1.7477850925266907,-0.18378099828199193,-0.19195513540951142
-0.8257119053599354,0.9988492888199717,-0.3611575571618023,-0.7030746009502787,-0.010684955963028146,-0.6865507261215884,-0.6699601097461415,0.8493626212508127,0.6000553418864081,0.3788029291564883,0.6732068759181927,0.8899237640465478,0.03259163917749843,0.19117770373106832,1.1808243370463787,1.1171131748664809,1.6368134761690794,-1.2676136780735823,-1.2761757670616813
-0.8257119053599354,0.9988492888199717,-0.2166945336074462,-0.7030746009502787,-0.010684955963028146,-0.6865507261215884,-0.6874206446824462,0.864351856308969,0.6000553418864081,0.6772061312337059,0.8720476775333218,1.0129069941816877,0.16706513913483242,-0.15698961842411896,1.0471008041644758,1.057052623426713,1.5588405384351092,-1.2676136780735823,-1.2761757670616813
-0.8257119053599354,0.9988492888199717,-0.07223151005309006,-0.7030746009502787,-0.010684955963028146,-0.6865507261215884,-0.6874206446824462,0.8793413772684578,0.5402509656440521,0.5181872716738702,0.8761311837764475,0.6428308727080041,0.11585108911840435,0.41390077802624936,1.0948259137304968,1.2649190989526051,1.591914329185203,-1.2676136780735823,-1.2761757670616813
-0.8257119053599354,0.9988492888199717,0.07223151350126605,-0.7030746009502787,-0.010684955963028146,-0.6865507261215884,-0.6874206446824462,0.9692782171240583,0.06181595570520356,0.6199490887123628,1.0061229151451943,0.5323237576865567,0.1873616440844598,0.41390077802624936,0.9944671043905828,1.2900765112920696,1.5050161493556584,-1.2676136780735823,-1.2761757670616813
-0.8257119053599354,0.9988492888199717,0.2166945370556222,-0.7030746009502787,-0.010684955963028146,-0.6865507261215884,-0.6874206446824462,0.9692782171240583,0.06181595570520356,0.8075981042713589,1.1138700089097544,0.47078779820239214,0.31229476139287105,0.38194262589563893,0.9185225420160332,1.2790325976873482,1.378944812089021,-1.2676136780735823,-1.2761757670616813
-0.8257119053599354,0.9988492888199717,0.3611575606099783,-0.7030746009502787,-0.010684955963028146,-0.6865507261215884,-0.6874206446824462,0.9692782171240583,0.06181595570520356,0.946144152891634,1.1929720265064008,0.433844340407256,0.5462229258491851,0.41390077802624936,0.8657871322810422,1.265469516294699,1.2041802920558304,-1.2676136780735823,-1.2761757670616813
-0.8257119053599354,0.9988492888199717,0.5056205841643344,-0.7030746009502787,-0.010684955963028146,-0.6865507261215884,-0.6874206446824462,0.9692782171240583,0.06181595570520356,0.9167482853842738,1.2300304196775307,0.3887265903419076,0.7113055603458597,0.41390077802624936,0.8495689728443482,1.271325887416015,1.089616831279191,-1.2676136780735823,-1.2761757670616813
-0.8257119053599354,0.9988492888199717,0.6500836077186906,-0.1339108242940843,-0.010684955963028146,-0.6865507261215884,-0.6874206446824462,0.9692782171240583,0.06181595570520356,0.7506071971760082,1.181462508654333,0.2617954638284447,0.7895246545952416,0.41390077802624936,0.8964577469482599,1.3249002757874848,1.0261571284901427,-0.8621211287991841,-0.8781030827799189
-0.8257119053599354,0.9988492888199717,0.7945466312730467,-0.7030746009502787,-0.010684955963028146,0.2642798679471692,-0.6874206446824462,0.8793413772684578,0.12162033194755961,0.5629771445834832,1.053588717821295,0.019139500752164924,0.6223710312004512,0.41390077802624936,0.9991105738467777,1.4390084270409798,1.0907828160328452,-0.6907364214639472,-0.6868389933527245
-0.8257119053599354,0.9988492888199717,0.9390096548274028,1.226449016434664,-0.010684955963028146,-0.6865507261215884,-0.6874206446824462,0.819383579331835,0.06181595570520356,0.21038955444865476,0.8809619528761274,-0.12687132904339254,0.16988477627902532,0.41390077802624936,1.124549324257631,1.466312857381519,1.295851148803984,0.13810688738722376,0.14382327213023174
-0.8257119053599354,0.9988492888199717,1.083472678381759,-0.7030746009502787,-0.010684955963028146,0.6302450546686054,0.771096819406987,0.819383579331835,0.06181595570520356,0.15200454236997207,0.7361947335913784,-0.26883728495143877,-0.1859493625776487,0.41390077802624936,1.2365773029731875,1.5228249736158739,1.4840327907739799,0.46405534247285546,0.4654134488430096
-0.8257119053599354,0.9988492888199717,1.227935701936115,-0.7030746009502787,-0.010684955963028146,-0.6865507261215884,-0.6874206446824462,0.7894045374128574,0.12162033194755961,0.08156954594192593,0.6398242645638005,-0.22295366122378288,-0.2649643024625344,0.41390077802624936,1.3126047758373525,1.467810998831158,1.5073236637520284,-1.2676136780735823,-1.2761757670616813
-0.8257119053599354,0.9988492888199717,1.3723987254904713,0.4878392343853092,-0.010684955963028146,0.3507154089405891,0.38038405327360275,0.819383579331835,0.06181595570520356,0.026977127157486135,0.5930264063404856,-0.21509433864153252,-0.25873099206584826,0.41390077802624936,1.3404231732542529,1.4353823521947198,1.475453850517225,0.9128269004583731,0.9060454017353123
-0.8257119053599354,0.9988492888199717,1.5168617490448273,-0.7030746009502787,-0.010684955963028146,-0.6865507261215884,-0.6874206446824462,0.819383579331835,0.06181595570520356,-0.014262093754240871,0.5468964925699568,-0.18651249719418608,-0.22389524992854576,0.41390077802624936,1.3661114459408592,1.3845951835555543,1.4198355043711033,-1.2676136780735823,-1.2761757670616813
-0.8257119053599354,0.9988492888199717,1.6613247725991833,0.5508366875684114,-0.010684955963028146,0.4044365721522715,0.41806190022281764,0.7594257813952123,-0.1175971730218646,-0.053046591351038945,0.5057935565821138,-0.20037365006731123,-0.2325478334073922,0.41390077802624936,1.3571850712507507,1.3183386417833913,1.3498087308983655,0.9103646039493437,0.9035809178503786
-0.8257119053599354,1.1090942207206127,-1.6613247691510074,-0.7030746009502787,-0.010684955963028146,-0.6865507261215884,-0.6874206446824462,0.6694889415396119,0.06181595570520356,-0.08037614940843235,0.46147126748693684,-0.190162830104145,-0.21766112578376606,0.41390077802624936,1.3463734469973516,1.2377647430016359,1.265439034860453,-1.2676136780735823,-1.2761757670616813
-0.8257119053599354,1.1090942207206127,-1.5168617455966513,-0.7030746009502787,-0.010684955963028146,-0.6865507261215884,-0.40630467674814574,0.6844784624991007,-0.17740154926422066,-0.1146454992988947,0.4281248364570705,-0.22968240839976983,-0.2460658167376468,0.41390077802624936,1.3155514724828128,1.1772804265947872,1.1982066945107985,-1.2676136780735823,-1.2761757670616813
-0.8257119053599354,1.1090942207206127,-1.372398722042295,-0.7030746009502787,-0.010684955963028146,-0.6865507261215884,-0.6342817637385267,0.6994679834585895,-0.2970103017489328,-0.16574480888025767,0.3983880885741348,-0.32006461809564896,-0.3055263899342338,0.41390077802624936,1.2714604453656917,1.1386909226477895,1.1421848390341989,-1.2676136780735823,-1.2761757670616813
-0.8257119053599354,1.1090942207206127,-1.227935698487939,-0.7030746009502787,-0.010684955963028146,-0.6865507261215884,0.0033917434112279194,0.6694889415396119,-0.23720592550657674,-0.22534868197626257,0.3690604566685306,-0.431435413156192,-0.3723351084156871,0.41390077802624936,1.2345556367322157,1.128969051642518,1.10770094911948,-0.8409939363368181,-0.8492076437195656
-0.8257119053599354,1.1090942207206127,-1.083472674933583,-0.7030746009502787,-0.010684955963028146,-0.6865507261215884,-0.19590444844278526,0.6694889415396119,-0.23720592550657674,-0.28627996272525247,0.3424400871231243,-0.5469853586554301,-0.39750352320147114,0.41390077802624936,1.2048081243185653,1.1408982306492987,1.0685666578408424,-0.9818228183713962,-0.9901515456648325
-0.8257119053599354,1.1090942207206127,-0.9390096513792268,0.41540635779240637,-0.010684955963028146,-0.6865507261215884,-0.0896237448770725,0.5795521016840115,-0.1175971730218646,-0.34090311459328354,0.31239580648171844,-0.6631934250289886,-0.40281729825243207,0.41390077802624936,1.1850518079413055,1.164705840964653,1.0295419778630166,-0.06315480165859425,-0.07073327035859948
-0.8257119053599354,1.1090942207206127,-0.7945466278248707,-0.7030746009502787,-0.010684955963028146,0.5837178140820649,0.12550170713374087,0.5195943037473887,0.06181595570520356,-0.3708691788855713,0.2804784982706254,-0.7522386712862292,-0.3931597358780363,0.41390077802624936,1.1717813092255323,1.1840203281541213,0.9930082256135965,0.03633238441385656,0.0288350715126296
-0.8257119053599354,1.1090942207206127,-0.6500836042705146,0.9295893197880197,-0.010684955963028146,-0.6865507261215884,0.2822385925526875,0.6694889415396119,-0.23720592550657674,-0.3483084799479906,0.2955796091073608,-0.6718252522143456,-0.3103665635947415,0.41390077802624936,1.1277192043722306,1.118149382140131,0.928069425311205,0.5506203698639867,0.543542970930893
-0.8257119053599354,1.1090942207206127,-0.5056205807161585,-0.7030746009502787,-0.010684955963028146,0.6411699303313795,0.15737134839979977,0.6694889415396119,-0.23720592550657674,-0.1383040886056192,0.41717750518609764,0.2928150048870966,-0.017184517957605307,0.3020891670629439,0.9884575400066546,0.5900616778690633,0.7509637651041042,0.035547267897947335,0.03796211493766479
-0.8257119053599354,1.1090942207206127,-0.3611575571618023,-0.7030746009502787,-0.010684955963028146,-0.6865507261215884,-0.6874206446824462,0.819383579331835,-0.536227806718357,0.31935795264160427,0.5979511051288386,0.9378041298223624,0.13649099576351495,-0.5974319709313578,0.8206091100820444,0.2809576649593526,0.6599084347642935,-1.2676136780735823,-1.2761757670616813
-0.8257119053599354,1.1090942207206127,-0.2166945336074462,-0.7030746009502787,-0.010684955963028146,-0.6865507261215884,-0.6874206446824462,0.819383579331835,-0.536227806718357,0.707412175136164,0.7306647101426882,1.3527427101406253,0.211903472838201,-1.138715312363479,0.7029142958088189,0.09914622879377841,0.6154121420632805,-1.2676136780735823,-1.2761757670616813
-0.8257119053599354,1.1090942207206127,-0.07223151005309006,-0.7030746009502787,-0.010684955963028146,-0.6865507261215884,-0.6874206446824462,0.819383579331835,-0.536227806718357,1.115926130662373,0.8512565148894161,1.3512275401680083,0.23016967629439078,-1.788674304123148,0.5888068063246521,0.09047249293994071,0.595384279601825,-1.2676136780735823,-1.2761757670616813
-0.8257119053599354,1.1090942207206127,0.07223151350126605,-0.7030746009502787,-0.010684955963028146,-0.6865507261215884,-0.6874206446824462,0.819383579331835,-0.536227806718357,1.4749009710210228,0.9336829476896159,1.1210269705154234,0.2825945834740393,-1.9609832886285568,0.5029327487431933,0.1778400771663099,0.5595745733155355,-1.2676136780735823,-1.2761757670616813
-0.8257119053599354,1.1090942207206127,0.2166945370556222,-0.7030746009502787,-0.010684955963028146,-0.6865507261215884,-0.6874206446824462,0.9692782171240583,-0.536227806718357,1.747981420009818,1.017282457935021,0.9026012939870159,0.46184945476819256,-2.1030296125316363,0.4493981204513278,0.3034820524956805,0.5058742065844133,-1.2676136780735823,-1.2761757670616813
-0.8257119053599354,1.1090942207206127,0.3611575606099783,-0.7030746009502787,-0.010684955963028146,-0.6865507261215884,-0.6874206446824462,0.9392991752050807,-0.536227806718357,1.867961416663983,1.0772423007555771,0.7574690638473524,0.8860368059879008,-1.932136642928969,0.39979402781251056,0.37694758672983675,0.31545252012233177,-1.2676136780735823,-1.2761757670616813
-0.8257119053599354,1.1090942207206127,0.5056205841643344,-0.7030746009502787,-0.010684955963028146,-0.6865507261215884,-0.6874206446824462,0.9542886961645695,-0.536227806718357,1.846706546831334,1.1078014552460054,0.6365903285483582,1.417310151328015,-1.4172184276588193,0.37984104004127917,0.4459460222987261,0.09621921938793347,-1.2676136780735823,-1.2761757670616813
-0.8257119053599354,1.1090942207206127,0.6500836077186906,-0.7030746009502787,-0.010684955963028146,-0.6865507261215884,-0.6874206446824462,0.9692782171240583,-0.536227806718357,1.6586586550810467,1.1162015525152602,0.512202996698988,1.8737056520909137,-0.5258847903069285,0.3765318510226165,0.51642308097179,-0.07843765448728873,-1.2676136780735823,-1.2761757670616813
-0.8257119053599354,1.1090942207206127,0.7945466312730467,0.23025589302926364,-0.010684955963028146,0.4131984385390582,-0.6874206446824462,0.8793413772684578,-0.35681467799128885,1.1035635843139322,1.0612756452321066,0.28019964001662095,1.9065062102462171,0.41390077802624936,0.41823148895960854,0.6522367167341322,-0.07215924145235031,0.09272587659384673,0.07052805592393559
-0.8257119053599354,1.1090942207206127,0.9390096548274028,-0.7030746009502787,-0.010684955963028146,0.7543862436517791,-0.6874206446824462,0.819383579331835,-0.23720592550657674,0.8569135872136365,0.9282614652145034,0.1443731064210329,1.2855944436597633,0.41390077802624936,0.5195963110427052,0.7331682349788952,0.19506459430754167,-0.44694062277318564,-0.4319126349763913
-0.8257119053599354,1.1090942207206127,1.083472678381759,0.8213712617540633,-0.010684955963028146,0.28093730917745097,-0.6874206446824462,0.819383579331835,-0.8352496879301373,0.4478405511242246,0.8091746228129587,0.16822957368135033,0.729048523777889,0.41390077802624936,0.5704961211006289,0.6591613919638618,0.3899323072778453,0.38690829815958494,0.37776482960684626
-0.8257119053599354,1.1090942207206127,1.227935701936115,-0.7030746009502787,-0.010684955963028146,0.988903037704602,-0.6874206446824462,0.6694889415396119,-0.2970103017489328,0.37627889292963007,0.7015520728578244,0.3555644265375146,0.3117218827350033,0.41390077802624936,0.6487134913736481,0.5684800264186618,0.5923651651469981,-0.3588570384029658,-0.3408661656368515
-0.8257119053599354,1.1090942207206127,1.3723987254904713,2.2283753297511057,-0.010684955963028146,-0.6865507261215884,-0.6874206446824462,0.5195943037473887,0.06181595570520356,0.24742030459456327,0.6098279924299387,0.45305251816733505,-0.02412172045522272,0.41390077802624936,0.7155697143807008,0.5189105856659648,0.7613209412847841,0.8113345936686087,0.7827442499318847
-0.8257119053599354,1.1090942207206127,1.5168617490448273,-0.7030746009502787,-0.010684955963028146,0.746693696082557,1.440145968588953,0.3996787078741431,0.3010334606746278,0.24181511326383048,0.5288112007353059,0.4240819378156356,-0.2861437240936767,0.41390077802624936,0.7673892524280794,0.5224635751519862,0.890554411735395,0.7953703781023291,0.7894894979106136
-0.8257119053599354,1.1090942207206127,1.6613247725991833,-0.7030746009502787,-0.010684955963028146,-0.6865507261215884,-0.6874206446824462,0.2797628260995651,0.6000553418864081,0.20497399278263412,0.4604693508077579,0.41937065437780485,-0.32530046860779427,0.41390077802624936,0.8106776867242138,0.5164239484538107,0.9027671194585004,-1.2676136780735823,-1.2761757670616813
-0.8257119053599354,1.2193391526212536,-1.6613247691510074,1.119993611056879,-0.010684955963028146,-0.6865507261215884,0.8943478403654901,0.2198050281629423,0.36083783691698385,0.10083199650430648,0.4122618514788761,0.3178907363868667,-0.17735130022107093,0.41390077802624936,0.8234377074835757,0.5350249316813056,0.7902172750485648,0.8522512428631086,0.843744575413996
-0.8257119053599354,1.2193391526212536,-1.5168617455966513,-0.7030746009502787,-0.010684955963028146,-0.6865507261215884,-0.6503135126574918,0.2198050281629423,0.7196640943711202,0.09053445181504145,0.3644829498405319,0.14514312442133986,-0.06741637402510385,0.41390077802624936,0.8491129651514632,0.6071786162297544,0.7201745620838763,-1.2676136780735823,-1.2761757670616813
-0.8257119053599354,1.2193391526212536,-1.372398722042295,-0.3406621153972676,-0.010684955963028146,-0.6865507261215884,-0.5291272194446398,0.3696996659551655,0.24122908443227173,0.012469150016215945,0.33658791963105916,-0.04377237894783342,-0.10167191377169653,0.41390077802624936,0.8554821296822119,0.6883801382534405,0.724935448145426,-0.9282952351401044,-0.9493931811023816
-0.8257119053599354,1.2193391526212536,-1.227935698487939,-0.7030746009502787,-0.010684955963028146,-0.6865507261215884,0.08327934701938035,0.2198050281629423,0.7196640943711202,-0.05481864787300415,0.2904232170869477,-0.2445348869223752,-0.21067265715625424,0.41390077802624936,0.8786710367370969,0.784645919306487,0.7757066602941004,-0.8232952028267372,-0.8191975993011542
-0.8257119053599354,1.2193391526212536,-1.083472674933583,0.13983967723338322,-0.010684955963028146,-0.6865507261215884,-0.2638556645767195,0.3696996659551655,0.36083783691698385,-0.16181424365755182,0.2660655093753538,-0.4197400913216051,-0.23298400238554154,0.41390077802624936,0.8849577728159606,0.8735541516015063,0.7842676959160614,-0.41156113003223416,-0.42665357864366144
-0.8257119053599354,1.2193391526212536,-0.9390096513792268,-0.7030746009502787,-0.010684955963028146,0.7101257748636778,0.31285986417392664,0.5795521016840115,0.18142470818991568,-0.18093283723290934,0.26309802698875795,-0.5034466013678909,-0.2214198282279297,0.41390077802624936,0.8892700823514239,0.9381642124985016,0.797198335824563,0.22189129378450984,0.2145455270444839
-0.8257119053599354,1.2193391526212536,-0.7945466278248707,1.2297480328361765,-0.010684955963028146,-0.6865507261215884,-0.6874206446824462,0.6694889415396119,0.06181595570520356,-0.19723510333959376,0.2622624006473039,-0.4819573799728874,-0.19459950481221447,0.41390077802624936,0.9051970909990034,0.9657189114019945,0.8208796171808015,0.1217183889601832,0.114290809730341
-0.8257119053599354,1.2193391526212536,-0.6500836042705146,-0.7030746009502787,-0.010684955963028146,0.7903855629835135,0.654087489783096,0.6694889415396119,0.06181595570520356,-0.15863565813973893,0.2899083432379252,-0.365499824451759,-0.17201962271205165,0.41390077802624936,0.8991137748423358,0.9432034155563781,0.8485579990801846,0.47275057978366697,0.4656097315475733
-0.8257119053599354,1.2193391526212536,-0.5056205807161585,1.0585349403841982,-0.010684955963028146,-0.6865507261215884,-0.6874206446824462,0.9692782171240583,-0.23720592550657674,0.16723376613254398,0.44594295051060706,0.45162189268990793,-0.00888021866280347,0.05960593085607621,0.8320878745542095,0.6222504657267955,0.8631367387865478,-0.0011295184450130088,-0.027040924529639236
-0.8257119053599354,1.2193391526212536,-0.3611575571618023,-0.7030746009502787,-0.010684955963028146,-0.6865507261215884,-0.3542859540531898,1.0742045779391476,-0.23720592550657674,0.5323990342009521,0.6196405139066471,1.240702190059363,0.20261128335781467,-0.4660325419754493,0.7395159027099222,0.3240363883631433,0.826438787935115,-1.0809162890916681,-1.0999579545179767
-0.8257119053599354,1.2193391526212536,-0.2166945336074462,-0.7030746009502787,-0.010684955963028146,-0.6865507261215884,-0.6874206446824462,1.194120173812393,-0.2970103017489328,1.003563361471076,0.8325742477000878,1.545313519625357,0.299019274994498,-1.1594990574162096,0.6219878734913883,0.2542817253427642,0.8487977465070596,-1.2676136780735823,-1.2761757670616813
-0.8257119053599354,1.2193391526212536,-0.07223151005309006,-0.7030746009502787,-0.010684955963028146,-0.6865507261215884,-0.6874206446824462,1.2990465346274822,-0.35681467799128885,0.8376112490321269,0.92050635180747,1.2047492290461073,0.34910058766468754,-0.3036158655282516,0.5913071360318339,0.4561879487753691,0.8799745193658148,-1.2676136780735823,-1.2761757670616813
-0.8257119053599354,1.2193391526212536,0.07223151350126605,-0.7030746009502787,-0.010684955963028146,-0.6865507261215884,-0.6874206446824462,1.4189621305007278,-0.23720592550657674,0.7613585452697913,1.0112152958222154,0.9607032550047955,0.3730923227071807,0.3904293994245665,0.631183707272747,0.7282641422457327,1.038296470880434,-1.2676136780735823,-1.2761757670616813
-0.8257119053599354,1.2193391526212536,0.2166945370556222,-0.7030746009502787,-0.010684955963028146,-0.6865507261215884,-0.6874206446824462,1.568856768292951,-0.47642343047600094,0.7023386007620207,1.0873122591567967,0.8122522389951329,0.3920542807833661,0.41390077802624936,0.6537170430143937,0.9106888881998968,1.141969546718262,-1.2676136780735823,-1.2761757670616813
-0.8257119053599354,1.2193391526212536,0.3611575606099783,-0.7030746009502787,-0.010684955963028146,-0.6865507261215884,-0.6874206446824462,1.149151896835259,0.48044658940169593,0.5853331742622541,1.0444016984936018,0.5678788622518606,0.27616434603871115,0.41390077802624936,0.7942382719693019,1.1783209712785403,1.3521887372307306,-1.2676136780735823,-1.2761757670616813
-0.8257119053599354,1.2193391526212536,0.5056205841643344,-0.7030746009502787,-0.010684955963028146,-0.6865507261215884,-0.6874206446824462,1.1191728549162814,0.7196640943711202,0.45871810102935057,0.9910364155933635,0.3581960811671966,0.15263657168788178,0.41390077802624936,0.9245017380229512,1.4063191020573402,1.5390637775591784,-1.2676136780735823,-1.2761757670616813
-0.8257119053599354,1.2193391526212536,0.6500836077186906,-0.7030746009502787,-0.010684955963028146,-0.6865507261215884,0.2263514196385625,1.1191728549162814,0.7196640943711202,0.31819532662830013,0.908519531981849,0.15460216147139694,-0.03221851398616621,0.41390077802624936,1.0553899249750982,1.6048900739911034,1.7351112312830388,-0.7153982559330337,-0.729902170220445
-0.8257119053599354,1.2193391526212536,0.7945466312730467,-0.7030746009502787,-0.010684955963028146,-0.6865507261215884,-0.6874206446824462,1.149151896835259,0.8392728468558323,0.16614176082196025,0.8072118402074283,-0.02773710636017096,-0.1088337107431371,0.41390077802624936,1.2063800493571464,1.7994866770473212,1.8659748968967174,-1.2676136780735823,-1.2761757670616813
-0.8257119053599354,1.2193391526212536,0.9390096548274028,0.32472210699209086,-0.010684955963028146,-0.6865507261215884,0.09300586763019414,1.1191728549162814,0.7196640943711202,-0.009490619052845975,0.7234655213375047,-0.22692310815970326,-0.21646328859004257,0.41390077802624936,1.3759956296011182,2.031604046201113,2.0397992052540213,-0.012024268302798203,-0.01855266976043646
-0.8257119053599354,1.2193391526212536,1.083472678381759,-0.7030746009502787,-0.010684955963028146,-0.6865507261215884,0.15078235603836643,0.819383579331835,0.7196640943711202,-0.07179442623711446,0.6115201183769964,-0.3879952911130409,-0.27779792364610323,0.41390077802624936,1.505772237547142,2.1719209980030834,2.1105482778962514,-0.7815815740920492,-0.7776998230540585
-0.8257119053599354,1.2193391526212536,1.227935701936115,0.2155449638119173,-0.010684955963028146,0.29166114495297485,-0.12575936817307912,0.6095311436029891,0.9588815993405444,-0.17907904378649925,0.5157577571116423,-0.6043114995997033,-0.2119054855180009,0.41390077802624936,1.5992422456830198,2.2984979020801948,2.0338478793278796,0.4017496605035924,0.3861571944416506
-0.8257119053599354,1.2193391526212536,1.3723987254904713,-0.7030746009502787,-0.010684955963028146,1.0555045608101425,0.8278223051444734,0.5195943037473887,1.0784903518252564,-0.2087717798034433,0.45288052773844933,-0.6149450420388184,-0.17902843504190255,0.41390077802624936,1.6547715461029588,2.265084229609324,1.9715087446578863,0.7475755114823947,0.7406591094601574
-0.8257119053599354,1.2193391526212536,1.5168617490448273,1.1551465093892082,-0.010684955963028146,0.3594947434133127,-0.6874206446824462,0.6694889415396119,0.36083783691698385,-0.23860444943503703,0.404682073490699,-0.30978748872449074,-0.09617830039205838,0.41390077802624936,1.6710012744451808,1.910975900080515,1.7809064834034316,0.7260940909124901,0.7061592005120281
-0.8257119053599354,1.2193391526212536,1.6613247725991833,-0.7030746009502787,-0.010684955963028146,0.8311183152068895,1.081066306672341,0.6095311436029891,0.3010334606746278,-0.22050266319977394,0.3698884294797965,-0.07306290219309423,-0.047286687434656714,0.41390077802624936,1.660663975318419,1.6132790588716672,1.6078057843108486,0.6493712395885844,0.6705174133482983
-0.8257119053599354,1.3295840845218945,-1.6613247691510074,1.6441921417459564,-0.010684955963028146,-0.6865507261215884,-0.6874206446824462,0.5195943037473887,0.36083783691698385,-0.20266439680892115,0.33786049296871073,0.03955782520809777,0.027310414050280014,0.41390077802624936,1.6404583997764985,1.4255446723396932,1.4421333251657027,0.43780822151311183,0.3931193972346001
-0.8257119053599354,1.3295840845218945,-1.5168617455966513,-0.7030746009502787,-0.010684955963028146,-0.6865507261215884,-0.5020560692742727,0.5795521016840115,0.06181595570520356,-0.16652555998255528,0.3219418459527842,0.03472055389508226,0.011536721004671112,0.41390077802624936,1.6058061534568187,1.3312801723082548,1.3540110796940261,-1.2676136780735823,-1.2761757670616813
-0.8257119053599354,1.3295840845218945,-1.372398722042295,-0.7030746009502787,-0.010684955963028146,-0.6865507261215884,-0.6232568584219798,0.6395098996206342,-0.23720592550657674,-0.15110736045066678,0.31017628272714853,-0.056018897736353664,-0.0677573344763064,0.41390077802624936,1.5346785941213799,1.241242478422367,1.25748238983739,-1.2676136780735823,-1.2761757670616813
-0.8257119053599354,1.3295840845218945,-1.227935698487939,-0.7030746009502787,-0.010684955963028146,-0.6865507261215884,-0.632845502590857,0.6694889415396119,-0.23720592550657674,-0.1835104928822034,0.2997598281410461,-0.1809110099540629,-0.17383265346450816,0.41390077802624936,1.4821654037800676,1.209339092149424,1.2156484289905538,-1.2676136780735823,-1.2761757670616813
-0.8257119053599354,1.3295840845218945,-1.083472674933583,-0.7030746009502787,-0.010684955963028146,-0.6865507261215884,-0.422156895066484,0.5195943037473887,-0.8352496879301373,-0.2405870602743723,0.26746680117526095,-0.3539860246215502,-0.3616920970999876,0.41390077802624936,1.3941780927888756,1.1222013906585233,1.138520065980766,-1.1165805281170855,-1.124790121568932
-0.8257119053599354,1.3295840845218945,-0.9390096513792268,-0.7030746009502787,-0.010684955963028146,-0.6865507261215884,-0.036205071145000316,0.4596365058107659,-0.8950540641724933,-0.30917741779154617,0.23630649667732528,-0.5083170273849024,-0.47541095193101873,0.41390077802624936,1.3063006864001974,1.0348572284467115,1.028968592851201,-0.8839217276321669,-0.881746900287059
-0.8257119053599354,1.3295840845218945,-0.7945466278248707,-0.7030746009502787,-0.010684955963028146,-0.6865507261215884,0.18066786826398037,0.3696996659551655,-0.596032182960713,-0.38015972466567527,0.20391536537003718,-0.6484288064719725,-0.47653799304060235,0.41390077802624936,1.266858913192035,1.015635128092441,0.933126392894469,-0.7624683097438097,-0.7584127959127923
-0.8257119053599354,1.3295840845218945,-0.6500836042705146,0.7147271031161362,-0.010684955963028146,-0.6865507261215884,0.04902163858139529,0.2198050281629423,0.0020115794628475024,-0.39787832819914076,0.2062107286510172,-0.6743798221572369,-0.41179944970917115,0.41390077802624936,1.237952556617797,0.9947726192371471,0.8631266947231269,0.2416428697232078,0.23431318073527221
-0.8257119053599354,1.3295840845218945,-0.5056205807161585,-0.7030746009502787,-0.010684955963028146,1.1125428821614538,0.5312413482929936,0.6095311436029891,-0.2970103017489328,-0.17557154888472012,0.3552583586373695,0.6023929091116902,-0.09292900425446468,0.41390077802624936,1.098239222898909,0.35038897405653946,0.6880615078349209,0.5809045139343808,0.5984255800006906
-0.8257119053599354,1.3295840845218945,-0.3611575571618023,-0.7030746009502787,-0.010684955963028146,-0.6865507261215884,-0.6874206446824462,0.9692782171240583,-1.0744671928995615,0.3242092025812574,0.549467382937711,1.0980648513953981,0.08677505598733483,-0.1478123047329172,0.9105308384850197,0.11939586160149268,0.5786148423236618,-1.2676136780735823,-1.2761757670616813
-0.8257119053599354,1.3295840845218945,-0.2166945336074462,-0.7030746009502787,-0.010684955963028146,-0.6865507261215884,-0.6874206446824462,1.1191728549162814,-1.7323153315654782,0.7603561236283991,0.7103125818213949,1.522768320908081,0.20381400304009956,-0.4936366811773193,0.7898777586608062,-0.0458846203083301,0.5274390290984853,-1.2676136780735823,-1.2761757670616813
-0.8257119053599354,1.3295840845218945,-0.07223151005309006,-0.7030746009502787,-0.010684955963028146,-0.6865507261215884,-0.6874206446824462,1.149151896835259,-1.3734890741113417,1.2147395333622892,0.8689598259901301,1.589017221565276,0.27335854261210885,-0.7446497768928855,0.6352405368111396,-0.0912719302395393,0.470037424996728,-1.2676136780735823,-1.2761757670616813
-0.8257119053599354,1.3295840845218945,0.07223151350126605,-0.7030746009502787,-0.010684955963028146,-0.6865507261215884,-0.6874206446824462,1.1191728549162814,-1.9117284602925464,1.6037033243520715,0.9834816855221659,1.3806622863756517,0.38427891774937967,-1.064464195386941,0.5209797593287302,-0.046310987721472865,0.37567126566447206,-1.2676136780735823,-1.2761757670616813
-0.8257119053599354,1.3295840845218945,0.2166945370556222,-0.7030746009502787,-0.010684955963028146,-0.6865507261215884,-0.6874206446824462,1.1191728549162814,-1.7323153315654782,1.9125041171140749,1.074829351419888,1.1840664958258065,0.5749848522161396,-1.30097478320881,0.4236896021800481,0.0035204326014563613,0.2572170404074275,-1.2676136780735823,-1.2761757670616813
-0.8257119053599354,1.3295840845218945,0.3611575606099783,-0.7030746009502787,-0.010684955963028146,-0.6865507261215884,-0.6874206446824462,1.2091096947718818,-1.612706579080766,2.0711326011227618,1.1648974862252417,1.0329539859528654,1.0761600968196703,-1.0377602038165008,0.345521881793252,0.05678534676206425,0.03319839850054155,-1.2676136780735823,-1.2761757670616813
-0.8257119053599354,1.3295840845218945,0.5056205841643344,-0.7030746009502787,-0.010684955963028146,-0.6865507261215884,-0.6874206446824462,1.1191728549162814,-1.493097826596054,2.0716531018576267,1.2130966362484639,0.8887923597726844,1.6560841856814918,-0.4658578690844862,0.29530945753876797,0.10319281554954181,-0.20781807395273277,-1.2676136780735823,-1.2761757670616813
-0.8257119053599354,1.3295840845218945,0.6500836077186906,-0.7030746009502787,-0.010684955963028146,-0.6865507261215884,-0.6874206446824462,1.1191728549162814,-1.493097826596054,1.8981530748677387,1.2381466405543513,0.7629644560346883,2.156711777818055,0.41390077802624936,0.2578546438549942,0.14016901980866098,-0.4020196034991789,-1.2676136780735823,-1.2761757670616813
-0.8257119053599354,1.3295840845218945,0.7945466312730467,-0.7030746009502787,-0.010684955963028146,0.45659115139343,-0.6874206446824462,0.9992572590430359,-1.4332934503536978,1.5547827942287116,1.1963291431571217,0.556305383954459,2.2528146139196523,0.41390077802624936,0.2799835499409004,0.22120593711893125,-0.44092659325561534,-0.5868600961511147,-0.6204594165240616
-0.8257119053599354,1.3295840845218945,0.9390096548274028,0.25076836466713787,-0.010684955963028146,0.0166201697148492,-0.6874206446824462,0.7594257813952123,-0.9548584404148494,0.881655027295407,1.0634346365206429,0.37216250022550906,1.6230858867394526,0.41390077802624936,0.37766897802844684,0.3054460317904012,-0.21321544794628647,-0.1674540617612469,-0.17044539596283795
-0.8257119053599354,1.3295840845218945,1.083472678381759,-0.7030746009502787,-0.010684955963028146,0.9854515740419608,-0.6874206446824462,0.5195943037473887,-0.2970103017489328,0.7135633691221885,0.9181601969170594,0.2664213739034858,1.0557773345721253,0.41390077802624936,0.47542815788873255,0.35253208838852157,0.008983908386171337,-0.3308442141249909,-0.30713613926767563
-0.8257119053599354,1.3295840845218945,1.227935701936115,1.150739340245429,-0.010684955963028146,0.3731217332318286,-0.6874206446824462,0.5495733456663663,-0.35681467799128885,0.4147233649207374,0.8037183515642635,0.44394492097963556,0.5762184943259798,0.41390077802624936,0.5510618059272242,0.2702134663927611,0.21060276041981432,0.667306694355866,0.6555117131552981
-0.8257119053599354,1.3295840845218945,1.3723987254904713,-0.7030746009502787,-0.010684955963028146,-0.6865507261215884,2.3294277932387915,0.3696996659551655,0.0020115794628475024,0.34776513031087913,0.6888423423171569,0.4714517211499119,0.08037248598718776,0.41390077802624936,0.6251379900590446,0.25455194599219244,0.4350122474032997,0.4631298468363132,0.47387386790019914
-0.8257119053599354,1.3295840845218945,1.5168617490448273,-0.7030746009502787,-0.010684955963028146,-0.6865507261215884,-0.6874206446824462,0.3696996659551655,-0.2970103017489328,0.25430843869138303,0.6025877528719278,0.3695847219898205,0.07711179737628418,0.41390077802624936,0.6608189048952322,0.2777191377058119,0.41368542552246435,-1.2676136780735823,-1.2761757670616813
-0.8257119053599354,1.3295840845218945,1.6613247725991833,1.2728142346717706,-0.010684955963028146,-0.6865507261215884,0.6755089710965093,0.33972062403618786,-0.17740154926422066,0.1366641563901551,0.5381171976686516,0.1841786440386232,0.21585910232100664,0.41390077802624936,0.6803033519925903,0.3422318237459907,0.32966465151382884,0.8365471151170032,0.8269676233698028
-0.8257119053599354,1.4398290164225354,-1.6613247691510074,-0.7030746009502787,-0.010684955963028146,1.4053891715344837,0.7960139030746812,0.2198050281629423,0.0020115794628475024,0.08969158065016575,0.4645458992961671,-0.011644641908115419,0.32201498237047105,0.41390077802624936,0.6882666152975149,0.39769146741880856,0.24768784441136496,0.7411299349575539,0.7372770704505531
-0.8257119053599354,1.4398290164225354,-1.5168617455966513,0.41180230823912184,-0.010684955963028146,-0.6865507261215884,-0.6874206446824462,0.1448577092668307,0.4206422131593399,0.004923851046859262,0.40486714976615845,0.05970262335606367,0.3691668019038368,0.41390077802624936,0.6979300256772862,0.3528235623474554,0.21496057384929548,-0.4839010432420857,-0.5414242104239839
-0.8257119053599354,1.4398290164225354,-1.372398722042295,-0.7030746009502787,-0.010684955963028146,-0.06450585764861959,-0.23272834591647495,0.06991039037071911,0.36083783691698385,-0.02198132889881628,0.3484279308321616,0.0071598773308124255,0.2666589545578116,0.41390077802624936,0.7061082778099346,0.36019000279619406,0.244699953892825,-0.6509909313670974,-0.6438418239638586
-0.8257119053599354,1.4398290164225354,-1.227935698487939,0.35585878028470336,-0.010684955963028146,-0.6865507261215884,-0.17537974743473705,0.1298681883073419,0.3010334606746278,-0.0657347776064681,0.3148157135721242,-0.03420061590418997,0.19591495029589168,0.41390077802624936,0.7104336023641167,0.37219855640786303,0.2698965787304043,-0.2216217989466162,-0.22932969564606315
-0.8257119053599354,1.4398290164225354,-1.083472674933583,-0.7030746009502787,-0.010684955963028146,0.12237776723915257,-0.13805898095700764,0.1898261291946309,0.18142470818991568,-0.10154405115347218,0.2859730371702614,-0.11361607838579418,0.11941205077583236,0.41390077802624936,0.7049697046909132,0.39846114084161816,0.2946484262377975,-0.4681175590532664,-0.4760268146469634
-0.8257119053599354,1.4398290164225354,-0.9390096513792268,0.7042553732453379,-0.010684955963028146,-0.6865507261215884,0.1438300076259839,0.24978407008191994,0.0020115794628475024,-0.13837078593596625,0.2637882362566367,-0.1706546022729022,0.060817305550795495,0.41390077802624936,0.6961460040373634,0.41398061106130757,0.31084032986925375,0.2543934639094643,0.24707421729850174
-0.8257119053599354,1.4398290164225354,-0.7945466278248707,-0.7030746009502787,-0.010684955963028146,0.4510639142851691,0.07303462043435018,0.2198050281629423,0.36083783691698385,-0.1646678431637718,0.23826023420172415,-0.2397912776481484,0.028059876044450763,0.41390077802624936,0.6977405848492696,0.45031032434454754,0.3297891105605672,-0.14366672091144322,-0.15131100472035
-0.8257119053599354,1.4398290164225354,-0.6500836042705146,0.9954531887588588,-0.010684955963028146,-0.6865507261215884,0.3165782495991696,0.2198050281629423,0.0020115794628475024,-0.1741918296000904,0.2321054043794904,-0.25153135833312984,0.031518305442089944,0.41390077802624936,0.6753663215586292,0.44755390022397556,0.3201520500573314,0.5669030896578742,0.5598391429197993
-0.8257119053599354,1.4398290164225354,-0.5056205807161585,-0.7030746009502787,-0.010684955963028146,0.686562163729287,0.22161293877149252,0.1898261291946309,0.24122908443227173,-0.0690474116803706,0.3069750197820776,0.044219376589934516,0.1692891126745378,0.41390077802624936,0.5938007172107912,0.30713783860114724,0.2530950441191348,0.06588515506318043,0.06701789076932942
-0.8257119053599354,1.4398290164225354,-0.3611575571618023,1.493922867371142,-0.010684955963028146,-0.6865507261215884,-0.6874206446824462,0.3696996659551655,0.0020115794628475024,0.21715867958348276,0.49146058186608216,0.37753439114045995,0.33328946220677474,0.3200117701616987,0.44740103813460247,0.1644715286167883,0.18337374118391808,0.3115493351421626,0.28727840046580744
-0.8257119053599354,1.4398290164225354,-0.2166945336074462,-0.7030746009502787,-0.010684955963028146,-0.6865507261215884,0.9360418489855012,0.6694889415396119,-0.536227806718357,0.5541122847058882,0.6954529050733228,0.5694363044720724,0.581347548559702,-0.07090499532779997,0.29618869435887585,0.09261192047333511,0.08520066346590184,-0.36113321125077175,-0.3436590495212351
-0.8257119053599354,1.4398290164225354,-0.07223151005309006,-0.7030746009502787,-0.010684955963028146,-0.6865507261215884,-0.6874206446824462,0.819383579331835,-0.536227806718357,0.792877611126532,0.8833909050476647,0.7011342485525592,0.7587104555363233,-0.2575138671733883,0.17057930259148835,0.06646601237135558,0.038922422904482244,-1.2676136780735823,-1.2761757670616813
-0.8257119053599354,1.4398290164225354,0.07223151350126605,-0.7030746009502787,-0.010684955963028146,-0.6865507261215884,-0.6874206446824462,1.2690674927085046,-1.2538803216266297,0.8337473811397681,1.0582260613398558,0.7166448479494851,0.8430090617927081,0.045922056578026234,0.05938838239463664,0.08598609279971468,0.029610702716404622,-1.2676136780735823,-1.2761757670616813
-0.8257119053599354,1.4398290164225354,0.2166945370556222,-0.7030746009502787,-0.010684955963028146,-0.6865507261215884,-0.6874206446824462,1.1191728549162814,-1.0744671928995615,0.7910440884373842,1.1106777910458148,0.6456133812408679,0.8533395938404797,0.41390077802624936,0.027835156643198883,0.14057348330078268,0.04979555825611432,-1.2676136780735823,-1.2761757670616813
-0.8257119053599354,1.4398290164225354,0.3611575606099783,-0.7030746009502787,-0.010684955963028146,-0.6865507261215884,-0.6874206446824462,0.8793413772684578,-0.2970103017489328,0.6247042160288686,1.024314660627008,0.4128773056001895,0.6912946809770726,0.41390077802624936,0.10208150009382297,0.28779017022438963,0.16407582011412283,-1.2676136780735823,-1.2761757670616813
-0.8257119053599354,1.4398290164225354,0.5056205841643344,1.1745493053586542,-0.010684955963028146,-0.6865507261215884,-0.6874206446824462,0.3696996659551655,0.36083783691698385,0.3646657107045001,0.902153186416233,0.13865474884932386,0.4025426799612888,0.41390077802624936,0.1981480044640819,0.4452800129773825,0.3246541923111881,0.09420524964425674,0.05117149067122462
-0.8257119053599354,1.4398290164225354,0.6500836077186906,-0.7030746009502787,-0.010684955963028146,1.258280064527164,1.1011724265301595,0.3696996659551655,0.7196640943711202,0.2731635124223303,0.7616406341406361,-0.1537937775557395,0.10085371175405375,0.41390077802624936,0.3148160783717209,0.6266047917293797,0.5068242439745162,0.8449903530332852,0.8418537937406285
-0.8257119053599354,1.4398290164225354,0.7945466312730467,2.241231514071452,-0.010684955963028146,-0.6865507261215884,-0.6874206446824462,0.3696996659551655,0.7196640943711202,0.11246087221892986,0.6241491389629522,-0.1957087832150749,0.08053035311733882,0.41390077802624936,0.4386867600458358,0.6966240367660529,0.5644038026781888,0.840151856812644,0.8331962732814631
-0.8257119053599354,1.4398290164225354,0.9390096548274028,-0.7030746009502787,-0.010684955963028146,1.2985669098622217,1.2238395048195638,0.5195943037473887,0.36083783691698385,0.10186842070626768,0.5044611465539002,-0.1080518901876665,0.025321613709614096,0.41390077802624936,0.5525710660608634,0.6926910901549929,0.6315789355361844,0.7887662684348528,0.7847936542288568
-0.8257119053599354,1.4398290164225354,1.083472678381759,2.096779817633808,-0.010684955963028146,-0.6865507261215884,-0.6874206446824462,0.3696996659551655,0.0020115794628475024,0.10039715606625967,0.41945964873311625,-0.043105140529914036,0.06296804176208029,0.41390077802624936,0.6124661822043317,0.6492651570724424,0.6018181572705841,0.680657449724957,0.6736863863563897
-0.8257119053599354,1.4398290164225354,1.227935701936115,-0.7030746009502787,-0.010684955963028146,1.2364562538322286,1.1973507022751817,0.3696996659551655,0.48044658940169593,0.14214903096810502,0.3635784417273843,0.010355990796026239,0.09441208184541569,0.41390077802624936,0.6545654294197609,0.6190423003439772,0.5823564742971856,0.7501929260210096,0.7432785318303411
-0.8257119053599354,1.4398290164225354,1.3723987254904713,2.283004662011987,-0.010684955963028146,-0.6865507261215884,-0.6874206446824462,0.3696996659551655,1.0784903518252564,0.16346929034031013,0.3330380731746906,0.10209174128254178,0.1647044559154086,0.41390077802624936,0.6944603180944262,0.6043276365689332,0.5776041038546235,0.7882097847504995,0.7813264706883887
-0.8257119053599354,1.4398290164225354,1.5168617490448273,-0.7030746009502787,-0.010684955963028146,1.2481929247941437,1.2265593409591384,0.3846891869146543,0.7794684706134762,0.21394739929589193,0.30898789822156686,0.15610406956241546,0.20134997381279332,0.41390077802624936,0.7316500110265228,0.6105084459659671,0.591958380578448,0.7349050825814164,0.7279783052433189
-0.8257119053599354,1.4398290164225354,1.6613247725991833,2.280998878673317,-0.010684955963028146,-0.6865507261215884,-0.6874206446824462,0.3996787078741431,0.8990772230981884,0.23811471922036143,0.29122753353217745,0.24630475725391648,0.27718804114041234,0.41390077802624936,0.7591010956929177,0.590256427582696,0.5780624188355074,0.7725327981660017,0.7656365441331816
-0.8257119053599354,1.5500739483231762,-1.6613247691510074,-0.7030746009502787,-0.010684955963028146,1.2436811378551988,1.2312756481121032,0.2198050281629423,1.0784903518252564,0.28176812193249273,0.2696703220939829,0.2869300449278077,0.30741878281624657,0.41390077802624936,0.7836209089212226,0.5812953383095226,0.57388430680158,0.7202961276675991,0.7133573928340307
-0.8257119053599354,1.5500739483231762,-1.5168617455966513,-0.49116504695801716,-0.010684955963028146,-0.6865507261215884,-0.6874206446824462,0.06991039037071911,1.0784903518252564,0.25027782747315663,0.236890948073513,0.33300596593864035,0.34513031071619776,0.41390077802624936,0.8113385604524858,0.5580739289696134,0.5543101739877074,-1.251632270390086,-1.260181309054429
-0.8257119053599354,1.5500739483231762,-1.372398722042295,-0.1811135175442126,-0.010684955963028146,-0.6865507261215884,-0.5367323457883637,-0.07998424742150408,1.0784903518252564,0.1622648150216902,0.1991715682043137,0.274314680057332,0.2827361756423192,0.41390077802624936,0.8302113016700648,0.5668179308671226,0.5654189081313232,-0.8188090923500155,-0.8270046978234457
-0.8257119053599354,1.5500739483231762,-1.227935698487939,-0.7030746009502787,-0.010684955963028146,-0.03646680783793713,-0.09555082049457038,-0.07998424742150408,1.0784903518252564,0.049093831121482245,0.1572531833636945,0.06473467855505564,0.09227680684790858,0.41390077802624936,0.8563507616722527,0.646441503095271,0.6375669441287333,-0.5468066617156931,-0.547050964231947
-0.8257119053599354,1.5500739483231762,-1.083472674933583,0.32933863369113914,-0.010684955963028146,-0.6865507261215884,-0.11511933237833036,-0.07998424742150408,1.0784903518252564,-0.10733298709035706,0.12650408216950515,-0.04641066451831463,-0.04723623505285586,0.41390077802624936,0.8679500355769985,0.6751853029785513,0.6819154144180938,-0.19409149419404384,-0.20799454342253132
-0.8257119053599354,1.5500739483231762,-0.9390096513792268,-0.7030746009502787,-0.010684955963028146,0.37591631318378743,0.16071225772030015,-0.07998424742150408,1.0784903518252564,-0.15148008082613548,0.10612133972745925,-0.16007742283058024,-0.09430016979211692,0.41390077802624936,0.8780969298002831,0.7147505073282596,0.6882584588176542,-0.12363870055848968,-0.13126663130425395
-0.8257119053599354,1.5500739483231762,-0.7945466278248707,0.9837169822545041,-0.010684955963028146,-0.6865507261215884,0.3468599077784306,0.06991039037071911,0.7196640943711202,-0.1938773504833977,0.09415956781881774,-0.21605582505741636,-0.09750633728075184,0.41390077802624936,0.8743322151264659,0.7189092161351903,0.665706261199458,0.5790838991931618,0.5720299567354642
-0.8257119053599354,1.5500739483231762,-0.6500836042705146,-0.7030746009502787,-0.010684955963028146,0.6606001948556867,0.24390065923688073,0.2198050281629423,1.0784903518252564,-0.1743278398423667,0.11523182375327079,-0.18513574811075242,-0.03085629967754315,0.41390077802624936,0.8617110212334368,0.7116421023778144,0.6400473910953084,0.07175052185511033,0.06428221336662
-0.8257119053599354,1.5500739483231762,-0.5056205807161585,0.955993813577197,-0.010684955963028146,-0.6865507261215884,0.2053950633564017,0.4596365058107659,0.48044658940169593,0.10305000968604301,0.26689000330926144,0.44789779056355794,0.2300598203017599,0.2962585859625953,0.7701585591887812,0.4499559579391176,0.5561755312443493,0.44559252235354146,0.4328363531044982
-0.8257119053599354,1.5500739483231762,-0.3611575571618023,-0.7030746009502787,-0.010684955963028146,-0.6865507261215884,-0.5850304408458308,0.6694889415396119,-0.8352496879301373,0.4525433668090858,0.46397675496035573,1.0907708165162793,0.45175979215611534,-0.125890856917047,0.5746392353927491,0.09892220156194907,0.3766007782293233,-1.2197507563389873,-1.2394868019470724
-0.8257119053599354,1.5500739483231762,-0.2166945336074462,-0.7030746009502787,-0.010684955963028146,-0.6865507261215884,-0.6874206446824462,0.9692782171240583,-2.1509459652619705,1.0345619265929515,0.6616103861321685,1.5857373924724725,0.4999955241501059,-1.5231691808873427,0.3029507196398372,-0.27367303730864107,0.15047572154369177,-1.2676136780735823,-1.2761757670616813
-0.8257119053599354,1.5500739483231762,-0.07223151005309006,-0.7030746009502787,-0.010684955963028146,-0.6865507261215884,-0.6874206446824462,0.9992572590430359,-2.2705547177466827,1.3816169077859544,0.8072000120244103,1.5364131393376323,0.5060237700272143,-2.10026745188254,0.12435019712152272,-0.35943187612774014,0.028648219421627947,-1.2676136780735823,-1.2761757670616813
-0.8257119053599354,1.5500739483231762,0.07223151350126605,-0.7030746009502787,-0.010684955963028146,-0.6865507261215884,-0.6874206446824462,0.9692782171240583,-2.330359093989039,1.7015299989000892,0.9054532494782785,1.2697896407426486,0.5141059160924737,-2.4962392508365108,-0.08619327865319511,-0.44666565125242613,-0.17684240071160218,-1.2676136780735823,-1.2761757670616813
-0.8257119053599354,1.5500739483231762,0.2166945370556222,-0.7030746009502787,-0.010684955963028146,-0.6865507261215884,-0.6874206446824462,1.1191728549162814,-2.689185351443175,1.9430769963334413,0.999235433751311,1.0283338779510236,0.6586877948680369,-2.817086568359128,-0.25066117797505494,-0.49444460911452975,-0.37046508651611254,-1.2676136780735823,-1.2761757670616813
-0.8257119053599354,1.5500739483231762,0.3611575606099783,-0.7030746009502787,-0.010684955963028146,-0.6865507261215884,-0.6874206446824462,1.2091096947718818,-2.9284028564125992,2.046870466365936,1.0731365296973585,0.8950411926083295,1.0959219692718272,-2.7766789062496624,-0.45600153848867375,-0.6377986154707482,-0.7066964416607165,-1.2676136780735823,-1.2761757670616813
-0.8257119053599354,1.5500739483231762,0.5056205841643344,-0.7030746009502787,-0.010684955963028146,-0.6865507261215884,-0.6874206446824462,1.0891938129973038,-2.689185351443175,1.9922218125774782,1.1038779773613596,0.7370581991998186,1.5819297631594529,-2.3771449448059836,-0.5439830650271018,-0.6559094713565835,-0.9132831748020634,-1.2676136780735823,-1.2761757670616813
-0.8257119053599354,1.5500739483231762,0.6500836077186906,-0.7030746009502787,-0.010684955963028146,-0.6865507261215884,-0.6874206446824462,0.9692782171240583,-2.390163470231395,1.7696070485317492,1.1066123749649521,0.5832253458640062,1.9590084234947542,-1.4431282398183474,-0.6304427984509022,-0.6708971750976229,-1.068624659671106,-1.2676136780735823,-1.2761757670616813
-0.8257119053599354,1.5500739483231762,0.7945466312730467,-0.7030746009502787,-0.010684955963028146,-0.6865507261215884,-0.6874206446824462,0.8493626212508127,-2.031337212777258,1.4111481316401953,1.040164425871241,0.383401944880151,1.9702682558653737,-0.07588317272024858,-0.6445710833077839,-0.6212403355313467,-1.0823426668121314,-1.2676136780735823,-1.2761757670616813
-0.8257119053599354,1.5500739483231762,0.9390096548274028,0.9227490521414141,-0.010684955963028146,1.0755894078601582,-0.6874206446824462,0.5195943037473887,-1.3734890741113417,0.7621379885812978,0.890470420471724,0.04236354203375876,1.3157967041523229,0.41390077802624936,-0.5575129000417883,-0.49865406561966763,-0.898146116179016,0.8836066539744412,0.877563942138273
-0.8257119053599354,1.5500739483231762,1.083472678381759,-0.7030746009502787,-0.010684955963028146,2.819226550262693,-0.6874206446824462,0.2198050281629423,-0.8950540641724933,0.6096345427428131,0.743183798204123,0.10091474929068399,0.7806946740319985,0.41390077802624936,-0.47094976952483375,-0.5148941965280007,-0.7375240741409899,0.6049363049814456,0.6152821503682158
-0.8257119053599354,1.5500739483231762,1.227935701936115,2.3131541208163395,-0.010684955963028146,-0.6865507261215884,-0.6874206446824462,0.06991039037071911,-0.47642343047600094,0.33804105188351946,0.6149085449239416,0.4263430886281624,0.3032572750657697,0.41390077802624936,-0.40589950087443355,-0.6022398768333488,-0.5659352249424707,0.8457840972032153,0.829146586532248
-0.8257119053599354,1.5500739483231762,1.3723987254904713,-0.7030746009502787,-0.010684955963028146,0.8399483803483522,1.6920385240793094,-0.07998424742150408,0.0020115794628475024,0.31673844768699444,0.5040193291294011,0.5907216244375004,-0.1672681475937422,0.41390077802624936,-0.3359890868080586,-0.6395218685047422,-0.3861871026588303,0.7769598631355173,0.7728038306278755
-0.8257119053599354,1.5500739483231762,1.5168617490448273,-0.7030746009502787,-0.010684955963028146,-0.6865507261215884,-0.6874206446824462,-0.22987888521372726,0.36083783691698385,0.263604869530047,0.4121616598109582,0.5960421255612576,-0.1164634128683759,0.41390077802624936,-0.2819420524088606,-0.6264732039503303,-0.38828172658051646,-1.2676136780735823,-1.2761757670616813
-0.8257119053599354,1.5500739483231762,1.6613247725991833,0.6849865051942177,-0.010684955963028146,0.3134076567526563,0.5612465671968779,-0.19989998624541588,0.3010334606746278,0.12328872607399333,0.35214058874889675,0.45363355435486485,-0.10465999677125677,0.41390077802624936,-0.2484464556230891,-0.5540666483928659,-0.36342528980402206,0.8658372815470634,0.8564345899767212
-0.8257119053599354,1.6603188802238171,-1.6613247691510074,-0.7030746009502787,-0.010684955963028146,1.178716175663247,1.3646509568264287,-0.28983668315035005,0.48044658940169593,0.07690465619000716,0.28454530590243143,0.41835031836232817,0.0036197658024048622,0.41390077802624936,-0.21020037700499125,-0.5191763046523669,-0.37789747509844085,0.7025387980072924,0.7011338311218797
-0.8257119053599354,1.6603188802238171,-1.5168617455966513,1.3249169428467273,-0.010684955963028146,-0.6865507261215884,-0.6874206446824462,-0.37977352300595046,0.7196640943711202,-0.022032332739669893,0.22796971497599078,0.45697969285566054,0.11835987449085648,0.41390077802624936,-0.17788577265850938,-0.5123602815457219,-0.3985408639682393,0.1700637178809354,0.10999991425607038
-0.8257119053599354,1.6603188802238171,-1.372398722042295,-0.7030746009502787,-0.010684955963028146,0.7123453723701555,0.8216431604185163,-0.34979462403763906,0.5402509656440521,-0.018025915651079163,0.18963248648796452,0.37381360448450957,0.14188940061620633,0.41390077802624936,-0.15496560163827905,-0.4678215859012002,-0.38964575406292795,0.39025438997738854,0.4186837356149615
-0.8257119053599354,1.6603188802238171,-1.227935698487939,1.7694304225615396,-0.010684955963028146,-0.6865507261215884,-0.6874206446824462,-0.37977352300595046,0.7196640943711202,-0.03767154891525736,0.1582495338391002,0.3435499906769663,0.15317690042200705,0.41390077802624936,-0.13755006047946433,-0.4445713327841048,-0.3803316320335975,0.44420185237103466,0.43703749887496157
-0.8257119053599354,1.6603188802238171,-1.083472674933583,-0.7030746009502787,-0.010684955963028146,1.12733448077531,1.185077760703974,-0.5296681607981737,0.7196640943711202,-0.030625172132712285,0.12101510947364237,0.2666468258906585,0.11583074541606529,0.41390077802624936,-0.12315352162565821,-0.41125850509813294,-0.3597891204964186,0.7284154690725102,0.7214833739983557
-0.8257119053599354,1.6603188802238171,-0.9390096513792268,2.306133610379318,-0.010684955963028146,-0.6865507261215884,-0.6874206446824462,-0.5896259587347964,0.6598597181287641,-0.03677636611873692,0.08508595989300374,0.24220269150201212,0.12469897213970571,0.41390077802624936,-0.11605792623531382,-0.4073906196386206,-0.36775340774164983,0.8088390447430401,0.8019725867024172
-0.8257119053599354,1.6603188802238171,-0.7945466278248707,-0.7030746009502787,-0.010684955963028146,1.2100821636496968,1.2411475529804932,-0.6795627985903968,1.0784903518252564,-0.009178710949164275,0.04727682498796137,0.1814234881365561,0.0913711052197739,0.41390077802624936,-0.10574641612712413,-0.38910171306804964,-0.35862728437765573,0.728233209881317,0.7213008044754456
-0.8257119053599354,1.6603188802238171,-0.6500836042705146,1.391319211007625,-0.010684955963028146,0.5013580900743855,-0.6874206446824462,-0.37977352300595046,0.7196640943711202,0.026090445001107968,0.05533112184780514,0.3049927276648252,0.15198475946493847,0.41390077802624936,-0.12028491509251014,-0.4240434551182714,-0.3723638512010894,0.7543072385322647,0.7473961704647648
-0.8257119053599354,1.6603188802238171,-0.5056205807161585,-0.7030746009502787,-0.010684955963028146,0.9967775880853825,1.442804094863801,0.0998892893390305,0.12162033194755961,0.2392073784263407,0.17749468338499505,1.5491644384944916,0.370740590716786,0.41390077802624936,-0.1796199033933439,-0.774454359404623,-0.4025753022254055,0.6722785597282481,0.6697912287437185
-0.8257119053599354,1.6603188802238171,-0.3611575571618023,-0.7030746009502787,-0.010684955963028146,-0.6865507261215884,-0.6874206446824462,0.6694889415396119,-1.3136846978689858,0.5548328774317944,0.42489782981954843,2.010867728799104,0.5743452462145997,-0.011239064746681375,-0.3354238975692557,-0.8874605916214047,-0.454022086813744,-1.2676136780735823,-1.2761757670616813
-0.8257119053599354,1.6603188802238171,-0.2166945336074462,-0.7030746009502787,-0.010684955963028146,-0.6865507261215884,-0.6874206446824462,0.9692782171240583,-2.1509459652619705,0.9919037526728612,0.6250557344025147,2.255193860089182,0.6787816765423673,-1.0627395917101652,-0.4992518918041127,-0.9972777430598219,-0.5446699775373901,-1.2676136780735823,-1.2761757670616813
-0.8257119053599354,1.6603188802238171,-0.07223151005309006,-0.7030746009502787,-0.010684955963028146,-0.6865507261215884,-0.6874206446824462,1.2091096947718818,-2.330359093989039,1.4122963719547972,0.8058008075509181,2.2248713966820457,0.715460558111588,-1.6258104650750849,-0.6336206321880521,-1.0109316931941328,-0.5831682175824332,-1.2676136780735823,-1.2761757670616813
-0.8257119053599354,1.6603188802238171,0.07223151350126605,-0.7030746009502787,-0.010684955963028146,-0.6865507261215884,-0.6874206446824462,1.2690674927085046,-2.629380975200819,1.7715301548900886,0.936841768330916,1.9314406621711009,0.6950737271235753,-2.151078631377769,-0.7438103600190243,-0.9765939355007791,-0.6263568168958741,-1.2676136780735823,-1.2761757670616813
-0.8257119053599354,1.6603188802238171,0.2166945370556222,-0.7030746009502787,-0.010684955963028146,-0.6865507261215884,-0.6874206446824462,1.4189621305007278,-2.629380975200819,2.0411894231693184,1.0561366475984848,1.6802324431990545,0.8840903205481001,-2.388084125724033,-0.8223287628546299,-0.9174522643913703,-0.6953842060582233,-1.2676136780735823,-1.2761757670616813
-0.8257119053599354,1.6603188802238171,0.3611575606099783,-0.7030746009502787,-0.010684955963028146,-0.6865507261215884,-0.6874206446824462,1.5088989703563283,-2.689185351443175,2.166533323753255,1.1479087365339145,1.482363512015763,1.2711471600066606,-2.0575983580780717,-0.8981236525139144,-0.8818785616891149,-0.8322618638198225,-1.2676136780735823,-1.2761757670616813
-0.8257119053599354,1.6603188802238171,0.5056205841643344,-0.7030746009502787,-0.010684955963028146,-0.6865507261215884,-0.6874206446824462,1.568856768292951,-2.7489897276855313,2.1314433351413657,1.20986893383547,1.2922453217591352,1.7390059301635694,-1.6537115481915923,-0.9481856809965379,-0.8409299403869968,-0.9755408652186649,-1.2676136780735823,-1.2761757670616813
-0.8257119053599354,1.6603188802238171,0.6500836077186906,-0.7030746009502787,-0.010684955963028146,-0.6865507261215884,-0.6874206446824462,1.4189621305007278,-2.629380975200819,1.9104142674298679,1.226430477387203,1.1341462868866383,2.1210696113200322,-0.7549869185800823,-0.9676368674905037,-0.8034529821314652,-1.082348562240661,-1.2676136780735823,-1.2761757670616813
-0.8257119053599354,1.6603188802238171,0.7945466312730467,-0.7030746009502787,-0.010684955963028146,-0.6865507261215884,-0.6874206446824462,1.3290252906451274,-2.1509459652619705,1.5633782492033361,1.1745959005245992,0.8779391674195959,2.131785046216059,0.41390077802624936,-0.930191212523606,-0.691073071933583,-1.0536437207294935,-1.2676136780735823,-1.2761757670616813
-0.8257119053599354,1.6603188802238171,0.9390096548274028,-0.7030746009502787,-0.010684955963028146,-0.6865507261215884,-0.6874206446824462,0.819383579331835,-1.3136846978689858,1.1659223187114276,1.021525296761155,0.5545374093638726,1.518617720236036,0.41390077802624936,-0.8422104090417736,-0.5653068298047562,-0.8669097339873493,-1.2676136780735823,-1.2761757670616813
-0.8257119053599354,1.6603188802238171,1.083472678381759,0.9883764196377517,-0.010684955963028146,0.9970773697278691,-0.6874206446824462,0.6694889415396119,-1.3136846978689858,0.6168398161064791,0.8875732114077649,0.15136128915578853,0.877156373042857,0.41390077802624936,-0.7598675188537908,-0.3941573982843183,-0.6415085049156435,0.8779967016900907,0.8627432675604195
-0.8257119053599354,1.6603188802238171,1.227935701936115,-0.7030746009502787,-0.010684955963028146,0.9921077515784693,1.498226874897611,0.42965746389178827,-0.7754453116877812,0.4955461436026357,0.7408188573759777,0.11539257965813464,0.2529684566317218,0.41390077802624936,-0.6700301470536218,-0.3556847875396014,-0.4058741220115865,0.7871719498688925,0.7851123321965374
-0.8257119053599354,1.6603188802238171,1.3723987254904713,2.280364803886756,-0.010684955963028146,-0.6865507261215884,-0.6874206446824462,0.3696996659551655,-0.8352496879301373,0.3360362086007352,0.6270915734325686,0.2718686917700276,0.13818766053859208,0.41390077802624936,-0.6044908511258097,-0.4000241791898819,-0.3535438965406104,0.8306961277484416,0.8217828126586375
-0.8257119053599354,1.6603188802238171,1.5168617490448273,-0.7030746009502787,-0.010684955963028146,1.2300173290771033,1.3218218004744224,0.3696996659551655,-0.596032182960713,0.3117152232583093,0.5456726235153209,0.3115142579408372,0.19672625714517314,0.41390077802624936,-0.5410995153243137,-0.3747921633966428,-0.33511325851229723,0.7607770803340396,0.7571253658364385
-0.8257119053599354,1.6603188802238171,1.6613247725991833,2.2805785510527254,-0.010684955963028146,-0.6865507261215884,-0.6874206446824462,0.3696996659551655,-0.7754453116877812,0.30083767335318334,0.4886906997134355,0.3772840731252902,0.2745319673630255,0.41390077802624936,-0.49531292049078396,-0.3709203742680376,-0.33619430542528256,0.7974041677949831,0.7884968272983781
-0.8257119053599354,1.770563812124458,-1.6613247691510074,-0.7030746009502787,-0.010684955963028146,1.2312601781615504,1.2699742180610916,0.2198050281629423,-0.536227806718357,0.3326346447530366,0.4398980532128943,0.37739762798647647,0.29002573106444896,0.41390077802624936,-0.45879205490950964,-0.3555034837972884,-0.3262188036546003,0.7400065425069053,0.7330839069798584
-0.8257119053599354,1.770563812124458,-1.5168617455966513,-0.7030746009502787,-0.010684955963028146,-0.6865507261215884,-0.6874206446824462,0.06991039037071911,-0.2970103017489328,0.2975649268984099,0.38536456329575236,0.4101055723461244,0.3371124507503298,0.41390077802624936,-0.42037919123672024,-0.3558053675404699,-0.33212864323182933,-1.2676136780735823,-1.2761757670616813
-0.8257119053599354,1.770563812124458,-1.372398722042295,0.7615816285705637,-0.010684955963028146,-0.6865507261215884,0.2964705608464853,0.06991039037071911,-0.41661905423364487,0.22075248867747568,0.34773354691145286,0.3562001679866378,0.3192612588218567,0.41390077802624936,-0.3972020941062281,-0.33537725030700966,-0.32437244277877647,0.29544312277012097,0.28815747681210674
-0.8257119053599354,1.770563812124458,-1.227935698487939,-0.7030746009502787,-0.010684955963028146,-0.6865507261215884,0.5110284389913011,-0.07998424742150408,0.0020115794628475024,0.14703166788674496,0.29089216975484117,0.1787106044820839,0.2844303991731156,0.41390077802624936,-0.36084102403255564,-0.2673735997452851,-0.3079669936250217,-0.6195770139769351,-0.6131811453614328
-0.8257119053599354,1.770563812124458,-1.083472674933583,0.3918186503148774,-0.010684955963028146,0.34107532668837415,-0.13387479064607036,-0.07998424742150408,-0.2970103017489328,0.016198315457089604,0.24033364510724717,-0.09897993430676266,0.2809646460426343,0.41390077802624936,-0.3380189476904459,-0.17675751222213792,-0.32005415055536485,0.4667191306518332,0.43954465736250375
-0.8257119053599354,1.770563812124458,-0.9390096513792268,-0.7030746009502787,-0.010684955963028146,1.1547173267708706,0.9130034646232614,0.009952592434096328,-0.41661905423364487,-0.024747306422031358,0.20843512283388868,-0.10869592031278869,0.2720410844486317,0.41390077802624936,-0.32523940440300597,-0.18375223662503395,-0.327034119585339,0.7239368179216608,0.7170010056668178
-0.8257119053599354,1.770563812124458,-0.7945466278248707,2.3213334884784182,-0.010684955963028146,-0.6865507261215884,-0.6874206446824462,0.03993149140240772,-0.2970103017489328,-0.05853604319675775,0.18302957726198685,-0.03020298746987301,0.29207556251213207,0.41390077802624936,-0.3101345111044912,-0.21563263462443005,-0.3364497739949034,0.8419588111016632,0.8351193935026106
-0.8257119053599354,1.770563812124458,-0.6500836042705146,-0.7030746009502787,-0.010684955963028146,1.2689192794552449,1.1452464486617848,0.06991039037071911,-0.2970103017489328,-0.000623143593668751,0.1928664508802031,0.07798661374225441,0.29538833100102363,0.41390077802624936,-0.31390380513674654,-0.2499539101593917,-0.3317107228538342,0.7321345271839291,0.7252053771083565
-0.8257119053599354,1.770563812124458,-0.5056205807161585,2.2530046291392516,-0.010684955963028146,-0.6865507261215884,-0.6874206446824462,0.6095311436029891,-1.0146628166572054,0.3845218982860483,0.35310215045071985,0.8497535246850015,0.4713377575391273,0.10535625445713377,-0.3989834645386342,-0.5005659959931501,-0.374987535246016,0.8071496422400569,0.7966528955925998
-0.8257119053599354,1.770563812124458,-0.3611575571618023,-0.7030746009502787,-0.010684955963028146,-0.6865507261215884,1.0118295119370166,1.0142464941011922,-1.493097826596054,0.7694864650365911,0.5762964851246128,1.5722359681377038,0.7573726536705071,-0.24561980778474032,-0.5047854439293477,-0.6918603118673106,-0.4360043471317155,-0.34432950697397147,-0.3388659855217851
-0.8257119053599354,1.770563812124458,-0.2166945336074462,-0.7030746009502787,-0.010684955963028146,-0.6865507261215884,-0.6874206446824462,1.4189621305007278,-1.9117284602925464,1.3935943097464107,0.7879179863785178,2.0867198894687387,0.9095175072276369,-1.261855042548712,-0.5843180541495514,-0.789531413793788,-0.4282177961391948,-1.2676136780735823,-1.2761757670616813
-0.8257119053599354,1.770563812124458,-0.07223151005309006,-0.7030746009502787,-0.010684955963028146,-0.6865507261215884,-0.6874206446824462,1.5388777263739735,-1.9715328365349023,1.7481069679257653,0.9590891890369894,2.0334137563839794,0.9878700561643631,-1.639052999181968,-0.6525266340090233,-0.7406277654919293,-0.41679201895020346,-1.2676136780735823,-1.2761757670616813
-0.8257119053599354,1.770563812124458,0.07223151350126605,-0.7030746009502787,-0.010684955963028146,-0.6865507261215884,-0.6874206446824462,1.7187514060851743,-2.031337212777258,2.080367565794243,1.0955565027204015,1.7771320388329461,0.9931716249939205,-1.7322374930529676,-0.6753525666529757,-0.5963119384453303,-0.34319763782017076,-1.2676136780735823,-1.2761757670616813
-0.8257119053599354,1.770563812124458,0.2166945370556222,-0.7030746009502787,-0.010684955963028146,-0.6865507261215884,-0.6874206446824462,1.8686460438773973,-2.2107503415043266,2.315630628476272,1.2202993039310055,1.5681579395461964,1.2012527087544196,-1.941777422024193,-0.7021635052135026,-0.4811211696300812,-0.365888050485008,-1.2676136780735823,-1.2761757670616813
-0.8257119053599354,1.770563812124458,0.3611575606099783,-0.7030746009502787,-0.010684955963028146,-0.6865507261215884,-0.6874206446824462,1.988561639750643,-2.4499678464737507,2.4177488185053444,1.3207324059375596,1.4200020004020983,1.5847445178150843,-1.582675576894715,-0.721066614808092,-0.3975321202150988,-0.46514610540169604,-1.2676136780735823,-1.2761757670616813
-0.8257119053599354,1.770563812124458,0.5056205841643344,-0.7030746009502787,-0.010684955963028146,-0.6865507261215884,-0.6874206446824462,2.0185406816696205,-2.509772222716107,2.361589666353145,1.380265738393993,1.2773124430793394,2.0392228280695504,-1.1419060038384052,-0.7316405944604422,-0.3333664269831746,-0.6011776599946792,-1.2676136780735823,-1.2761757670616813
-0.8257119053599354,1.770563812124458,0.6500836077186906,-0.7030746009502787,-0.010684955963028146,-0.6865507261215884,-0.6874206446824462,1.8686460438773973,-2.390163470231395,2.125972192366723,1.3886540074802296,1.0998054733551876,2.415425895456179,-0.13390717812631395,-0.7285630245711994,-0.26691621984990455,-0.7152590057271111,-1.2676136780735823,-1.2761757670616813
-0.8257119053599354,1.770563812124458,0.7945466312730467,-0.7030746009502787,-0.010684955963028146,-0.6865507261215884,-0.6874206446824462,1.748730448004152,-2.031337212777258,1.7761473102781316,1.337220893064769,0.8999207361689399,2.415609802525324,0.41390077802624936,-0.686634177693439,-0.171938649597503,-0.6976919388037983,-1.2676136780735823,-1.2761757670616813
-0.8257119053599354,1.770563812124458,0.9390096548274028,-0.7030746009502787,-0.010684955963028146,-0.6865507261215884,-0.6874206446824462,1.194120173812393,-1.3734890741113417,1.373041723568592,1.1870544561200003,0.6068994622523457,1.7989230160406446,0.41390077802624936,-0.5916628630464724,-0.04484385875407164,-0.48884922167841494,-1.2676136780735823,-1.2761757670616813
-0.8257119053599354,1.770563812124458,1.083472678381759,0.7611179423463137,-0.010684955963028146,0.9067885990952584,-0.6874206446824462,1.0592150569796586,-1.2538803216266297,0.8134766238774354,1.0587304985568033,0.2555259093028023,1.162350667393587,0.41390077802624936,-0.4971434587716829,0.11976193901420122,-0.2447199629614527,0.7913157401980525,0.7493160158962637
-0.8257119053599354,1.770563812124458,1.227935701936115,-0.7030746009502787,-0.010684955963028146,-0.6865507261215884,-0.6874206446824462,0.9093204191874354,-1.0744671928995615,0.690369045546311,0.929547954061588,0.19974311982954254,0.7534332991495727,0.41390077802624936,-0.4080980749624336,0.15294876493667567,-0.07779177753947807,-1.2676136780735823,-1.2761757670616813
-0.8257119053599354,1.770563812124458,1.3723987254904713,0.4529031290712729,-0.010684955963028146,0.4491361488730869,0.5792134466085065,0.7594257813952123,-0.9548584404148494,0.4677418574880664,0.8230108138422307,0.09538868900215171,0.238904448330687,0.41390077802624936,-0.3388167201341293,0.1942389572844194,0.1332368334751996,0.8886177032755018,0.8817659066061486
-0.8257119053599354,1.770563812124458,1.5168617490448273,-0.7030746009502787,-0.010684955963028146,-0.6865507261215884,-0.6874206446824462,0.5645625807245227,-0.7754453116877812,0.3738947903174215,0.7124875759457792,0.10256585354968449,0.08554711011414952,0.41390077802624936,-0.26679522182780785,0.18229546482429818,0.1916950293790041,-1.2676136780735823,-1.2761757670616813
-0.8257119053599354,1.770563812124458,1.6613247725991833,0.55259100892264,-0.010684955963028146,0.47397221069863227,0.5086325273450453,0.35471014499567666,-0.536227806718357,0.22363028231333137,0.6224855398102321,0.024098615602365713,-0.005621157548087022,0.41390077802624936,-0.20850047094900961,0.196472723487558,0.21231046955058755,0.8949015112874493,0.8883605142610413
-0.4979253414328992,-1.5367841448947694,-1.6613247691510074,-0.7030746009502787,-0.010684955963028146,1.2459091033070355,1.2672219580942876,0.1448577092668307,-0.2970103017489328,0.14817729261976453,0.5177504580624537,0.08045166598435656,0.04458872732088535,0.41390077802624936,-0.1527111111735616,0.13498516412384334,0.1524201212124727,0.7373591109220091,0.7360803395083385
-0.4979253414328992,-1.5367841448947694,-1.5168617455966513,1.0296652770589099,-0.010684955963028146,-0.6865507261215884,-0.6874206446824462,-0.035015827493703876,-0.057792796779508555,0.014413834922608768,0.4260326396138129,0.18588030922121757,0.15077634354599867,0.41390077802624936,-0.10528486500034051,0.05384892012221021,0.0692218686583344,-0.026075211718529365,-0.08453968117997193
-0.4979253414328992,-1.5367841448947694,-1.372398722042295,-0.7030746009502787,-0.010684955963028146,0.4532270281604735,0.46374445796398467,-0.15493156631761568,0.18142470818991568,-0.023208036660885188,0.335186627831152,0.13001380412036795,0.10325182738578143,0.41390077802624936,-0.059923909482685354,0.04538186185978914,0.05757010004237075,0.0723295632598726,0.08963062030452608
-0.4979253414328992,-1.5367841448947694,-1.227935698487939,1.583885519922552,-0.010684955963028146,-0.6865507261215884,-0.6874206446824462,-0.22987888521372726,0.3010334606746278,-0.10649469319325028,0.2466311089011696,0.07980183378603507,0.057626599275938266,0.41390077802624936,-0.017496394572906613,0.03294889266952383,0.04347456712623909,0.3870511936793074,0.36050238999724626
-0.4979253414328992,-1.5367841448947694,-1.083472674933583,-0.7030746009502787,-0.010684955963028146,1.0724198393567987,1.077256402379919,-0.28983668315035005,0.4206422131593399,-0.10013032930827336,0.16587523300840631,-0.04725030739701318,-0.06208957900464596,0.41390077802624936,0.02390654914107206,0.06117437204547385,0.06982953449530435,0.7863949217786279,0.7835913970791101
-0.4979253414328992,-1.5367841448947694,-0.9390096513792268,2.2450049667642373,-0.010684955963028146,-0.6865507261215884,-0.6874206446824462,-0.33480510307815026,0.5402509656440521,-0.1489122336077748,0.08676138722874181,-0.052470515541182414,-0.06495885478254614,0.41390077802624936,0.06273444729966896,0.03700285302246265,0.04449731480154171,0.8569241959722222,0.8473677208114793
-0.4979253414328992,-1.5367841448947694,-0.7945466278248707,-0.7030746009502787,-0.010684955963028146,1.2171160493198476,1.2191886728790036,-0.22987888521372726,0.36083783691698385,-0.11785024063252995,0.03475704115105493,-0.09155162287646024,-0.1014855654582708,0.41390077802624936,0.08739838980934025,0.0352702745567467,0.04197145120036735,0.779249426821335,0.7723588685843703
-0.4979253414328992,-1.5367841448947694,-0.6500836042705146,2.2938086585376816,-0.010684955963028146,-0.6865507261215884,-0.6874206446824462,-0.07998424742150408,0.0020115794628475024,-0.07327288372647363,0.02917135566463252,0.020391090828013693,-0.03679747450864048,0.41390077802624936,0.07985474034866127,-0.02823916852656614,-0.003274215971533437,0.8398205908467968,0.8329793184672425
-0.4979253414328992,-1.5367841448947694,-0.5056205807161585,-0.7030746009502787,-0.010684955963028146,1.2090342876921147,1.2249371036677676,0.3696996659551655,-0.2970103017489328,0.18229886215083052,0.17367209294373886,1.1506921419158391,0.15929058984893954,0.3991339318242281,-0.0006641190677818773,-0.42201940269362165,-0.056684178260266053,0.7632070231404903,0.7603917638365761
-0.4979253414328992,-1.5367841448947694,-0.3611575571618023,-0.7030746009502787,-0.010684955963028146,-0.6865507261215884,-0.6874206446824462,0.819383579331835,-1.0744671928995615,0.5682220395512629,0.3754003627662238,1.731076839512111,0.3474446102942885,-0.1962409459954091,-0.12791364421259102,-0.6010650893069021,-0.11994714841578577,-1.2676136780735823,-1.2761757670616813
-0.4979253414328992,-1.5367841448947694,-0.2166945336074462,-0.7030746009502787,-0.010684955963028146,-0.6865507261215884,-0.6874206446824462,1.1191728549162814,-1.3136846978689858,0.9885100355699095,0.5285036679768357,1.999494836460878,0.42740919420436124,-0.846598191946474,-0.20022629330802716,-0.6496460342970839,-0.10984675089995558,-1.2676136780735823,-1.2761757670616813
-0.4979253414328992,-1.5367841448947694,-0.07223151005309006,-0.7030746009502787,-0.010684955963028146,-0.6865507261215884,-0.6874206446824462,1.3140357696856386,-1.493097826596054,1.4084933163342253,0.687556549245544,1.978713467996189,0.45774002689570364,-0.9843778393662951,-0.27269247142057096,-0.6085377963031687,-0.07927000165600215,-1.2676136780735823,-1.2761757670616813
-0.4979253414328992,-1.5367841448947694,0.07223151350126605,-0.7030746009502787,-0.010684955963028146,-0.6865507261215884,-0.6874206446824462,1.4189621305007278,-1.672510955323122,1.7546034186806452,0.8143310148333718,1.7009715394161486,0.5168270897173456,-1.24756563558199,-0.34013726249634724,-0.5053683764593929,-0.08531106910531845,-1.2676136780735823,-1.2761757670616813
-0.4979253414328992,-1.5367841448947694,0.2166945370556222,-0.7030746009502787,-0.010684955963028146,-0.6865507261215884,-0.6874206446824462,1.568856768292951,-2.0911415890196143,2.038495374139615,0.9351315522215954,1.4679785148195013,0.705444946576025,-1.3933557817813793,-0.4146055843217848,-0.43186467301632875,-0.16407595940511335,-1.2676136780735823,-1.2761757670616813
-0.4979253414328992,-1.5367841448947694,0.3611575606099783,-0.7030746009502787,-0.010684955963028146,-0.6865507261215884,-0.6874206446824462,1.7037618851256855,-1.9715328365349023,2.1579973732596263,1.026452082875923,1.2902659859305743,1.1502746456851245,-1.1340585330904027,-0.44753261760464114,-0.33902414472176484,-0.2981799272180855,-1.2676136780735823,-1.2761757670616813
-0.4979253414328992,-1.5367841448947694,0.5056205841643344,-0.7030746009502787,-0.010684955963028146,-0.6865507261215884,-0.6874206446824462,1.568856768292951,-1.9117284602925464,2.113138187438084,1.0714457953012442,1.083772687370325,1.679778088921741,-0.6094506303155595,-0.4598848344441503,-0.24890642561947332,-0.4691654775637308,-1.2676136780735823,-1.2761757670616813
-0.4979253414328992,-1.5367841448947694,0.6500836077186906,-0.7030746009502787,-0.010684955963028146,-0.6865507261215884,-0.6874206446824462,1.568856768292951,-2.2705547177466827,1.9081197484868508,1.0966968787184392,0.8980019076751717,2.1391771338979777,0.3459017860602507,-0.4870628447363176,-0.206612122832843,-0.6422707619896147,-1.2676136780735823,-1.2761757670616813
-0.4979253414328992,-1.5367841448947694,0.7945466312730467,-0.7030746009502787,-0.010684955963028146,-0.6865507261215884,-0.6874206446824462,1.239088450789527,-1.612706579080766,1.5352594394035028,1.0298961714606005,0.6497693233867657,2.120158213455243,0.41390077802624936,-0.44440033643300675,-0.10778271553831092,-0.6323494108217239,-1.2676136780735823,-1.2761757670616813
-0.4979253414328992,-1.5367841448947694,0.9390096548274028,0.87716464710573,-0.010684955963028146,0.959501738689131,-0.6874206446824462,0.9692782171240583,-1.0744671928995615,0.8415078116942637,0.8825218814835712,0.23757595255937117,1.4606324723330772,0.41390077802624936,-0.3513227070096113,0.0641324857358438,-0.40791743387014373,0.909611661393221,0.8970638817752874
-0.4979253414328992,-1.5367841448947694,1.083472678381759,-0.7030746009502787,-0.010684955963028146,2.1437946610961593,-0.6874206446824462,0.819383579331835,-0.8352496879301373,0.6769354185399444,0.7373274560592279,0.20162879361931468,0.8927022166222685,0.41390077802624936,-0.24854165807482775,0.09739998748623743,-0.18348043488685303,0.2876548675882651,0.33993548295784354
-0.4979253414328992,-1.5367841448947694,1.227935701936115,2.2652756514779906,-0.010684955963028146,-0.6865507261215884,-0.6874206446824462,0.8493626212508127,-0.596032182960713,0.39961380401555285,0.6276092303834776,0.4317431610415099,0.4169663649196781,0.41390077802624936,-0.1594420450209172,0.03375565094871564,0.03782347135670298,0.8626547556700743,0.8484256825423341
-0.4979253414328992,-1.5367841448947694,1.3723987254904713,-0.7030746009502787,-0.010684955963028146,0.8324742361530003,1.599951716958648,0.819383579331835,-0.536227806718357,0.37405957195710243,0.5300301993616402,0.520892015748738,-0.06576121040279842,0.41390077802624936,-0.08203787239895163,0.01823900004559328,0.27059485948736794,0.806238526026883,0.8011819296766304
-0.4979253414328992,-1.5367841448947694,1.5168617490448273,-0.7030746009502787,-0.010684955963028146,-0.6865507261215884,-0.6874206446824462,0.819383579331835,0.36083783691698385,0.2986536627320159,0.44904332601228847,0.539951826208435,-0.12963636700696013,0.41390077802624936,0.006506433189627642,0.0655907230125335,0.36045712977212874,-1.2676136780735823,-1.2761757670616813
-0.4979253414328992,-1.5367841448947694,1.6613247725991833,2.2563622334060387,-0.010684955963028146,-0.6865507261215884,-0.6874206446824462,0.6694889415396119,0.7794684706134762,0.18398787395755975,0.3968239853138611,0.43469227196195354,-0.13080816426168965,0.41390077802624936,0.05797167350521937,0.1345676884014121,0.388370673765086,0.8647933354105248,0.855673610732125
-0.4979253414328992,-1.4265392129941283,-1.6613247691510074,-0.7030746009502787,-0.010684955963028146,1.139733265413757,1.385616412698812,0.6694889415396119,0.7196640943711202,0.18412976925839605,0.3388394490573251,0.23338188250387795,-0.195856745616768,0.41390077802624936,0.09253522488251995,0.21661652348875465,0.4146599180235052,0.8309925236126207,0.8261738962287204
-0.4979253414328992,-1.4265392129941283,-1.5168617455966513,-0.032578094604337415,-0.010684955963028146,-0.6865507261215884,-0.6874206446824462,0.5195943037473887,0.7196640943711202,0.14244982285006222,0.2925021941962439,0.23351615905506173,-0.11660175004428147,0.41390077802624936,0.12035892471445399,0.21054870362490855,0.37072543782645334,-0.8727671146326977,-0.8810067722421786
-0.4979253414328992,-1.4265392129941283,-1.372398722042295,-0.7030746009502787,-0.010684955963028146,-0.6865507261215884,0.48187952290524083,0.4596365058107659,0.48044658940169593,0.084905066354673,0.24633888320307576,0.16264466379322515,-0.08968377685733879,0.41390077802624936,0.14923611800600745,0.23691907269972773,0.3533075034100218,-0.5605841714089365,-0.5685688906527421
-0.4979253414328992,-1.4265392129941283,-1.227935698487939,0.7551501322224999,-0.010684955963028146,-0.6865507261215884,-0.6874206446824462,0.3696996659551655,0.7196640943711202,-0.03855365380386661,0.18890609689555982,-0.021500706538524508,-0.09198342896974546,0.41390077802624936,0.1883930069155493,0.3175795028130418,0.3530408990309559,-0.2096836421806687,-0.23754460781678333
-0.4979253414328992,-1.4265392129941283,-1.083472674933583,-0.7030746009502787,-0.010684955963028146,0.9038998797580108,0.7408923508551297,0.3696996659551655,0.7196640943711202,-0.09553671415447054,0.13576137481983527,-0.27213369139624044,-0.18102211787112982,0.41390077802624936,0.2506616768431246,0.46815659821408884,0.4300022248990686,0.5825169865223436,0.6043594988439759
-0.4979253414328992,-1.4265392129941283,-0.9390096513792268,2.2299769105697185,-0.010684955963028146,-0.6865507261215884,-0.6874206446824462,0.5795521016840115,0.6598597181287641,-0.13433821303155316,0.11195959171009134,-0.2736165355324613,-0.17401493303746607,0.41390077802624936,0.3337943858522405,0.5628168869174426,0.5200769489601038,0.8778412241749209,0.8710311461379978
-0.4979253414328992,-1.4265392129941283,-0.7945466278248707,-0.7030746009502787,-0.010684955963028146,1.1473949561844679,1.0932526452469495,0.5195943037473887,0.7196640943711202,-0.1280993970625236,0.08799290981356589,-0.27151784276951485,-0.18277004877610134,0.41390077802624936,0.44036473338508775,0.6789239336169888,0.6410395698819384,0.8175204418588596,0.8106612176632444
-0.4979253414328992,-1.4265392129941283,-0.6500836042705146,2.003127742080174,-0.010684955963028146,-0.6865507261215884,-0.6874206446824462,0.5195943037473887,0.36083783691698385,-0.08627363198098005,0.0922531430264912,-0.17086596351087666,-0.12031406884711204,0.41390077802624936,0.5123185053902989,0.7107518489541365,0.6916395962540465,0.6623017563097369,0.6553156351250875
-0.4979253414328992,-1.4265392129941283,-0.5056205807161585,-0.7030746009502787,-0.010684955963028146,1.0940193891161125,1.077260167727597,0.5795521016840115,-0.1175971730218646,0.12854735284507976,0.21530520984098073,0.7060535777579648,0.062365868172844285,0.41390077802624936,0.450935820811056,0.30336277371784304,0.6082513798917286,0.7931530710189372,0.7894276862559961
-0.4979253414328992,-1.4265392129941283,-0.3611575571618023,-0.7030746009502787,-0.010684955963028146,-0.6865507261215884,-0.6874206446824462,0.6694889415396119,-0.536227806718357,0.483321569182658,0.3698487702779123,1.3564005028589832,0.22038842420977361,-0.06633438801426528,0.3405824411706393,0.010046282972198449,0.5079400084110653,-1.2676136780735823,-1.2761757670616813
-0.4979253414328992,-1.4265392129941283,-0.2166945336074462,-0.7030746009502787,-0.010684955963028146,-0.6865507261215884,-0.6874206446824462,0.6694889415396119,-0.8352496879301373,0.9971002593813696,0.4858310625249457,1.7173259260297724,0.2774557642631943,-1.0413444915390637,0.24136509717612858,-0.1724708498171634,0.4286936581146773,-1.2676136780735823,-1.2761757670616813
-0.4979253414328992,-1.4265392129941283,-0.07223151005309006,-0.7030746009502787,-0.010684955963028146,-0.6865507261215884,-0.6874206446824462,0.7144572185167458,-0.9548584404148494,1.3372618753143881,0.6048204963604591,1.6672233662186264,0.27281658638179646,-1.3752619992494806,0.15382367108548486,-0.17555561588254626,0.40465100882448796,-1.2676136780735823,-1.2761757670616813
-0.4979253414328992,-1.4265392129941283,0.07223151350126605,-0.7030746009502787,-0.010684955963028146,-0.6865507261215884,-0.6874206446824462,0.819383579331835,-1.0744671928995615,1.652612738253707,0.7046475779312041,1.3978670911467728,0.3099617456086283,-1.236221213556906,0.0771902767943047,-0.10221586654138232,0.3537553376290751,-1.2676136780735823,-1.2761757670616813
-0.4979253414328992,-1.4265392129941283,0.2166945370556222,-0.7030746009502787,-0.010684955963028146,-0.6865507261215884,-0.6874206446824462,0.819383579331835,-1.0744671928995615,1.9064326983663082,0.7916222949895932,1.1168569376203275,0.46504422978351756,-1.2608396108092466,0.013868113407109956,-0.009755078501351993,0.2633212107769322,-1.2676136780735823,-1.2761757670616813
-0.4979253414328992,-1.4265392129941283,0.3611575606099783,-0.7030746009502787,-0.010684955963028146,-0.6865507261215884,-0.6874206446824462,0.6395098996206342,-0.8352496879301373,2.003169329289929,0.8352620283470795,0.9263458641213469,0.8810029602811253,-0.5907815917294224,-0.02365442657777412,0.040979607475564825,0.05549272570786411,-1.2676136780735823,-1.2761757670616813
-0.4979253414328992,-1.4265392129941283,0.5056205841643344,-0.7030746009502787,-0.010684955963028146,-0.6865507261215884,-0.6874206446824462,0.6694889415396119,-1.0744671928995615,1.9430789580196282,0.8567566199928254,0.7056988224252078,1.3863983024978692,0.05403037217653376,-0.054226464529140816,0.09482161405040104,-0.18190111508850462,-1.2676136780735823,-1.2761757670616813
-0.4979253414328992,-1.4265392129941283,0.6500836077186906,1.4328553199703074,-0.010684955963028146,-0.6865507261215884,-0.6874206446824462,0.5195943037473887,-1.0744671928995615,1.6047685199514374,0.8502344207215593,0.4848793762682894,1.8236568893444667,0.41390077802624936,-0.07491648799003499,0.14235485763015943,-0.3815858298659925,0.26048027382126604,0.22643567423553562
-0.4979253414328992,-1.4265392129941283,0.7945466312730467,-0.7030746009502787,-0.010684955963028146,2.149473148816784,-0.6874206446824462,0.3996787078741431,-0.9548584404148494,1.333915892575312,0.778016405641438,0.203852645389846,1.8414340301964256,0.41390077802624936,-0.05634815359915446,0.20711217360015766,-0.43380164035365126,0.39392761367682094,0.4154072062343485
-0.4979253414328992,-1.4265392129941283,0.9390096548274028,1.3093782584686258,-0.010684955963028146,0.6280247249669088,-0.6874206446824462,0.06991039037071911,-0.596032182960713,0.7173821182322538,0.6194366516934531,0.20364957282787052,1.1600290440826542,0.41390077802624936,0.03518261674763669,0.1828127009791026,-0.20833971020300987,0.7943737043201138,0.7876723990043399
-0.4979253414328992,-1.4265392129941283,1.083472678381759,-0.7030746009502787,-0.010684955963028146,2.2974242803258544,-0.6874206446824462,-0.07998424742150408,-0.2970103017489328,0.5795174286141512,0.46692197253185874,0.5021645811966009,0.5698728866923821,0.41390077802624936,0.11191555183012841,0.012517956119496564,-0.01824292735767688,0.29121772921334577,0.33875737738175526
-0.4979253414328992,-1.4265392129941283,1.227935701936115,2.277576236501042,-0.010684955963028146,-0.6865507261215884,-0.6874206446824462,0.06991039037071911,-0.6558365592030692,0.34532544659004805,0.3683333713006542,0.7499280264234636,0.11068378872428464,0.41390077802624936,0.1915759020488675,-0.07124133664203572,0.1931974902572614,0.8332290631747677,0.8159444767382211
-0.4979253414328992,-1.4265392129941283,1.3723987254904713,-0.7030746009502787,-0.010684955963028146,0.6972374654217287,1.78921043323942,-0.22987888521372726,0.0020115794628475024,0.3062022311783503,0.26017577000781944,0.7519877624092146,-0.3708850093129593,0.41390077802624936,0.267233169936145,-0.07305394032415537,0.4140328191073077,0.7819110580868075,0.7770278999258791
-0.4979253414328992,-1.4265392129941283,1.5168617490448273,2.0571955625068976,-0.010684955963028146,-0.6865507261215884,-0.6874206446824462,-0.37977352300595046,0.36083783691698385,0.24968866772175785,0.17049518214017573,0.705000915906092,-0.4265559576378274,0.41390077802624936,0.3315519463307811,-0.05480905846613169,0.44055984564975864,0.6661058327618208,0.6475304367585711
-0.4979253414328992,-1.4265392129941283,1.6613247725991833,-0.7030746009502787,-0.010684955963028146,1.0506410063681682,1.4875500223700084,-0.5896259587347964,0.48044658940169593,0.2338781309525339,0.08254985829883214,0.4936943831932243,-0.29219963740596633,0.41390077802624936,0.3958591538198895,0.0299265853096268,0.3763527335326658,0.7733747134042157,0.7691323820830751
-0.4979253414328992,-1.3162942810934875,-1.6613247691510074,2.2805217548652883,-0.010684955963028146,-0.6865507261215884,-0.6874206446824462,-0.5296681607981737,0.0020115794628475024,0.13707218711698402,0.004771205649267853,0.4268288050417037,-0.21731772408828284,0.41390077802624936,0.42154742650649574,0.00794350655417594,0.2870800061008762,0.8195574669217716,0.8105746404119093
-0.4979253414328992,-1.3162942810934875,-1.5168617455966513,-0.7030746009502787,-0.010684955963028146,0.6308011046377117,0.8498659055687231,-0.6795627985903968,0.3010334606746278,0.14081573825655996,-0.0711532053683438,0.21315088212552247,-0.2240539308067904,0.41390077802624936,0.42847286257803635,0.02417517951280781,0.21369393011222662,0.4067382419556401,0.40080727294624674
-0.4979253414328992,-1.3162942810934875,-1.372398722042295,1.5968640758391748,-0.010684955963028146,-0.6865507261215884,-0.6874206446824462,-0.7095416975587082,0.48044658940169593,0.05564259350800683,-0.13114296653418092,0.14362381011072345,-0.20806947700494888,0.41390077802624936,0.43099006360577946,-0.007914281653561662,0.1425679867425048,0.34291858644848705,0.32339063162999565
-0.4979253414328992,-1.3162942810934875,-1.227935698487939,-0.7030746009502787,-0.010684955963028146,1.1059706978764865,1.220374966583628,-0.6795627985903968,0.6598597181287641,0.03898003103836934,-0.1738823664313495,-0.03170655329609133,-0.267643161186541,0.41390077802624936,0.4226966044555841,0.012493883493423905,0.11527935817369701,0.7741697157736906,0.7699467813338143
-0.4979253414328992,-1.3162942810934875,-1.083472674933583,2.2562860870979606,-0.010684955963028146,-0.6865507261215884,-0.6874206446824462,-0.9793520741748433,0.3010334606746278,-0.06406734434779235,-0.22785436554286828,-0.05625761160512482,-0.2448915782386366,0.41390077802624936,0.4136019985975931,-0.04563803854396421,0.03499060877357398,0.8243727763222313,0.8155087250406027
-0.4979253414328992,-1.3162942810934875,-0.9390096513792268,-0.7030746009502787,-0.010684955963028146,1.2391685141217181,1.299270505671558,-0.7694996384459972,0.6000553418864081,-0.04618395917464598,-0.26112217394443793,-0.15229684267032037,-0.2778646509897753,0.41390077802624936,0.3953337326938382,-0.062273741253707465,-0.007767842606402768,0.7789107914010115,0.7747044366701887
-0.4979253414328992,-1.3162942810934875,-0.7945466278248707,1.3873327278200045,-0.010684955963028146,0.6132395069113887,-0.6874206446824462,-0.82945743638262,0.6598597181287641,-0.0818134114878713,-0.2899467601840378,-0.10232607280755836,-0.24196127135371928,0.41390077802624936,0.38457320443985327,-0.1215802339470372,-0.06318246894444225,0.7898695296927857,0.7829876077376472
-0.4979253414328992,-1.3162942810934875,-0.6500836042705146,-0.7030746009502787,-0.010684955963028146,1.0326935417614778,1.5182035086324948,-0.5296681607981737,0.7196640943711202,-0.07454928753860504,-0.2727075313229157,0.13158119275177857,-0.1787753593848047,0.41390077802624936,0.3532494286480489,-0.22974613335917313,-0.10832551199008508,0.7251926808100898,0.7216278740916008
-0.4979253414328992,-1.3162942810934875,-0.5056205807161585,2.252815786295218,-0.010684955963028146,-0.6865507261215884,-0.6874206446824462,-0.06499472646201526,0.18142470818991568,0.21151752400599425,-0.16232066541890788,0.9098538854861397,0.015719386205580613,0.41390077802624936,0.27686331971252415,-0.49604576405411926,-0.17670920769667164,0.8410426620903103,0.8283258423765646
-0.4979253414328992,-1.3162942810934875,-0.3611575571618023,-0.7030746009502787,-0.010684955963028146,-0.6865507261215884,1.652649012831366,0.3696996659551655,-0.596032182960713,0.5581062777819634,0.0841410968025003,1.5756865439560868,0.3632589907445755,0.270995063499631,0.09804443410237362,-0.6989901465949206,-0.3005883189470752,0.018527692527830476,0.04094002443719497
-0.4979253414328992,-1.3162942810934875,-0.2166945336074462,-0.7030746009502787,-0.010684955963028146,-0.6865507261215884,-0.6874206446824462,0.5195943037473887,-1.0744671928995615,1.128961535372844,0.26306462976611866,1.8447833834691718,0.5268231712986632,-0.5638260711959954,-0.03695336551963633,-0.7760127908546962,-0.35790149162088675,-1.2676136780735823,-1.2761757670616813
-0.4979253414328992,-1.3162942810934875,-0.07223151005309006,-0.7030746009502787,-0.010684955963028146,-0.6865507261215884,-0.6874206446824462,0.7444362604357235,-1.3734890741113417,1.4563748066740418,0.42398636395168426,1.7706511230693291,0.6095357825206953,-0.9524662666732748,-0.1510357890418264,-0.7512663481225084,-0.3839590673730088,-1.2676136780735823,-1.2761757670616813
-0.4979253414328992,-1.3162942810934875,0.07223151350126605,-0.7030746009502787,-0.010684955963028146,-0.6865507261215884,-0.6874206446824462,0.819383579331835,-1.55290220283841,1.771953879106411,0.5561718753825499,1.4431962024500957,0.5979773045997384,-1.3194248984382733,-0.24830039819080144,-0.6579079330616245,-0.3853337939664557,-1.2676136780735823,-1.2761757670616813
-0.4979253414328992,-1.3162942810934875,0.2166945370556222,-0.7030746009502787,-0.010684955963028146,-0.6865507261215884,-0.6874206446824462,0.9692782171240583,-1.7323153315654782,1.9842305569483503,0.6653460046394682,1.174668794978142,0.6469144874503796,-1.1918356674772401,-0.33361866626919867,-0.5749874954140476,-0.4041544036745491,-1.2676136780735823,-1.2761757670616813
-0.4979253414328992,-1.3162942810934875,0.3611575606099783,-0.7030746009502787,-0.010684955963028146,-0.6865507261215884,-0.6874206446824462,1.1041833339567926,-1.9117284602925464,2.0573864121173178,0.7497157383319921,0.9287048213106619,1.113703178864254,-0.7992350553188571,-0.40206609582404534,-0.49630947858839275,-0.5654085666604831,-1.2676136780735823,-1.2761757670616813
-0.4979253414328992,-1.3162942810934875,0.5056205841643344,-0.7030746009502787,-0.010684955963028146,-0.6865507261215884,-0.6874206446824462,1.1191728549162814,-2.1509459652619705,1.9845915072066989,0.8003445363022229,0.7804469314517759,1.5969426017375812,-0.22697988134709704,-0.455693757397863,-0.4721299353566906,-0.7418855995069528,-1.2676136780735823,-1.2761757670616813
-0.4979253414328992,-1.3162942810934875,0.6500836077186906,-0.7030746009502787,-0.010684955963028146,-0.6865507261215884,-0.6874206446824462,1.1191728549162814,-1.9117284602925464,1.7509644908043587,0.8226775373913094,0.5712117388710578,1.9995517947603016,0.41390077802624936,-0.483634110360535,-0.3995767753377387,-0.8589620412816832,-1.2676136780735823,-1.2761757670616813
-0.4979253414328992,-1.3162942810934875,0.7945466312730467,0.9195738406784473,-0.010684955963028146,1.0576230107770932,-0.6874206446824462,1.0142464941011922,-1.55290220283841,1.1270194660480333,0.7695258575608684,0.2874514026481447,1.9275245097548341,0.41390077802624936,-0.44857719336624957,-0.27617940973676464,-0.8201231764771456,0.8986782668351335,0.8854211858770589
-0.4979253414328992,-1.3162942810934875,0.9390096548274028,-0.7030746009502787,-0.010684955963028146,2.0759856434753132,-0.6874206446824462,0.5195943037473887,-0.536227806718357,0.860938313373303,0.6188034960142497,0.18123533519137883,1.2668546388131203,0.41390077802624936,-0.34685325317406285,-0.20650195261622217,-0.5919829749803766,0.24397377425120936,0.2921884358580188
-0.4979253414328992,-1.3162942810934875,1.083472678381759,1.5199998424516914,-0.010684955963028146,0.4054967908292582,-0.6874206446824462,0.5195943037473887,-0.536227806718357,0.4296086397052452,0.498974956959924,0.5397678176012572,0.6687229363578454,0.41390077802624936,-0.257648555894942,-0.3016161512868739,-0.3522907904542394,0.7878183049492976,0.7775240305576439
-0.4979253414328992,-1.3162942810934875,1.227935701936115,-0.7030746009502787,-0.010684955963028146,2.06540312137704,-0.6874206446824462,0.2947523470590539,-0.1175971730218646,0.3623064561173228,0.3885233839370525,0.7262456213591251,0.21612763919188216,0.41390077802624936,-0.18262637271736415,-0.3557118963527463,-0.1690918773378742,0.14957375855227523,0.19312359289526382
-0.4979253414328992,-1.3162942810934875,1.3723987254904713,2.291412647766084,-0.010684955963028146,-0.6865507261215884,-0.6874206446824462,0.2198050281629423,0.0020115794628475024,0.22025618207224631,0.3012835764239641,0.8777924578544136,-0.15979224385818666,0.41390077802624936,-0.12251988302914954,-0.3996908492234524,-0.007344245149082724,0.853344798010268,0.8351652405576911
-0.4979253414328992,-1.3162942810934875,1.5168617490448273,-0.7030746009502787,-0.010684955963028146,0.6748077108834839,1.8489317760198936,0.2198050281629423,0.0020115794628475024,0.23910798632621574,0.23569769313962977,0.8850715731167341,-0.42929828871313186,0.41390077802624936,-0.07741513056516068,-0.40232474150860953,0.10739455003901448,0.7816718204305174,0.7772919298412985
-0.4979253414328992,-1.3162942810934875,1.6613247725991833,-0.7030746009502787,-0.010684955963028146,-0.6865507261215884,-0.6874206446824462,0.06991039037071911,0.48044658940169593,0.17577821726631498,0.17472201813046176,0.8267143208781854,-0.44585480742474753,0.41390077802624936,-0.03741491664641994,-0.3823412088107254,0.11430879595834258,-1.2676136780735823,-1.2761757670616813
-0.4979253414328992,-1.2060493491928466,-1.6613247691510074,1.1473507399520597,-0.010684955963028146,-0.6865507261215884,0.9113426325181889,0.06991039037071911,0.7196640943711202,0.02397247781489198,0.12492536762432672,0.6213888967661949,-0.3143718317112545,0.41390077802624936,0.011138092721429555,-0.28235783355824184,0.08858813302923337,0.9006489668077591,0.8900243120768894
-0.4979253414328992,-1.2060493491928466,-1.5168617455966513,-0.7030746009502787,-0.010684955963028146,-0.6865507261215884,-0.6874206446824462,0.06991039037071911,0.36083783691698385,-0.011340489126882724,0.06658529010177655,0.35474218987841394,-0.2646868143626297,0.41390077802624936,0.05673355959488652,-0.17112538520315643,0.08063563664106155,-1.2676136780735823,-1.2761757670616813
-0.4979253414328992,-1.2060493491928466,-1.372398722042295,0.6949678528409926,-0.010684955963028146,-0.6865507261215884,0.44053809725809945,0.0998892893390305,0.48044658940169593,-0.11245037245600274,0.034178155958640453,0.06736467544953786,-0.2893140866661949,0.41390077802624936,0.09023156656930963,-0.03394307968275529,0.11793928818662112,0.45306083536545266,0.4352890682141322
-0.4979253414328992,-1.2060493491928466,-1.227935698487939,-0.7030746009502787,-0.010684955963028146,0.8468496340845627,0.4937894222044726,0.06991039037071911,0.7196640943711202,-0.14414206669717103,-0.007202394442391748,-0.20344709112773987,-0.24661997918936263,0.41390077802624936,0.1322240424274725,0.10140341701147418,0.1238888673191245,0.36404106066256037,0.3715984006985095
-0.4979253414328992,-1.2060493491928466,-1.083472674933583,2.257379368914179,-0.010684955963028146,-0.6865507261215884,-0.6874206446824462,0.06991039037071911,0.7196640943711202,-0.1798427936085123,-0.03579598322540314,-0.2472883850892425,-0.2184089602817497,0.41390077802624936,0.16452972907594338,0.1412587940970854,0.1329313629376786,0.8863000997141159,0.8794968867283665
-0.4979253414328992,-1.2060493491928466,-0.9390096513792268,-0.7030746009502787,-0.010684955963028146,1.2655967867504494,1.200875486073969,0.11487881029851932,0.6000553418864081,-0.1591319647449683,-0.061471489680305955,-0.28684774902966254,-0.2299674382027066,0.41390077802624936,0.2050358415926574,0.19544735973916585,0.17514830828974107,0.8204453963147641,0.8135884702603977
-0.4979253414328992,-1.2060493491928466,-0.7945466278248707,2.2832124966410947,-0.010684955963028146,-0.6865507261215884,-0.6874206446824462,0.06991039037071911,0.7196640943711202,-0.14917379176599846,-0.08550705334852496,-0.2452054408106942,-0.18876004849281242,0.41390077802624936,0.245209348075449,0.21350725105628882,0.19308198352792003,0.8541649643706374,0.8473355869380522
-0.4979253414328992,-1.2060493491928466,-0.6500836042705146,-0.7030746009502787,-0.010684955963028146,1.2497167276440198,1.2218173039303721,0.1748366082351421,0.6598597181287641,-0.084166127121093,-0.07552754575862004,-0.18619835637382404,-0.14788955049365293,0.41390077802624936,0.2644908572883414,0.22436704160213009,0.21160520161907018,0.7942079814657941,0.7873295694630009
-0.4979253414328992,-1.2060493491928466,-0.5056205807161585,2.252855203207635,-0.010684955963028146,-0.6865507261215884,-0.6874206446824462,0.2797628260995651,0.48044658940169593,0.21776680230135276,0.03595725383965467,0.46032334475365655,0.01633539351240717,0.41390077802624936,0.20670610232822417,-0.019220608569525507,0.16752027881990822,0.8380736706503404,0.8288201309391521
-0.4979253414328992,-1.2060493491928466,-0.3611575571618023,-0.7030746009502787,-0.010684955963028146,1.022577428017652,1.0579824243589893,0.6694889415396119,0.06181595570520356,0.5569122647896725,0.2575638288872378,1.4160250936577787,0.3339608043839635,0.20185371082673356,0.06071808347373073,-0.3627859953605305,0.04555740019086584,0.7662817033422171,0.7620303867070005
-0.4979253414328992,-1.2060493491928466,-0.2166945336074462,-0.7030746009502787,-0.010684955963028146,-0.6865507261215884,-0.6874206446824462,0.9692782171240583,-0.23720592550657674,1.1294290705806687,0.4546631044968218,1.8556374046898603,0.4852300649924205,-0.33683282695973615,-0.02029631072948375,-0.44635877948762603,0.059693109360681465,-1.2676136780735823,-1.2761757670616813
-0.4979253414328992,-1.2060493491928466,-0.07223151005309006,-0.7030746009502787,-0.010684955963028146,-0.6865507261215884,-0.6874206446824462,0.9692782171240583,-0.23720592550657674,1.4678428241213577,0.5992890813608255,1.8592123106482283,0.5503941985767847,-0.5587081554907762,-0.0875745577694337,-0.413659261590244,0.0727656762523057,-1.2676136780735823,-1.2761757670616813
-0.4979253414328992,-1.2060493491928466,0.07223151350126605,-0.7030746009502787,-0.010684955963028146,-0.6865507261215884,-0.6874206446824462,0.9692782171240583,-1.0744671928995615,1.7870660555931777,0.7400813353760266,1.6417348586541063,0.5599207475081169,-0.47911321253670663,-0.1581692243940011,-0.3232593939607405,0.08699942421507839,-1.2676136780735823,-1.2761757670616813
-0.4979253414328992,-1.2060493491928466,0.2166945370556222,-0.7030746009502787,-0.010684955963028146,-0.6865507261215884,-0.6874206446824462,0.9692782171240583,-0.23720592550657674,1.9964165515399899,0.8218871364555127,1.3872376930456571,0.7205440424520708,-0.41446677559125994,-0.15590003177850884,-0.1585098110475472,0.10021282634380131,-1.2676136780735823,-1.2761757670616813
-0.4979253414328992,-1.2060493491928466,0.3611575606099783,-0.7030746009502787,-0.010684955963028146,-0.6865507261215884,-0.6874206446824462,0.9842677380835471,-1.1940759453842735,2.070882813081658,0.8846050332456974,1.1272774610862684,1.1039764479019056,0.14522475957649356,-0.17696508059359378,-0.05310011888547808,-0.05210954407041438,-1.2676136780735823,-1.2761757670616813
-0.4979253414328992,-1.2060493491928466,0.5056205841643344,-0.7030746009502787,-0.010684955963028146,-0.6865507261215884,-0.6874206446824462,0.9692782171240583,-1.7323153315654782,2.003200716268916,0.8994180930371689,0.9086271614382878,1.5977319373883363,0.41390077802624936,-0.20510379208229346,-0.00982230835795131,-0.2829177545006853,-1.2676136780735823,-1.2761757670616813
-0.4979253414328992,-1.2060493491928466,0.6500836077186906,-0.7030746009502787,-0.010684955963028146,-0.6865507261215884,-0.6874206446824462,0.819383579331835,-1.55290220283841,1.7703799528893,0.8915370442697665,0.6847234989421422,1.9925584436442285,0.41390077802624936,-0.22391748367790804,0.02365447342992084,-0.4714061771034309,-1.2676136780735823,-1.2761757670616813
-0.4979253414328992,-1.2060493491928466,0.7945466312730467,0.8638259639438437,-0.010684955963028146,0.9402788946104104,-0.6874206446824462,0.7444362604357235,-1.55290220283841,1.1237133709280864,0.8161657747521182,0.34102940430567086,1.9051952620674886,0.41390077802624936,-0.20956505127642644,0.09362839253101575,-0.5012525482573145,0.8945855234589309,0.8772162004124611
-0.4979253414328992,-1.2060493491928466,0.9390096548274028,-0.7030746009502787,-0.010684955963028146,1.7061908665603256,-0.6874206446824462,0.6245206645624779,-1.2538803216266297,0.8717543971112464,0.6749296159860031,0.23559661673081034,1.2620177201449867,0.41390077802624936,-0.12497200896329913,0.12177037676247952,-0.28945862327979827,0.05190224429426055,0.08899479942681272
-0.4979253414328992,-1.2060493491928466,1.083472678381759,2.2650000914266397,-0.010684955963028146,-0.6865507261215884,-0.6874206446824462,0.5195943037473887,-1.0744671928995615,0.4470774551976071,0.5489045005811445,0.392372778913867,0.6709477236456444,0.41390077802624936,-0.05774799116801045,0.027550985796114157,-0.08976124424843177,0.8474869804156064,0.8355029532402043
-0.4979253414328992,-1.2060493491928466,1.227935701936115,-0.7030746009502787,-0.010684955963028146,0.9067984314310553,1.5533404780498419,0.5795521016840115,-0.9548584404148494,0.4073029599719325,0.443221772640976,0.4211759280103867,-0.012324814342852092,0.41390077802624936,0.013275448017678677,0.012550269824765268,0.1950244180538577,0.8124110732505182,0.8072155249298453
-0.4979253414328992,-1.2060493491928466,1.3723987254904713,2.1349943350542295,-0.010684955963028146,-0.6865507261215884,-0.6874206446824462,0.5195943037473887,-1.3734890741113417,0.3159387336182256,0.358274545306981,0.43320942782573274,-0.09840471517604446,0.41390077802624936,0.05441134282905879,-0.02011780184936865,0.20364768319918786,0.7317606621763533,0.7189572831331575
-0.4979253414328992,-1.2060493491928466,1.5168617490448273,-0.7030746009502787,-0.010684955963028146,1.1365243675672103,1.3722849900580574,0.3696996659551655,-0.596032182960713,0.31172830116622047,0.28352460328551793,0.3418798224631681,-0.04889628116372267,0.41390077802624936,0.09837559402310506,0.0008422987332467953,0.16492017648910046,0.7756155667933733,0.7709423173869925
-0.4979253414328992,-1.2060493491928466,1.6613247725991833,2.2677841796177605,-0.010684955963028146,-0.6865507261215884,-0.6874206446824462,0.15984723022631953,-0.2970103017489328,0.24515455704895092,0.2157769456107608,0.3555511646559162,0.027024788469439696,0.41390077802624936,0.1405083428607917,-0.012077978482110974,0.12398821620731039,0.8147550990023433,0.8062781163929301
-0.4979253414328992,-1.0958044172922057,-1.6613247691510074,-0.7030746009502787,-0.010684955963028146,1.220032696674731,1.3346116406074582,0.06991039037071911,-0.2970103017489328,0.2600882200927301,0.15330396178659764,0.2692287484643466,0.041425688481209234,0.41390077802624936,0.17600270909534466,0.009950209338412973,0.10438416955237972,0.7768854496195864,0.7724036922676857
-0.4979253414328992,-1.0958044172922057,-1.5168617455966513,0.21765475404903303,-0.010684955963028146,-0.6865507261215884,-0.6874206446824462,0.02494197044291891,-0.23720592550657674,0.2125421780908354,0.11200342556480541,0.28990816621424786,0.09970144445356972,0.41390077802624936,0.20124991725870597,-0.00434199069258118,0.07331176761352087,-0.7082071063065465,-0.7163123560331753
-0.4979253414328992,-1.0958044172922057,-1.372398722042295,-0.7030746009502787,-0.010684955963028146,-0.6865507261215884,0.5965425179606394,-0.020026449484881293,-0.2970103017489328,0.1351896222731693,0.07315619365605823,0.21885017574243382,0.09539102080197097,0.41390077802624936,0.2261066748605062,0.020453898514783037,0.07099180731247683,-0.5112939346300948,-0.519238431589225
-0.4979253414328992,-1.0958044172922057,-1.227935698487939,1.041117502626079,-0.010684955963028146,-0.6865507261215884,-0.6874206446824462,-0.07998424742150408,-0.2970103017489328,-0.01082325786899546,0.026024363206350435,0.019552276816915046,0.07028689211557834,0.41390077802624936,0.25477731498461653,0.09893217760518638,0.07756040644059996,-0.015710703097450266,-0.04629975777877444
-0.4979253414328992,-1.0958044172922057,-1.083472674933583,-0.7030746009502787,-0.010684955963028146,1.0969073762581414,0.8646469870655961,-0.07998424742150408,0.0020115794628475024,-0.05846346080785069,-0.01823252299449121,-0.23951526473738174,-0.04607013403478129,0.41390077802624936,0.2865681853371032,0.21025289225587154,0.1278390227832363,0.7486527100354725,0.7707798059506801
-0.4979253414328992,-1.0958044172922057,-0.9390096513792268,2.2630462667452464,-0.010684955963028146,-0.6865507261215884,-0.6874206446824462,-0.19989998624541588,-0.17740154926422066,-0.11469323366277051,-0.06291383223304059,-0.26008692969929603,-0.07276839523646218,0.41390077802624936,0.3008287895509584,0.1935037662719301,0.11425813894282802,0.8618768288658492,0.8550536521167721
-0.4979253414328992,-1.0958044172922057,-0.7945466278248707,-0.7030746009502787,-0.010684955963028146,1.2686858137797283,1.1830166512221074,-0.22987888521372726,0.0020115794628475024,-0.10836352623375824,-0.10087395041543146,-0.2722895185050216,-0.11214485173584152,0.41390077802624936,0.3178572544123243,0.17826405900389589,0.11119513629783545,0.7977307604482357,0.790855289868438
-0.4979253414328992,-1.0958044172922057,-0.6500836042705146,1.3122902724573176,-0.010684955963028146,0.5684726728297503,-0.6874206446824462,-0.07998424742150408,0.0020115794628475024,-0.09489393498063593,-0.09264292658578807,-0.08020442543383131,-0.05076301929035426,0.41390077802624936,0.30774265671697126,0.08969067476884221,0.07824471284845615,0.8163265902337065,0.80851868653564
-0.4979253414328992,-1.0958044172922057,-0.5056205807161585,-0.7030746009502787,-0.010684955963028146,0.9672475273106997,1.3748939576271064,0.2797628260995651,0.12162033194755961,0.07479257406235121,0.04264435189770222,0.9610729299543508,0.10176348212265623,0.41390077802624936,0.2244735310301742,-0.29491788886453035,0.03517860743891035,0.7283786218001289,0.7250940342603037
-0.4979253414328992,-1.0958044172922057,-0.3611575571618023,-0.7030746009502787,-0.010684955963028146,-0.6865507261215884,-0.6874206446824462,0.5195943037473887,0.06181595570520356,0.272419379462184,0.2576055754155369,1.223654041264623,0.3021587151394608,0.41390077802624936,0.09063599622505004,-0.36356911475466,-0.02074739273678044,-1.2676136780735823,-1.2761757670616813
-0.4979253414328992,-1.0958044172922057,-0.2166945336074462,-0.7030746009502787,-0.010684955963028146,-0.6865507261215884,-0.6874206446824462,0.5195943037473887,0.36083783691698385,0.4099911239430761,0.3920815796990809,1.19744359002059,0.37870392956038534,0.41390077802624936,-0.0008976663481230365,-0.3595691551575058,-0.057824834506162916,-1.2676136780735823,-1.2761757670616813
-0.4979253414328992,-1.0958044172922057,-0.07223151005309006,-0.7030746009502787,-0.010684955963028146,-0.6865507261215884,-0.6874206446824462,0.44464698485127707,0.5402509656440521,0.27702803421008465,0.39594313356674965,0.8830250990125813,0.2618887632333502,0.41390077802624936,0.0250417479959811,-0.20070261843776305,0.04068122574917964,-1.2676136780735823,-1.2761757670616813
-0.4979253414328992,-1.0958044172922057,0.07223151350126605,1.948560939375808,-0.010684955963028146,-0.6865507261215884,-0.6874206446824462,0.5195943037473887,0.36083783691698385,0.1662928106583344,0.42158593857448484,0.5632214552080234,0.10529270760443532,0.41390077802624936,0.037737416718344935,-0.026124464230759883,0.16332862913528304,0.7034571039321506,0.6415146481740706
-0.4979253414328992,-1.0958044172922057,0.2166945370556222,-0.7030746009502787,-0.010684955963028146,1.093956001930018,1.243833919362928,0.5195943037473887,0.7196640943711202,0.18063862174150594,0.436351685633884,0.3081987875412378,-0.002552513487264118,0.41390077802624936,0.07354799970398933,0.15583292578478636,0.2930824257409422,0.8385636495016152,0.8350193077439749
-0.4979253414328992,-1.0958044172922057,0.3611575606099783,2.081680990164722,-0.010684955963028146,-0.6865507261215884,-0.6874206446824462,0.4896152618284111,0.36083783691698385,0.17308220655042475,0.4212088282688494,0.2766636908354482,0.03983887969876302,0.41390077802624936,0.1260180476684379,0.2302270995220338,0.3371466053656477,0.7360750284152198,0.7291490425426977
-0.4979253414328992,-1.0958044172922057,0.5056205841643344,-0.7030746009502787,-0.010684955963028146,1.147647040538408,1.222281487624705,0.3696996659551655,0.36083783691698385,0.22688537359242467,0.4192843133142599,0.26676038075184483,0.1322839181197986,0.41390077802624936,0.1718460977467754,0.29502366905346583,0.356678596782993,0.7939655084392462,0.7870868256802975
-0.4979253414328992,-1.0958044172922057,0.6500836077186906,1.8669467888743019,-0.010684955963028146,-0.6865507261215884,-0.6874206446824462,0.5195943037473887,0.36083783691698385,0.27872358497076943,0.39587077291769784,0.31107247151009054,0.3674880395868181,0.41390077802624936,0.23363514013268002,0.33313605788911343,0.3068504348498676,0.5680455348444857,0.5418159287399561
-0.4979253414328992,-1.0958044172922057,0.7945466312730467,-0.7030746009502787,-0.010684955963028146,1.125803355973245,1.1466005095240728,0.3846891869146543,0.48044658940169593,0.23103695545882952,0.32319215447534283,0.2622488544055899,0.34206736289202977,0.41390077802624936,0.30181744893584944,0.3729907843632092,0.336244386451397,0.7704290885272194,0.7635312637378301
-0.4979253414328992,-1.0958044172922057,0.9390096548274028,2.266366962448588,-0.010684955963028146,-0.6865507261215884,-0.6874206446824462,0.3696996659551655,0.7196640943711202,0.1556513169910053,0.2192544314180776,0.23899497389039973,0.28092314488986264,0.41390077802624936,0.388738010429838,0.39586606837688454,0.37691476438583166,0.8208357976592136,0.8139789889259946
-0.4979253414328992,-1.0958044172922057,1.083472678381759,-0.7030746009502787,-0.010684955963028146,1.2318032578153504,1.232133101452829,0.3696996659551655,0.7196640943711202,0.13422447266932405,0.15268333006588403,0.1698997418951485,0.18779699931451557,0.41390077802624936,0.47069647552788874,0.4635615459507781,0.4567923622333085,0.7647005060000804,0.7577979257605223
-0.4979253414328992,-1.0958044172922057,1.227935701936115,2.293254313414873,-0.010684955963028146,-0.6865507261215884,-0.6874206446824462,0.2797628260995651,0.8392728468558323,0.11731996890332969,0.10793661793299937,0.1912223609025721,0.19779877713248806,0.41390077802624936,0.5232265371897624,0.4739643903422492,0.4725746427565522,0.8148785823005186,0.8080170296963431
-0.4979253414328992,-1.0958044172922057,1.3723987254904713,-0.7030746009502787,-0.010684955963028146,1.2431761323527826,1.2411128281074606,0.3696996659551655,0.7196640943711202,0.13737559458052345,0.06367207820196955,0.18077862914383402,0.18199497540741735,0.41390077802624936,0.5674481965318009,0.48879334487351206,0.49018232263195854,0.7624411391033361,0.7555368881825086
-0.4979253414328992,-1.0958044172922057,1.5168617490448273,1.387599150314386,-0.010684955963028146,0.5845507384432376,-0.6874206446824462,0.2198050281629423,1.0784903518252564,0.11309253517103997,0.021406501400995984,0.2314746581565084,0.19232794869946968,0.41390077802624936,0.6117175776091411,0.47649657036048665,0.49696599572681377,0.7799245407484767,0.7730344986237496
-0.4979253414328992,-1.0958044172922057,1.6613247725991833,-0.7030746009502787,-0.010684955963028146,1.012963600194001,1.454089678599384,0.15984723022631953,1.0186859755829005,0.09385624042448179,-0.011098041308171405,0.33191351844197237,0.18069704719818572,0.41390077802624936,0.6479041500244369,0.43894609300370624,0.5123478238084467,0.707761045089075,0.7008120830389035
-0.4979253414328992,-0.9855594853915648,-1.6613247691510074,1.5236867571049433,-0.010684955963028146,0.41341370393341875,-0.6874206446824462,-0.07998424742150408,1.0784903518252564,0.043818856965506824,-0.04455162176067214,0.44155612455672416,0.21513405276964276,0.41390077802624936,0.6760797373995062,0.39012420488229255,0.49744658232658767,0.7693116275887102,0.762412923072829
-0.4979253414328992,-0.9855594853915648,-1.5168617455966513,-0.7030746009502787,-0.010684955963028146,-0.6865507261215884,0.8367103037459437,-0.07998424742150408,1.0784903518252564,0.01899567995929152,-0.07007892804011308,0.4780412185691157,0.19186573978232635,0.41390077802624936,0.6962886872055388,0.37350563494245687,0.508814496976306,-0.44006429264706814,-0.4479506102689399
-0.4979253414328992,-0.9855594853915648,-1.372398722042295,0.019159021707952518,-0.010684955963028146,-0.6865507261215884,-0.6874206446824462,0.2198050281629423,0.9588815993405444,-0.03017463820517205,-0.07258371973806035,0.38330330963576287,0.18571054920262217,0.41390077802624936,0.6979565377524539,0.4166613473755791,0.5115041224810835,-0.8305295356590273,-0.8387347385018332
-0.4979253414328992,-0.9855594853915648,-1.227935698487939,-0.7030746009502787,-0.010684955963028146,-0.6865507261215884,0.21987041954040062,0.2198050281629423,1.0784903518252564,-0.11424466142141695,-0.08176934751481031,0.1508382737002517,0.06260836510472581,0.41390077802624936,0.7198680448219849,0.5399001806372818,0.5863118701422128,-0.7551248281010146,-0.7364574292309662
-0.4979253414328992,-0.9855594853915648,-1.083472674933583,0.23273199180018117,-0.010684955963028146,-0.04510686832009174,-0.6874206446824462,0.2198050281629423,1.0784903518252564,-0.25608568893991457,-0.09713763613266012,-0.19214382366790564,-0.01945650263483086,0.41390077802624936,0.757151253073764,0.7325870220250688,0.6503737800381109,-0.18763908744310306,-0.21867168806030177
-0.4979253414328992,-0.9855594853915648,-0.9390096513792268,-0.7030746009502787,-0.010684955963028146,0.9179269619640044,0.9204871977267342,0.2797628260995651,0.9588815993405444,-0.300487801879961,-0.10623281309809532,-0.25643493905413733,-0.10851390774236716,0.41390077802624936,0.7810738215541996,0.7814778749671231,0.7117829654448434,0.7263182301742436,0.7193842338335953
-0.4979253414328992,-0.9855594853915648,-0.7945466278248707,2.2703975209110023,-0.010684955963028146,-0.6865507261215884,-0.6874206446824462,0.2198050281629423,1.0784903518252564,-0.33918467749375414,-0.12149603961972566,-0.24579973887982237,-0.13745729993418607,0.41390077802624936,0.8137791174811077,0.7943690915347895,0.7451631001292772,0.9017391068418684,0.8949483676622839
-0.4979253414328992,-0.9855594853915648,-0.6500836042705146,-0.7030746009502787,-0.010684955963028146,1.1983492582631932,1.1671990531838106,0.2198050281629423,1.0784903518252564,-0.28712937284408374,-0.11050348294309541,-0.21121938261200074,-0.14307216177976495,0.41390077802624936,0.8185358658039281,0.7879917974600814,0.759671094693284,0.7958058948875966,0.7889288948576418
-0.4979253414328992,-0.9855594853915648,-0.5056205807161585,2.0963023354902117,-0.010684955963028146,-0.6865507261215884,-0.6874206446824462,0.5195943037473887,0.7196640943711202,0.07552428300998186,0.02521239323093253,0.49843716359985124,0.006323850717311919,0.41390077802624936,0.7105362764006753,0.4401753150269479,0.682749071682036,0.765669858877896,0.7370046488866593
-0.4979253414328992,-0.9855594853915648,-0.3611575571618023,-0.7030746009502787,-0.010684955963028146,-0.6865507261215884,1.088231344932048,0.819383579331835,0.06181595570520356,0.4694171374914889,0.2141919690863375,1.235613771863578,0.26059815875696063,-0.09245613661482838,0.5926399703561751,0.14549167261678045,0.5875713083555231,-0.265349805152411,-0.2565586505396848
-0.4979253414328992,-0.9855594853915648,-0.2166945336074462,-0.7030746009502787,-0.010684955963028146,-0.6865507261215884,-0.6874206446824462,0.819383579331835,0.06181595570520356,1.073951277430642,0.361599656286006,1.729056889171155,0.386783634381364,-0.6442652664563866,0.5149832099635206,-0.023437221801333636,0.5610462469559154,-1.2676136780735823,-1.2761757670616813
-0.4979253414328992,-0.9855594853915648,-0.07223151005309006,-0.7030746009502787,-0.010684955963028146,-0.6865507261215884,-0.6874206446824462,0.9392991752050807,-0.47642343047600094,1.4382128620623873,0.5229437261828643,1.6767080981642803,0.47138251368427325,-0.8745411965568125,0.3992729450260321,-0.003934491013387256,0.5183755719562699,-1.2676136780735823,-1.2761757670616813
-0.4979253414328992,-0.9855594853915648,0.07223151350126605,-0.7030746009502787,-0.010684955963028146,-0.6865507261215884,-0.6874206446824462,0.9542886961645695,-0.536227806718357,1.7768639796316643,0.6537947402591014,1.4012861699963597,0.47688100955247276,-1.1207100307630018,0.3151043369344536,0.11199472187192851,0.5213324568877277,-1.2676136780735823,-1.2761757670616813
-0.4979253414328992,-0.9855594853915648,0.2166945370556222,-0.7030746009502787,-0.010684955963028146,-0.6865507261215884,-0.6874206446824462,0.9692782171240583,-0.23720592550657674,1.988702547558579,0.7429973303777202,1.137235476431465,0.6341069062058047,-1.0709771652479854,0.27209114618233327,0.24647482089804743,0.47082894086414306,-1.2676136780735823,-1.2761757670616813
-0.4979253414328992,-0.9855594853915648,0.3611575606099783,-0.7030746009502787,-0.010684955963028146,-0.6865507261215884,-0.6874206446824462,0.9992572590430359,-0.6558365592030692,2.087982831570925,0.819593164725476,0.8934298739941241,1.0611920143866878,-0.3497667722925845,0.23800866845989435,0.36366383454783235,0.282837044353122,-1.2676136780735823,-1.2761757670616813
-0.4979253414328992,-0.9855594853915648,0.5056205841643344,-0.7030746009502787,-0.010684955963028146,-0.6865507261215884,-0.6874206446824462,0.9692782171240583,-0.536227806718357,2.0309925783709697,0.8545148314231625,0.7098995234215002,1.5745336067370663,0.41390077802624936,0.22337496704276966,0.45399712293225203,0.06743904740110855,-1.2676136780735823,-1.2761757670616813
-0.4979253414328992,-0.9855594853915648,0.6500836077186906,0.2883820429248773,-0.010684955963028146,0.4957371319781036,-0.6874206446824462,0.9692782171240583,-0.536227806718357,1.6880434063666825,0.8703562473617358,0.49826724574187176,2.0026700774548316,0.41390077802624936,0.21809906408439197,0.5567638142479473,-0.10192678854329958,0.20089472939630518,0.15784469335947088
-0.4979253414328992,-0.9855594853915648,0.7945466312730467,-0.7030746009502787,-0.010684955963028146,0.8516613072653112,-0.6874206446824462,0.8793413772684578,-0.2970103017489328,1.403507363943087,0.8292929705757769,0.4279718134619656,2.000664188404201,0.41390077802624936,0.2482538983801647,0.5914188534903488,-0.10058110239409163,-0.3851699452246194,-0.36915912015474256
-0.4979253414328992,-0.9855594853915648,0.9390096548274028,0.8674580532552794,-0.010684955963028146,0.33944933030580127,-0.6874206446824462,0.6694889415396119,0.06181595570520356,0.77457834848181,0.7007039225578805,0.35859227987994874,1.3555344648052436,0.41390077802624936,0.34009172676117116,0.6255998138084725,0.16323037199312115,0.4668194271298271,0.4569567139241747
-0.4979253414328992,-0.9855594853915648,1.083472678381759,-0.7030746009502787,-0.010684955963028146,1.0854273920201138,-0.6874206446824462,0.5195943037473887,0.36083783691698385,0.6384713296869703,0.5838136433203412,0.4665158145925083,0.8119499245576276,0.41390077802624936,0.42498483756142413,0.5730173911276003,0.40698254163338665,-0.29992252237100475,-0.2815912449508528
-0.4979253414328992,-0.9855594853915648,1.227935701936115,2.2411920971590353,-0.010684955963028146,-0.6865507261215884,-0.6874206446824462,0.2198050281629423,0.7196640943711202,0.35737739262559814,0.4707981376844321,0.5261818487712988,0.3309857413539003,0.41390077802624936,0.5088791661844493,0.5443252064245478,0.6408491693753492,0.838500739524379,0.8275026421286448
-0.4979253414328992,-0.9855594853915648,1.3723987254904713,-0.7030746009502787,-0.010684955963028146,0.8780503551501722,1.580161886305801,0.2198050281629423,0.7196640943711202,0.31900157965102455,0.36641998875361115,0.45330200731490494,-0.1780828597571833,0.41390077802624936,0.5924437809999339,0.5828563722056577,0.9125312591989323,0.8136800573627707,0.8081119985961529
-0.4979253414328992,-0.9855594853915648,1.5168617490448273,1.711240488934924,-0.010684955963028146,-0.6865507261215884,-0.6874206446824462,0.06991039037071911,0.7196640943711202,0.19432269068437164,0.27678671361803975,0.435449856948262,-0.2543733710248229,0.41390077802624936,0.6617164591490924,0.5915190476637323,0.9546394666470023,0.43769570252525486,0.4178697457129284
-0.4979253414328992,-0.9855594853915648,1.6613247725991833,-0.7030746009502787,-0.010684955963028146,1.1132834453257263,1.3912435156179441,-0.020026449484881293,0.9588815993405444,0.19720440769260067,0.19817034730060645,0.32704557902776055,-0.1892482973489497,0.41390077802624936,0.723460672026077,0.6446458153125538,0.9186616314730135,0.7815305425959238,0.7780567978986025
-0.4979253414328992,-0.8753145534909239,-1.6613247691510074,2.2563529166812857,-0.010684955963028146,-0.6865507261215884,-0.6874206446824462,-0.07998424742150408,1.0784903518252564,0.1329232208321614,0.13627068246508456,0.31889532391794534,-0.09836646901564704,0.41390077802624936,0.7727345688196235,0.6486763536509355,0.869081077538136,0.825688853046015,0.8167768873320277
-0.4979253414328992,-0.8753145534909239,-1.5168617455966513,-0.7030746009502787,-0.010684955963028146,0.19774371941474597,0.3367193035160026,-0.22987888521372726,1.0784903518252564,0.14960866964064345,0.07101807563167158,0.1678590698641951,-0.11389278264081304,0.41390077802624936,0.8253157264809114,0.7243136291237547,0.8775001861769742,-0.14393525664284623,-0.16274759354506893
-0.4979253414328992,-0.8753145534909239,-1.372398722042295,0.26562379270204894,-0.010684955963028146,-0.6865507261215884,-0.6874206446824462,-0.16992108727710448,1.0784903518252564,0.0596307015255219,0.017265941569194816,0.07725472365154284,-0.14849986156382455,0.41390077802624936,0.8629643193322748,0.750779421220844,0.8758669341250392,-0.595213777221231,-0.6210669411724674
-0.4979253414328992,-0.8753145534909239,-1.227935698487939,-0.7030746009502787,-0.010684955963028146,0.3962127646520692,0.4687295691039787,-0.07998424742150408,1.0784903518252564,0.00039366374642568026,-0.02480690542613114,-0.11995940212782771,-0.2701316028566541,0.41390077802624936,0.8872411855444973,0.8271243451519974,0.9158436166358112,0.08193016501451071,0.09006105046896555
-0.4979253414328992,-0.8753145534909239,-1.083472674933583,1.5729991062163495,-0.010684955963028146,-0.6865507261215884,-0.6874206446824462,-0.37977352300595046,1.0784903518252564,-0.08413931740987508,-0.0754078723774959,-0.19178160852674941,-0.31308448222723917,0.41390077802624936,0.9129217456274183,0.8248983862870445,0.898603636821295,0.37301507904392484,0.36579281267457925
-0.4979253414328992,-0.8753145534909239,-0.9390096513792268,-0.7030746009502787,-0.010684955963028146,1.1002865617927442,1.1384568992399904,-0.19989998624541588,1.0784903518252564,-0.11960137250183726,-0.11264090519201041,-0.26490016385191445,-0.35926794152926594,0.41390077802624936,0.9218987342792108,0.8153504454269105,0.8750149355278934,0.8211454944900083,0.8142890705708477
-0.4979253414328992,-0.8753145534909239,-0.7945466278248707,2.020355082819773,-0.010684955963028146,-0.6865507261215884,-0.6874206446824462,-0.37977352300595046,1.0784903518252564,-0.15933271063140494,-0.15110128593851907,-0.2669300606040692,-0.3393815656187939,0.41390077802624936,0.9417225359387157,0.7802660025842941,0.8274851173245364,0.6780434502993921,0.6710700341015016
-0.4979253414328992,-0.8753145534909239,-0.6500836042705146,-0.7030746009502787,-0.010684955963028146,1.206279769278562,1.2268243795984892,-0.22987888521372726,1.0784903518252564,-0.1358330179058013,-0.15667653479286672,-0.2516979607207097,-0.3158430882644149,0.41390077802624936,0.9320533411061805,0.7397359413571329,0.7817278579657796,0.8018795835755747,0.7950075184685251
-0.4979253414328992,-0.8753145534909239,-0.5056205807161585,1.210507562878775,-0.010684955963028146,0.4440289826218483,-0.6874206446824462,0.3996787078741431,0.48044658940169593,0.1783212164596444,-0.0001966312183275653,1.0205483245851643,-0.11636494934905488,0.41390077802624936,0.8024719584409372,0.1462541893129198,0.6747769238654319,0.7690907236972148,0.7558375548071218
-0.4979253414328992,-0.8753145534909239,-0.3611575571618023,-0.7030746009502787,-0.010684955963028146,-0.6865507261215884,0.37344190267784877,0.819383579331835,-0.23720592550657674,0.5251460264734105,0.2264543159987327,1.4982197492018472,0.18988589067068962,0.285052737764342,0.6424195247288297,-0.026922330819240163,0.5452037020521457,-0.6611126973474404,-0.6886547618757034
-0.4979253414328992,-0.8753145534909239,-0.2166945336074462,-0.7030746009502787,-0.010684955963028146,-0.6865507261215884,-0.6874206446824462,1.1191728549162814,-0.536227806718357,1.0982428374802675,0.39561681487054484,1.9687372175637945,0.26968935245823705,-0.30484090473687286,0.5467866132969956,-0.16811327075700186,0.5526895861896511,-1.2676136780735823,-1.2761757670616813
-0.4979253414328992,-0.8753145534909239,-0.07223151005309006,-0.7030746009502787,-0.010684955963028146,-0.6865507261215884,-0.6874206446824462,1.2540779717490158,-1.0744671928995615,1.4337094844731717,0.5701235651401162,1.8828491279945723,0.32853880083655884,-0.7638311892925144,0.4265230199588826,-0.1316575557102645,0.5293629039420146,-1.2676136780735823,-1.2761757670616813
-0.4979253414328992,-0.8753145534909239,0.07223151350126605,-0.7030746009502787,-0.010684955963028146,-0.6865507261215884,-0.6874206446824462,1.2690674927085046,-1.0146628166572054,1.7519884909938044,0.7132042246815807,1.5875907404258485,0.3965673277102619,-1.0459465399729717,0.33587775292269356,-0.0033901460454379474,0.5136090088153954,-1.2676136780735823,-1.2761757670616813
-0.4979253414328992,-0.8753145534909239,0.2166945370556222,-0.7030746009502787,-0.010684955963028146,-0.6865507261215884,-0.6874206446824462,1.2690674927085046,-1.0146628166572054,1.9205993421110967,0.8598409926586588,1.3666560816725442,0.5841712544443628,-0.7066886997428429,0.26324719994410983,0.1139359297636075,0.4555538855436594,-1.2676136780735823,-1.2761757670616813
-0.4979253414328992,-0.8753145534909239,0.3611575606099783,-0.7030746009502787,-0.010684955963028146,-0.6865507261215884,-0.6874206446824462,1.4789199284373507,-1.8519240840501903,1.7859420094082115,0.9961524526364208,1.188074899538922,0.8168885617374563,0.2940483916489421,0.15334211539289289,0.14629582844991035,0.30214631958156707,-1.2676136780735823,-1.2761757670616813
-0.4979253414328992,-0.8753145534909239,0.5056205841643344,-0.7030746009502787,-0.010684955963028146,-0.6865507261215884,-0.6874206446824462,1.2690674927085046,-1.493097826596054,1.5105212687987104,1.0065487297338453,0.9524369584309943,0.8396726946091032,0.41390077802624936,0.1398233672460037,0.22096152405961694,0.26568222072847947,-1.2676136780735823,-1.2761757670616813
-0.4979253414328992,-0.8753145534909239,0.6500836077186906,-0.7030746009502787,-0.010684955963028146,-0.6865507261215884,-0.6874206446824462,0.9692782171240583,-0.23720592550657674,1.0904104784322604,0.9157110672568443,0.6485989623357071,0.5761330507761558,0.41390077802624936,0.24911867406836294,0.42461095261269055,0.45700088572389647,-1.2676136780735823,-1.2761757670616813
-0.4979253414328992,-0.8753145534909239,0.7945466312730467,1.2033920935163855,-0.010684955963028146,-0.6865507261215884,-0.6874206446824462,0.8793413772684578,-0.2970103017489328,0.5398782897353573,0.7613644112783902,0.2874953326309394,0.20351372999357512,0.41390077802624936,0.39350632765818633,0.6346420126505755,0.6796262413549271,0.11880026473037865,0.09668635927681407
-0.4979253414328992,-0.8753145534909239,0.9390096548274028,-0.7030746009502787,-0.010684955963028146,1.0173163961711247,1.1003701982887144,0.819383579331835,0.06181595570520356,0.3994706009239254,0.5879674228861038,-0.08748768503415127,-0.1681242105881696,0.41390077802624936,0.5597143831865097,0.8782238073185917,0.9296729818712866,0.9030848411263492,0.8979378412627608
-0.4979253414328992,-0.8753145534909239,1.083472678381759,2.0311085540304603,-0.010684955963028146,-0.6865507261215884,-0.6874206446824462,0.819383579331835,0.06181595570520356,0.22995214299759695,0.4738338060672499,-0.1881254735435912,-0.25910775743316755,0.41390077802624936,0.6883066244291316,0.9810208605050094,1.0300271497960913,0.7091310446504899,0.7093422960504792
-0.4979253414328992,-0.8753145534909239,1.227935701936115,-0.7030746009502787,-0.010684955963028146,1.228708164025686,1.2654921992081054,0.8493626212508127,-0.057792796779508555,0.1936707569749992,0.3932838797140956,-0.18069136004008945,-0.2452292836974649,0.41390077802624936,0.8027303306643899,1.0286352136536971,1.074753364209763,0.8380186693559566,0.8331125614710705
-0.4979253414328992,-0.8753145534909239,1.3723987254904713,1.875986341065988,-0.010684955963028146,-0.6865507261215884,-0.6874206446824462,0.819383579331835,-0.536227806718357,0.14246028517639117,0.3216210934603526,-0.11507654309681771,-0.17038887153255308,0.41390077802624936,0.8705062816608976,0.9790829056709077,1.0185660000359218,0.5599350008363878,0.5528652736887266
-0.4979253414328992,-0.8753145534909239,1.5168617490448273,-0.7030746009502787,-0.010684955963028146,1.2003454316285853,1.2183826792898804,0.3696996659551655,0.7196640943711202,0.11011665722585041,0.2326995966322812,-0.09355499586541817,-0.13423241623939922,0.41390077802624936,0.955939756756842,0.9654499919755972,0.9963472216534615,0.7992028539155654,0.794803662812899
-0.4979253414328992,-0.8753145534909239,1.6613247725991833,1.28213042192151,-0.010684955963028146,0.5909214644436868,-0.6874206446824462,0.3097418680185427,0.7196640943711202,0.05449108371642722,0.16921286794592105,0.04968741614647381,-0.06764666473558195,0.41390077802624936,1.0128828738398163,0.8799414217194518,0.9504703069304719,0.8122000552125884,0.8047592280190331
-0.4979253414328992,-0.7650696215902829,-1.6613247691510074,-0.7030746009502787,-0.010684955963028146,0.9976944010987792,1.4543553447966815,0.5195943037473887,0.7196640943711202,0.0524855865382474,0.14255283919863063,0.16170970114053812,-0.03834034089403433,0.41390077802624936,1.0474642606131388,0.8327126643289368,0.9462801856902803,0.7380507611860243,0.7311264014674004
-0.4979253414328992,-0.7650696215902829,-1.5168617455966513,-0.36764034922184075,-0.010684955963028146,-0.6865507261215884,-0.6874206446824462,0.5195943037473887,1.0784903518252564,0.0063231871933557785,0.12453782068661655,0.2739358875641778,0.04901388945367637,0.41390077802624936,1.0987439164025565,0.815488808809202,0.9407524572214585,-1.1496916780556121,-1.158157464984524
-0.4979253414328992,-0.7650696215902829,-1.372398722042295,-0.27486140307018736,-0.010684955963028146,-0.6865507261215884,-0.6874206446824462,0.5345838247068775,0.8392728468558323,-0.05327610863488019,0.1123951471553455,0.2641303838573626,0.04964779921856129,0.41390077802624936,1.1238677229069554,0.840584196184191,0.9611191976487701,-0.9711734398926816,-0.9794934613261888
-0.4979253414328992,-0.7650696215902829,-1.227935698487939,-0.7030746009502787,-0.010684955963028146,-0.6865507261215884,-0.5666136612202113,0.5195943037473887,1.0784903518252564,-0.12968182391977667,0.0968327371809048,0.109571442504038,-0.11186736363593683,0.41390077802624936,1.1428373537083292,0.9290669285480881,1.0587003306725622,-1.2052213488446006,-1.2100816214104773
-0.4979253414328992,-0.7650696215902829,-1.083472674933583,0.054647994010582096,-0.010684955963028146,-0.6865507261215884,-0.21849627302968608,0.5195943037473887,1.0784903518252564,-0.25650352809767685,0.07633867066339456,-0.09899899826156036,-0.30442376126745707,0.41390077802624936,1.1601680562266072,1.0421505835352116,1.1693824159846034,-0.4189252820961213,-0.4277973500970275
-0.4979253414328992,-0.7650696215902829,-0.9390096513792268,-0.7030746009502787,-0.010684955963028146,-0.6865507261215884,0.32244068674819115,0.6095311436029891,0.7794684706134762,-0.30007323219917653,0.053200657353606656,-0.3070257018816244,-0.38868900385200583,0.41390077802624936,1.1800950139604012,1.1589813271104736,1.2188843642057512,-0.6725169281494436,-0.6621116195705247
-0.4979253414328992,-0.7650696215902829,-0.7945466278248707,1.1272065476936082,-0.010684955963028146,-0.6865507261215884,-0.6874206446824462,0.6694889415396119,0.7196640943711202,-0.3781679592908022,0.03346081144736722,-0.5162907336959389,-0.40347887545249805,0.41390077802624936,1.2480652261622287,1.3413980488559467,1.2879176487966302,0.10161020332195138,0.08026032141090492
-0.4979253414328992,-0.7650696215902829,-0.6500836042705146,-0.7030746009502787,-0.010684955963028146,1.120183862267401,0.8657286877791586,0.6694889415396119,0.7196640943711202,-0.36564782415203173,0.02917831341934904,-0.609379196105491,-0.41042340168295754,0.41390077802624936,1.2676345119001236,1.4170641681059524,1.3111478206957432,0.8828756400389551,0.8760696146867407
-0.4979253414328992,-0.7650696215902829,-0.5056205807161585,1.9474121155466384,-0.010684955963028146,-0.6865507261215884,-0.6874206446824462,0.9093204191874354,0.4206422131593399,-0.11501625798817672,0.1459614432342539,-0.25630563570855297,-0.26644776523709823,0.41390077802624936,1.2076651619461856,1.258607299770455,1.2766451527494114,0.7024767867440166,0.6846712588839532
-0.4979253414328992,-0.7650696215902829,-0.3611575571618023,-0.7030746009502787,-0.010684955963028146,0.5873670750531298,0.5190517673356623,0.9692782171240583,0.36083783691698385,0.2411945665334449,0.33807896646680946,0.6798290357647336,0.005861641800168612,0.19933492773904554,1.0637875042750433,0.773775502105893,1.1437569533087886,0.2509273039065354,0.25259469394864975
-0.4979253414328992,-0.7650696215902829,-0.2166945336074462,-0.7030746009502787,-0.010684955963028146,-0.6865507261215884,-0.6874206446824462,1.2690674927085046,-0.23720592550657674,0.8762871999932622,0.5253872896393063,1.262749239349099,0.1626293982768251,-0.8345667232169351,0.9313423354539551,0.5153716927627788,1.0833707339265635,-1.2676136780735823,-1.2761757670616813
-0.4979253414328992,-0.7650696215902829,-0.07223151005309006,-0.7030746009502787,-0.010684955963028146,-0.6865507261215884,-0.6874206446824462,1.2990465346274822,-0.2970103017489328,1.2459238047765036,0.6407120740656285,1.3245628694792302,0.21608613803911048,-1.2046752894489685,0.884572624669433,0.535028184738883,1.1094831153290914,-1.2676136780735823,-1.2761757670616813
-0.4979253414328992,-0.7650696215902829,0.07223151350126605,-0.7030746009502787,-0.010684955963028146,-0.6865507261215884,-0.6874206446824462,1.4189621305007278,-0.47642343047600094,1.5887454671786567,0.7601294098162079,1.1598113432499373,0.31591838165350333,-1.4192551135674494,0.8071429040477603,0.6348495577240127,1.0767276777196022,-1.2676136780735823,-1.2761757670616813
-0.4979253414328992,-0.7650696215902829,0.2166945370556222,-0.7030746009502787,-0.010684955963028146,-0.6865507261215884,-0.6874206446824462,1.568856768292951,-0.7754453116877812,1.849212927882512,0.865558875484695,1.0079022916134923,0.5042156217633192,-1.4468173312754882,0.7479322814813497,0.7330745469206664,0.996936327808023,-1.2676136780735823,-1.2761757670616813
-0.4979253414328992,-0.7650696215902829,0.3611575606099783,-0.7030746009502787,-0.010684955963028146,-0.6865507261215884,-0.6874206446824462,1.5988358102119287,-1.0744671928995615,1.980241141140044,0.926742587359887,0.8505177406121093,0.943922776623445,-1.08866337770097,0.7068115708584748,0.8102999651027657,0.7593295965369703,-1.2676136780735823,-1.2761757670616813
-0.4979253414328992,-0.7650696215902829,0.5056205841643344,-0.7030746009502787,-0.010684955963028146,-0.6865507261215884,-0.6874206446824462,1.568856768292951,-0.47642343047600094,1.9593753390677524,0.9738250177511075,0.7121722783804255,1.493472090396872,-0.3374232213311915,0.6996335470162452,0.9246011311058522,0.526225225868979,-1.2676136780735823,-1.2761757670616813
-0.4979253414328992,-0.7650696215902829,0.6500836077186906,-0.7030746009502787,-0.010684955963028146,-0.6865507261215884,-0.6874206446824462,1.4189621305007278,0.06181595570520356,1.7752710904480824,0.9876834735954725,0.5682452217310163,1.9677114593554015,0.41390077802624936,0.7053697960070807,1.0260613944984691,0.3277835731144411,-1.2676136780735823,-1.2761757670616813
-0.4979253414328992,-0.7650696215902829,0.7945466312730467,-0.2019677517295199,-0.010684955963028146,0.04216117863723282,-0.6874206446824462,1.2690674927085046,0.12162033194755961,1.1836415761402885,0.9334679530688754,0.2973920117737436,1.9042545692713306,0.41390077802624936,0.775339018676555,1.2131412658458731,0.38584066152902036,-0.4467036319017968,-0.48214330301315883
-0.4979253414328992,-0.7650696215902829,0.9390096548274028,0.34446012588486447,-0.010684955963028146,0.3595052033450115,-0.6874206446824462,1.1191728549162814,0.36083783691698385,0.7313918270821079,0.8030010070529904,0.08309078042243767,1.2952471235455976,0.41390077802624936,0.8770701894346965,1.3335299869287751,0.6731471654007737,0.14978396774764055,0.15835975636889166
-0.4979253414328992,-0.7650696215902829,1.083472678381759,-0.7030746009502787,-0.010684955963028146,0.8641264078707284,-0.6874206446824462,0.9692782171240583,0.36083783691698385,0.5944687468336105,0.6857454456928338,0.04727706916596505,0.7844769751708756,0.41390077802624936,0.9727464842622595,1.3547828626933553,0.9395663843409624,-0.37720131815088737,-0.3620063655391144
-0.4979253414328992,-0.7650696215902829,1.227935701936115,1.0196265061374548,-0.010684955963028146,0.3553162098982905,-0.6874206446824462,0.8793413772684578,0.4206422131593399,0.3165167771478999,0.5855941327522988,0.10976042431681517,0.33711570574270405,0.41390077802624936,1.074217354646027,1.3291049611415091,1.202403802925544,0.6067394846718305,0.595266226687192
-0.4979253414328992,-0.7650696215902829,1.3723987254904713,-0.7030746009502787,-0.010684955963028146,1.110656119681631,-0.6874206446824462,0.819383579331835,0.36083783691698385,0.25452683975349977,0.49545711617525134,0.3171397823413575,-0.006955704421528964,0.41390077802624936,1.1580331111190096,1.205065441974759,1.4056707547570486,-0.2843922059048636,-0.2640505505582973
-0.4979253414328992,-0.7650696215902829,1.5168617490448273,2.076978194177816,-0.010684955963028146,-0.6865507261215884,-0.6874206446824462,0.6694889415396119,0.7196640943711202,0.1185303292805096,0.4124010065732065,0.41282011373579636,-0.2941892514947258,0.41390077802624936,1.2531719338772633,1.1559260554337925,1.59286502162292,0.7488177139186237,0.7084583075197068
-0.4979253414328992,-0.7650696215902829,1.6613247725991833,-0.7030746009502787,-0.010684955963028146,0.6433511398885228,1.469125966994448,0.5195943037473887,0.8392728468558323,0.11047760748419905,0.3295404098786959,0.3640835277292852,-0.5245499443088633,0.41390077802624936,1.3300477931467956,1.173197622464662,1.7330146422185095,0.8364132067368859,0.8308523425904689
-0.4979253414328992,-0.654824689689642,-1.6613247691510074,-0.7030746009502787,-0.010684955963028146,-0.6865507261215884,-0.6874206446824462,0.5195943037473887,1.0784903518252564,0.06333501894136431,0.26711960921490663,0.33478057147002593,-0.544182430814144,0.41390077802624936,1.400491340942907,1.1874464483946245,1.743439943351088,-1.2676136780735823,-1.2761757670616813
-0.4979253414328992,-0.654824689689642,-1.5168617455966513,-0.7030746009502787,-0.010684955963028146,-0.6865507261215884,-0.6262898721250415,0.3696996659551655,1.0784903518252564,-0.026833886629260506,0.21073118189034035,0.20392309913583748,-0.5085500292932441,0.41390077802624936,1.4576537851931781,1.248242624587892,1.7034842223639775,-1.2676136780735823,-1.2761757670616813
-0.4979253414328992,-0.654824689689642,-1.372398722042295,-0.7030746009502787,-0.010684955963028146,-0.6865507261215884,-0.2051245820873727,0.3996787078741431,0.9588815993405444,-0.13950006328409684,0.15919718003149025,0.003385214280868519,-0.5875226542772646,0.41390077802624936,1.504563768957224,1.3412093715164584,1.7290223453578704,-0.9797546978054503,-0.9811448251750897
-0.4979253414328992,-0.654824689689642,-1.227935698487939,-0.7030746009502787,-0.010684955963028146,-0.6865507261215884,-0.2581574384236652,0.3696996659551655,1.0784903518252564,-0.25557041936821395,0.11014361772907957,-0.21812716518956607,-0.6401599497093329,0.41390077802624936,1.5505448660149388,1.452684714837322,1.74039440864248,-1.013818046419071,-1.0216169270705224
-0.4979253414328992,-0.654824689689642,-1.083472674933583,0.21199134998974808,-0.010684955963028146,-0.6865507261215884,-0.11552661748552553,0.3696996659551655,1.0784903518252564,-0.42020624037590243,0.06438942271324279,-0.4482034047021659,-0.685961761155479,0.41390077802624936,1.5952596499550968,1.5656686093920722,1.7394865126489043,-0.21682284614023792,-0.22526455598319373
-0.4979253414328992,-0.654824689689642,-0.9390096513792268,-0.7030746009502787,-0.010684955963028146,0.5784129551217198,0.36859830585476155,0.5195943037473887,0.9588815993405444,-0.4465294534195304,0.03841682013194455,-0.6596798552730131,-0.6401957546254496,0.41390077802624936,1.6290794171145102,1.6945109427660756,1.701889399772088,0.1878230247119553,0.2020023663300636
-0.4979253414328992,-0.654824689689642,-0.7945466278248707,1.7357520750891706,-0.010684955963028146,-0.6865507261215884,-0.6874206446824462,0.3696996659551655,1.0784903518252564,-0.4708648244606586,0.009843408837611074,-0.6639891379248924,-0.6133892649273249,0.41390077802624936,1.6579558873494682,1.68651492724086,1.6732131620067499,0.5726243027305369,0.5655649079460446
-0.4979253414328992,-0.654824689689642,-0.6500836042705146,-0.7030746009502787,-0.010684955963028146,1.1096961071503182,1.067164643044317,0.6694889415396119,0.7196640943711202,-0.43127668942271835,0.020525649653884526,-0.6244529822772696,-0.5738093714045551,0.41390077802624936,1.6705881681102945,1.6748841620491781,1.6610463076166533,0.8695451956053719,0.8627283263326477
-0.4979253414328992,-0.654824689689642,-0.5056205807161585,1.4765117004854527,-0.010684955963028146,-0.6865507261215884,-0.6874206446824462,0.7144572185167458,0.9588815993405444,-0.3657648714278368,0.06069833383612882,-0.4975848497013991,-0.4533738398092619,0.41390077802624936,1.6705428565636442,1.6372259000513336,1.6260881632290998,0.31176484674989496,0.30449243459091385
-0.4979253414328992,-0.654824689689642,-0.3611575571618023,-0.7030746009502787,-0.010684955963028146,0.811859802761076,0.7941894875315879,0.819383579331835,-1.9715328365349023,-0.15603119277922695,0.21922868772562648,-0.15380786830493778,-0.21338650704828405,0.29344285896027,1.430677989728881,1.2435300285107849,1.2904483160803102,0.554142609618052,0.5719554552709584
-0.4979253414328992,-0.654824689689642,-0.2166945336074462,-0.7030746009502787,-0.010684955963028146,-0.6865507261215884,-0.6874206446824462,1.1191728549162814,0.36083783691698385,0.21977426116571924,0.434198260549121,0.2211345348477578,0.040421523333753526,0.0565060692844509,1.3224701600261288,1.1678652104838105,1.2810610470673705,-1.2676136780735823,-1.2761757670616813
-0.4979253414328992,-0.654824689689642,-0.07223151005309006,-0.7030746009502787,-0.010684955963028146,-0.6865507261215884,-0.6874206446824462,1.2840570136679934,-0.17740154926422066,0.5234243198969033,0.6354540988263542,0.4375037908608138,0.1717946430546157,0.16270602250408153,1.201324437641526,1.1209621925920443,1.280240927454126,-1.2676136780735823,-1.2761757670616813
-0.4979253414328992,-0.654824689689642,0.07223151350126605,-0.7030746009502787,-0.010684955963028146,-0.6865507261215884,-0.6874206446824462,1.4189621305007278,-0.47642343047600094,0.9388538731265454,0.7898397182312208,0.5535717786099893,0.31434622033674126,-0.0021898445088525636,1.1041967272079625,1.0975328044376875,1.2385074072414999,-1.2676136780735823,-1.2761757670616813
-0.4979253414328992,-0.654824689689642,0.2166945370556222,-0.7030746009502787,-0.010684955963028146,-0.6865507261215884,-0.6874206446824462,1.4189621305007278,-0.47642343047600094,1.2809287869869699,0.872225100278593,0.5271358753787836,0.4782668225558091,0.00010419279246293724,1.0637219471437194,1.1455015239918054,1.1767137088851072,-1.2676136780735823,-1.2761757670616813
-0.4979253414328992,-0.654824689689642,0.3611575606099783,-0.7030746009502787,-0.010684955963028146,-0.6865507261215884,-0.6874206446824462,1.568856768292951,-0.8352496879301373,1.4902308946745109,0.9188253582679587,0.47553389407941865,0.8983838058115194,0.07212881265219138,1.029541615762025,1.1770045673122247,0.943520251741556,-1.2676136780735823,-1.2761757670616813
-0.4979253414328992,-0.654824689689642,0.5056205841643344,-0.7030746009502787,-0.010684955963028146,-0.6865507261215884,-0.6874206446824462,1.1191728549162814,0.36083783691698385,1.5234350489656074,0.8979451363636816,0.34941422894625773,1.3849905182960067,0.41390077802624936,1.0587328566348835,1.2678876224272226,0.7058242156457383,-1.2676136780735823,-1.2761757670616813
-0.4979253414328992,-0.654824689689642,0.6500836077186906,0.24478192109381786,-0.010684955963028146,0.33855835332370054,-0.6874206446824462,1.1191728549162814,0.36083783691698385,1.3365870552661712,0.8858908263173103,0.2259883835127713,1.8509735990972547,0.41390077802624936,1.0874049428721848,1.3652091290993835,0.49922132466323577,0.09777503136683345,0.057563266042256485
-0.4979253414328992,-0.654824689689642,0.7945466312730467,-0.7030746009502787,-0.010684955963028146,0.6867301502323692,-0.6874206446824462,1.0891938129973038,0.36083783691698385,1.0729547408478097,0.8273301879702465,0.18265435652240739,1.8001908355704146,0.41390077802624936,1.1454485520934852,1.4035865336923357,0.5334477808654905,-0.4626787219069987,-0.44693552781504664
-0.4979253414328992,-0.654824689689642,0.9390096548274028,0.4720441609087138,-0.010684955963028146,-0.014823221766171502,-0.6874206446824462,0.819383579331835,1.0784903518252564,0.5178851720011219,0.6916824977924405,0.09917827166889381,1.154875577406125,0.41390077802624936,1.2825391185216894,1.4801526655387514,0.8801740905390059,-0.01033127094397289,-0.026571606238122502
-0.4979253414328992,-0.654824689689642,1.083472678381759,-0.7030746009502787,-0.010684955963028146,1.0722518528537166,-0.6874206446824462,0.819383579331835,0.7196640943711202,0.39659019170648746,0.58046905062811,0.16043075843389265,0.6295751430727571,0.41390077802624936,1.4030649403850979,1.4602070851792701,1.187459109951929,-0.2761117250868315,-0.2503901748878177
-0.4979253414328992,-0.654824689689642,1.227935701936115,1.714122581903736,-0.010684955963028146,-0.6865507261215884,-0.6874206446824462,0.7294467394762346,0.9588815993405444,0.16346144359556342,0.48547900013628975,0.23794231203852692,0.18587736756180243,0.41390077802624936,1.50011600681954,1.4221480464878915,1.4628144884479322,0.4986114334831796,0.46274019711797687
-0.4979253414328992,-0.654824689689642,1.3723987254904713,-0.7030746009502787,-0.010684955963028146,0.5573079509331235,1.1520575442397383,0.6694889415396119,0.7196640943711202,0.1316768962082257,0.3941577737064906,0.19557557353724608,-0.27958898320003356,0.41390077802624936,1.5828891156818354,1.435399268094122,1.7506170817130005,0.6287626500171358,0.6334551861744829
-0.4979253414328992,-0.654824689689642,1.5168617490448273,-0.7030746009502787,-0.010684955963028146,-0.6865507261215884,-0.6874206446824462,0.5195943037473887,0.7196640943711202,0.0564253062964911,0.31365794318729523,0.17450327254499226,-0.36970181958491993,0.41390077802624936,1.6520224849269307,1.4279237417812884,1.7894308363589855,-1.2676136780735823,-1.2761757670616813
-0.4979253414328992,-0.654824689689642,1.6613247725991833,0.5406801138291648,-0.010684955963028146,0.25234278469390564,0.4300453283947659,0.4896152618284111,0.9588815993405444,-0.07701839655223627,0.2580967928985232,0.04273736132131359,-0.3566777813474576,0.41390077802624936,1.6996174443057648,1.484289687295166,1.7549290418094727,0.9166987399430802,0.9084298579482081
-0.4979253414328992,-0.5445797577890011,-1.6613247691510074,-0.7030746009502787,-0.010684955963028146,-0.6865507261215884,-0.6874206446824462,0.5195943037473887,0.7196640943711202,-0.12008852457152881,0.20550938697559196,-0.011292373178157983,-0.3454627051219839,0.41390077802624936,1.7408292600596706,1.4853363043530639,1.7133557899131728,-1.2676136780735823,-1.2761757670616813
-0.4979253414328992,-0.5445797577890011,-1.5168617455966513,-0.5246434095898028,-0.010684955963028146,-0.6865507261215884,-0.6609193432756324,0.3696996659551655,1.0784903518252564,-0.18110219614035916,0.16429303958586963,-0.12074102427453327,-0.41319746893391096,0.41390077802624936,1.7747502551424514,1.5335227618943614,1.737978593040527,-1.2391123016527448,-1.2476511147800773
-0.4979253414328992,-0.5445797577890011,-1.372398722042295,-0.20499035703270888,-0.010684955963028146,-0.6865507261215884,-0.30764715489123895,0.33972062403618786,0.9588815993405444,-0.2985110760991858,0.10845427488390848,-0.31125375550871354,-0.5639955693961954,0.41390077802624936,1.8161462093093406,1.6195635323701674,1.804230108762201,-0.6634372659420202,-0.668559271039936
-0.4979253414328992,-0.5445797577890011,-1.227935698487939,-0.7030746009502787,-0.010684955963028146,-0.6865507261215884,0.19224071664951503,0.3696996659551655,1.0784903518252564,-0.3601936826576731,0.0641236364830717,-0.498769301501656,-0.6553249591809572,0.41390077802624936,1.8495306963982727,1.7135786313206727,1.8387904208986012,-0.7372993759225005,-0.7295262857710902
-0.4979253414328992,-0.5445797577890011,-1.083472674933583,0.20119989520891346,-0.010684955963028146,-0.6865507261215884,-0.2355602011494769,0.3696996659551655,0.7196640943711202,-0.46412316293244404,0.024638378466819613,-0.681604232157964,-0.6445086195213291,0.41390077802624936,1.8723344553066303,1.7972945499811732,1.7939039381686033,-0.31143352039151767,-0.32667425067153155
-0.4979253414328992,-0.5445797577890011,-0.9390096513792268,-0.7030746009502787,-0.010684955963028146,0.6805415316427954,0.3395438372396302,0.33972062403618786,0.8392728468558323,-0.49264804177291954,-0.013503337113672435,-0.8635290661895819,-0.6312420843519851,0.41390077802624936,1.8920309990053301,1.880561112954984,1.7460417924755345,0.24092174164128752,0.2527774681459129
-0.4979253414328992,-0.5445797577890011,-0.7945466278248707,1.0980489617398925,-0.010684955963028146,0.5352459675934073,-0.6874206446824462,0.3696996659551655,0.7196640943711202,-0.5169095226343495,-0.037742762995085485,-0.8042244182843478,-0.6067889541404423,0.41390077802624936,1.9015536543678473,1.8104828791409076,1.7002107310855537,0.8899091552367674,0.8831089797107857
-0.4979253414328992,-0.5445797577890011,-0.6500836042705146,-0.7030746009502787,-0.010684955963028146,0.8723712398336452,1.1915171327916931,0.3696996659551655,0.7196640943711202,-0.4940218759989892,-0.03829590449504884,-0.5632983018890589,-0.5728556586389002,0.41390077802624936,1.8797404829953022,1.6096317307159018,1.6346229969464843,0.8236164186530587,0.8207465464092047
-0.4979253414328992,-0.5445797577890011,-0.5056205807161585,1.586482019444125,-0.010684955963028146,-0.6865507261215884,-0.6874206446824462,0.7744153023547011,0.7794684706134762,-0.0760198982832175,0.10403192598608824,0.1319425790253349,-0.3600296097448401,0.19845574085453122,1.758402909594031,1.2193090630125976,1.5295223540076468,0.4471465785340706,0.404906286214544
-0.4979253414328992,-0.5445797577890011,-0.3611575571618023,-0.7030746009502787,-0.010684955963028146,-0.6865507261215884,0.24010382906834135,1.1191728549162814,0.36083783691698385,0.2927437561469525,0.29409830312821367,0.9303335461444651,-0.039244415025981895,-0.1594117491788074,1.6047471165633005,0.8279003078194566,1.376607165502388,-0.725326393990583,-0.7293186948085212
-0.4979253414328992,-0.5445797577890011,-0.2166945336074462,-0.7030746009502787,-0.010684955963028146,-0.6865507261215884,-0.6874206446824462,1.4189621305007278,-0.47642343047600094,0.8975629944785692,0.4678779680299086,1.505652204970149,0.0642643424751248,-1.139819245034366,1.4582510299410474,0.5625670520954993,1.335136537732346,-1.2676136780735823,-1.2761757670616813
-0.4979253414328992,-0.5445797577890011,-0.07223151005309006,-0.7030746009502787,-0.010684955963028146,-0.6865507261215884,-0.6874206446824462,1.5988358102119287,-0.8950540641724933,1.256336435055387,0.6349190474886538,1.489167686143341,0.1563130855745956,-1.450355039560461,1.3208794355160653,0.5843217662090177,1.296472133942447,-1.2676136780735823,-1.2761757670616813
-0.4979253414328992,-0.5445797577890011,0.07223151350126605,-0.7030746009502787,-0.010684955963028146,-0.6865507261215884,-0.6874206446824462,1.4189621305007278,-0.7754453116877812,1.5325791221771061,0.7980888322231271,1.26712814687937,0.301886923276211,-1.6315933022519036,1.1785597237893246,0.6861431189927245,1.2037138981543687,-1.2676136780735823,-1.2761757670616813
-0.4979253414328992,-0.5445797577890011,0.2166945370556222,-0.7030746009502787,-0.010684955963028146,-0.6865507261215884,-0.6874206446824462,0.6694889415396119,0.7196640943711202,1.4028920483758658,0.8363091704319158,0.8931795559789544,0.3023532009338221,-0.7476506571596317,1.156400449326408,0.8812760428082008,1.2098023473811277,-1.2676136780735823,-1.2761757670616813
-0.4979253414328992,-0.5445797577890011,0.3611575606099783,-0.7030746009502787,-0.010684955963028146,-0.6865507261215884,-0.6874206446824462,0.2347945491224311,0.7196640943711202,0.8517373512623906,0.691529427188677,0.4421255565978554,0.019453676206937363,0.2658911216256889,1.1737051218072485,0.9377317727112143,1.1799968075285425,-1.2676136780735823,-1.2761757670616813
-0.4979253414328992,-0.5445797577890011,0.5056205841643344,0.5552189523902545,-0.010684955963028146,-0.6865507261215884,0.6122731992233637,0.2198050281629423,0.0020115794628475024,0.3396587890921327,0.5578493900447029,0.05175792741102363,-0.30593163648482774,0.41390077802624936,1.1792909750262235,0.9655419450697846,1.177541252371315,0.5193884420508295,0.5026564034705577
-0.4979253414328992,-0.5445797577890011,0.6500836077186906,-0.7030746009502787,-0.010684955963028146,-0.6865507261215884,-0.6874206446824462,0.2198050281629423,0.0020115794628475024,0.19680030033814513,0.43811408490357856,-0.2735966427100637,-0.37995097682333534,0.374375796259117,1.2273838793804803,1.0540324847718676,1.1268811799678857,-1.2676136780735823,-1.2761757670616813
-0.4979253414328992,-0.5445797577890011,0.7945466312730467,0.4620731154095023,-0.010684955963028146,0.5835808935761281,0.43584710160897155,0.06991039037071911,0.6598597181287641,-0.09279166128391336,0.2886872572851759,-0.6486136439467503,-0.5094581721656595,0.41390077802624936,1.2642130080902958,1.140817121080369,1.0758791727097332,0.9699130314877351,0.9638171939725981
-0.4979253414328992,-0.5445797577890011,0.9390096548274028,-0.7030746009502787,-0.010684955963028146,1.2907878586578507,1.206603625822467,0.06991039037071911,0.7196640943711202,-0.19061441245955768,0.15577813936379223,-0.5821127675391856,-0.45953798161799525,0.41390077802624936,1.3338689062350606,1.0434422642639392,0.9883228883769091,0.814730294497033,0.8140371164422575
-0.4979253414328992,-0.5445797577890011,1.083472678381759,1.4231320635159712,-0.010684955963028146,0.5457198110013307,-0.6874206446824462,0.2198050281629423,-0.596032182960713,-0.3000313828938607,0.08826356647203852,-0.32412441159995836,-0.351237061593901,0.41390077802624936,1.2666072894968068,0.7395637461760366,0.7634004991113388,0.8708458144490347,0.862018515676311
-0.4979253414328992,-0.5445797577890011,1.227935701936115,-0.7030746009502787,-0.010684955963028146,1.0615155697594711,1.455530133272289,0.2198050281629423,-0.6558365592030692,-0.2986889356467779,0.04199658493359419,-0.12448833469368048,-0.2775603092027831,0.41390077802624936,1.1667960750185389,0.4752775412509874,0.5566010938445126,0.7564650507514703,0.7540663029559287
-0.4979253414328992,-0.5445797577890011,1.3723987254904713,2.335203583286798,-0.010684955963028146,-0.6865507261215884,-0.6874206446824462,0.2198050281629423,-0.596032182960713,-0.2908618077619352,0.010963607346970826,-0.031698264620092335,-0.19669653364932416,0.41390077802624936,1.0864938915618756,0.32199910683767885,0.40369987968836113,0.8892960525729015,0.8824953660003769
-0.4979253414328992,-0.5445797577890011,1.5168617490448273,-0.7030746009502787,-0.010684955963028146,1.1675545917461299,1.257423059133659,0.2198050281629423,-0.8352496879301373,-0.23283316867383225,-0.014078743428728654,0.0028829205153292118,-0.14810275249416624,0.41390077802624936,0.9974687533372999,0.19930136548634797,0.2706040301539697,0.7782667729769037,0.7713752036436684
-0.4979253414328992,-0.5445797577890011,1.6613247725991833,2.323191816731092,-0.010684955963028146,-0.6865507261215884,-0.6874206446824462,0.2198050281629423,-1.493097826596054,-0.19584361393784397,-0.03539034612543001,0.05453131840028852,-0.07283593632822784,0.41390077802624936,0.9102748764502185,0.07223086413949444,0.12922641363056186,0.8645587710668294,0.8577377515825159
-0.4979253414328992,-0.4343348258883602,-1.6613247691510074,-0.7030746009502787,-0.010684955963028146,1.204884832787215,1.2473484530485912,0.2198050281629423,-1.3734890741113417,-0.14007614512758443,-0.05762733019942855,0.03648687075046884,-0.06542757368443794,0.3904200835370485,0.791649729357471,-0.051630604342520106,-0.008105847175439586,0.77249505217966,0.7655988840522227
-0.4979253414328992,-0.4343348258883602,-1.5168617455966513,0.9659351172243121,-0.010684955963028146,-0.6865507261215884,-0.6874206446824462,0.06991039037071911,-1.1342715691419176,-0.13308796503524412,-0.08513411769571948,0.05547456972897455,-0.024985920930585732,0.41390077802624936,0.6806668084412534,-0.17645996588905966,-0.1442203744662483,-0.1487204591256286,-0.15636881499545502
-0.4979253414328992,-0.4343348258883602,-1.372398722042295,-0.7030746009502787,-0.010684955963028146,-0.6865507261215884,0.9593378458847265,0.03993149140240772,-1.493097826596054,-0.1417560023987758,-0.10975761163748445,-0.012049129296866544,-0.034575942213215784,0.41390077802624936,0.5757628653421304,-0.25965257602061126,-0.25060862266581574,-0.3069432758305776,-0.3147209614425675
-0.4979253414328992,-0.4343348258883602,-1.227935698487939,1.1125703314420703,-0.010684955963028146,-0.6865507261215884,-0.6874206446824462,0.06991039037071911,-1.612706579080766,-0.19749666149781742,-0.1311213974945597,-0.1891524404998671,-0.018125210753763166,0.41390077802624936,0.4876261226545386,-0.2867429551725586,-0.3490111853980811,0.04278910499180782,0.0013979628019680662
-0.4979253414328992,-0.4343348258883602,-1.083472674933583,-0.7030746009502787,-0.010684955963028146,1.2755851847282331,0.9370828630255407,-0.07998424742150408,-1.3734890741113417,-0.2183788109549979,-0.16542034514511764,-0.42123785507462413,-0.10101521906019187,0.41390077802624936,0.42171469359891756,-0.2786044557254535,-0.39444441453690865,0.8040106141187569,0.8018569456929506
-0.4979253414328992,-0.4343348258883602,-0.9390096513792268,2.3017212453698113,-0.010684955963028146,-0.6865507261215884,-0.6874206446824462,-0.05000534845319268,-1.2538803216266297,-0.2421367923618474,-0.1842014124514206,-0.3962226309096467,-0.09616121168209359,0.41390077802624936,0.3783269595303368,-0.3315507871139827,-0.43845706374928045,0.8837869359949212,0.8769816436038792
-0.4979253414328992,-0.4343348258883602,-0.7945466278248707,-0.7030746009502787,-0.010684955963028146,1.2921710800256954,1.1625139147421824,-0.07998424742150408,-1.3734890741113417,-0.21487066215782322,-0.20299848259357156,-0.38134611522664424,-0.1287143904169542,0.41390077802624936,0.32213437519347415,-0.38804858989499713,-0.4766253781458644,0.7987184470908458,0.7918436623192597
-0.4979253414328992,-0.4343348258883602,-0.6500836042705146,2.304071030853211,-0.010684955963028146,-0.6865507261215884,-0.6874206446824462,-0.07998424742150408,-1.1342715691419176,-0.18391002296889003,-0.19785809340900642,-0.2838737720812219,-0.09254979764286472,0.41390077802624936,0.26979423639734745,-0.4528267254334906,-0.5191122031150648,0.8570618789509736,0.8502347991488393
-0.4979253414328992,-0.4343348258883602,-0.5056205807161585,-0.7030746009502787,-0.010684955963028146,1.2604902480951128,1.203839442254682,0.1898261291946309,-1.493097826596054,0.08635279076044089,-0.05293780352049394,0.7193461274575588,0.05936151021141279,0.20469622100567322,0.10602047140715172,-0.7988874242568561,-0.5987773471862672,0.7868146211981901,0.7840412713070882
-0.4979253414328992,-0.4343348258883602,-0.3611575571618023,-0.7030746009502787,-0.010684955963028146,-0.6865507261215884,-0.6874206446824462,0.2198050281629423,-1.612706579080766,0.5254330865520609,0.10817457314430436,1.2099047855174845,0.19812671761419362,-0.5828432910781189,-0.03933752413381047,-0.9535247692554916,-0.6636737877429267,-1.2676136780735823,-1.2761757670616813
-0.4979253414328992,-0.4343348258883602,-0.2166945336074462,-0.7030746009502787,-0.010684955963028146,-0.6865507261215884,-0.6874206446824462,0.3696996659551655,-1.7921197078078341,0.9780150144711856,0.23879946019225448,1.4703374720088163,0.24656995537204254,-1.2953316843447618,-0.1547474795653082,-1.0330208216266066,-0.6922976216991119,-1.2676136780735823,-1.2761757670616813
-0.4979253414328992,-0.4343348258883602,-0.07223151005309006,-0.7030746009502787,-0.010684955963028146,-0.6865507261215884,-0.6874206446824462,0.3696996659551655,-1.612706579080766,1.4074562382368685,0.35463216071288267,1.433932778153615,0.22792942779281414,-1.6051059050662577,-0.27363244499469946,-1.0322099428078166,-0.696453680463354,-1.2676136780735823,-1.2761757670616813
-0.4979253414328992,-0.4343348258883602,0.07223151350126605,-0.7030746009502787,-0.010684955963028146,-0.6865507261215884,-0.6874206446824462,0.3696996659551655,-1.7921197078078341,1.7816518017179481,0.45747055852493773,1.1677021628009838,0.18521416286554926,-1.9207747536147886,-0.3649971533433946,-0.9776292752924086,-0.7000830809456086,-1.2676136780735823,-1.2761757670616813
-0.4979253414328992,-0.4343348258883602,0.2166945370556222,-0.7030746009502787,-0.010684955963028146,-0.6865507261215884,-0.6874206446824462,0.3696996659551655,-1.612706579080766,2.0380186843962522,0.5376760760196242,0.9181541656315367,0.3319166691729354,-2.072791406134043,-0.43869638397010285,-0.9121341658638591,-0.7479648780671098,-1.2676136780735823,-1.2761757670616813
-0.4979253414328992,-0.4343348258883602,0.3611575606099783,-0.7030746009502787,-0.010684955963028146,-0.6865507261215884,-0.6874206446824462,0.3846891869146543,-1.612706579080766,2.1492031340847517,0.5936379929800678,0.6760179025403941,0.7523721716355676,-1.4856028644708767,-0.5058929256147632,-0.8488899554083559,-0.8779763267344378,-1.2676136780735823,-1.2761757670616813
-0.4979253414328992,-0.4343348258883602,0.5056205841643344,-0.7030746009502787,-0.010684955963028146,-0.6865507261215884,-0.6874206446824462,0.3696996659551655,-1.3734890741113417,2.0923521606040505,0.6225906019064517,0.4900216708580681,1.25502355528082,-0.7724868132827063,-0.5343849707597891,-0.7841261333232029,-1.0070742023288652,-1.2676136780735823,-1.2761757670616813
-0.4979253414328992,-0.4343348258883602,0.6500836077186906,0.9373469264872374,-0.010684955963028146,1.1053246924947708,-0.6874206446824462,0.3696996659551655,-1.3734890741113417,1.6825820720229727,0.6255685209251223,0.2733681132582464,1.7205916245543513,0.41390077802624936,-0.5619023356141033,-0.7072331776255124,-1.1171859595179578,0.9083525631345342,0.8966860529195787
-0.4979253414328992,-0.4343348258883602,0.7945466312730467,-0.7030746009502787,-0.010684955963028146,2.8163728716966365,-0.6874206446824462,0.24978407008191994,-1.0744671928995615,1.3560979860788642,0.5631219765688819,0.30793769424726936,1.4988957214404637,0.41390077802624936,-0.5410315480043383,-0.7008075214281538,-1.0462715965276912,0.6144549440228844,0.6245195132695386
-0.4979253414328992,-0.4343348258883602,0.9390096548274028,1.5956002262928612,-0.010684955963028146,0.32983895425961085,-0.6874206446824462,0.06991039037071911,-0.596032182960713,0.6567352819803322,0.425964453617591,0.6856924451664251,0.8250472001235105,0.41390077802624936,-0.468323868988903,-0.7971008450353556,-0.8448560276037209,0.7557417657560448,0.7436944301157148
-0.4979253414328992,-0.4343348258883602,1.083472678381759,-0.7030746009502787,-0.010684955963028146,0.6133433740331574,1.8774436161973955,0.2198050281629423,-0.8352496879301373,0.5425200271334162,0.32477017324504964,0.819790789816222,0.03391072483716269,0.41390077802624936,-0.4103725699929594,-0.8270818911505684,-0.5888889667483018,0.7557608184920078,0.7487619624225892
-0.4979253414328992,-0.4343348258883602,1.227935701936115,-0.7030746009502787,-0.010684955963028146,-0.6865507261215884,-0.6874206446824462,0.1898261291946309,-0.7754453116877812,0.38243727976500586,0.24576417266349118,0.8105406274013397,-0.050115275807878785,0.41390077802624936,-0.36752495920120476,-0.8047403254500896,-0.5385983411994013,-1.2676136780735823,-1.2761757670616813
-0.4979253414328992,-0.4343348258883602,1.3723987254904713,1.1850558833633846,-0.010684955963028146,-0.6865507261215884,0.8675377281525659,-0.07998424742150408,-0.2970103017489328,0.17973232272326098,0.1804795601583822,0.6545858730097838,-0.05004447972373888,0.41390077802624936,-0.3302313871382238,-0.7521169142437423,-0.5311054698873422,0.8849700030525481,0.873706649280914
-0.4979253414328992,-0.4343348258883602,1.5168617490448273,-0.7030746009502787,-0.010684955963028146,1.364365110213297,1.1657031642256428,-0.07998424742150408,-0.596032182960713,0.08884740169449892,0.1160410106268021,0.3543410179600624,0.04475066319150422,0.41390077802624936,-0.307600679775052,-0.6548843244786965,-0.5574593455103835,0.7413238774302338,0.7395862065015308
-0.4979253414328992,-0.4343348258883602,1.6613247725991833,2.319923796356162,-0.010684955963028146,-0.6865507261215884,-0.6874206446824462,-0.22987888521372726,-0.17740154926422066,-0.02026616127626471,0.053069155789464424,0.3309437433500895,0.11879197472853799,0.41390077802624936,-0.28207437176583405,-0.6390883443649292,-0.5735486250155817,0.890280863330838,0.8784057677523195
-0.4979253414328992,-0.32408989398771926,-1.6613247691510074,-0.7030746009502787,-0.010684955963028146,1.2818881303712744,1.3110173444977242,-0.22987888521372726,0.0020115794628475024,0.005114134606966966,-0.002334053467242569,0.2043317308625881,0.09229552305406051,0.41390077802624936,-0.2556717191628902,-0.5787209211603613,-0.5442730186830562,0.7746197917251185,0.7724976377957302
-0.4979253414328992,-0.32408989398771926,-1.5168617455966513,2.244337925105473,-0.010684955963028146,-0.6865507261215884,-0.6874206446824462,-0.07998424742150408,0.0020115794628475024,-0.0035931364802982728,-0.0273075224712485,0.24223833280880783,0.15536018655703432,0.41390077802624936,-0.23849382260512436,-0.5653935780068199,-0.5394881142089781,0.8255473954686293,0.8021209756083699
-0.4979253414328992,-0.32408989398771926,-1.372398722042295,-0.7030746009502787,-0.010684955963028146,1.1860554913390018,1.2063645262448994,-0.07998424742150408,-0.17740154926422066,0.03005697447056959,-0.04572678653229241,0.21665450547029913,0.14844332776175595,0.41390077802624936,-0.2305064574136837,-0.5470714902489596,-0.5270465765192379,0.7420302666032016,0.7351091597031719
-0.4979253414328992,-0.32408989398771926,-1.227935698487939,2.2157001048923095,-0.010684955963028146,-0.6865507261215884,-0.6874206446824462,-0.07998424742150408,0.36083783691698385,0.02953581984030897,-0.06762562372706807,0.2177660169217648,0.16460680614418113,0.41390077802624936,-0.20812424050049305,-0.5189221324203204,-0.5036709840497252,0.7658513990979208,0.7589498330194216
-0.4979253414328992,-0.32408989398771926,-1.083472674933583,-0.7030746009502787,-0.010684955963028146,1.2181160187902496,1.2293812598579894,-0.07998424742150408,0.36083783691698385,0.0522632621037573,-0.0864999249465724,0.17975166218755811,0.1386726544023551,0.41390077802624936,-0.18329785127570314,-0.47183022031856076,-0.4599522328670198,0.7488356881978341,0.7419203128235792
-0.4979253414328992,-0.32408989398771926,-0.9390096513792268,2.3019652718912287,-0.010684955963028146,-0.6865507261215884,-0.6874206446824462,-0.020026449484881293,0.36083783691698385,0.0502381480637107,-0.0986850407816142,0.19298536228755908,0.16014421159908626,0.41390077802624936,-0.1625299787213619,-0.44510483422679614,-0.43592989005287724,0.8146231677929392,0.8077613914293984
-0.4979253414328992,-0.32408989398771926,-0.7945466278248707,-0.7030746009502787,-0.010684955963028146,1.2279006572985414,1.2338197680266938,-0.07998424742150408,0.36083783691698385,0.07001586819779183,-0.1171321358615242,0.1602310013423168,0.13425644349859328,0.41390077802624936,-0.13619649853271928,-0.4061859039824619,-0.3988596538072533,0.7482324713875339,0.7413165234821163
-0.4979253414328992,-0.32408989398771926,-0.6500836042705146,2.299646303266628,-0.010684955963028146,-0.6865507261215884,-0.6874206446824462,-0.07998424742150408,0.7196640943711202,0.06874600333961603,-0.12668443731183476,0.1841405161290278,0.16237225387925944,0.41390077802624936,-0.12554081348507945,-0.40423125011946304,-0.3985585502538284,0.809495285677011,0.802629386701317
-0.4979253414328992,-0.32408989398771926,-0.5056205807161585,-0.7030746009502787,-0.010684955963028146,1.2389045054456413,1.2418006316166839,-0.020026449484881293,0.7196640943711202,0.1117003918738946,-0.10300024025680003,0.18333900115992466,0.1651194674431253,0.41390077802624936,-0.1302951516192484,-0.3830145917292444,-0.37843614258669267,0.7541999320853787,0.7472887164294197
-0.4979253414328992,-0.32408989398771926,-0.3611575571618023,2.3097513662680567,-0.010684955963028146,-0.6865507261215884,-0.6874206446824462,0.06991039037071911,0.7196640943711202,0.16653475195469128,-0.0289272877692544,0.27562760633557337,0.25051337863344475,0.41390077802624936,-0.16051747119726625,-0.3825409465459769,-0.3760853950477713,0.8121729140509807,0.805309188005647
-0.4979253414328992,-0.32408989398771926,-0.2166945336074462,-0.7030746009502787,-0.010684955963028146,1.2406462932721194,1.242606416019825,0.2198050281629423,0.7196640943711202,0.26506959521609946,0.07049485247698925,0.36038760710133183,0.32738653353607483,0.41390077802624936,-0.21478793008446867,-0.3952788356664959,-0.38667052779826666,0.7512652715187007,0.7443518441376737
-0.4979253414328992,-0.32408989398771926,-0.07223151005309006,2.2575850535298816,-0.010684955963028146,-0.6865507261215884,-0.6874206446824462,0.5945416226435003,0.4206422131593399,0.3952222425389778,0.2215978032066016,0.5186971743442033,0.4804029113014098,0.41390077802624936,-0.28208256640724955,-0.3998005856990629,-0.3904084478353088,0.8012231628988118,0.7916064447440884
-0.4979253414328992,-0.32408989398771926,0.07223151350126605,-0.7030746009502787,-0.010684955963028146,1.190072941905863,1.192801953093898,0.9692782171240583,0.06181595570520356,0.6537875215371516,0.46116651783035323,0.7825804366539181,0.7361086022376343,0.41390077802624936,-0.3933291619619535,-0.43334459734353437,-0.4231662872860509,0.7335199846254649,0.729396493835521
-0.4979253414328992,-0.32408989398771926,0.2166945370556222,0.9939422668388047,-0.010684955963028146,-0.6865507261215884,-0.6874206446824462,0.9692782171240583,0.06181595570520356,1.2155078604520713,0.6484358775764375,0.9424441306466017,0.9457504548415857,-0.30385924308966017,-0.4788045743404358,-0.44382269580029565,-0.4521021422559012,-0.09444271935149176,-0.13596288433471687
-0.4979253414328992,-0.32408989398771926,0.3611575606099783,-0.7030746009502787,-0.010684955963028146,-0.6865507261215884,-0.6874206446824462,0.9542886961645695,0.18142470818991568,1.371825478132852,0.7897374392368879,1.0062785399852885,1.1962359517576089,-0.05204847450536245,-0.5342109551391427,-0.4234101932432069,-0.4961078042937192,-1.2676136780735823,-1.2761757670616813
-0.4979253414328992,-0.32408989398771926,0.5056205841643344,1.5139606339660678,-0.010684955963028146,-0.6865507261215884,-0.6874206446824462,0.9692782171240583,-0.23720592550657674,1.3713396338539516,0.8507680805083164,0.950800773788792,1.3436154964788387,0.41390077802624936,-0.5540424694023329,-0.3776277452515978,-0.5199583062836809,0.275786810511238,0.2755739952501379
-0.4979253414328992,-0.32408989398771926,0.6500836077186906,-0.7030746009502787,-0.010684955963028146,1.6483016297653197,-0.6874206446824462,0.819383579331835,0.36083783691698385,1.2775174147083381,0.8153357146144373,0.7766532044470343,1.366598183885315,0.41390077802624936,-0.4866374464393082,-0.23926197738454355,-0.45624684686149347,0.05741118112944868,0.06781622308335515
-0.4979253414328992,-0.32408989398771926,0.7945466312730467,2.2535933744765337,-0.010684955963028146,-0.6865507261215884,-0.6874206446824462,0.7594257813952123,0.36083783691698385,0.9400478861188364,0.7058248300292395,0.6940979914970095,1.0335880515568723,0.41390077802624936,-0.3882159467375596,-0.15486508533784357,-0.2872511128192283,0.7846945549653264,0.7771832477598352
-0.4979253414328992,-0.32408989398771926,0.9390096548274028,-0.7030746009502787,-0.010684955963028146,0.9635940823669554,1.3975881264557612,0.6694889415396119,0.7196640943711202,0.7955141173614263,0.5560654217353871,0.5940727361438956,0.4017305593639138,0.41390077802624936,-0.2726943995714923,-0.07819247007339478,-0.0025853242303763555,0.7891757225152651,0.7822978551679083
-0.4979253414328992,-0.32408989398771926,1.083472678381759,1.8471428362371218,-0.010684955963028146,-0.6865507261215884,-0.6874206446824462,0.6694889415396119,0.7196640943711202,0.6091225426480904,0.4508224238933027,0.5705030570731435,0.2934044131489191,0.41390077802624936,-0.14953014419116467,0.014373066420627394,0.12944214264490836,0.4922093547140279,0.4797953016079491
-0.4979253414328992,-0.32408989398771926,1.227935701936115,-0.7030746009502787,-0.010684955963028146,1.1582163831227412,1.3051699687394156,0.7294467394762346,0.7794684706134762,0.5502601869306495,0.3928928538990272,0.513981746568373,0.2644219610486092,0.41390077802624936,-0.05056996732578093,0.12383042969098569,0.23184791969805296,0.7626726478195658,0.755768579550148
-0.4979253414328992,-0.32408989398771926,1.3723987254904713,2.273853667458831,-0.010684955963028146,-0.6865507261215884,-0.6874206446824462,0.819383579331835,0.7196640943711202,0.4939205596492758,0.3500692651697887,0.5115606243090656,0.30506135458919703,0.41390077802624936,0.07512980651604198,0.25435546131451836,0.34746971907037816,0.7841867815776332,0.77730011681542
-0.4979253414328992,-0.32408989398771926,1.5168617490448273,-0.7030746009502787,-0.010684955963028146,1.215082638597608,1.2850368638899032,0.819383579331835,0.7196640943711202,0.4794962811186371,0.3170199302663178,0.4764837763489039,0.3095499890732859,0.41390077802624936,0.19578264532139034,0.39512870865934363,0.4741965406498374,0.7530797750049881,0.7461677149978292
-0.4979253414328992,-0.32408989398771926,1.6613247725991833,1.9351878559994486,-0.010684955963028146,-0.6865507261215884,-0.6874206446824462,0.5345838247068775,0.8392728468558323,0.42915418240533165,0.27059361614486516,0.47383554436722386,0.3407352572628685,0.41390077802624936,0.30634185507265466,0.4833177983592554,0.5482022916817211,0.5364702982984103,0.5293813477698226
-0.4979253414328992,-0.21384496208707834,-1.6613247691510074,-0.7030746009502787,-0.010684955963028146,1.2074778498553385,1.244031809302017,0.3696996659551655,1.0784903518252564,0.39884743861195754,0.22207580095562654,0.4275018455328224,0.3229817151056229,0.41390077802624936,0.4004134462959747,0.5588004451618963,0.6116060970743395,0.7468890737593504,0.7399720176570079
-0.4979253414328992,-0.21384496208707834,-1.5168617455966513,-0.3009466198687876,-0.010684955963028146,-0.6865507261215884,-0.6874206446824462,0.3696996659551655,1.0784903518252564,0.3154738139919831,0.17955000412825511,0.41328262185654047,0.3315464137903646,0.41390077802624936,0.4960887770480771,0.6122184698991465,0.6546826832457159,-1.087513400024177,-1.095928415400389
-0.4979253414328992,-0.21384496208707834,-1.372398722042295,-0.06757690864267338,-0.010684955963028146,-0.6865507261215884,-0.37925601407085696,0.3696996659551655,0.8392728468558323,0.1599441402628509,0.1411786826421179,0.30794100971766897,0.22949996161338912,0.41390077802624936,0.5799165844643177,0.6927836938606957,0.7359797692736245,-0.646851769414834,-0.6501524459539109
-0.4979253414328992,-0.21384496208707834,-1.227935698487939,-0.7030746009502787,-0.010684955963028146,-0.6865507261215884,-0.06836469647877844,0.3696996659551655,0.7196640943711202,0.06626708589505141,0.10813143506506194,0.1253613702821301,0.06651761094619843,0.41390077802624936,0.6343362340290549,0.792971144258534,0.8292655367405095,-0.9167901236960329,-0.9207153876321904
-0.4979253414328992,-0.21384496208707834,-1.083472674933583,0.17611344922062291,-0.010684955963028146,-0.6865507261215884,-0.2537537858692322,0.2198050281629423,1.0784903518252564,-0.0973159635257869,0.06812156234318421,-0.09597446038952583,-0.04632646468425337,0.41390077802624936,0.6754203097844254,0.9134119142626743,0.8941689644717228,-0.37612690561108714,-0.39358434342326953
-0.4979253414328992,-0.21384496208707834,-0.9390096513792268,-0.7030746009502787,-0.010684955963028146,0.6741339866827666,0.35623625105516904,0.24978407008191994,0.9588815993405444,-0.15907442195015908,0.029804511343835858,-0.3652445332309898,-0.13659879569547798,0.41390077802624936,0.7048704049184669,1.0604965270486393,0.9434495065991994,0.19759339353373542,0.2080577594018771
-0.4979253414328992,-0.21384496208707834,-0.7945466278248707,1.1579053349228252,-0.010684955963028146,0.563617590932452,-0.6874206446824462,0.2198050281629423,1.0784903518252564,-0.21928968724101175,0.0017452781230532207,-0.35293170503447757,-0.16157109719071353,0.41390077802624936,0.7251613011386542,1.0532135817443868,0.9568744891073775,0.8853613031109581,0.8785574314479209
-0.4979253414328992,-0.21384496208707834,-0.6500836042705146,-0.7030746009502787,-0.010684955963028146,0.9876494148905051,1.3201165163481485,0.2198050281629423,1.0784903518252564,-0.24057855963423003,-0.007864076915932819,-0.23741574310683541,-0.18732622435195587,0.41390077802624936,0.7360804198059151,0.9930064258431315,0.9748210469486399,0.7806451296020207,0.7737557710438564
-0.4979253414328992,-0.21384496208707834,-0.5056205807161585,1.7922026478714976,-0.010684955963028146,-0.6865507261215884,-0.6874206446824462,0.5195943037473887,0.8392728468558323,0.11909725658845936,0.10425666146343184,0.4118163550723177,-0.03611148486576758,0.41390077802624936,0.647551298405841,0.6547220527232553,0.8915037940778834,0.5662259985600193,0.5225939368743678
-0.4979253414328992,-0.21384496208707834,-0.3611575571618023,-0.7030746009502787,-0.010684955963028146,-0.6865507261215884,1.1291357810625327,0.819383579331835,0.7196640943711202,0.5375693850936382,0.2830403435572481,1.1481251389589493,0.24948154605080794,-0.021158155981506468,0.5104631421662883,0.3104427282292666,0.7395947587083619,-0.23930687200449724,-0.21931549123778363
-0.4979253414328992,-0.21384496208707834,-0.2166945336074462,-0.7030746009502787,-0.010684955963028146,-0.6865507261215884,-0.6874206446824462,0.9692782171240583,0.06181595570520356,1.228921870596571,0.44679875434073907,1.6671827517062314,0.40015595680287097,-1.1749634306961436,0.42152428869544023,0.11703392492980506,0.6939364115393812,-1.2676136780735823,-1.2761757670616813
-0.4979253414328992,-0.21384496208707834,-0.07223151005309006,-0.7030746009502787,-0.010684955963028146,-0.6865507261215884,-0.6874206446824462,1.029236015060681,0.06181595570520356,1.6083845614888792,0.5686499126911572,1.5828090032420263,0.46895917186164515,-1.4153470987536347,0.3537738856986396,0.1714005412566211,0.6815295913732049,-1.2676136780735823,-1.2761757670616813
-0.4979253414328992,-0.21384496208707834,0.07223151350126605,-0.7030746009502787,-0.010684955963028146,-0.6865507261215884,-0.6874206446824462,0.9692782171240583,0.06181595570520356,1.9556566359532077,0.6749157004765701,1.3083386150787906,0.47305476601654345,-1.6472672830009933,0.31010319548235965,0.3148989833692755,0.7086476892130606,-1.2676136780735823,-1.2761757670616813
-0.4979253414328992,-0.21384496208707834,0.2166945370556222,-0.7030746009502787,-0.010684955963028146,-0.6865507261215884,-0.6874206446824462,0.9692782171240583,0.06181595570520356,2.1996426632119954,0.7613818056651815,1.0739257402835147,0.6451144766674201,-1.6067559816428891,0.2753053737681224,0.4422655129556712,0.6451183330276798,-1.2676136780735823,-1.2761757670616813
-0.4979253414328992,-0.21384496208707834,0.3611575606099783,-0.7030746009502787,-0.010684955963028146,-0.6865507261215884,-0.6874206446824462,0.9692782171240583,0.06181595570520356,2.3018602453411927,0.8142141245541343,0.8313543217024247,1.064395740631042,-0.829827265442136,0.2813245789066571,0.5922464313380359,0.4764551448243315,-1.2676136780735823,-1.2761757670616813
-0.4979253414328992,-0.21384496208707834,0.5056205841643344,-0.7030746009502787,-0.010684955963028146,-0.6865507261215884,-0.6874206446824462,0.9692782171240583,0.06181595570520356,2.221202248298975,0.8532617397987172,0.6644228736853951,1.5095094378247949,0.04187080999362185,0.28377140242577314,0.6984789301966785,0.2941800671934926,-1.2676136780735823,-1.2761757670616813
-0.4979253414328992,-0.21384496208707834,0.6500836077186906,0.229630776631888,-0.010684955963028146,0.5099258201288431,-0.6874206446824462,0.819383579331835,0.36083783691698385,1.724995689065124,0.8487071935612831,0.44428558556319436,1.6912576332776226,0.41390077802624936,0.310787207021687,0.8288848999128788,0.23013649863079808,0.1615345629100278,0.11949619021398658
-0.4979253414328992,-0.21384496208707834,0.7945466312730467,-0.7030746009502787,-0.010684955963028146,1.2369708824718078,-0.6874206446824462,0.7744153023547011,0.4206422131593399,1.3405522769448417,0.7590293887955261,0.3060379297082989,1.205504542543282,0.41390077802624936,0.4003131824480677,0.9191537777572663,0.4661296292783482,-0.17069365597472902,-0.14360603870022465
-0.4979253414328992,-0.21384496208707834,0.9390096548274028,1.1348267327027177,-0.010684955963028146,0.48199905768494683,-0.6874206446824462,0.6694889415396119,0.36083783691698385,0.7015042302372873,0.6203376809292424,0.30078622459533344,0.6923916134071944,0.41390077802624936,0.5075087329171429,0.9162004352180099,0.7133524595289756,0.7324258902499293,0.7218607935053583
-0.4979253414328992,-0.21384496208707834,1.083472678381759,-0.7030746009502787,-0.010684955963028146,1.289363215960479,-0.6874206446824462,0.6694889415396119,0.36083783691698385,0.5705074039587421,0.512207214879802,0.5104673479447976,0.27667619358956175,0.41390077802624936,0.6203383403782253,0.8148000280848168,0.9421376645767361,-0.20773558979984816,-0.1869120616878252
-0.4979253414328992,-0.21384496208707834,1.227935701936115,2.241709533718399,-0.010684955963028146,-0.6865507261215884,-0.6874206446824462,0.6994679834585895,0.5402509656440521,0.36176372293900877,0.43283732372656963,0.6274752715522596,-0.06546907483720961,0.41390077802624936,0.699613783469302,0.7680735427842502,1.1494536840621288,0.8287141039799134,0.7995826042819895
-0.4979253414328992,-0.21384496208707834,1.3723987254904713,-0.7030746009502787,-0.010684955963028146,-0.6865507261215884,2.336617515444389,0.6694889415396119,0.7196640943711202,0.3313222766941495,0.3669898288648942,0.5572527796211445,-0.3146127011469489,0.41390077802624936,0.7777829499692891,0.8224169539670142,1.3180494023611928,0.5251481200810024,0.5243668261203852
-0.4979253414328992,-0.21384496208707834,1.5168617490448273,-0.7030746009502787,-0.010684955963028146,-0.6865507261215884,-0.6874206446824462,0.6694889415396119,0.7196640943711202,0.2608820491029389,0.3167430116286003,0.38149886487078094,-0.2724377649538093,0.41390077802624936,0.8493896548086682,0.9360583998934068,1.3161510743746254,-1.2676136780735823,-1.2761757670616813
-0.4979253414328992,-0.21384496208707834,1.6613247725991833,1.1038115351674627,-0.010684955963028146,-0.6865507261215884,0.7678765058051811,0.4596365058107659,0.8392728468558323,0.12829102585002058,0.2652201421772966,0.13850140834334237,-0.08526349721310914,0.41390077802624936,0.8986283628479013,1.0733651890837692,1.2093311497971602,0.8651368238862351,0.8564110524261218
-0.4979253414328992,-0.10360003018643743,-1.6613247691510074,-0.7030746009502787,-0.010684955963028146,1.3424028100226701,0.7992630843420203,0.3696996659551655,1.0784903518252564,0.08461277511285807,0.20763150216413062,-0.10551306872917326,0.05121182305438776,0.41390077802624936,0.9453619208026491,1.2110558390682633,1.1291489548089817,0.7836119641284853,0.7794086720004202
-0.4979253414328992,-0.10360003018643743,-1.5168617455966513,0.6426665371777895,-0.010684955963028146,-0.6865507261215884,-0.6874206446824462,0.2198050281629423,1.0784903518252564,0.022512329396608466,0.16077380725025373,-0.08698539126861198,0.11074644732748892,0.41390077802624936,0.9772352196070209,1.1946799472237006,1.089389311407785,-0.37394410914377907,-0.3817763729849627
-0.4979253414328992,-0.10360003018643743,-1.372398722042295,-0.7030746009502787,-0.010684955963028146,0.1240100395807447,-0.0029250456909667238,0.1898261291946309,1.0784903518252564,-0.03633302504054784,0.11590672596077325,-0.1085906541276014,0.07856189647901195,0.41390077802624936,1.0132482584394007,1.2059828042115819,1.1066969794757906,-0.36361644779508123,-0.3714403181565305
-0.4979253414328992,-0.10360003018643743,-1.227935698487939,0.20603841079198248,-0.010684955963028146,-0.6865507261215884,-0.2833093072080457,0.2198050281629423,0.7196640943711202,-0.10848972804510115,0.07782415129537162,-0.16547583750872794,0.002019937050461657,0.41390077802624936,1.0434117694143192,1.2207412758286682,1.132987970527848,-0.39199774479686883,-0.3998448201968274
-0.4979253414328992,-0.10360003018643743,-1.083472674933583,-0.7030746009502787,-0.010684955963028146,0.2771123213538469,0.07610259434467445,0.2198050281629423,1.0784903518252564,-0.17084257738403658,0.04736101382003126,-0.2473638120408334,-0.07293195860326818,0.41390077802624936,1.0683239613551065,1.2569894458019681,1.1652853115056583,-0.2114870016138457,-0.21918664873254604
-0.4979253414328992,-0.10360003018643743,-0.9390096513792268,0.2473491266827536,-0.010684955963028146,-0.08302291783596615,-0.13704871725634038,0.009952592434096328,0.9588815993405444,-0.2468396080467086,0.008341925369786016,-0.29764789385635754,-0.1390050488081413,0.41390077802624936,1.1014597169751925,1.2825367913097088,1.2001093894814618,0.1395428525533407,0.1321299193296263
-0.4979253414328992,-0.10360003018643743,-0.7945466278248707,-0.7030746009502787,-0.010684955963028146,0.6463432033509542,0.597550062243539,0.2198050281629423,1.0784903518252564,-0.3042169673208347,-0.01734610504360654,-0.3054135543998192,-0.17641142117300662,0.41390077802624936,1.1235992278911657,1.2866764155121853,1.2217814214550926,0.33318155991464216,0.32592654686413974
-0.4979253414328992,-0.10360003018643743,-0.6500836042705146,2.018139314838591,-0.010684955963028146,-0.6865507261215884,-0.6874206446824462,0.2198050281629423,1.0784903518252564,-0.33465645187950727,-0.024093735567687822,-0.26770090747197606,-0.17560255556800586,0.41390077802624936,1.1337475682276414,1.2552080714725915,1.2120937039363424,0.7359803039637811,0.729054482991594
-0.4979253414328992,-0.10360003018643743,-0.5056205807161585,-0.7030746009502787,-0.010684955963028146,1.11990437289241,1.0968931088938512,0.5195943037473887,0.8392728468558323,-0.09216326780878105,0.10918344757819978,0.48984014885369004,-0.05501322558302942,0.41390077802624936,1.0472420412194603,0.8474949917015904,1.1525677804210455,0.8069028553864984,0.8050115914963293
-0.4979253414328992,-0.10360003018643743,-0.3611575571618023,-0.7030746009502787,-0.010684955963028146,-0.6865507261215884,-0.6874206446824462,0.9692782171240583,0.06181595570520356,0.46108585625667015,0.28027254873101637,1.1574930005730173,0.10321195372919688,-0.44562259690937983,0.9483741745794333,0.5488100884712378,1.0983368251222494,-1.2676136780735823,-1.2761757670616813
-0.4979253414328992,-0.10360003018643743,-0.2166945336074462,-0.7030746009502787,-0.010684955963028146,-0.6865507261215884,-0.6874206446824462,1.1191728549162814,-0.23720592550657674,0.84836848218447,0.4471501209539233,1.4174747830900036,0.20148261475204396,-0.8874250689942514,0.8363317347319672,0.4422368860489902,1.059299480890545,-1.2676136780735823,-1.2761757670616813
-0.4979253414328992,-0.10360003018643743,-0.07223151005309006,-0.7030746009502787,-0.010684955963028146,-0.6865507261215884,-0.6874206446824462,1.2690674927085046,-0.35681467799128885,1.2272727464089708,0.6147492123409334,1.4166923320756981,0.249652433150456,-1.212224651796394,0.7319941859659729,0.46813469429306775,1.0621161856325183,-1.2676136780735823,-1.2761757670616813
-0.4979253414328992,-0.10360003018643743,0.07223151350126605,-0.7030746009502787,-0.010684955963028146,-0.6865507261215884,-0.6874206446824462,1.4939094493968395,-0.6558365592030692,1.5281463652906109,0.7919520925631562,1.2532379836402485,0.3823902084242219,-1.3853965203831602,0.6317129847006409,0.5784291777133401,1.0262208864579456,-1.2676136780735823,-1.2761757670616813
-0.4979253414328992,-0.10360003018643743,0.2166945370556222,-0.7030746009502787,-0.010684955963028146,-0.6865507261215884,-0.6874206446824462,1.7187514060851743,-1.0146628166572054,1.6482205228817364,0.9511865712299657,1.1315104879189568,0.5910702107815828,-0.7758836187689689,0.5784135908211727,0.6947259861049006,0.973752882638738,-1.2676136780735823,-1.2761757670616813
-0.4979253414328992,-0.10360003018643743,0.3611575606099783,-0.7030746009502787,-0.010684955963028146,-0.6865507261215884,-0.6874206446824462,1.6587936081485515,-0.7156409354454252,1.5769511559289568,1.0510449626969351,1.0094414987465063,0.7878825109424331,0.07646768726371501,0.5404357661999992,0.796043765575628,0.9090769747789307,-1.2676136780735823,-1.2761757670616813
-0.4979253414328992,-0.10360003018643743,0.5056205841643344,-0.7030746009502787,-0.010684955963028146,-0.6865507261215884,-0.6874206446824462,1.8686460438773973,-0.9548584404148494,1.5166489225504949,1.091077100233906,0.8557951406206715,1.0872563658234837,0.41390077802624936,0.5915573136138712,0.9620776556203734,0.8362937609447454,-1.2676136780735823,-1.2761757670616813
-0.4979253414328992,-0.10360003018643743,0.6500836077186906,-0.7030746009502787,-0.010684955963028146,-0.6865507261215884,-0.6874206446824462,1.7187514060851743,-0.7156409354454252,1.3406163586936064,1.0440983403879616,0.686339790761947,1.3471479769529922,0.41390077802624936,0.6841837557216849,1.1118475590012182,0.7560338336396565,-1.2676136780735823,-1.2761757670616813
-0.4979253414328992,-0.10360003018643743,0.7945466312730467,-0.7030746009502787,-0.010684955963028146,-0.6865507261215884,-0.6874206446824462,1.5088989703563283,-0.1175971730218646,1.0022307226549265,0.9120749446419908,0.38539205598751053,1.088883862010608,0.41390077802624936,0.8221337954230539,1.3250538201051374,0.9294341078412308,-1.2676136780735823,-1.2761757670616813
-0.4979253414328992,-0.10360003018643743,0.9390096548274028,0.4160243970623253,-0.010684955963028146,-0.6865507261215884,-0.6874206446824462,1.1191728549162814,0.7196640943711202,0.3988415535533975,0.7520083185110855,0.051021892982312564,0.4684513930512623,0.41390077802624936,0.9957994566771937,1.5775878123556157,1.328671654476505,-0.45161977700862677,-0.510715433348594
-0.4979253414328992,-0.10360003018643743,1.083472678381759,-0.7030746009502787,-0.010684955963028146,0.9130107940655853,0.8850289186408447,0.9692782171240583,0.36083783691698385,0.2465467003460963,0.580045323365874,-0.31284932563852075,-0.14354332192593744,0.41390077802624936,1.147223897054262,1.792047151238344,1.6950031025509749,0.7613508193264347,0.7778023876777759
-0.4979253414328992,-0.10360003018643743,1.227935701936115,1.8256170811984571,-0.010684955963028146,-0.6865507261215884,-0.6874206446824462,0.9392991752050807,0.36083783691698385,0.0333342981931119,0.46028497030777016,-0.37536003342016755,-0.2632293915270599,0.41390077802624936,1.2747248048754345,1.8346318436313822,1.7758202570267239,0.5953010128679315,0.5904813496618635
-0.4979253414328992,-0.10360003018643743,1.3723987254904713,-0.7030746009502787,-0.010684955963028146,1.2057921272627659,1.1834260281891238,0.5195943037473887,1.0784903518252564,-0.012085929877820121,0.3437279675211522,-0.40031226364755257,-0.33562693191509807,0.41390077802624936,1.391876844664317,1.8251411565846103,1.7987032536901983,0.8530751838221123,0.8488831297213746
-0.4979253414328992,-0.10360003018643743,1.5168617490448273,1.2220683641228742,-0.010684955963028146,0.5876603715379631,-0.6874206446824462,0.5195943037473887,1.0784903518252564,-0.07896438924942022,0.26826624719218917,-0.20263231427703832,-0.25062850229824984,0.41390077802624936,1.483488115312072,1.6680384276833264,1.7138951124490391,0.8508587754526808,0.8438688127462902
-0.4979253414328992,-0.10360003018643743,1.6613247725991833,-0.7030746009502787,-0.010684955963028146,0.9301601658836599,1.3631575781000465,0.5195943037473887,0.9588815993405444,-0.0884354101586985,0.20907384471686524,-0.024438213312569568,-0.22303755943793124,0.41390077802624936,1.5603586721665708,1.5222055914531396,1.6616026613904942,0.7653898196077983,0.7615141979886381
-0.4979253414328992,0.00664490171420348,-1.6613247691510074,2.1265639533271687,-0.010684955963028146,-0.6865507261215884,-0.6874206446824462,0.5195943037473887,1.0784903518252564,-0.09631354188439478,0.1779810304396798,0.07457002149546724,-0.1336953424976482,0.41390077802624936,1.601070132756402,1.44867434545592,1.5903618663390453,0.7470742088352172,0.7401572479465076
-0.4979253414328992,0.00664490171420348,-1.5168617455966513,-0.7030746009502787,-0.010684955963028146,-0.6865507261215884,0.03957453814620346,0.5195943037473887,1.0784903518252564,-0.06487228957972563,0.14842031375107212,0.045127815479424745,-0.12572630741739396,0.41390077802624936,1.6495530056344896,1.449114592581393,1.5671980725981927,-0.8789861703037898,-0.887230893733778
-0.4979253414328992,0.00664490171420348,-1.372398722042295,-0.579530407519637,-0.010684955963028146,-0.6865507261215884,-0.6874206446824462,0.6095311436029891,0.7794684706134762,-0.07880876214527714,0.12571368123370846,-0.07253822900235762,-0.1533139952853383,0.41390077802624936,1.6872324489005937,1.5043007625472054,1.5674902238342205,-1.2676136780735823,-1.2761757670616813
-0.4979253414328992,0.00664490171420348,-1.227935698487939,-0.3768719916736405,-0.010684955963028146,-0.6865507261215884,-0.5202764428738637,0.5195943037473887,1.0784903518252564,-0.1803194833518749,0.09400649721505429,-0.2712368566531488,-0.30068947126610035,0.41390077802624936,1.7314743538273054,1.6131472016045305,1.647126545810389,-0.937794417024298,-0.9459530145765145
-0.4979253414328992,0.00664490171420348,-1.083472674933583,-0.7030746009502787,-0.010684955963028146,-0.6865507261215884,0.4298121906176889,0.5195943037473887,0.7196640943711202,-0.24307970952224364,0.058798866798518805,-0.4612845931637853,-0.43282181795825597,0.41390077802624936,1.7645517828820223,1.6991593451736553,1.6978564899593553,-0.6029039827099943,-0.5871957918368717
-0.4979253414328992,0.00664490171420348,-0.9390096513792268,0.10691688030493304,-0.010684955963028146,-0.6865507261215884,-0.40872480167183234,0.5195943037473887,1.0784903518252564,-0.3558766652561918,0.03406961498506274,-0.6412947430396346,-0.4334215503032113,0.41390077802624936,1.7908474231088347,1.800570162091096,1.6813680681077752,-0.5081223730634239,-0.5304846732656184
-0.4979253414328992,0.00664490171420348,-0.7945466278248707,-0.7030746009502787,-0.010684955963028146,0.9261048503640491,0.5320194155535034,0.3696996659551655,1.0784903518252564,-0.4053327357085147,-0.007185000055600447,-0.8272072590943708,-0.4717043293648431,0.41390077802624936,1.8263128670795683,1.887558656674447,1.6695702238737975,0.506776429557285,0.525377098726982
-0.4979253414328992,0.00664490171420348,-0.6500836042705146,1.0462594388508664,-0.010684955963028146,0.4403208322353195,-0.6874206446824462,0.3696996659551655,1.0784903518252564,-0.4378352602401763,-0.02625690150905395,-0.7471601995016428,-0.44790138388005635,0.41390077802624936,1.8355540124075773,1.8048837164387104,1.626298651862531,0.7549951141976458,0.7480846949883855
-0.4979253414328992,0.00664490171420348,-0.5056205807161585,-0.7030746009502787,-0.010684955963028146,0.9819856756735753,1.236473083023953,0.3996787078741431,0.9588815993405444,-0.3173386862235195,0.04660957631064708,-0.14783090404205998,-0.35636774332381044,0.41390077802624936,1.746260379167212,1.3694211880505833,1.511471425246488,0.8057636455701448,0.8037880482138666
-0.4979253414328992,0.00664490171420348,-0.3611575571618023,1.0372145116256688,-0.010684955963028146,-0.6865507261215884,-0.6874206446824462,0.5195943037473887,0.7196640943711202,0.09987142416823012,0.19351421784431114,0.286969001705003,-0.15601157021549686,-0.08471230511546388,1.603662049632345,1.108808335741919,1.3770552180706461,0.024976144937344964,-0.02899341552044773
-0.4979253414328992,0.00664490171420348,-0.2166945336074462,-0.7030746009502787,-0.010684955963028146,-0.6865507261215884,0.12063923127576692,0.6694889415396119,0.36083783691698385,0.3625673603801509,0.402038822473893,0.5477431816474936,0.156769598255084,0.03607982141522491,1.4080313751206086,0.9485718280410861,1.1711811767337799,-0.8004068904873385,-0.7953962234606878
-0.4979253414328992,0.00664490171420348,-0.07223151005309006,-0.7030746009502787,-0.010684955963028146,-0.6865507261215884,-0.6874206446824462,0.8343731002913238,0.12162033194755961,0.6978051439846094,0.6134140192108332,0.6944452870213675,0.284959335433931,-0.047991405491259305,1.2200482292004355,0.8650788522598892,1.0909784569203496,-1.2676136780735823,-1.2761757670616813
-0.4979253414328992,0.00664490171420348,0.07223151350126605,-0.7030746009502787,-0.010684955963028146,-0.6865507261215884,-0.6874206446824462,0.9692782171240583,-0.23720592550657674,0.8721264635913195,0.7821500077185226,0.6559982634000131,0.4035769537882063,-0.06199085545898263,1.0691665633077099,0.8706207611487246,1.008942477183384,-1.2676136780735823,-1.2761757670616813
-0.4979253414328992,0.00664490171420348,0.2166945370556222,-0.7030746009502787,-0.010684955963028146,-0.6865507261215884,-0.6874206446824462,1.1191728549162814,-0.23720592550657674,0.9783511167045029,0.901393399601189,0.6008512153758765,0.5275929769951729,0.3366068592891338,0.9789146390594639,0.9160069867274079,0.9572683910728442,-1.2676136780735823,-1.2761757670616813
-0.4979253414328992,0.00664490171420348,0.3611575606099783,-0.7030746009502787,-0.010684955963028146,-0.6865507261215884,-0.6874206446824462,1.1041833339567926,-0.17740154926422066,0.9874474555521259,0.9570992711880646,0.505597750795386,0.6407324431835878,0.41390077802624936,0.9582183491080755,1.004271547363115,0.9327600029288076,-1.2676136780735823,-1.2761757670616813
-0.4979253414328992,0.00664490171420348,0.5056205841643344,-0.7030746009502787,-0.010684955963028146,-0.6865507261215884,-0.6874206446824462,0.9692782171240583,0.06181595570520356,0.8312056897372297,0.9069081159895029,0.32488389232722176,0.5996438606953537,0.41390077802624936,1.0182522921178765,1.1282932831484422,0.9789517772051247,-1.2676136780735823,-1.2761757670616813
-0.4979253414328992,0.00664490171420348,0.6500836077186906,1.0447279126356852,-0.010684955963028146,-0.6865507261215884,-0.6874206446824462,0.9692782171240583,0.36083783691698385,0.4582276794826812,0.8010444864267049,0.09469575568863543,0.33124858198812085,0.41390077802624936,1.131781818363387,1.2963926478843228,1.1653874989335067,0.03127226533055152,0.007960129571904282
-0.4979253414328992,0.00664490171420348,0.7945466312730467,-0.7030746009502787,-0.010684955963028146,0.9044384616411801,0.8596873966154212,0.9093204191874354,0.5402509656440521,0.28498463338324803,0.6255796533326687,-0.23235384867424705,-0.09332367207984234,0.41390077802624936,1.3029341348916263,1.524049424488002,1.4501004509505964,0.7354633636936907,0.7462176555399705
-0.4979253414328992,0.00664490171420348,0.9390096548274028,1.3245333446217973,-0.010684955963028146,-0.6865507261215884,-0.6874206446824462,0.819383579331835,0.7196640943711202,0.08893698536369053,0.4836720712364095,-0.31687679330643415,-0.183727830282224,0.41390077802624936,1.4499821547150986,1.6063691308362884,1.5359675858350557,0.22060730114911664,0.20759867482801228
-0.4979253414328992,0.00664490171420348,1.083472678381759,-0.7030746009502787,-0.010684955963028146,1.0988748894106788,1.0710801862577115,0.6694889415396119,0.7196640943711202,0.02245609439259038,0.3707115318627608,-0.3442866159675222,-0.3185064857746438,0.41390077802624936,1.5702616552983122,1.6387921388395925,1.6378777101932949,0.8538464601430296,0.8505366938195706
-0.4979253414328992,0.00664490171420348,1.227935701936115,2.1725210273529765,-0.010684955963028146,-0.6865507261215884,-0.6874206446824462,0.5795521016840115,0.9588815993405444,-0.025421472574852808,0.2990932752392035,-0.2745672466695464,-0.24088224138165584,0.41390077802624936,1.6446328465210898,1.6005431215856947,1.5935729097448952,0.8216354733412832,0.8147794703207273
-0.4979253414328992,0.00664490171420348,1.3723987254904713,-0.7030746009502787,-0.010684955963028146,1.2277033829867028,1.2113950307430144,0.3696996659551655,1.0784903518252564,-0.03827378657456731,0.2274764101665895,-0.2413934787187548,-0.20868304306749474,0.41390077802624936,1.7108532617618475,1.5677202043708771,1.5609139824839293,0.8174774833315469,0.8106180313747534
-0.4979253414328992,0.00664490171420348,1.5168617490448273,1.2271406040797972,-0.010684955963028146,0.5227624575082003,-0.6874206446824462,0.3696996659551655,1.0784903518252564,-0.04897413082749674,0.17082567548921043,-0.13316574959703198,-0.1444001986684584,0.41390077802624936,1.7579382252220004,1.4798928546735708,1.4993617783480502,0.8265162091180687,0.8196640237559855
-0.4979253414328992,0.00664490171420348,1.6613247725991833,-0.7030746009502787,-0.010684955963028146,1.0083331976295922,1.421232418015223,0.33972062403618786,1.0784903518252564,-0.052213528617096626,0.11763990266065844,0.06747574370792445,-0.1028811434387299,0.41390077802624936,1.7998576723640194,1.3357247164409851,1.449886905428298,0.7434960690728077,0.7397837172522128
-0.4979253414328992,0.1168898336148444,-1.6613247691510074,2.0361245353032973,-0.010684955963028146,-0.6865507261215884,-0.6874206446824462,0.3696996659551655,1.0784903518252564,-0.08551772890371372,0.08518476000997834,0.17786515953018606,-0.010212324291964727,0.41390077802624936,1.8228354468930232,1.2516353467706007,1.3726375769590486,0.7126644284576656,0.6702185887928624
-0.4979253414328992,0.1168898336148444,-1.5168617455966513,-0.7030746009502787,-0.010684955963028146,-0.6865507261215884,-0.07294142428517116,0.2198050281629423,1.0784903518252564,-0.06086783417732158,0.05342260972906365,0.13667789962356272,-0.027173275806080817,0.41390077802624936,1.840888241931324,1.2508103713689755,1.35752955878024,-0.9470405884607564,-0.9553408898802028
-0.4979253414328992,0.1168898336148444,-1.372398722042295,-0.6809935811541653,-0.010684955963028146,-0.6865507261215884,-0.6874206446824462,0.2198050281629423,1.0784903518252564,-0.10867804991902218,0.016560425240939668,-0.034560344442546506,-0.13253086897576075,0.41390077802624936,1.8591675947028763,1.3183620637979485,1.3885312155767424,-1.2676136780735823,-1.2761757670616813
-0.4979253414328992,0.1168898336148444,-1.227935698487939,-0.08660990230653519,-0.010684955963028146,-0.6865507261215884,-0.28153208925216905,0.06991039037071911,1.0784903518252564,-0.23405399137734112,-0.027451547993880467,-0.253996410575232,-0.3256959501812655,0.41390077802624936,1.8756889558719432,1.402989706062138,1.4611126747456886,-0.5744550574826777,-0.5751981906104748
-0.4979253414328992,0.1168898336148444,-1.083472674933583,-0.7030746009502787,-0.010684955963028146,0.179162435246769,0.00107893089637083,0.2198050281629423,1.0784903518252564,-0.28837046630485497,-0.052300473188460685,-0.5081802642309189,-0.4236451807071555,0.41390077802624936,1.8916887522168013,1.5447596902486744,1.5078699734624486,-0.3117690103129793,-0.3104318057002977
-0.4979253414328992,0.1168898336148444,-0.9390096513792268,0.2764473185161682,-0.010684955963028146,0.0351808478173796,-0.005663237900472713,0.03993149140240772,1.0784903518252564,-0.35350040938872995,-0.08246233988457573,-0.5497579207770951,-0.45467502301086776,0.41390077802624936,1.91756019924093,1.5636569185862166,1.5203879333738701,0.3625468588318018,0.3553158395540802
-0.4979253414328992,0.1168898336148444,-0.7945466278248707,-0.7030746009502787,-0.010684955963028146,0.4680183129763788,0.4328847143231243,0.06991039037071911,1.0784903518252564,-0.4098524606826194,-0.11074074237892875,-0.5429595487227165,-0.46052505805548616,0.41390077802624936,1.9454277645063234,1.5586146793412679,1.5233797541780967,0.13031701452023892,0.12289644524101122
-0.4979253414328992,0.1168898336148444,-0.6500836042705146,0.5350484224675971,-0.010684955963028146,0.06573713249102812,0.04950417834565954,0.2198050281629423,0.7196640943711202,-0.454555365504623,-0.1209964728310795,-0.48868529828127444,-0.4237566641959735,0.41390077802624936,1.9406690880325814,1.499609419779604,1.4750686825199504,0.574072670149309,0.5670146163886147
-0.4979253414328992,0.1168898336148444,-0.5056205807161585,-0.7030746009502787,-0.010684955963028146,0.3094077788710489,0.29455755503996245,0.3696996659551655,1.0784903518252564,-0.39699883889211374,-0.03893532215349704,-0.26281058863256695,-0.27909747935152196,0.41390077802624936,1.8500826295994917,1.3503214026612227,1.3733441549857948,-0.09677766809231565,-0.09315217328146892
-0.4979253414328992,0.1168898336148444,-0.3611575571618023,0.7199149958774461,-0.010684955963028146,-0.6865507261215884,-0.058510677011860135,0.5195943037473887,0.7196640943711202,-0.09785019606395871,0.1235887829432832,0.021100601493527965,-0.04440357793916599,0.3106819088123891,1.686781261585012,1.1794387218621303,1.2267973393878535,0.16516869255217767,0.1406395625687216
-0.4979253414328992,0.1168898336148444,-0.2166945336074462,-0.7030746009502787,-0.010684955963028146,-0.6865507261215884,-0.09647636387247746,0.9692782171240583,0.6598597181287641,0.19504655288725556,0.35086871118671686,0.3032032025166414,0.22285896342182834,0.17433341461252583,1.5140753374519438,1.0970400746499662,1.1484462208311625,-0.9338248199285354,-0.9385008981352738
-0.4979253414328992,0.1168898336148444,-0.07223151005309006,-0.7030746009502787,-0.010684955963028146,-0.6865507261215884,-0.6874206446824462,1.2690674927085046,0.3010334606746278,0.6344282944562283,0.5812844994808862,0.533016691000073,0.3379847887066284,0.005632007548475466,1.3751028957245612,1.0861197772331854,1.2010430506812044,-1.2676136780735823,-1.2761757670616813
-0.4979253414328992,0.1168898336148444,0.07223151350126605,-0.7030746009502787,-0.010684955963028146,-0.6865507261215884,-0.6874206446824462,1.4189621305007278,-0.7754453116877812,0.8299737508119964,0.7855913132013135,0.5567504858556053,0.4188558879929294,0.08225168892647344,1.180006801055752,1.0471767743627785,1.1276663637083615,-1.2676136780735823,-1.2761757670616813
-0.4979253414328992,0.1168898336148444,0.2166945370556222,-0.7030746009502787,-0.010684955963028146,-0.6865507261215884,-0.6874206446824462,1.4189621305007278,-0.47642343047600094,0.9701153041974359,0.9285307303220327,0.5511440254098826,0.6132204338883448,0.25848033310509405,1.0742939986451483,1.0785457917110095,1.0461649028247562,-1.2676136780735823,-1.2761757670616813
-0.4979253414328992,0.1168898336148444,0.3611575606099783,-0.7030746009502787,-0.010684955963028146,-0.6865507261215884,-0.6874206446824462,1.2990465346274822,0.0020115794628475024,0.9970414087957693,0.9904790994405702,0.4848031204490986,0.7424892010392552,0.41390077802624936,1.058910246519642,1.1758282616922417,1.033231642725797,-1.2676136780735823,-1.2761757670616813
-0.4979253414328992,0.1168898336148444,0.5056205841643344,-0.7030746009502787,-0.010684955963028146,-0.6865507261215884,-0.6874206446824462,1.1191728549162814,0.36083783691698385,0.9385079624622946,0.9670989562666474,0.3500010672069868,0.8345680528181878,0.41390077802624936,1.1173722644908621,1.3116802835339971,1.0375925130441455,-1.2676136780735823,-1.2761757670616813
-0.4979253414328992,0.1168898336148444,0.6500836077186906,0.6020242067041608,-0.010684955963028146,-0.6865507261215884,-0.6874206446824462,1.1191728549162814,0.36083783691698385,0.7075043743869377,0.8934212042470002,0.16224929394807291,0.8345786315434041,0.41390077802624936,1.2040397561764316,1.4605384633111531,1.071627476993787,-0.3003181362564251,-0.3334516325236875
-0.4979253414328992,0.1168898336148444,0.7945466312730467,-0.7030746009502787,-0.010684955963028146,0.8586177894408913,-0.6874206446824462,1.0442255360201698,0.48044658940169593,0.48908042593134715,0.7474927357000639,-0.1272045338185523,0.44920136814995587,0.41390077802624936,1.3477848534717354,1.6631939743390827,1.315183787397343,-0.31828181064206695,-0.31038718669133536
-0.4979253414328992,0.1168898336148444,0.9390096548274028,1.860352160259167,-0.010684955963028146,-0.6865507261215884,-0.6874206446824462,0.9692782171240583,0.36083783691698385,0.15829632386604192,0.5925393635103293,-0.21874632928669124,0.09581579730681042,0.41390077802624936,1.4944559197900955,1.7281414857421054,1.5386799196571328,0.6256870711014484,0.6310189473502685
-0.4979253414328992,0.1168898336148444,1.083472678381759,-0.7030746009502787,-0.010684955963028146,0.9225988904572574,1.1541862207938307,0.9692782171240583,0.36083783691698385,0.12074507298526835,0.4775701203500213,-0.30956286560491786,-0.31332453791484,0.41390077802624936,1.614379194490601,1.7947272369411,1.8141850857076316,0.8902801443596695,0.8846982760621278
-0.4979253414328992,0.1168898336148444,1.227935701936115,-0.7030746009502787,-0.010684955963028146,-0.6865507261215884,-0.6874206446824462,0.9093204191874354,0.4206422131593399,0.046432476861556625,0.3878290000163438,-0.23680486768570924,-0.3595104384611475,0.41390077802624936,1.7094408912120032,1.747348838902025,1.8461112330372746,-1.2676136780735823,-1.2761757670616813
-0.4979253414328992,0.1168898336148444,1.3723987254904713,0.5267023391827732,-0.010684955963028146,0.3527998641295188,0.40805339690810083,0.9692782171240583,0.36083783691698385,-0.022298468165662454,0.3430391498042167,-0.23712232397647087,-0.3460005926118285,0.41390077802624936,1.7636580849300048,1.752106110303195,1.8414713124351865,0.9335706566094838,0.9268059307126892
-0.4979253414328992,0.1168898336148444,1.5168617490448273,-0.7030746009502787,-0.010684955963028146,-0.6865507261215884,-0.6874206446824462,0.9692782171240583,0.36083783691698385,-0.08155708449281213,0.29790071608079194,-0.23498467443632917,-0.32274204460163486,0.41390077802624936,1.8278905765709133,1.7599164846759943,1.8349169060053756,-1.2676136780735823,-1.2761757670616813
-0.4979253414328992,0.1168898336148444,1.6613247725991833,0.586413138541439,-0.010684955963028146,0.42054507616700215,0.4485610072304964,0.8493626212508127,0.6598597181287641,-0.13449776350806958,0.2580258238004147,-0.2680813577003301,-0.34413548198138405,0.41390077802624936,1.892051726627734,1.7965003701912807,1.8645621775416346,0.9439407372571181,0.9371845578065534
-0.4979253414328992,0.2271347655154853,-1.6613247691510074,-0.7030746009502787,-0.010684955963028146,1.510922769621458,-0.6874206446824462,0.819383579331835,0.7196640943711202,-0.17763262717152248,0.2216005863084882,-0.22751326189083196,-0.3476744724402859,0.41390077802624936,1.958169467831933,1.7860034040005706,1.8835751528991604,0.014826878309810113,0.007312028233008629
-0.4979253414328992,0.2271347655154853,-1.5168617455966513,0.5201797360166912,-0.010684955963028146,-0.6865507261215884,-0.6874206446824462,0.819383579331835,1.0784903518252564,-0.23640147584739837,0.1944660386895311,-0.07037239796381932,-0.4070520433313295,0.41390077802624936,2.065750648485266,1.7721627283613175,2.017945506741994,-0.3685769893715608,-0.4372446577159793
-0.4979253414328992,0.2271347655154853,-1.372398722042295,-0.7030746009502787,-0.010684955963028146,-0.6865507261215884,-0.5041017251417098,0.2198050281629423,0.6000553418864081,-0.31605443566664143,0.08254429209505892,-0.14637375480143605,-0.6826799150941428,0.3907053825922882,2.0269798717977126,1.5190835236608693,1.8894496199052113,-1.1643153831123063,-1.1887353336229254
-0.4979253414328992,0.2271347655154853,-1.227935698487939,-0.7030746009502787,-0.010684955963028146,-0.6865507261215884,0.28339999312543923,0.2198050281629423,0.0020115794628475024,-0.3703146755901372,0.032911844600233775,-0.25423098010600365,-0.7490304933989207,0.41390077802624936,1.982478630572087,1.4125202972818591,1.7481038823657047,-0.6475160089030534,-0.6555717111364814
-0.4979253414328992,0.2271347655154853,-1.083472674933583,-0.7030746009502787,-0.010684955963028146,-0.6865507261215884,-0.39847625744262843,0.2198050281629423,-0.2970103017489328,-0.46386422035580266,-0.0246030432129371,-0.46162194227694453,-0.7823575465707588,0.35081125878225383,1.785342552228554,1.1525185860567329,1.3618279812260146,-1.102305400503903,-1.117650977797781
-0.4979253414328992,0.2271347655154853,-0.9390096513792268,0.8510007756500797,-0.010684955963028146,-0.6865507261215884,0.4147183760775407,-0.12495266734930428,-0.1175971730218646,-0.6230020888776301,-0.10822273094702009,-0.7056811781998548,-0.8525221621900625,0.36082583786413874,1.5490413903340634,0.8789897939428136,0.9769866343618874,0.633289472236269,0.6370296190759431
-0.4979253414328992,0.2271347655154853,-0.7945466278248707,-0.7030746009502787,-0.010684955963028146,1.3023519407467363,0.8801668088583394,-0.37977352300595046,0.0020115794628475024,-0.6681712211166674,-0.20140167788613017,-0.9691301138872221,-0.8095383603919222,0.20537977425230886,1.309080597990966,0.6452315825469885,0.579299148731518,0.8577416661907101,0.8552771565102899
-0.4979253414328992,0.2271347655154853,-0.6500836042705146,0.8886675771556901,-0.010684955963028146,0.3564578068438936,0.26911907531182444,-0.37977352300595046,0.0020115794628475024,-0.6844996430391742,-0.2294073363955956,-0.8828076976956525,-0.7105027761611267,0.05277389184753913,1.1096268822400432,0.39065033272780847,0.32122392630371494,0.914049690673055,0.9072691496921281
-0.4979253414328992,0.2271347655154853,-0.5056205807161585,-0.7030746009502787,-0.010684955963028146,1.2921514153541016,1.2219796322525003,-0.37977352300595046,-0.536227806718357,-0.5738376557717265,-0.19040633810761332,-0.3220580446734081,-0.4393643526304957,-0.6432964141545112,0.7559273592764756,-0.13839463795303153,-0.08752207315316524,0.764784625626785,0.7645051043095862
-0.4979253414328992,0.2271347655154853,-0.3611575571618023,2.264499854974512,-0.010684955963028146,-0.6865507261215884,-0.6874206446824462,-0.22987888521372726,-1.1940759453842735,-0.21801916848744038,-0.09447768650453445,0.08624545050765649,-0.23415824088455173,-1.9069930625177993,0.4406259978349224,-0.49136591542329133,-0.3788261142664729,0.9511113962053055,0.9362156294192703
-0.4979253414328992,0.2271347655154853,-0.2166945336074462,-0.7030746009502787,-0.010684955963028146,-0.6865507261215884,2.800992196578946,-0.37977352300595046,-0.6558365592030692,0.1268001443481458,0.07121567586562075,0.2690662904147662,0.0952893022902757,-2.950923266386942,0.061573459426187666,-0.6895736292609131,-0.6373889104686036,0.6252325015802179,0.6370361686552404
-0.4979253414328992,0.2271347655154853,-0.07223151005309006,-0.7030746009502787,-0.010684955963028146,-0.6865507261215884,-0.6874206446824462,-0.34979462403763906,-0.7156409354454252,0.4248188559327747,0.18657942371835545,0.20343904045749595,0.362427340192955,-3.8018375967699694,-0.18389654213676343,-0.7445550734698552,-0.7968502081338908,-1.2676136780735823,-1.2761757670616813
-0.4979253414328992,0.2271347655154853,0.07223151350126605,2.2909342697835697,-0.010684955963028146,-0.6865507261215884,-0.6874206446824462,-0.22987888521372726,-0.8950540641724933,0.7258212922073398,0.2853322279608699,0.031392650481484374,0.451663769881075,-4.53498397060785,-0.43640935595858865,-0.745485881677998,-0.8745940975520216,0.9141609514613672,0.895435697296868
-0.4979253414328992,0.2271347655154853,0.2166945370556222,-0.7030746009502787,-0.010684955963028146,-0.6865507261215884,-0.6874206446824462,-0.07998424742150408,-0.8950540641724933,0.8268808255910017,0.32885159216176035,-0.1489009721135307,0.43912147051500144,-4.600595766397352,-0.5313110161535237,-0.6733096425970125,-0.8553241251804412,-1.2676136780735823,-1.2761757670616813
-0.4979253414328992,0.2271347655154853,0.3611575606099783,2.3088028520210786,-0.010684955963028146,-0.6865507261215884,-0.6874206446824462,-0.035015827493703876,-0.6558365592030692,0.8375909782748646,0.3258319266147906,-0.3055934186689975,0.4100153287044701,-4.290211355043425,-0.5756659589279962,-0.5543277604810775,-0.7835983765451224,0.8517386164200287,0.8474739468007061
-0.4979253414328992,0.2271347655154853,0.5056205841643344,-0.7030746009502787,-0.010684955963028146,-0.6865507261215884,2.823681972501976,-0.22987888521372726,-0.596032182960713,0.864394150538833,0.2522815015064557,-0.5646021106237014,0.5808047785812962,-4.157337686887788,-0.5910128351671328,-0.4475817122662181,-0.8183073844899943,0.6969072765878895,0.6974003662481087
-0.4979253414328992,0.2271347655154853,0.6500836077186906,2.2894097311119532,-0.010684955963028146,-0.6865507261215884,-0.6874206446824462,-0.22987888521372726,-0.8950540641724933,0.807090681444405,0.20717298612831192,-0.7112652592203801,1.0689087875579377,-3.8783804220759435,-0.630400620149499,-0.4478397881673574,-0.9990586030205051,0.7995682710119124,0.7877810810858032
-0.4979253414328992,0.2271347655154853,0.7945466312730467,-0.7030746009502787,-0.010684955963028146,1.8382560814012152,0.770698424704032,-0.37977352300595046,-0.23720592550657674,0.6063892598946532,0.0953869157508119,-0.8438757865283567,1.0140035761891117,-3.2083736403774687,-0.5698159490328046,-0.3720439803552668,-0.9614210955407999,0.8425744301646185,0.8354828951536065
-0.4979253414328992,0.2271347655154853,0.9390096548274028,1.1550325586787666,-0.010684955963028146,0.9516861823231314,-0.6874206446824462,-0.37977352300595046,-0.35681467799128885,0.33030612324945063,-0.031220563723819456,-0.6171954175725465,0.7195187198541826,-2.3493498299099937,-0.5231195079832915,-0.4577904575555718,-0.8832632160303606,0.8456728364149031,0.8386629205767621
-0.4979253414328992,0.2271347655154853,1.083472678381759,-0.7030746009502787,-0.010684955963028146,1.2674260196059293,1.3540102934737335,-0.22987888521372726,-1.1940759453842735,0.237197303980392,-0.1111602949883349,-0.35142979694345905,0.3004791390743485,-2.125779009850672,-0.5689118872695852,-0.6336427259803846,-0.8377723427014647,0.759835587589,0.7571726456119904
-0.4979253414328992,0.2271347655154853,1.227935701936115,2.3430385904685798,-0.010684955963028146,-0.6865507261215884,-0.6874206446824462,-0.19989998624541588,-1.3136846978689858,0.09882061426756662,-0.15230080285164715,-0.2163301802329832,0.2512994592918258,-1.8826366746019034,-0.6093575040511438,-0.7303587302021414,-0.8739997510165447,0.8537866057932589,0.8425545987254315
-0.4979253414328992,0.2271347655154853,1.3723987254904713,-0.7030746009502787,-0.010684955963028146,1.3300634377962721,1.2201555304883802,-0.22987888521372726,-1.1940759453842735,0.08375682604007119,-0.18205007469307255,-0.18601932097224566,0.16012061290437296,-2.0029630067566906,-0.647249766975185,-0.7781331337836367,-0.8841575743732384,0.7747628669876331,0.7678685179530639
-0.4979253414328992,0.2271347655154853,1.5168617490448273,2.382492053113379,-0.010684955963028146,-0.6865507261215884,-0.6874206446824462,-0.22987888521372726,-1.4332934503536978,0.04806590755966331,-0.20785151650834438,-0.13060206211054176,0.12027543750310181,-2.1424893830861427,-0.7239313650393974,-0.8632149028856291,-0.93911825271449,0.8446326648769987,0.8377955106685858
-0.4979253414328992,0.2271347655154853,1.6613247725991833,-0.7030746009502787,-0.010684955963028146,1.3236385293496231,1.2555993757415032,-0.25985778418203864,-1.1940759453842735,0.050340155745417926,-0.22973713396915865,-0.12741755279172653,0.05558816030156506,-2.2735860456977153,-0.7882371264153148,-0.9072923149656774,-0.9629805455615111,0.7855289210062719,0.7786433945944101
-0.4979253414328992,0.3373796974161262,-1.6613247691510074,2.3916360601229703,-0.010684955963028146,-0.6865507261215884,-0.6874206446824462,-0.22987888521372726,-1.4332934503536978,0.02663840934258651,-0.24856273090564734,-0.09494583569805011,0.03824393343538119,-2.322255735549736,-0.8512534368626201,-0.9556279794145244,-0.9967886446873612,0.8511386349799864,0.8443068158617921
-0.4979253414328992,0.3373796974161262,-1.5168617455966513,-0.7030746009502787,-0.010684955963028146,-0.6865507261215884,2.594097219331292,-0.37977352300595046,-1.4332934503536978,0.02997458365072914,-0.27208063762295726,-0.16370537631534188,0.01828350644839498,-2.3465341029076687,-0.910400189429763,-0.9852026102030691,-1.038823486802617,0.6262067075134203,0.6191910211625404
-0.4979253414328992,0.3373796974161262,-1.372398722042295,-0.7030746009502787,-0.010684955963028146,-0.6865507261215884,-0.6874206446824462,-0.37977352300595046,-1.493097826596054,-0.03898130139256228,-0.2958900742628893,-0.35169254797262733,0.1504012056748665,-2.17531507724187,-0.9729139755432072,-0.9904068517153717,-1.1271728154472898,-1.2676136780735823,-1.2761757670616813
-0.4979253414328992,0.3373796974161262,-1.227935698487939,1.4480199020160156,-0.010684955963028146,-0.6865507261215884,0.5871675343927847,-0.37977352300595046,-1.4332934503536978,-0.17790791713305287,-0.31058693955059496,-0.553738971859414,0.14304410916097104,-1.7991814607575491,-1.0251933775853133,-0.9736011225295838,-1.1606031704488287,0.8416683467496234,0.8276907378590869
-0.4979253414328992,0.3373796974161262,-1.083472674933583,-0.7030746009502787,-0.010684955963028146,1.7890751561426983,0.7808412254192724,-0.37977352300595046,-1.1940759453842735,-0.196098633142112,-0.32418100071573214,-0.7458364979446028,0.16658095901916295,-1.5819780498168023,-1.0517893273181165,-0.9223674175202958,-1.1682600220136956,0.7795095146415092,0.7750791954106018
-0.4979253414328992,0.3373796974161262,-0.9390096513792268,2.3841658385488285,-0.010684955963028146,-0.6865507261215884,-0.6874206446824462,-0.34979462403763906,-0.9548584404148494,-0.2268755277248931,-0.33348908497549284,-0.6695334333006225,0.16594216676571663,-1.3373475015370282,-1.0516538747158959,-0.9188113918472023,-1.1456477783641783,0.8934522451547167,0.8866549628771736
-0.4979253414328992,0.3373796974161262,-0.7945466278248707,-0.7030746009502787,-0.010684955963028146,1.4458458861603294,1.0905196303905011,-0.5296681607981737,0.0020115794628475024,-0.21617976073973258,-0.3527112739308232,-0.6149831699484138,0.08366979326230162,-1.0764118211288176,-1.019892649683824,-0.8610019562509857,-1.0576729186057445,0.806101741762092,0.7992330204870001
-0.4979253414328992,0.3373796974161262,-0.6500836042705146,1.420587701819459,-0.010684955963028146,0.6395142277427821,-0.6874206446824462,-0.37977352300595046,-0.35681467799128885,-0.21619741591541267,-0.34668724989725996,-0.37973231000963925,0.06452799685743894,-0.7088779333095805,-0.9927977909001373,-0.8571846016191754,-0.9855270661003825,0.8503592702334245,0.8416720429151305
-0.4979253414328992,0.3373796974161262,-0.5056205807161585,-0.7030746009502787,-0.010684955963028146,1.1368887915875951,1.4280723812587093,-0.31981572506932765,-0.47642343047600094,-0.1041014360455039,-0.27343739979267867,0.23116134620374626,0.08266481436675235,-0.7249012598405964,-1.0075768266929541,-0.9853806608878046,-0.9494581793079904,0.7442166579263517,0.7423010071202304
-0.4979253414328992,0.3373796974161262,-0.3611575571618023,2.2885696133741216,-0.010684955963028146,-0.6865507261215884,-0.6874206446824462,-0.22987888521372726,-0.596032182960713,0.34126148670664813,-0.11661795778797335,0.6840521161862233,0.2091074343887214,-1.7187247982080616,-1.0561785218715662,-1.0597440390133195,-0.9388937897319514,0.8709358655878787,0.8576315255932889
-0.4979253414328992,0.3373796974161262,-0.2166945336074462,-0.7030746009502787,-0.010684955963028146,-0.6865507261215884,2.8320125950540773,-0.22987888521372726,-0.8950540641724933,0.7373514297172338,0.05770719508349679,1.0542285306394947,0.48401025660017083,-2.293956398241833,-1.1261287040506927,-1.1348078004352455,-0.9964672346578894,0.6045644171445829,0.613481220735832
-0.4979253414328992,0.3373796974161262,-0.07223151005309006,-0.7030746009502787,-0.010684955963028146,-0.6865507261215884,-0.6874206446824462,0.06991039037071911,-1.3734890741113417,1.3302429621384566,0.22462373073281622,1.0676984580054671,0.7391959625046092,-3.278882099543637,-1.1980636765844213,-1.1301127708690566,-1.0562492817904214,-1.2676136780735823,-1.2761757670616813
-0.4979253414328992,0.3373796974161262,0.07223151350126605,-0.7030746009502787,-0.010684955963028146,-0.6865507261215884,-0.6874206446824462,0.06991039037071911,-1.612706579080766,1.642290345539411,0.32171711047544055,0.833106547808613,0.8224985410944738,-3.4961740114158055,-1.25081812680976,-1.0876567911208301,-1.0939747839996627,-1.2676136780735823,-1.2761757670616813
-0.4979253414328992,0.3373796974161262,0.2166945370556222,-0.7030746009502787,-0.010684955963028146,-0.6865507261215884,-0.6874206446824462,-0.07998424742150408,-1.3734890741113417,1.8474127538585376,0.36585780217251634,0.5260674650425127,0.8422441385847597,-3.6545243029613816,-1.275535334488632,-1.0170450558640622,-1.1071021565416928,-1.2676136780735823,-1.2761757670616813
-0.4979253414328992,0.3373796974161262,0.3611575606099783,-0.7030746009502787,-0.010684955963028146,-0.6865507261215884,-0.6874206446824462,0.03993149140240772,-1.4332934503536978,1.9503620449353656,0.4141905410862955,0.36712132748291815,1.072921379407293,-3.3722762008837925,-1.2929070102139875,-0.9702580636925564,-1.1607321056542654,-1.2676136780735823,-1.2761757670616813
-0.4979253414328992,0.3373796974161262,0.5056205841643344,2.3149461569890395,-0.010684955963028146,-0.6865507261215884,-0.6874206446824462,-0.07998424742150408,-1.1342715691419176,1.8509176331787347,0.40691064232640045,0.10204449582934749,1.3922100913820903,-2.9062803689145906,-1.2822626530530101,-0.8851168720721504,-1.2272122329933695,0.8506925133699849,0.8336895384722853
-0.4979253414328992,0.3373796974161262,0.6500836077186906,-0.7030746009502787,-0.010684955963028146,2.8615162633194307,-0.6874206446824462,0.06991039037071911,-1.1342715691419176,1.7022970181990802,0.41630848162200423,0.01035101759042684,1.835692223648251,-2.0541596310979777,-1.2731750367421089,-0.8364333473330282,-1.3105115812293322,0.7592906074433414,0.7587936664880535
-0.4979253414328992,0.3373796974161262,0.7945466312730467,2.336528349879574,-0.010684955963028146,-0.6865507261215884,-0.6874206446824462,-0.19989998624541588,-0.9548584404148494,1.0727396092626706,0.34199200771938043,0.069862882395636,1.4168560798918073,0.2890550759392767,-1.235057662198007,-0.848373369865067,-1.2097624195930365,0.7961887470347776,0.7877786249935669
-0.4979253414328992,0.3373796974161262,0.9390096548274028,-0.7030746009502787,-0.010684955963028146,1.0524257845139282,1.4724846571234291,-0.37977352300595046,-0.6558365592030692,0.8591322542907687,0.20624482164912813,0.22457184878454248,0.3911314904452666,0.41390077802624936,-1.171237312816524,-0.8914039480167123,-0.9434653670329358,0.8268764136734446,0.8188954715603267
-0.4979253414328992,0.3373796974161262,1.083472678381759,1.2634871181872245,-0.010684955963028146,0.7737644177162264,-0.6874206446824462,-0.5296681607981737,-0.35681467799128885,0.5601156983325166,0.09959635735430661,0.3084159508524116,0.2218621220072147,0.41390077802624936,-1.1202369978918283,-0.9144002457722664,-0.8949298323922509,0.7828094125617421,0.7768052142297734
-0.4979253414328992,0.3373796974161262,1.227935701936115,-0.7030746009502787,-0.010684955963028146,1.0129559644438608,1.6178134804142592,-0.5296681607981737,-0.47642343047600094,0.4718430894090132,0.023806926778195448,0.43138094590035364,0.14417928775149025,0.41390077802624936,-1.083891353025526,-0.948188453605547,-0.8723887705834997,0.7477912028329192,0.7431323943422717
-0.4979253414328992,0.3373796974161262,1.3723987254904713,1.4904393081524046,-0.010684955963028146,0.5405232123340677,-0.6874206446824462,-0.6795627985903968,-0.35681467799128885,0.2758353290085848,-0.04179217624010024,0.5548018181282407,0.17507160662739052,0.41390077802624936,-1.051892001354675,-0.9814715700323121,-0.881386504615069,0.7764019415088272,0.767714398165226
-0.4979253414328992,0.3373796974161262,1.5168617490448273,-0.7030746009502787,-0.010684955963028146,1.0147340482333338,1.6130331623507643,-0.9793520741748433,0.3010334606746278,0.2136969573593928,-0.11521666598806618,0.6014703794730017,0.11359456565495647,0.41390077802624936,-1.0155834733936078,-0.9938910932512576,-0.8634530477260948,0.717936464292861,0.7140418238705907
-0.4979253414328992,0.3373796974161262,1.6613247725991833,1.604427643828631,-0.010684955963028146,0.43517088486343297,-0.6874206446824462,-0.7694996384459972,-0.1175971730218646,0.07682488095174896,-0.15750381182866097,0.6675932922550121,0.1730909437676602,0.41390077802624936,-0.994433585937986,-1.0113294337005947,-0.8808142113492773,0.7903618452003579,0.7807140850240982
-0.4979253414328992,0.44762462931676716,-1.6613247691510074,-0.7030746009502787,-0.010684955963028146,1.0271004070835146,1.6139747084563039,-1.2791413497592896,0.3010334606746278,0.01391360494500604,-0.25860416251252927,0.5734878093003828,0.038635346268384586,0.41390077802624936,-0.9607145646642102,-1.01381108289113,-0.8709077079273132,0.7101784059000785,0.7067468205796009
-0.4979253414328992,0.44762462931676716,-1.5168617455966513,2.2879129634468125,-0.010684955963028146,-0.6865507261215884,-0.6874206446824462,-1.2791413497592896,0.6598597181287641,-0.11161796361745598,-0.29950810671547984,0.528414818085429,0.05596899440935215,0.41390077802624936,-0.9581011971092678,-1.0314567515433992,-0.9076270570008168,0.8400468870220554,0.8261470838884724
-0.4979253414328992,0.44762462931676716,-1.372398722042295,-0.7030746009502787,-0.010684955963028146,1.1829344569187246,1.3769630161762936,-1.1892045813790224,0.7794684706134762,-0.09498286475443198,-0.33252613172272644,0.34540665410074195,-0.008872894929961411,0.41390077802624936,-0.9514300359404722,-0.9967808927325024,-0.9033417355073307,0.7167943785918337,0.7150936453708543
-0.4979253414328992,0.44762462931676716,-1.227935698487939,1.572278314222471,-0.010684955963028146,0.4901832220440108,-0.6874206446824462,-1.2791413497592896,1.0784903518252564,-0.1292299822014453,-0.3615740618887266,0.3336317609765647,0.0065964563286552425,0.41390077802624936,-0.9411833599070109,-0.9991198411306431,-0.913581439815826,0.7772016171908969,0.7703092596130452
-0.4979253414328992,0.44762462931676716,-1.083472674933583,-0.7030746009502787,-0.010684955963028146,1.0070248693727106,1.5143714306259675,-1.1292467119670664,0.6598597181287641,-0.15679886597361337,-0.3888463730510708,0.33393512651812807,-0.035856781712482626,0.41390077802624936,-0.9317566300528277,-1.0036420249042204,-0.9061197924400538,0.7070048671626945,0.700055197281368
-0.4979253414328992,0.44762462931676716,-0.9390096513792268,1.6641000116976903,-0.010684955963028146,0.4005450591630633,-0.6874206446824462,-1.1592256109353778,0.6000553418864081,-0.21109507014386486,-0.41460676411351516,0.354460374894448,-0.03110774783845386,0.41390077802624936,-0.9247029719450214,-1.015636265062549,-0.9144884624125823,0.776813732245537,0.7699209923653315
-0.4979253414328992,0.44762462931676716,-0.7945466278248707,-0.7030746009502787,-0.010684955963028146,0.9915337105268411,1.5239925215017909,-1.2791413497592896,0.6598597181287641,-0.24396442999243514,-0.4429644850116365,0.3542175166876773,-0.07455457230183112,0.41390077802624936,-0.9177946482129072,-1.0264750191693897,-0.9136445427360144,0.7017576358328095,0.6948036627311123
-0.4979253414328992,0.44762462931676716,-0.6500836042705146,1.088206021206036,-0.010684955963028146,0.17773585746203305,0.3153988590319552,-1.1292467119670664,0.6598597181287641,-0.27568489563100806,-0.4420300585532078,0.4078933247219917,-0.00282837409098169,0.41390077802624936,-0.925429161785752,-1.0481271535339678,-0.9422915217079088,0.7769070187546389,0.77001452854467
-0.4979253414328992,0.44762462931676716,-0.5056205807161585,-0.7030746009502787,-0.010684955963028146,1.1889409680974228,1.3199554431419132,-0.7395205965270196,0.3010334606746278,-0.08922858527351171,-0.33544560560177833,1.343608589189729,0.3008485807088257,0.41390077802624936,-0.9725864309054532,-1.2637074960578634,-1.0151380568114872,0.6597605527149739,0.6582952843566185
-0.4979253414328992,0.44762462931676716,-0.3611575571618023,2.264754452395169,-0.010684955963028146,-0.6865507261215884,-0.6874206446824462,-0.22987888521372726,-0.2970103017489328,0.5511141743172497,-0.18848112737755218,1.8043180672420611,0.4809554462569385,-0.5056262284130271,-1.0361775713461678,-1.3474321979738229,-1.0438321992116193,0.8699542902002001,0.8529416174677702
-0.4979253414328992,0.44762462931676716,-0.2166945336074462,-0.7030746009502787,-0.010684955963028146,-0.6865507261215884,2.0448181317722964,-0.07998424742150408,-0.8950540641724933,1.0081458604031541,0.016600084442823834,2.013934538918733,0.7133187731293325,-0.8435949827078484,-1.123511721212773,-1.3742571276274556,-1.0844676412732852,0.17984981419702462,0.23231105621385195
-0.4979253414328992,0.44762462931676716,-0.07223151005309006,-0.7030746009502787,-0.010684955963028146,-0.6865507261215884,-0.6874206446824462,0.2198050281629423,-1.3136846978689858,1.520916897797309,0.22871976093443167,1.8526004338038273,0.9086728367065194,-1.4908640119466856,-1.2036664011239575,-1.312456190383786,-1.1025825463514518,-1.2676136780735823,-1.2761757670616813
-0.4979253414328992,0.44762462931676716,0.07223151350126605,-0.7030746009502787,-0.010684955963028146,-0.6865507261215884,-0.6874206446824462,0.3696996659551655,-1.612706579080766,1.7577826580938536,0.38540074362027826,1.52575555973812,0.9698373984110256,-1.6285248818006517,-1.2695732508211406,-1.2311381004635769,-1.1085559255472788,-1.2676136780735823,-1.2761757670616813
-0.4979253414328992,0.44762462931676716,0.2166945370556222,-0.7030746009502787,-0.010684955963028146,-0.6865507261215884,-0.6874206446824462,0.3696996659551655,-1.612706579080766,1.9185931910375214,0.4943014331168374,1.2320247751560116,1.013555200989559,-1.3490494207456167,-1.3057781406701885,-1.1448880499502925,-1.1014483314070966,-1.2676136780735823,-1.2761757670616813
-0.4979253414328992,0.44762462931676716,0.3611575606099783,-0.7030746009502787,-0.010684955963028146,-0.6865507261215884,-0.6874206446824462,0.5046047827878999,-1.612706579080766,1.9374175316848772,0.5681614783100575,0.9781343406306893,1.1630130583417466,-0.7878347379686649,-1.3195000677204085,-1.053240743175114,-1.1105949795963423,-1.2676136780735823,-1.2761757670616813
-0.4979253414328992,0.44762462931676716,0.5056205841643344,-0.7030746009502787,-0.010684955963028146,-0.6865507261215884,-0.6874206446824462,0.5195943037473887,-1.7921197078078341,1.8105801340174836,0.6073649472602906,0.7097412097099193,1.4430164536036436,-0.08238915566565452,-1.3288053240665505,-0.9748834778265894,-1.1722706602075383,-1.2676136780735823,-1.2761757670616813
-0.4979253414328992,0.44762462931676716,0.6500836077186906,1.025325833337374,-0.010684955963028146,1.0353260973714227,-0.6874206446824462,0.5195943037473887,-1.7921197078078341,1.3971168442422877,0.5838456489920373,0.4447679865063361,1.58926895721529,0.41390077802624936,-1.3092820729319015,-0.8921241749643457,-1.1984136104987386,0.901017619274364,0.8841477020524549
-0.4979253414328992,0.44762462931676716,0.7945466312730467,-0.7030746009502787,-0.010684955963028146,2.8299557206033836,-0.6874206446824462,0.2198050281629423,-1.1342715691419176,1.0766374797155986,0.4842530437552389,0.3930226111121885,1.2578513299059486,0.41390077802624936,-1.260012755496793,-0.8697381508103093,-1.1100297826797068,0.600774360630283,0.6110114153177194
-0.4979253414328992,0.44762462931676716,0.9390096548274028,2.324521600021812,-0.010684955963028146,-0.6865507261215884,-0.6874206446824462,-0.07998424742150408,-0.596032182960713,0.49824869327248156,0.34358046312116197,0.6221183002541067,0.6757984760313684,0.41390077802624936,-1.189880845093335,-0.9257744531563451,-0.9481751593805612,0.8583880212711152,0.8408842513302863
-0.4979253414328992,0.44762462931676716,1.083472678381759,-0.7030746009502787,-0.010684955963028146,0.8445346420009923,1.6913611798691923,-0.22987888521372726,-0.596032182960713,0.40621814751069996,0.21088216516768885,0.6130480021084028,-0.06668888322945929,0.41390077802624936,-1.1231877918579962,-0.9202915330449131,-0.7255148678767619,0.797549399971003,0.7933625506931566
-0.4979253414328992,0.44762462931676716,1.227935701936115,2.303688686802767,-0.010684955963028146,-0.6865507261215884,-0.6874206446824462,-0.28983668315035005,-0.35681467799128885,0.2964166865838081,0.11069815077998624,0.5727194490352757,-0.0784581219066488,0.41390077802624936,-1.065670567838208,-0.8986925319540989,-0.7103345761111632,0.8223823046424743,0.8138547515937005
-0.4979253414328992,0.44762462931676716,1.3723987254904713,-0.7030746009502787,-0.010684955963028146,1.14470277896384,1.4559851127834085,-0.37977352300595046,0.0020115794628475024,0.2774203714474201,0.030716672987171654,0.39722414097608083,-0.11550237636987899,0.41390077802624936,-1.0081738304219583,-0.8281063874169399,-0.6759126973706088,0.7856759506102129,0.7811346908195919
-0.4979253414328992,0.44762462931676716,1.5168617490448273,1.4387119564843271,-0.010684955963028146,0.6153208241208088,-0.6874206446824462,-0.37977352300595046,0.0020115794628475024,0.17386688102509568,-0.02860027329757795,0.4143427435168124,-0.05189168789612498,0.41390077802624936,-0.9598859418057861,-0.8123802396058338,-0.6741006173199392,0.8016320777508478,0.7940310171301797
-0.4979253414328992,0.44762462931676716,1.6613247725991833,-0.7030746009502787,-0.010684955963028146,1.0100248823832332,1.618198382621367,-0.40975242197426187,0.12162033194755961,0.1408072376164177,-0.08288119671851024,0.45864240126105965,-0.0629383182662313,0.41390077802624936,-0.9099846729062251,-0.801820814709638,-0.6452717534604429,0.7377117662801167,0.7337843026159553
-0.4979253414328992,0.557869561217408,-1.6613247691510074,1.6164213144381816,-0.010684955963028146,0.48289118525953445,-0.6874206446824462,-0.37977352300595046,0.36083783691698385,0.08318597535974807,-0.11158610957698595,0.5213280001062853,0.00980994755013221,0.41390077802624936,-0.8785565359458061,-0.800059609337241,-0.6472462853194868,0.7920472933619148,0.7851669802487986
-0.4979253414328992,0.557869561217408,-1.5168617455966513,-0.7030746009502787,-0.010684955963028146,0.8880869734130872,1.4902581440945841,-0.37977352300595046,0.36083783691698385,0.05096789532515468,-0.13493424707921275,0.5758840655316932,0.03881030210850045,0.41390077802624936,-0.8428864669585506,-0.7902000255611934,-0.628801891291271,0.6812691144464861,0.6742985673463271
-0.4979253414328992,0.557869561217408,-1.372398722042295,2.3433567924524548,-0.010684955963028146,-0.6865507261215884,-0.6874206446824462,-0.37977352300595046,0.4206422131593399,0.004512550843052575,-0.16028482638885408,0.5812128553314494,0.08781421230281371,0.41390077802624936,-0.80504746920371,-0.7646440052332466,-0.615614254368715,0.8239244977987246,0.8170703903542845
-0.4979253414328992,0.557869561217408,-1.227935698487939,-0.7030746009502787,-0.010684955963028146,1.1145551638216622,1.3144841837794632,-0.37977352300595046,0.36083783691698385,0.010861875133931628,-0.17810294044239064,0.5106513565519754,0.09464806879254872,0.41390077802624936,-0.773610655564145,-0.7212365061436347,-0.5940848044258213,0.7228127064998439,0.7158759107481665
-0.4979253414328992,0.557869561217408,-1.083472674933583,2.3323899324113646,-0.010684955963028146,-0.6865507261215884,-0.6874206446824462,-0.37977352300595046,0.36083783691698385,0.004038476681272214,-0.18887424051903556,0.4778464346831392,0.14285043711470324,0.41390077802624936,-0.7588436707145861,-0.7023648685257012,-0.6006444512365474,0.8212583729634495,0.8144020508137247
-0.4979253414328992,0.557869561217408,-0.9390096513792268,-0.7030746009502787,-0.010684955963028146,1.1763101821738973,1.278220957034361,-0.34979462403763906,0.4206422131593399,0.025884467951506847,-0.199890453561702,0.395360846611506,0.13259395614344577,0.41390077802624936,-0.7542633482010636,-0.6775496778433778,-0.5978760016688357,0.7347731513720123,0.7278460856112562
-0.4979253414328992,0.557869561217408,-0.7945466278248707,2.334381203159554,-0.010684955963028146,-0.6865507261215884,-0.6874206446824462,-0.37977352300595046,0.7196640943711202,0.016754780438710416,-0.21521977875313927,0.3535593958133569,0.1501863761781661,0.41390077802624936,-0.746456988177359,-0.6651700587973817,-0.6043290940676175,0.8234240938655076,0.8165693475380469
-0.4979253414328992,0.557869561217408,-0.6500836042705146,-0.7030746009502787,-0.010684955963028146,1.2208090328054133,1.2759592381956377,-0.22987888521372726,0.7196640943711202,0.038730896892661314,-0.22054663576410713,0.27636115416148477,0.12089551355039617,0.41390077802624936,-0.730614336132586,-0.6247052755922735,-0.5779570954605775,0.7543297063812776,0.7474186846435991
-0.4979253414328992,0.557869561217408,-0.5056205807161585,1.4721086522006988,-0.010684955963028146,0.5738090161845087,-0.6874206446824462,-0.07998424742150408,0.48044658940169593,0.042244276853000466,-0.19480781374128397,0.3098233680370415,0.1541542118823752,0.41390077802624936,-0.7122019409474647,-0.5968174635928561,-0.5494614324876124,0.7816973439069961,0.7748088205902383
-0.4979253414328992,0.557869561217408,-0.3611575571618023,-0.7030746009502787,-0.010684955963028146,1.0131125496213915,1.4827245201343748,0.06991039037071911,0.7196640943711202,0.08021075130995407,-0.12326261354225014,0.4343880775527903,0.1912391537502835,0.41390077802624936,-0.6998762361831232,-0.5700417635438946,-0.4928664103484016,0.7079113100632738,0.7009623140140335
-0.4979253414328992,0.557869561217408,-0.2166945336074462,2.274202507133721,-0.010684955963028146,-0.6865507261215884,-0.6874206446824462,0.2198050281629423,0.36083783691698385,0.13804256788399374,-0.011965673321321472,0.5942368519286757,0.32442042173504076,0.41390077802624936,-0.6977437012641773,-0.5441012318103008,-0.4578921081196927,0.8366738337854364,0.8238733565005703
-0.4979253414328992,0.557869561217408,-0.07223151005309006,-0.7030746009502787,-0.010684955963028146,1.2018732092525068,1.3285268387594389,0.2797628260995651,0.7196640943711202,0.2539409494790788,0.12188413303773575,0.7113591592649238,0.4716111768985642,0.41390077802624936,-0.7145757357504369,-0.5126257310440366,-0.4366454203970204,0.7168910802139855,0.7148662521646287
-0.4979253414328992,0.557869561217408,0.07223151350126605,2.2600742315490105,-0.010684955963028146,-0.6865507261215884,-0.6874206446824462,0.5195943037473887,0.24122908443227173,0.38893699999686354,0.2481332881444663,0.8050013052312089,0.6028703718863276,0.41390077802624936,-0.7503263050386562,-0.5014592856039004,-0.439024990030976,0.8114291383772554,0.8001845515542749
-0.4979253414328992,0.557869561217408,0.2166945370556222,-0.7030746009502787,-0.010684955963028146,1.130375392118775,1.1925538585190991,0.5195943037473887,0.36083783691698385,0.455454509110115,0.3395345287535055,0.8154806782967428,0.6796043758649586,0.41390077802624936,-0.7206566417184528,-0.4074929825170557,-0.3660450435632622,0.7160967968156791,0.7124404517324193
-0.4979253414328992,0.557869561217408,0.3611575606099783,2.0175260235149404,-0.010684955963028146,-0.6865507261215884,-0.6874206446824462,0.5345838247068775,0.36083783691698385,0.4763680455462823,0.3607842074332298,0.827321880828912,0.7225124990903977,0.41390077802624936,-0.6519052873746379,-0.3176125197474082,-0.28569712152863724,0.6326513853243007,0.5996020481819545
-0.4979253414328992,0.557869561217408,0.5056205841643344,-0.7030746009502787,-0.010684955963028146,1.1388529575619892,1.169800071685539,0.5195943037473887,0.36083783691698385,0.4571729462096443,0.3409914825911448,0.7598984747826588,0.6801512145838324,0.41390077802624936,-0.5848909559920394,-0.22953034720653984,-0.20503281149625108,0.7222046366341569,0.7152674138965838
-0.4979253414328992,0.557869561217408,0.6500836077186906,2.021545473574764,-0.010684955963028146,-0.6865507261215884,-0.6874206446824462,0.5195943037473887,0.36083783691698385,0.40997673824437375,0.2955956119432088,0.7137719928482322,0.6507187597877826,0.41390077802624936,-0.4899280770053534,-0.13948593033499207,-0.11980216454379582,0.5985487853784542,0.591510656983293
-0.4979253414328992,0.557869561217408,0.7945466312730467,-0.7030746009502787,-0.010684955963028146,1.1535744746334637,1.168525083124494,0.41466794293229947,0.7196640943711202,0.3727537428521709,0.2233741179857292,0.6186246233205289,0.5669157261203772,0.41390077802624936,-0.41745972972302314,-0.0721584820083535,-0.055428233634232604,0.7250530206606252,0.7181181182857006
-0.4979253414328992,0.557869561217408,0.9390096548274028,2.31183401258594,-0.010684955963028146,-0.6865507261215884,-0.6874206446824462,0.3696996659551655,0.7196640943711202,0.30988562394153485,0.15293033035832052,0.5553621326257729,0.5129870124638257,0.41390077802624936,-0.34373495109660784,-0.017118482763018476,-0.003070496163451168,0.8012121985884935,0.7943394613802083
-0.4979253414328992,0.557869561217408,1.083472678381759,-0.7030746009502787,-0.010684955963028146,1.2354891285473608,1.2429938284587185,0.3696996659551655,1.0784903518252564,0.30013473580295724,0.10732085664058733,0.4844301300291437,0.44986457284620907,0.41390077802624936,-0.30121633105579815,0.025109240778527997,0.036904439553682326,0.7369176626246022,0.7299923008772153
-0.4979253414328992,0.557869561217408,1.227935701936115,1.4366384477234133,-0.010684955963028146,0.5963178478063962,-0.6874206446824462,0.3696996659551655,0.9588815993405444,0.2652978047091496,0.08038321348010775,0.5088974727105873,0.4430876787230234,0.41390077802624936,-0.28458554732194813,0.015436599377927558,0.04001657076975582,0.7653447041669803,0.7584426499725928
-0.4979253414328992,0.557869561217408,1.3723987254904713,-0.7030746009502787,-0.010684955963028146,1.0159237608647513,1.466766349116091,0.3696996659551655,0.7196640943711202,0.23772761314619043,0.06107683569270752,0.5806467387607178,0.40772462782109264,0.41390077802624936,-0.27298771953039336,-0.013952390258200963,0.054406438413963476,0.6946171736736955,0.6876574576947814
-0.4979253414328992,0.557869561217408,1.5168617490448273,1.5883462602336618,-0.010684955963028146,0.4490854182043479,-0.6874206446824462,0.3696996659551655,0.7196640943711202,0.18582074275131194,0.04470315151832055,0.6749528076745228,0.43000505062282457,0.41390077802624936,-0.2636769197503528,-0.052329144239637526,0.04414861112146949,0.7565392845246092,0.7496301910281774
-0.4979253414328992,0.557869561217408,1.6613247725991833,-0.7030746009502787,-0.010684955963028146,0.9830452667546601,1.4914896219713474,0.33972062403618786,0.9588815993405444,0.15710688814151988,0.029616651966489813,0.7380346052325006,0.40650807442121717,0.41390077802624936,-0.23620342032949793,-0.05929090432574938,0.07275934412536639,0.6797596344783987,0.6727878659465517
-0.4979253414328992,0.6681144931180489,-1.6613247691510074,2.3765483410564747,-0.010684955963028146,-0.6865507261215884,-0.6874206446824462,0.3696996659551655,0.7196640943711202,0.12607432045907518,0.021184549025538988,0.7837847812765726,0.4443734007108516,0.41390077802624936,-0.21692600843731327,-0.064037115331156,0.07062563569602026,0.8339039973591174,0.8270578847594926
-0.4979253414328992,0.6681144931180489,-1.5168617455966513,-0.7030746009502787,-0.010684955963028146,-0.6865507261215884,0.6977225351312346,0.3696996659551655,1.0784903518252564,0.144183953439085,0.01613321910134533,0.6887161541708597,0.4168044290490592,0.41390077802624936,-0.21244643180942804,-0.02456863522674859,0.08427573623435147,-0.507478085025128,-0.5154195151730606
-0.4979253414328992,0.6681144931180489,-1.372398722042295,0.25756384036781516,-0.010684955963028146,-0.6865507261215884,-0.6874206446824462,0.3696996659551655,0.8392728468558323,0.1012956083397579,0.007447853888713172,0.4498182767925259,0.3768908988079288,0.41390077802624936,-0.20921822512945953,0.07087997776285848,0.09971084152195657,-0.6015813453742989,-0.64620965038557
-0.4979253414328992,0.6681144931180489,-1.227935698487939,-0.7030746009502787,-0.010684955963028146,0.6299917151228613,0.43954948430658203,0.3696996659551655,1.0784903518252564,0.038726973520287956,-0.009124822070566278,0.09999553512239506,0.2056018076016556,0.41390077802624936,-0.15191116956009174,0.26903282336267503,0.2231231221724889,0.17622637925100493,0.19594697325825014
-0.4979253414328992,0.6681144931180489,-1.083472674933583,2.239843501251025,-0.010684955963028146,-0.6865507261215884,-0.6874206446824462,0.3696996659551655,1.0784903518252564,-0.02030931837237161,-0.021252188541460975,0.032206598464586025,0.1475612248283346,0.41390077802624936,-0.10728001916614455,0.3378970160888709,0.28747783835202934,0.8587787821011488,0.8519530403425954
-0.4979253414328992,0.6681144931180489,-0.9390096513792268,-0.7030746009502787,-0.010684955963028146,1.2546893791736122,1.1910920668760174,0.3696996659551655,0.9588815993405444,-0.013079196983674423,-0.031296403250229525,-0.02214888100164619,0.08086154859141861,0.41390077802624936,-0.07157066410386784,0.39295328062209284,0.34816581633529375,0.790026085664708,0.7831441836177214
-0.4979253414328992,0.6681144931180489,-0.7945466278248707,2.270019297719583,-0.010684955963028146,-0.6865507261215884,-0.6874206446824462,0.3996787078741431,0.9588815993405444,-0.013672280107446545,-0.03989618807984849,-0.0026016963932080804,0.08112520297373275,0.41390077802624936,-0.044626442110906855,0.40502060614065993,0.369041310409799,0.8317251552332356,0.824877488876576
-0.4979253414328992,0.6681144931180489,-0.6500836042705146,-0.7030746009502787,-0.010684955963028146,1.241801069731663,1.2101537211250915,0.42965746389178827,0.9588815993405444,0.02323553770409685,-0.04100734150807676,-0.0005734573762531532,0.0651570241337625,0.41390077802624936,-0.009663281455169079,0.437226743638805,0.4096193266306015,0.7694257642616962,0.7625271313618244
-0.4979253414328992,0.6681144931180489,-0.5056205807161585,2.245320302063573,-0.010684955963028146,-0.6865507261215884,-0.6874206446824462,0.4596365058107659,0.9588815993405444,0.054677443904161564,-0.0122509412646988,0.07147420100984131,0.119983301937513,0.41390077802624936,0.028061473357585208,0.45805889062337657,0.4380892243973997,0.8002004264117414,0.793326937355728
-0.4979253414328992,0.6681144931180489,-0.3611575571618023,-0.7030746009502787,-0.010684955963028146,1.2340584190896038,1.2167056352711931,0.3696996659551655,1.0784903518252564,0.14153894656404836,0.0548009409384063,0.14787921636860926,0.1754849906589201,0.41390077802624936,0.05260008605737271,0.4848339400608226,0.47434741995035706,0.758456780630772,0.7515492177622641
-0.4979253414328992,0.6681144931180489,-0.2166945336074462,2.1621106624480997,-0.010684955963028146,-0.6865507261215884,-0.6874206446824462,0.5195943037473887,1.0784903518252564,0.26720064031022667,0.18012332311689638,0.32407077321171995,0.32807740566750915,0.41390077802624936,0.03421299785309336,0.46520911117847163,0.4645610085910352,0.7545443192750495,0.729337752296199
-0.4979253414328992,0.6681144931180489,-0.07223151005309006,-0.7030746009502787,-0.010684955963028146,1.1213384295283106,1.1129295154694496,0.5345838247068775,1.0186859755829005,0.3628759990068548,0.2786701778198018,0.45284364353216033,0.43936152620260227,0.41390077802624936,0.03988513582579598,0.4723202950426381,0.4790377792187549,0.7495462114550203,0.7451246944947462
-0.4979253414328992,0.6681144931180489,0.07223151350126605,1.1737942923180864,-0.010684955963028146,-0.6865507261215884,-0.6874206446824462,0.6694889415396119,0.7196640943711202,0.4122699493965996,0.3596619215974551,0.5392622083653184,0.5249702668896221,0.41390077802624936,0.05433325271674658,0.4931608999769109,0.49968160478696294,-0.005412699309449554,-0.012944080801305503
-0.4979253414328992,0.6681144931180489,0.2166945370556222,-0.7030746009502787,-0.010684955963028146,0.6823757852654907,0.6787259377226013,0.5195943037473887,0.7196640943711202,0.4504182067735186,0.41748016751626627,0.5553041118937799,0.5472165122714244,0.41390077802624936,0.10748586610733155,0.5520718208688304,0.5558405835641798,0.35836945660051833,0.3511351612189207
-0.4979253414328992,0.6681144931180489,0.3611575606099783,1.288578670457351,-0.010684955963028146,-0.6865507261215884,-0.6874206446824462,0.5495733456663663,0.7196640943711202,0.4501474940797572,0.44995270455373765,0.5726382200104855,0.5725956878134411,0.41390077802624936,0.16090094904207702,0.590019171250052,0.5898997842755546,0.10545067768943636,0.09800978364355947
-0.4979253414328992,0.6681144931180489,0.5056205841643344,-0.7030746009502787,-0.010684955963028146,0.7505484947115025,0.7471050699312177,0.3696996659551655,1.0784903518252564,0.42127147341186644,0.4376235631960639,0.5201501792468276,0.5266994815884417,0.41390077802624936,0.23092753420145962,0.6497912849179583,0.6471275824102877,0.45301500095346625,0.44585804245632193
-0.4979253414328992,0.6681144931180489,0.6500836077186906,1.802998044343574,-0.010684955963028146,-0.6865507261215884,-0.6874206446824462,0.3696996659551655,0.7196640943711202,0.3549122069843403,0.3916891623330692,0.4808345023807782,0.4863823322929045,0.41390077802624936,0.28561375063106503,0.6797519452056862,0.678082294127757,0.49289758986499316,0.48577302076278456
-0.4979253414328992,0.6681144931180489,0.7945466312730467,-0.7030746009502787,-0.010684955963028146,1.1335213211764952,1.129658327645878,0.3696996659551655,0.7196640943711202,0.2866468354787593,0.31309506083072874,0.3867008379277524,0.38909467896708055,0.41390077802624936,0.345798571450457,0.7280403318844085,0.7290727288780549,0.7679673312465662,0.7610673938759555
-0.4979253414328992,0.6681144931180489,0.9390096548274028,1.77011126013965,-0.010684955963028146,-0.6865507261215884,-0.6874206446824462,0.3696996659551655,0.7196640943711202,0.21738427349495065,0.23450165510385995,0.34814854812121065,0.347451120279037,0.41390077802624936,0.4014382585106399,0.7463283709729589,0.7494161059404524,0.44935543770623365,0.44219539490870224
-0.4979253414328992,0.6681144931180489,1.083472678381759,-0.7030746009502787,-0.010684955963028146,1.1969154108259266,1.1938711026485331,0.3696996659551655,0.7196640943711202,0.19099959428414018,0.17647189344166658,0.29488717388684627,0.2924531416275449,0.41390077802624936,0.4425483643034478,0.7725059421686916,0.7771490751410366,0.7580466075791913,0.7511386410100694
-0.4979253414328992,0.6681144931180489,1.227935701936115,2.245286976855802,-0.010684955963028146,-0.6865507261215884,-0.6874206446824462,0.24978407008191994,0.9588815993405444,0.15315474437076057,0.12839659145239865,0.2940433866701482,0.2896579169261589,0.41390077802624936,0.48199206566253144,0.7761862346412414,0.7818828859011905,0.7961892862631539,0.7893124545952356
-0.4979253414328992,0.6681144931180489,1.3723987254904713,-0.7030746009502787,-0.010684955963028146,1.2279830815603276,1.2257184133110004,0.2198050281629423,1.0784903518252564,0.15788960093000415,0.0898054049172194,0.2620192580804177,0.2567914451752768,0.41390077802624936,0.510888781482163,0.7925725362700516,0.7991198088268394,0.755028546356977,0.7481180569079308
-0.4979253414328992,0.6681144931180489,1.5168617490448273,1.403918827061694,-0.010684955963028146,0.5731112341408842,-0.6874206446824462,0.2198050281629423,1.0784903518252564,0.1345788839737171,0.05959344238714541,0.3131753086110365,0.2700693728179306,0.41390077802624936,0.5338453463510326,0.766336410037926,0.7921383113524316,0.7819924815716305,0.7751041656816725
-0.4979253414328992,0.6681144931180489,1.6613247725991833,-0.7030746009502787,-0.010684955963028146,1.0130102514893775,1.450366168117579,0.2797628260995651,0.9588815993405444,0.11962691185886226,0.03929767187905601,0.4077076583796141,0.25469929882672854,0.41390077802624936,0.5493790122106691,0.7183878594407879,0.8002801165011687,0.7066097925056505,0.6996597664312981
-0.4979253414328992,0.7783594250186899,-1.6613247691510074,1.4380506481946413,-0.010684955963028146,0.32139088582378705,-0.6874206446824462,0.2198050281629423,1.0784903518252564,0.0755955576080978,0.016990414482420616,0.5142527862735402,0.28955375717018295,0.41390077802624936,0.5664918336748413,0.6651704399208098,0.781929175932609,0.7685660544870638,0.7616666803816515
-0.4979253414328992,0.7783594250186899,-1.5168617455966513,-0.7030746009502787,-0.010684955963028146,-0.6865507261215884,0.4549548813671037,0.2198050281629423,1.0784903518252564,0.05231230425842423,-0.0026805496521252743,0.5429962569028671,0.2573203814360922,0.41390077802624936,0.5816273363692316,0.6509647712213742,0.7989145605743235,-0.6610498323059021,-0.6691165993032592
-0.4979253414328992,0.7783594250186899,-1.372398722042295,-0.4336556373658905,-0.010684955963028146,-0.6865507261215884,-0.6874206446824462,0.2198050281629423,0.9588815993405444,-0.010245868234716758,-0.0157312101739022,0.4307277982316326,0.20440071541555788,0.41390077802624936,0.591694694367013,0.706829312127324,0.8269833508518966,-1.1511407869134016,-1.1596077746580062
-0.4979253414328992,0.7783594250186899,-1.227935698487939,0.1445435482269917,-0.010684955963028146,-0.6865507261215884,-0.23927299084969803,0.2198050281629423,1.0784903518252564,-0.13415708400698328,-0.031974784335090246,0.19433061440219654,0.03164199515231139,0.41390077802624936,0.6042599718833247,0.8277198715591643,0.9202892064456236,-0.3908649158496349,-0.38631993894805905
-0.4979253414328992,0.7783594250186899,-1.083472674933583,-0.7030746009502787,-0.010684955963028146,0.21916743772220357,0.07390561856741847,0.2198050281629423,1.0784903518252564,-0.20306915805877224,-0.0584386043993748,-0.13879210286515214,-0.13298819540434267,0.41390077802624936,0.6248159888551893,1.0058789915473543,1.0116430201484015,-0.26862741496642306,-0.2652308052150924
-0.4979253414328992,0.7783594250186899,-0.9390096513792268,0.4390472781016982,-0.010684955963028146,0.08519108876063299,0.05938847748349027,0.24978407008191994,1.0784903518252564,-0.2661582936131072,-0.07135010982682133,-0.20254611204664874,-0.17392948948764206,0.41390077802624936,0.6348828648152404,1.0410553874841582,1.034739125635765,0.5278228725702985,0.5207268974259528
-0.4979253414328992,0.7783594250186899,-0.7945466278248707,-0.7030746009502787,-0.010684955963028146,0.8100667612692739,0.789375072153007,0.3696996659551655,0.7196640943711202,-0.31600212403499667,-0.0829354672052991,-0.21400686435046393,-0.1834747546251262,0.41390077802624936,0.6538457470883897,1.0464914635664757,1.0392235816040325,0.5298338349283553,0.522739460339378
-0.4979253414328992,0.7783594250186899,-0.6500836042705146,1.9668496700661249,-0.010684955963028146,-0.6865507261215884,-0.6874206446824462,0.2198050281629423,-0.596032182960713,-0.3517355457161159,-0.09252812363296549,-0.1825637719482632,-0.15775950112046838,0.41390077802624936,0.6514750855306646,0.9724666202995144,0.9678989404579389,0.6733616897934653,0.6663846288117496
-0.4979253414328992,0.7783594250186899,-0.5056205807161585,-0.7030746009502787,-0.010684955963028146,1.0819272896750733,1.0777381576967502,0.3846891869146543,0.7196640943711202,-0.1265267786362039,0.007810352909443873,0.580339228881155,-0.05335155197597549,0.41390077802624936,0.6038603626048875,0.5790292584011153,0.9082708295147938,0.7896867312732161,0.7881658688695152
-0.4979253414328992,0.7783594250186899,-0.3611575571618023,-0.7030746009502787,-0.010684955963028146,-0.6865507261215884,-0.6874206446824462,0.5195943037473887,0.36083783691698385,0.19428999591459367,0.16484409375941803,0.8996538408017721,0.08958574190249852,0.29534795795770763,0.5236883293354112,0.43389582955006656,0.8369990288762628,-1.2676136780735823,-1.2761757670616813
-0.4979253414328992,0.7783594250186899,-0.2166945336074462,-0.7030746009502787,-0.010684955963028146,-0.6865507261215884,-0.014941839027063766,0.5195943037473887,0.7196640943711202,0.5203013154877129,0.31846575169641067,1.0298822026276366,0.2571836717563738,0.3022463726648107,0.4565231201432219,0.39834012709973937,0.7749734436643682,-0.8841894095853075,-0.929779442525078
-0.4979253414328992,0.7783594250186899,-0.07223151005309006,-0.7030746009502787,-0.010684955963028146,-0.6865507261215884,-0.6874206446824462,0.5495733456663663,0.6598597181287641,0.8271927336946835,0.5120569273779252,1.0365777950996276,0.3351749165395583,0.06337187838524085,0.343073612160945,0.4091684714223326,0.7496043229549936,-1.2676136780735823,-1.2761757670616813
-0.4979253414328992,0.7783594250186899,0.07223151350126605,-0.7030746009502787,-0.010684955963028146,-0.6865507261215884,-0.6874206446824462,0.5195943037473887,0.36083783691698385,0.7820484494806774,0.587673109861595,0.8154143688887507,0.3062754667447917,0.41390077802624936,0.2980623750166387,0.5023336548631196,0.7546049564434182,-1.2676136780735823,-1.2761757670616813
-0.4979253414328992,0.7783594250186899,0.2166945370556222,-0.7030746009502787,-0.010684955963028146,-0.6865507261215884,0.7709576061358836,0.3696996659551655,0.7196640943711202,0.57725298885933,0.5878922791351654,0.5024107548737711,0.21380357463666863,0.41390077802624936,0.32015994865007397,0.6526997352626469,0.8026649265160396,-0.4072074899932929,-0.40835006293733234
-0.4979253414328992,0.7783594250186899,0.3611575606099783,-0.7030746009502787,-0.010684955963028146,-0.6865507261215884,-0.6874206446824462,0.2647733051400763,0.8392728468558323,0.2827535422936003,0.48311266775720124,0.16793366794818607,0.07484957767618138,0.41390077802624936,0.43393531413804876,0.8004865747443171,0.854874404876759,-1.2676136780735823,-1.2761757670616813
-0.4979253414328992,0.7783594250186899,0.5056205841643344,0.6374320607927142,-0.010684955963028146,0.5147123894735145,0.2927639944292324,0.2198050281629423,1.0784903518252564,-0.01513242852573006,0.4044747324001467,-0.21318379882376337,0.017023010651467194,0.41390077802624936,0.5122095648632461,0.9966225246461541,0.8792548403867804,0.9576714688887165,0.949453966573785
-0.4979253414328992,0.7783594250186899,0.6500836077186906,-0.7030746009502787,-0.010684955963028146,1.2475326939053177,1.1125510980277875,0.2198050281629423,1.0784903518252564,-0.12823279172321764,0.29713536306197474,-0.3044669876007336,-0.012743080862943042,0.41390077802624936,0.6137479205292588,1.045113468376695,0.8935807317139803,0.7842604761223957,0.7828627563822939
-0.4979253414328992,0.7783594250186899,0.7945466312730467,1.4969730197210769,-0.010684955963028146,0.45833994737414635,-0.6874206446824462,0.2198050281629423,0.7196640943711202,-0.29892106851220135,0.18009479632255865,-0.08334003156425245,0.0039534025207653475,0.41390077802624936,0.7169763004777814,0.908711029192846,0.8690435214749096,0.8723445098495959,0.862724028171234
-0.4979253414328992,0.7783594250186899,0.9390096548274028,-0.7030746009502787,-0.010684955963028146,1.0356418827094085,1.3711499469190533,0.2198050281629423,1.0784903518252564,-0.32032306480885137,0.10761238656320953,-0.00043254988427017906,-0.020905787989465064,0.41390077802624936,0.7872337817099884,0.8615182723061873,0.8793500406400749,0.746006716392913,0.7390888478236479
-0.4979253414328992,0.7783594250186899,1.083472678381759,1.5596348020613922,-0.010684955963028146,0.34567079308090914,-0.6874206446824462,0.2198050281629423,1.0784903518252564,-0.33233381543448126,0.04810271047281231,0.10762940571747266,0.003444809962288998,0.41390077802624936,0.8664051046513155,0.8076832055875162,0.8689229927138578,0.8207126738466224,0.8138557749654657
-0.4979253414328992,0.7783594250186899,1.227935701936115,-0.7030746009502787,-0.010684955963028146,0.9968221473944193,1.4213614857661934,0.3247313889780315,0.8392728468558323,-0.30218923769920586,0.01930317215019193,0.22025593519186396,0.016319932298629488,0.41390077802624936,0.918810800578766,0.752390769074176,0.8647140934420531,0.7165750923854671,0.7096331383061465
-0.4979253414328992,0.7783594250186899,1.3723987254904713,2.335862204059728,-0.010684955963028146,-0.6865507261215884,-0.6874206446824462,0.3696996659551655,1.0784903518252564,-0.27617400938688624,0.004300861430431088,0.3156486495291376,0.08473824450914874,0.41390077802624936,0.9691948302652448,0.7255411161829552,0.8502532623062841,0.8760319332296045,0.8692203921366684
-0.4979253414328992,0.7783594250186899,1.5168617490448273,-0.7030746009502787,-0.010684955963028146,1.1312686702858492,1.2490646148459355,0.3696996659551655,0.7196640943711202,-0.21456202353111933,-0.012022031134525286,0.30521237757879865,0.0940206690124123,0.41390077802624936,1.0186904644147396,0.7465291930607362,0.8615419161946584,0.740591425552411,0.7336692756295478
-0.4979253414328992,0.7783594250186899,1.6613247725991833,2.326548345991177,-0.010684955963028146,-0.6865507261215884,-0.6874206446824462,0.3696996659551655,0.7196640943711202,-0.1751674415302646,-0.026947806552404405,0.3113062121732623,0.1346144926597606,0.41390077802624936,1.0539934616703546,0.7465825432050053,0.8430079989924728,0.8535015337249824,0.8466714186624431
-0.4979253414328992,0.8886043569193308,-1.6613247691510074,-0.7030746009502787,-0.010684955963028146,1.1799456360351197,1.2371311821237148,0.2198050281629423,1.0784903518252564,-0.11459253377185441,-0.04559319764173522,0.26545408541440263,0.12387464532092723,0.41390077802624936,1.087791055094173,0.7687722995518728,0.8475365615001108,0.7449708586820191,0.7380521722255091
-0.4979253414328992,0.8886043569193308,-1.5168617455966513,0.027624833864242818,-0.010684955963028146,-0.6865507261215884,-0.6874206446824462,0.3696996659551655,0.7196640943711202,-0.10668497675335797,-0.05172437109793281,0.26865682982041567,0.15693316162188997,0.41390077802624936,1.1091520750756758,0.7653769749231021,0.8280733500822789,-0.8544646250839403,-0.8626893386798429
-0.4979253414328992,0.8886043569193308,-1.372398722042295,-0.7030746009502787,-0.010684955963028146,-0.6865507261215884,-0.24135867968446412,0.3696996659551655,0.48044658940169593,-0.14310825807679206,-0.05603539592028872,0.1857568079488325,0.10644822989729359,0.41390077802624936,1.1213297942568083,0.7959626560066985,0.8428154149938356,-1.0000282468124175,-1.0083718356623574
-0.4979253414328992,0.8886043569193308,-1.227935698487939,-0.055071490050891604,-0.010684955963028146,-0.6865507261215884,-0.5481115271768233,0.3696996659551655,0.7196640943711202,-0.24883791237553726,-0.06570110877247858,-0.016191809561165983,-0.05550066069107316,0.41390077802624936,1.145324186359062,0.8995413104937094,0.9282982552778396,-0.7273296723442774,-0.7531684249648929
-0.4979253414328992,0.8886043569193308,-1.083472674933583,-0.7030746009502787,-0.010684955963028146,0.28514858227869033,0.1626992107715038,0.3696996659551655,0.7196640943711202,-0.31232853970274554,-0.07858617473200233,-0.2923771247885944,-0.22437943004421526,0.41390077802624936,1.1721062026557696,1.0515449800776928,1.0239557318073074,-0.16347761197153543,-0.15366916027888033
-0.4979253414328992,0.8886043569193308,-0.9390096513792268,0.9576391113350361,-0.010684955963028146,-0.6865507261215884,0.3086407921004702,0.3696996659551655,0.6000553418864081,-0.36363382633370966,-0.08937278186902357,-0.356313484842069,-0.25808162108718563,0.41390077802624936,1.189865436716304,1.0827999235402102,1.0385493192595971,0.5905056549173953,0.5834608146782981
-0.4979253414328992,0.8886043569193308,-0.7945466278248707,-0.7030746009502787,-0.010684955963028146,0.8556674611059378,0.4704441620064571,0.3696996659551655,0.7196640943711202,-0.39011462816766734,-0.10077375874751357,-0.4208524316406707,-0.2441413024963723,0.41390077802624936,1.2173459256842485,1.1212593051841124,1.032625068634851,0.3773709658677673,0.37015217171994114
-0.4979253414328992,0.8886043569193308,-0.6500836042705146,1.2249934573597774,-0.010684955963028146,-0.6865507261215884,0.35552585545987636,0.3696996659551655,0.7196640943711202,-0.4079914743868581,-0.10834657898097415,-0.4182216058785886,-0.19277182659407385,0.41390077802624936,1.2381347668798588,1.12023394143572,1.004114776265164,0.777541331067973,0.7706492237134417
-0.4979253414328992,0.8886043569193308,-0.5056205807161585,-0.7030746009502787,-0.010684955963028146,1.0420131317064425,0.5732304137407905,0.4596365058107659,0.5402509656440521,-0.3705049591502449,-0.07331985018706819,-0.37821299569902284,-0.08163092572344766,0.41390077802624936,1.2238081234969496,1.1035952025389046,0.9480370233921345,0.5249770049429197,0.5178786491290723
-0.4979253414328992,0.8886043569193308,-0.3611575571618023,2.2335407369555593,-0.010684955963028146,-0.6865507261215884,-0.6874206446824462,0.5195943037473887,0.36083783691698385,-0.1846044598789738,0.06957086265063538,-0.14425185374569244,0.1014225216714537,0.41390077802624936,1.1067495990277494,0.9739404722525755,0.848468475906215,0.8959504902221669,0.8855396923274681
-0.4979253414328992,0.8886043569193308,-0.2166945336074462,-0.7030746009502787,-0.010684955963028146,1.1416415753528797,1.0069150010659895,0.6694889415396119,0.36083783691698385,0.157025151217075,0.2755447544011409,0.35966897889221866,0.347941810379455,0.26795575519687287,0.9468032136163128,0.7258332407534045,0.7345502370297717,0.7863451330252151,0.7837361018467082
-0.4979253414328992,0.8886043569193308,-0.07223151005309006,-0.7030746009502787,-0.010684955963028146,-0.6865507261215884,-0.6874206446824462,0.6694889415396119,0.18142470818991568,0.6623790531394029,0.466641575016783,0.6176581636990457,0.5016254615815109,-0.428391698458839,0.7981437416603732,0.6007698759317983,0.6586221395987923,-1.2676136780735823,-1.2761757670616813
-0.4979253414328992,0.8886043569193308,0.07223151350126605,-0.7030746009502787,-0.010684955963028146,-0.6865507261215884,-0.6874206446824462,0.6694889415396119,0.06181595570520356,0.7872514951431413,0.6123404376580741,0.6336834898755094,0.5614587314049494,-0.23599649597861275,0.6801240339569105,0.588195073431159,0.623615958386182,-1.2676136780735823,-1.2761757670616813
-0.4979253414328992,0.8886043569193308,0.2166945370556222,-0.7030746009502787,-0.010684955963028146,-0.6865507261215884,-0.6874206446824462,0.5195943037473887,0.7196640943711202,0.7361724563190407,0.6620473331283661,0.5576945660518912,0.514547781307278,0.41390077802624936,0.6557955897075435,0.6395250689447375,0.661689509227881,-1.2676136780735823,-1.2761757670616813
-0.4979253414328992,0.8886043569193308,0.3611575606099783,0.8925223720222814,-0.010684955963028146,-0.6865507261215884,0.5594103326457947,0.5495733456663663,0.48044658940169593,0.4452223539604059,0.6209367436103348,0.3795642878926147,0.34163119391388047,0.41390077802624936,0.7021194155915175,0.7410349956830359,0.7633236401912477,0.7133395423848073,0.671532188790662
-0.4979253414328992,0.8886043569193308,0.5056205841643344,-0.7030746009502787,-0.010684955963028146,-0.6865507261215884,-0.6874206446824462,0.5195943037473887,0.7196640943711202,0.34543726270268865,0.5641447665122103,0.1733171630095356,0.2637725900699466,0.41390077802624936,0.7624888568616228,0.8631556446201384,0.8199498862667454,-1.2676136780735823,-1.2761757670616813
-0.4979253414328992,0.8886043569193308,0.6500836077186906,0.47299796060531146,-0.010684955963028146,0.5133801079730429,0.291692753014776,0.5195943037473887,0.36083783691698385,0.1539878071047029,0.4769153956311967,-0.14250460084510358,0.10473691765653237,0.41390077802624936,0.839675630467213,1.0335108963506838,0.9055082753756117,0.935892214512296,0.9290340157198638
-0.4979253414328992,0.8886043569193308,0.7945466312730467,-0.7030746009502787,-0.010684955963028146,2.0104148420393693,-0.6874206446824462,0.5195943037473887,0.48044658940169593,0.05310024821007297,0.3632361201953315,-0.21503963337993914,0.02636321126937366,0.41390077802624936,0.9379317912274611,1.0725627682146806,0.9472269478423111,0.25002014203478773,0.2930279077170052
-0.4979253414328992,0.8886043569193308,0.9390096548274028,1.200154890000254,-0.010684955963028146,-0.6865507261215884,0.8363261336897732,0.5195943037473887,0.36083783691698385,-0.0967784615106373,0.2692716427487263,0.040907221660734724,-0.12471400478900263,0.41390077802624936,1.0240449395231597,0.9338797187985786,1.0331726884405,0.9267808726377642,0.9138283486839452
-0.4979253414328992,0.8886043569193308,1.083472678381759,-0.7030746009502787,-0.010684955963028146,0.7267980691969719,0.6580985263973302,0.5195943037473887,0.7196640943711202,-0.11961968157291293,0.21544575648625444,0.09574593093770854,-0.08200687734267338,0.41390077802624936,1.0806988339679409,0.9140265252742952,1.0188878467638032,0.3724659648140478,0.36524305736231844
-0.4979253414328992,0.8886043569193308,1.227935701936115,2.2815268861319202,-0.010684955963028146,-0.6865507261215884,-0.6874206446824462,0.4596365058107659,0.8392728468558323,-0.1375187602355527,0.16788811144789562,0.12409154511908353,-0.014753038654041576,0.41390077802624936,1.12999153023297,0.9061098843539678,0.9886080524383833,0.8830233886140645,0.8762175942439874
-0.4979253414328992,0.8886043569193308,1.3723987254904713,-0.7030746009502787,-0.010684955963028146,1.1882598173451993,1.2251234883778401,0.3696996659551655,1.0784903518252564,-0.12038800866269489,0.12795825290525786,0.10181987270977463,-0.0033670753289198395,0.41390077802624936,1.1655702530703294,0.919266550419949,0.9835637491089979,0.7827132501679666,0.7758254381017793
-0.4979253414328992,0.8886043569193308,1.5168617490448273,2.2997294371182706,-0.010684955963028146,-0.6865507261215884,-0.6874206446824462,0.3696996659551655,1.0784903518252564,-0.0926726523219216,0.09379219836978547,0.1275048218954711,0.045555460056037195,0.41390077802624936,1.195338975144114,0.9057533492434863,0.9566150902520701,0.8552125053630181,0.8483837242999612
-0.4979253414328992,0.8886043569193308,1.6613247725991833,-0.7030746009502787,-0.010684955963028146,1.2132174235770843,1.2338549112716906,0.2797628260995651,0.9588815993405444,-0.041700198447297096,0.06018345998710632,0.10971566546642057,0.04638304186718991,0.41390077802624936,1.2256808400792516,0.9133602990824464,0.9542529885544989,0.7730914387638602,0.7661959191400352
-0.4979253414328992,0.9988492888199717,-1.6613247691510074,1.4387479692088534,-0.010684955963028146,0.575415347895488,-0.6874206446824462,0.3247313889780315,0.8990772230981884,-0.028351577842353225,0.03568033520193716,0.17644448046395772,0.08982742508628648,0.41390077802624936,1.2494910937685222,0.8760338489574954,0.9284074298802417,0.7989691882858306,0.7920945930760847
-0.4979253414328992,0.9988492888199717,-1.5168617455966513,-0.7030746009502787,-0.010684955963028146,-0.6865507261215884,0.6231649903475985,0.3696996659551655,0.7196640943711202,-0.014925797580733377,0.019914758789774053,0.2386012617804473,0.07870430239538533,0.41390077802624936,1.2654735367550887,0.8405325810039631,0.9315804805244556,-0.5537228947416577,-0.5617020661083083
-0.4979253414328992,0.9988492888199717,-1.372398722042295,-0.7030746009502787,-0.010684955963028146,-0.6865507261215884,-0.6874206446824462,0.3696996659551655,0.8392728468558323,-0.05587992009999661,0.006826526392527918,0.17692025046630022,0.0645247418650647,0.41390077802624936,1.285251544830213,0.8754877690255047,0.9420110220379496,-1.2676136780735823,-1.2761757670616813
-0.4979253414328992,0.9988492888199717,-1.227935698487939,0.2175313074460546,-0.010684955963028146,-0.6865507261215884,-0.19679997363225757,0.3696996659551655,0.7196640943711202,-0.1680602524759325,-0.00857794254984779,0.005832860303372769,-0.04603514286675812,0.41390077802624936,1.2998413808138785,0.9666692379556016,1.0030640798916466,-0.30474924543876303,-0.3426885860763042
-0.4979253414328992,0.9988492888199717,-1.083472674933583,-0.7030746009502787,-0.010684955963028146,-0.6865507261215884,0.040415047422377184,0.3696996659551655,0.7196640943711202,-0.2280558089138773,-0.029791440905046207,-0.21238642819265974,-0.1820808041408542,0.41390077802624936,1.3249131272434023,1.0873559391125922,1.080444854582188,-0.8501755576430624,-0.8497416135223483
-0.4979253414328992,0.9988492888199717,-0.9390096513792268,0.25098255975256706,-0.010684955963028146,0.1816066074868192,-0.11844669690648824,0.2198050281629423,1.0784903518252564,-0.3486812003234593,-0.06512709400836567,-0.5096796857191377,-0.26277125135038437,0.41390077802624936,1.3581674641451476,1.2512467148253557,1.1202145420468057,0.35605562763776666,0.3398188185766117
-0.4979253414328992,0.9988492888199717,-0.7945466278248707,-0.7030746009502787,-0.010684955963028146,1.026250642232307,0.871504626524572,0.2198050281629423,0.7196640943711202,-0.38673595065881333,-0.08881616149170196,-0.5273237903182058,-0.27502304264705624,0.41390077802624936,1.3788960506244674,1.2480166455215163,1.1140667018363402,0.7571358508516015,0.75022722611599
-0.4979253414328992,0.9988492888199717,-0.6500836042705146,2.279845396481771,-0.010684955963028146,-0.6865507261215884,-0.6874206446824462,0.2198050281629423,0.7196640943711202,-0.4049260127724769,-0.0982877529873009,-0.44389412205028655,-0.2358191007435121,0.41390077802624936,1.3767288089889385,1.1717788556199114,1.0644455349493689,0.916282815122152,0.909504193627306
-0.4979253414328992,0.9988492888199717,-0.5056205807161585,-0.7030746009502787,-0.010684955963028146,1.2288763597274022,1.1580170436844652,0.3996787078741431,0.48044658940169593,-0.14360064130964809,0.007913327679248372,0.5128859836013053,-0.09934622172029588,0.41390077802624936,1.2798103029303347,0.6467982550762578,0.972029234016014,0.8010331747675581,0.7995195645812536
-0.4979253414328992,0.9988492888199717,-0.3611575571618023,-0.7030746009502787,-0.010684955963028146,-0.6865507261215884,-0.6874206446824462,0.5195943037473887,0.36083783691698385,0.2741417399340867,0.15999593027294676,1.0663059604376355,0.050462361060217016,-0.23445588108031812,1.1508618358050047,0.3874480228486294,0.8920352560423767,-1.2676136780735823,-1.2761757670616813
-0.4979253414328992,0.9988492888199717,-0.2166945336074462,-0.7030746009502787,-0.010684955963028146,-0.6865507261215884,-0.6684631895664525,0.5195943037473887,-0.2970103017489328,0.7277738238584793,0.27725010008216,1.2761279912790826,0.153143536750171,-1.0886948188213434,1.0024568797706752,0.22030158711241785,0.7508008765973203,-1.2676136780735823,-1.2761757670616813
-0.4979253414328992,0.9988492888199717,-0.07223151005309006,-0.7030746009502787,-0.010684955963028146,-0.6865507261215884,-0.6874206446824462,0.5195943037473887,-0.2970103017489328,1.2503650623031413,0.40776087995275917,1.2222690035051904,0.14877615073202288,-1.8252112149688715,0.8372611034760286,0.16167324848872058,0.6582105513477364,-1.2676136780735823,-1.2761757670616813
-0.4979253414328992,0.9988492888199717,0.07223151350126605,-0.7030746009502787,-0.010684955963028146,-0.6865507261215884,-0.6874206446824462,0.5195943037473887,-0.2970103017489328,1.471862973013255,0.534649452717938,0.9868415947676372,0.12604898022692534,-1.8007290625714822,0.7180247325412323,0.23748293601314135,0.6415481051799272,-1.2676136780735823,-1.2761757670616813
-0.4979253414328992,0.9988492888199717,0.2166945370556222,-0.7030746009502787,-0.010684955963028146,-0.6865507261215884,-0.6874206446824462,0.5195943037473887,-0.536227806718357,1.5270850930636184,0.6455080543917259,0.7535667551870239,0.2732796090470333,-1.5887728252752673,0.5902023055539352,0.28345969997737297,0.506812234768252,-1.2676136780735823,-1.2761757670616813
-0.4979253414328992,0.9988492888199717,0.3611575606099783,-0.7030746009502787,-0.010684955963028146,-0.6865507261215884,-0.6874206446824462,0.3996787078741431,-0.2970103017489328,1.370695546889326,0.6878870425945787,0.541326088689069,0.382581439226209,-0.6024287800988425,0.5041927953702557,0.30668956726698343,0.38013061147418714,-1.2676136780735823,-1.2761757670616813
-0.4979253414328992,0.9988492888199717,0.5056205841643344,-0.7030746009502787,-0.010684955963028146,-0.6865507261215884,-0.6874206446824462,0.3696996659551655,-0.2970103017489328,1.1683685413862142,0.69455048428659,0.34479909415001536,0.4879162474492692,0.41390077802624936,0.45619244226022077,0.3401344690905972,0.276390939128894,-1.2676136780735823,-1.2761757670616813
-0.4979253414328992,0.9988492888199717,0.6500836077186906,0.44142098248422357,-0.010684955963028146,0.4993867067471194,0.5446458814345004,0.3696996659551655,-0.2970103017489328,0.8417955256683097,0.6181425093161803,0.04737736214555294,0.6759604119019873,0.41390077802624936,0.47965032636862565,0.43839676001413824,0.15620345788411413,0.9699885234604186,0.9646639317711174
-0.4979253414328992,0.9988492888199717,0.7945466312730467,-0.7030746009502787,-0.010684955963028146,2.030338710740541,-0.6874206446824462,0.2198050281629423,0.0020115794628475024,0.550166025993689,0.47220638723905584,-0.11573466397113819,0.3438006463313172,0.41390077802624936,0.5628886016406821,0.4868089797513064,0.2767601676342178,0.26208268081287106,0.31182100447580186
-0.4979253414328992,0.9988492888199717,0.9390096548274028,1.5483685526537174,-0.010684955963028146,0.40436858259622954,-0.6874206446824462,0.2198050281629423,-0.2970103017489328,0.13875269828357095,0.32712606899206337,0.18382886191146547,0.0030794370682795886,0.41390077802624936,0.635730287145147,0.2990702558092292,0.38554086807082427,0.8324047627301799,0.8226318018750401
-0.4979253414328992,0.9988492888199717,1.083472678381759,-0.7030746009502787,-0.010684955963028146,0.7764745860193761,1.7251336291251456,0.06991039037071911,0.0020115794628475024,0.0453947448688043,0.20782910239807978,0.2968864025378047,-0.4272028873722093,0.41390077802624936,0.6630907487182413,0.1802169779028535,0.5192487504262817,0.7753346288093151,0.7707196316908869
-0.4979253414328992,0.9988492888199717,1.227935701936115,-0.7030746009502787,-0.010684955963028146,-0.6865507261215884,-0.6874206446824462,0.1298681883073419,0.0020115794628475024,-0.05600089074817505,0.1353682616783519,0.33694142930296483,-0.308016459100534,0.41390077802624936,0.6855064672536894,0.1348426802019538,0.42978649588472206,-1.2676136780735823,-1.2761757670616813
-0.4979253414328992,0.9988492888199717,1.3723987254904713,0.7600312897380926,-0.010684955963028146,0.2513471037955003,0.48828783087461464,0.06991039037071911,0.0020115794628475024,-0.20773470170608654,0.08336252404972169,0.20609638998277485,-0.3106489341832076,0.41390077802624936,0.670056675959129,0.14399331429663634,0.38043280677363606,0.9023421439093765,0.891600304595284
-0.4979253414328992,0.9988492888199717,1.5168617490448273,-0.7030746009502787,-0.010684955963028146,1.1016959329898355,1.2787238401353869,0.0998892893390305,0.06181595570520356,-0.24500412367137414,0.045754468255986745,0.18605520028479644,-0.2470699818851025,0.41390077802624936,0.6648559708866816,0.12956231714234037,0.32587432766763363,0.7421862833467476,0.7352653262345401
-0.4979253414328992,0.9988492888199717,1.6613247725991833,2.370977297989694,-0.010684955963028146,-0.6865507261215884,-0.6874206446824462,0.1298681883073419,0.0020115794628475024,-0.27207735473370837,0.013502492043029043,0.21590272255718995,-0.13009857592410345,0.41390077802624936,0.6566854313577184,0.09771640155326454,0.25158341257427574,0.9135482082830855,0.9067672881784783
-0.4979253414328992,1.1090942207206127,-1.6613247691510074,-0.7030746009502787,-0.010684955963028146,1.1633953045054333,1.2689665691852008,0.06991039037071911,0.0020115794628475024,-0.23210669088936606,-0.01565119599466222,0.19092562630180795,-0.07842964072337412,0.41390077802624936,0.6435180887162343,0.0863348205720105,0.20532547848890292,0.7792975978896188,0.7724069670573342
-0.4979253414328992,1.1090942207206127,-1.5168617455966513,1.1318830060163085,-0.010684955963028146,-0.6865507261215884,-0.6874206446824462,0.2198050281629423,0.36083783691698385,-0.21176858240129076,-0.031674905106808225,0.20339676820990105,-0.003752791925268303,0.41390077802624936,0.6411782775732497,0.08908777476449994,0.18030833669767266,-0.019525204631476254,-0.027068146218593325
-0.4979253414328992,1.1090942207206127,-1.372398722042295,-0.7030746009502787,-0.010684955963028146,0.411761662320916,0.46929196561691877,0.2797628260995651,0.24122908443227173,-0.19645304444650505,-0.04211014563064521,0.15081423653985462,-0.0067164624820216885,0.41390077802624936,0.6478535360627531,0.13981942455434454,0.21098858346470326,0.08543074576212749,0.07797359720158495
-0.4979253414328992,1.1090942207206127,-1.227935698487939,1.200013705786688,-0.010684955963028146,-0.6865507261215884,-0.6874206446824462,0.3696996659551655,0.36083783691698385,-0.20710761602174535,-0.04637177039451383,0.09406001423951225,-0.02505671701472564,0.41390077802624936,0.6650892771481576,0.21481151027431555,0.2709964036750028,0.07453231117710417,0.06706619391664644
-0.4979253414328992,1.1090942207206127,-1.083472674933583,-0.7030746009502787,-0.010684955963028146,0.8446905995826208,0.8761657085782562,0.3696996659551655,0.36083783691698385,-0.20247280545802232,-0.05031681731878078,0.01567400531698366,-0.07410619710227836,0.41390077802624936,0.6885134186154399,0.29874148012340807,0.3438184836676432,0.6274544819762046,0.6204399440647799
-0.4979253414328992,1.1090942207206127,-0.9390096513792268,1.698443429983203,-0.010684955963028146,-0.6865507261215884,-0.6874206446824462,0.3097418680185427,0.36083783691698385,-0.21297305771991065,-0.05854714537295252,-0.010264577354282172,-0.07847358312042649,0.41390077802624936,0.7082143006537127,0.3408319246351888,0.37673222445061544,0.4458145047017896,0.4386516631601978
-0.4979253414328992,1.1090942207206127,-0.7945466278248707,-0.7030746009502787,-0.010684955963028146,1.0453625064357037,1.0624882904139377,0.3696996659551655,0.36083783691698385,-0.20010897360307608,-0.07545796821145484,-0.06523756318243977,-0.1164031955094523,0.41390077802624936,0.73487628955557,0.3938834382187202,0.42295893459970124,0.7905370944226591,0.783655664825964
-0.4979253414328992,1.1090942207206127,-0.6500836042705146,2.085976537779248,-0.010684955963028146,-0.6865507261215884,-0.6874206446824462,0.2198050281629423,0.7196640943711202,-0.20344907128359208,-0.09644742686478132,-0.07551054821559848,-0.11425896928291601,0.41390077802624936,0.7703851169220326,0.43499124247162513,0.45869134526749017,0.7234403683298702,0.7165040563376409
-0.4979253414328992,1.1090942207206127,-0.5056205807161585,-0.7030746009502787,-0.010684955963028146,1.200687052997867,1.2098169316938718,0.33972062403618786,0.7196640943711202,-0.1447711140676989,-0.07662895833024519,-0.06602664513754443,-0.09594475468920605,0.41390077802624936,0.7817014346790792,0.478704095232501,0.49849269336680435,0.78230685171502,0.7754187501622923
-0.4979253414328992,1.1090942207206127,-0.3611575571618023,1.9628560201671559,-0.010684955963028146,-0.6865507261215884,-0.6874206446824462,0.3696996659551655,0.7196640943711202,-0.07989619018809196,-0.01782897322093304,0.0296172160824989,-0.0007297177576848805,0.41390077802624936,0.7646830926100501,0.4868445465141525,0.5060272693769811,0.6113398216929341,0.604312219068424
-0.4979253414328992,1.1090942207206127,-0.2166945336074462,-0.7030746009502787,-0.010684955963028146,1.1288474052962194,1.1340849122136014,0.3696996659551655,0.7196640943711202,0.01778270400052935,0.05886357391738244,0.10696133843195338,0.07364929923817719,0.41390077802624936,0.7416146949877456,0.5075307396487521,0.5276527929699885,0.7685827705667295,0.7616834636786006
-0.4979253414328992,1.1090942207206127,-0.07223151005309006,1.8832037568973101,-0.010684955963028146,-0.6865507261215884,-0.6874206446824462,0.3996787078741431,0.9588815993405444,0.09705313501337032,0.14249021940618195,0.2275449968653832,0.1930944994036052,0.41390077802624936,0.708771054232235,0.5018077438881089,0.5213018879990551,0.5428418207929044,0.5357579772387296
-0.4979253414328992,1.1090942207206127,0.07223151350126605,-0.7030746009502787,-0.010684955963028146,1.1153390311031675,1.119322029897173,0.5195943037473887,0.7196640943711202,0.1840042213424487,0.2161394446314915,0.2904585343005814,0.2611165162925597,0.41390077802624936,0.6913347854510163,0.5306061951386892,0.547291557148483,0.761761891091976,0.7548569599817155
-0.4979253414328992,1.1090942207206127,0.2166945370556222,1.3524752771630182,-0.010684955963028146,-0.6865507261215884,-0.6874206446824462,0.5195943037473887,0.7196640943711202,0.22111147724963764,0.2663702590319374,0.3710493310388435,0.35009091909455264,0.41390077802624936,0.6902723742933861,0.5446483434772349,0.5565840626065379,0.1400729140472547,0.13266033291552495
-0.4979253414328992,1.1090942207206127,0.3611575606099783,-0.7030746009502787,-0.010684955963028146,0.973271820373286,0.9751146526565091,0.4746260267702547,0.9588815993405444,0.23832265795614924,0.2876526391588294,0.3848193084759797,0.3741428714959694,0.41390077802624936,0.7046732514867651,0.5817778751835015,0.5887704821883075,0.7251605068503032,0.7182257769953988
-0.4979253414328992,1.1090942207206127,0.5056205841643344,1.3996942298895185,-0.010684955963028146,-0.6865507261215884,-0.6874206446824462,0.5195943037473887,1.0784903518252564,0.2079158681672546,0.28058286459137316,0.4006034341808725,0.3963850481373039,0.41390077802624936,0.7461116249739224,0.621405971979706,0.6252749756442838,0.18106505521443814,0.1736859765987497
-0.4979253414328992,1.1090942207206127,0.6500836077186906,-0.7030746009502787,-0.010684955963028146,0.9835721335143268,0.9827907322705447,0.5195943037473887,1.0784903518252564,0.17537280212106834,0.2493168022217464,0.36378347765812147,0.3595613194074291,0.41390077802624936,0.7895523831928386,0.662751032565255,0.667200206458728,0.7383424837376087,0.731418471769186
-0.4979253414328992,1.1090942207206127,0.7945466312730467,1.8923257262695043,-0.010684955963028146,-0.6865507261215884,-0.6874206446824462,0.5345838247068775,1.0186859755829005,0.11758414264313556,0.19024129002566004,0.3336118681541671,0.32757776433806196,0.41390077802624936,0.8368928266500624,0.6797270050975929,0.6854819303293648,0.551388231071854,0.5443115231265516
-0.4979253414328992,1.1090942207206127,0.9390096548274028,-0.7030746009502787,-0.010684955963028146,1.1130809410480382,1.1116388379597453,0.5195943037473887,1.0784903518252564,0.09694655006389419,0.14524896915128221,0.2623947351031723,0.2560973180514683,0.41390077802624936,0.8823378977516587,0.7261494379499265,0.7329993026280479,0.7595476396360498,0.7526409507613703
-0.4979253414328992,1.1090942207206127,1.083472678381759,2.2749883370330877,-0.010684955963028146,-0.6865507261215884,-0.6874206446824462,0.3696996659551655,0.7196640943711202,0.05529341336677826,0.09539665660741502,0.21433616279337925,0.20796004957679876,0.41390077802624936,0.9441216377225299,0.75971665473845,0.7672792543854796,0.8258818968047344,0.8190293285872138
-0.4979253414328992,1.1090942207206127,1.227935701936115,-0.7030746009502787,-0.010684955963028146,1.2278927077504505,1.2265398866628008,0.3097418680185427,0.9588815993405444,0.06534705507349972,0.042839169029764784,0.16397002308546502,0.15791047308225814,0.41390077802624936,1.006892590965101,0.791914551157399,0.8000045598047059,0.760142049049537,0.7532357344312994
-0.4979253414328992,1.1090942207206127,1.3723987254904713,2.2980778684880017,-0.010684955963028146,-0.6865507261215884,-0.6874206446824462,0.3696996659551655,0.7196640943711202,0.06536209466759758,0.011305233103551967,0.1907001743146352,0.18376569125900863,0.41390077802624936,1.0449287421516436,0.7828363518114396,0.7910701470425298,0.8192955816736764,0.8124375863732635
-0.4979253414328992,1.1090942207206127,1.5168617490448273,-0.7030746009502787,-0.010684955963028146,1.2322731179472588,1.2310587222486407,0.3696996659551655,0.7196640943711202,0.0906632692079666,-0.010123955647858578,0.16377441033188864,0.15706254756876636,0.41390077802624936,1.0700009706188978,0.7955523370109375,0.8040125778080908,0.7540284574617118,0.7471171993215737
-0.4979253414328992,1.1090942207206127,1.6613247725991833,2.308837610571119,-0.010684955963028146,-0.6865507261215884,-0.6874206446824462,0.3097418680185427,0.9588815993405444,0.08659277037061108,-0.029705164746561357,0.17602673119360818,0.1689042098262829,0.41390077802624936,1.1056683883986365,0.7964614581685644,0.805025718118382,0.8184734381425938,0.8116147954740497
-0.4979253414328992,1.2193391526212536,-1.6613247691510074,-0.7030746009502787,-0.010684955963028146,1.242148548662696,1.241029362900593,0.3696996659551655,0.7196640943711202,0.11742720774820138,-0.03789792092526389,0.16963118879278097,0.16249512984138734,0.41390077802624936,1.1274049157720605,0.8042137112459811,0.8128989537452099,0.7571099678895387,0.7502012324731542
-0.4979253414328992,1.2193391526212536,-1.5168617455966513,-0.1896424863442618,-0.010684955963028146,-0.6865507261215884,-0.6874206446824462,0.3696996659551655,0.7196640943711202,0.090695310082349,-0.04203361032876349,0.20446683628137177,0.19660093993876457,0.41390077802624936,1.1407438638455394,0.7879132903372138,0.7965376111308257,-1.0089267058175513,-1.017277549358876
-0.4979253414328992,1.2193391526212536,-1.372398722042295,-0.7030746009502787,-0.010684955963028146,-0.6865507261215884,-0.23974261337956612,0.2797628260995651,0.9588815993405444,0.011139126781648695,-0.0541157513940008,0.13052604429710604,0.131896574027263,0.41390077802624936,1.1675287723686287,0.8312227639584938,0.8359203838045303,-1.0016113314538715,-1.0099562198292267
-0.4979253414328992,1.2193391526212536,-1.227935698487939,0.1675783439239815,-0.010684955963028146,-0.6865507261215884,-0.28549488234927595,0.2198050281629423,1.0784903518252564,-0.1446704141767828,-0.07489786895677497,-0.0661799856435259,-0.036572880034817325,0.41390077802624936,1.1975038065909913,0.9352117374412657,0.926916541509839,-0.40435020869861554,-0.42347370672627077
-0.4979253414328992,1.2193391526212536,-1.083472674933583,-0.7030746009502787,-0.010684955963028146,0.5717439118692218,0.33499958555696224,0.2198050281629423,1.0784903518252564,-0.2224126916502021,-0.0965142213100599,-0.3329485360684922,-0.17896577643869827,0.41390077802624936,1.2280736753725716,1.0809899223041524,1.00512267619454,0.11095206532735613,0.1220574850679074
-0.4979253414328992,1.2193391526212536,-0.9390096513792268,0.652067739540901,-0.010684955963028146,0.2539471290178621,0.1940859461978297,0.2198050281629423,0.9588815993405444,-0.29891452955824577,-0.11726155009925147,-0.35571670017014106,-0.20519287749420664,0.41390077802624936,1.2529988823320777,1.0854166830554597,1.0116203118311018,0.8757290666249097,0.8689170647454657
-0.4979253414328992,1.2193391526212536,-0.7945466278248707,-0.7030746009502787,-0.010684955963028146,0.7471874048587387,0.6948681924051543,0.2198050281629423,1.0784903518252564,-0.34845560641199136,-0.13001441871916133,-0.3120478106694176,-0.18722369209216705,0.41390077802624936,1.2794781789341427,1.059907073015617,1.0004849390845,0.4076277890337616,0.40043374225195194
-0.4979253414328992,1.2193391526212536,-0.6500836042705146,1.216743139255348,-0.010684955963028146,-0.6865507261215884,0.24610276007069876,0.06991039037071911,1.0784903518252564,-0.3824771299475368,-0.14176467488442063,-0.24752295462001417,-0.12676139499240502,0.41390077802624936,1.2895223991208686,1.0059136908281796,0.9487353041490981,0.6701782652025157,0.6631984631580031
-0.4979253414328992,1.2193391526212536,-0.5056205807161585,-0.7030746009502787,-0.010684955963028146,0.8866110770503917,0.5368472188349404,0.11487881029851932,0.48044658940169593,-0.19666882992703957,-0.05104599001307209,0.5448578935322422,0.08076389882019115,0.41390077802624936,1.1827086225342087,0.5386828864918239,0.7742769097010429,0.36743244766397415,0.38038752676667853
-0.4979253414328992,1.2193391526212536,-0.3611575571618023,-0.7030746009502787,-0.010684955963028146,-0.6865507261215884,-0.6874206446824462,0.2198050281629423,0.0020115794628475024,0.30642782508981825,0.08676417033062842,0.9805662381687954,0.18744952887856453,-0.44284646242900616,1.0327264390462645,0.287464864466651,0.6628404278864036,-1.2676136780735823,-1.2761757670616813
-0.4979253414328992,1.2193391526212536,-0.2166945336074462,-0.7030746009502787,-0.010684955963028146,-0.6865507261215884,-0.09335274649090823,0.2198050281629423,-0.2970103017489328,0.7105868372816034,0.1992383626495923,1.2063389971027152,0.2516135660559408,-0.8102778754855449,0.8760540538991771,0.09737201119107192,0.5247373943874435,-0.931948013096935,-0.9742841408612471
-0.4979253414328992,1.2193391526212536,-0.07223151005309006,-0.7030746009502787,-0.010684955963028146,-0.6865507261215884,-0.6874206446824462,0.35471014499567666,-0.47642343047600094,1.276854364777241,0.3187739802303525,1.210544671304607,0.26265531393748576,-1.7377292087448477,0.7447570989517167,0.0476184473794948,0.46455642325773433,-1.2676136780735823,-1.2761757670616813
-0.4979253414328992,1.2193391526212536,0.07223151350126605,-0.7030746009502787,-0.010684955963028146,-0.6865507261215884,-0.6874206446824462,0.3696996659551655,-0.47642343047600094,1.562258780286139,0.4076258995112587,0.9304678226956489,0.2286333198937454,-1.9495072796922803,0.6469116343377033,0.12534613765154254,0.43871130128188673,-1.2676136780735823,-1.2761757670616813
-0.4979253414328992,1.2193391526212536,0.2166945370556222,-0.7030746009502787,-0.010684955963028146,-0.6865507261215884,-0.6874206446824462,0.5195943037473887,-0.536227806718357,1.8006683876115985,0.4904809300019961,0.6685854467720922,0.3464469551315813,-2.010938570958066,0.5691073703995703,0.2204577338761324,0.36554488459327017,-1.2676136780735823,-1.2761757670616813
-0.4979253414328992,1.2193391526212536,0.3611575606099783,-0.7030746009502787,-0.010684955963028146,-0.6865507261215884,-0.6874206446824462,0.5195943037473887,-0.536227806718357,1.8881105493827417,0.5361683305725543,0.48802741541270905,0.7041169096873315,-1.492291671708824,0.4977508431422284,0.254622212035864,0.15937541678230396,-1.2676136780735823,-1.2761757670616813
-0.4979253414328992,1.2193391526212536,0.5056205841643344,-0.7030746009502787,-0.010684955963028146,-0.6865507261215884,-0.6874206446824462,0.5195943037473887,-0.536227806718357,1.8255085658980983,0.5534500017374472,0.29153026010725186,1.1439485680057724,-0.8169364060890586,0.4658090949801509,0.3199386201681624,-0.04508568685027461,-1.2676136780735823,-1.2761757670616813
-0.4979253414328992,1.2193391526212536,0.6500836077186906,0.9439736261356567,-0.010684955963028146,1.06670432347796,-0.6874206446824462,0.5195943037473887,-0.536227806718357,1.4407349366030588,0.5505841025697125,0.09018505820998046,1.5602254740079629,0.41390077802624936,0.43512980363378745,0.37732667637285483,-0.23571196651725765,0.9147487103915465,0.908792745576145
-0.4979253414328992,1.2193391526212536,0.7945466312730467,-0.7030746009502787,-0.010684955963028146,2.5062400808009615,-0.6874206446824462,0.2198050281629423,0.12162033194755961,1.0910127160915704,0.4624112601491387,0.09524529490736904,1.137085416584669,0.41390077802624936,0.48842389509822204,0.36378788447678334,-0.08252973693452324,0.4722751600985525,0.5202721110135018
-0.4979253414328992,1.2193391526212536,0.9390096548274028,1.5650775609950343,-0.010684955963028146,0.3515420573427424,-0.6874206446824462,-0.22987888521372726,0.7196640943711202,0.4453936745540424,0.31858264197564823,0.45732201517441917,0.52703718704727,0.41390077802624936,0.5791183299829039,0.17757874820759317,0.14636922804894018,0.774955012032392,0.7637326633012197
-0.4979253414328992,1.2193391526212536,1.083472678381759,-0.7030746009502787,-0.010684955963028146,0.6544583321608064,1.8362808353789881,-0.22987888521372726,0.7196640943711202,0.32930304771266294,0.19541368488192115,0.5553770522425712,-0.2231628766443398,0.41390077802624936,0.650186598677513,0.10906913875733243,0.4619336126096269,0.7688638882935798,0.7624405541104892
-0.4979253414328992,1.2193391526212536,1.227935701936115,2.253989872781891,-0.010684955963028146,-0.6865507261215884,-0.6874206446824462,-0.28983668315035005,0.7794684706134762,0.1216513720035133,0.1000430452071072,0.5482512774862321,-0.34677609454499325,0.41390077802624936,0.6994320552449705,0.08176297345275178,0.488087043662658,0.8287265062325686,0.8183706865191367
-0.4979253414328992,1.2193391526212536,1.3723987254904713,-0.7030746009502787,-0.010684955963028146,1.0815011520576658,1.4699746345239249,-0.37977352300595046,1.0784903518252564,0.13358757855404946,0.02183579486700528,0.4198306758957493,-0.24373768344196547,0.41390077802624936,0.7430844280274983,0.11745942486092718,0.4181908430143931,0.7698902196364923,0.7663856522653016
-0.4979253414328992,1.2193391526212536,1.5168617490448273,2.281523840279597,-0.010684955963028146,-0.6865507261215884,-0.6874206446824462,-0.37977352300595046,1.0784903518252564,0.0797464855791071,-0.03185580672943775,0.38796071667960014,-0.15327574912494088,0.41390077802624936,0.7547964987611394,0.1012702585213065,0.34314312957718396,0.8287198557492608,0.8190385389331005
-0.4979253414328992,1.2193391526212536,1.6613247725991833,-0.7030746009502787,-0.010684955963028146,1.1893512066186485,1.3783049442516182,-0.31981572506932765,0.9588815993405444,0.09941696686831654,-0.07923672479799697,0.23681588097026302,-0.13558893431136734,0.41390077802624936,0.7659301242183938,0.1408502100653657,0.3090457177549685,0.7701603730530242,0.7663776699655331
-0.4979253414328992,1.3295840845218945,-1.6613247691510074,1.456941203470451,-0.010684955963028146,0.5960951558605294,-0.6874206446824462,-0.22987888521372726,0.7196640943711202,0.07250655575947652,-0.10488370445856204,0.2688043682531978,-0.07388323012464233,0.41390077802624936,0.7635531961701745,0.10874144742403705,0.2610820396816657,0.791929921318671,0.7850497018445077
-0.4979253414328992,1.3295840845218945,-1.5168617455966513,-0.7030746009502787,-0.010684955963028146,-0.6865507261215884,1.7236965214279545,-0.37977352300595046,1.0784903518252564,0.040927331526344396,-0.14144809704481898,0.2739267700205789,-0.06519240048539847,0.41390077802624936,0.7583818953992768,0.08025984398149415,0.22932205609687858,0.07376678662553425,0.0662999954760477
-0.4979253414328992,1.3295840845218945,-1.372398722042295,0.2812669318980555,-0.010684955963028146,-0.6865507261215884,-0.6280991478326787,-0.37977352300595046,0.8990772230981884,-0.028513090005056328,-0.17085574312966323,0.16588470724123366,0.017385942301195917,0.41390077802624936,0.7458600012786941,0.09628548996022489,0.16224932901593614,-0.6301622467467176,-0.6382038130664784
-0.4979253414328992,1.3295840845218945,-1.227935698487939,-0.7030746009502787,-0.010684955963028146,1.135291141619926,0.8768224479691341,-0.37977352300595046,1.0784903518252564,-0.12171018515251543,-0.203199561704879,-0.06414760228857147,0.022268430862568873,0.41390077802624936,0.737191516774308,0.1704152985516834,0.13611751453418072,0.721175788892155,0.7375294339278493
-0.4979253414328992,1.3295840845218945,-1.083472674933583,0.851684838248297,-0.010684955963028146,0.2493064757203884,0.18265576265210356,-0.37977352300595046,1.0784903518252564,-0.20992982854897851,-0.22588601673356473,-0.07169609952085938,0.04231348765128555,0.41390077802624936,0.7401849710796096,0.16499505401624232,0.11875154722849254,0.8178702213322936,0.8110112108069398
-0.4979253414328992,1.3295840845218945,-0.9390096513792268,-0.7030746009502787,-0.010684955963028146,1.1372668135191886,1.0819725003469016,-0.4996892618298623,1.0784903518252564,-0.2751029287289604,-0.2512094607998116,-0.045992086380365206,0.05972200061686083,0.41390077802624936,0.7300641068937623,0.1304176544146878,0.08781168325694982,0.7027138674868014,0.6957607200059192
-0.4979253414328992,1.3295840845218945,-0.7945466278248707,1.0222423557796685,-0.010684955963028146,0.19331948210411973,0.1684625460614942,-0.5296681607981737,0.7196640943711202,-0.34125752589767655,-0.274182575322818,0.029310535070535954,0.11253506563713855,0.41390077802624936,0.7091470436618864,0.05906357141876046,0.025903351568035023,0.7943997670249688,0.7875215540061508
-0.4979253414328992,1.3295840845218945,-0.6500836042705146,-0.7030746009502787,-0.010684955963028146,1.0706414417693748,1.0471518201345258,-0.5296681607981737,0.7196640943711202,-0.3633245338116102,-0.2808154028940767,0.11357321527635447,0.16695691063838866,0.41390077802624936,0.6701174127131496,-0.01944810572943739,-0.040597737294730186,0.6782566252508271,0.6712835094517204
-0.4979253414328992,1.3295840845218945,-0.5056205807161585,1.6115805592578163,-0.010684955963028146,0.2655305619803904,-0.6874206446824462,-0.10996314638981547,0.7196640943711202,-0.07793842737378795,-0.1952106677393705,1.1576919287969933,0.29802894356463283,0.2764762988180533,0.5942191259607109,-0.394955915484314,-0.07902632394344071,0.8099859834994543,0.7984358138819161
-0.4979253414328992,1.3295840845218945,-0.3611575571618023,-0.7030746009502787,-0.010684955963028146,-0.6865507261215884,1.4353717169189397,0.2198050281629423,0.0020115794628475024,0.31884856812846374,0.01384898822791175,1.539419442122469,0.5104196372286371,-0.028778551971257046,0.43224528985553873,-0.5069567360391781,-0.14518656969750665,-0.11753157971118022,-0.10250855431908348
-0.4979253414328992,1.3295840845218945,-0.2166945336074462,-0.7030746009502787,-0.010684955963028146,-0.6865507261215884,-0.6874206446824462,0.5195943037473887,-0.8352496879301373,0.9567372582996918,0.17546788943607272,1.785276491869562,0.6230391183852658,-1.3448444620171647,0.2956006083278826,-0.5925501026628408,-0.19678183174511202,-1.2676136780735823,-1.2761757670616813
-0.4979253414328992,1.3295840845218945,-0.07223151005309006,-0.7030746009502787,-0.010684955963028146,-0.6865507261215884,-0.6874206446824462,0.6395098996206342,-1.8519240840501903,1.3182884465168447,0.3170310626738642,1.6324117558904327,0.6538280912532837,-1.9685361444338014,0.11176129975642528,-0.639979465270628,-0.31813638948957,-1.2676136780735823,-1.2761757670616813
-0.4979253414328992,1.3295840845218945,0.07223151350126605,-0.7030746009502787,-0.010684955963028146,-0.6865507261215884,-0.6874206446824462,0.819383579331835,-2.1509459652619705,1.6631672638334267,0.4349984023415208,1.3106793371809078,0.605663155343433,-2.427861800940092,-0.023222761790270493,-0.5949816547666845,-0.36302985939412175,-1.2676136780735823,-1.2761757670616813
-0.4979253414328992,1.3295840845218945,0.2166945370556222,-0.7030746009502787,-0.010684955963028146,-0.6865507261215884,-0.6874206446824462,0.819383579331835,-2.1509459652619705,1.9118894554422492,0.521898671424443,1.0360738435988883,0.6261012524613402,-2.5407156268194777,-0.11560746197632761,-0.5430461568027017,-0.4095231739222734,-1.2676136780735823,-1.2761757670616813
-0.4979253414328992,1.3295840845218945,0.3611575606099783,-0.7030746009502787,-0.010684955963028146,-0.6865507261215884,-0.6874206446824462,0.8793413772684578,-2.330359093989039,2.014770741397939,0.5832410201071717,0.8105969903981328,1.0115493119389283,-2.1308037666807107,-0.23470789827117294,-0.5520948617599595,-0.6238678543103117,-1.2676136780735823,-1.2761757670616813
-0.4979253414328992,1.3295840845218945,0.5056205841643344,-0.7030746009502787,-0.010684955963028146,-0.6865507261215884,-0.6874206446824462,0.819383579331835,-2.1509459652619705,1.9510179020171114,0.6139963832806059,0.5777639372482661,1.3749301506152978,-1.3241014739723256,-0.3146473483357687,-0.5325212143168261,-0.7896066916137181,-1.2676136780735823,-1.2761757670616813
-0.4979253414328992,1.3295840845218945,0.6500836077186906,-0.7030746009502787,-0.010684955963028146,-0.6865507261215884,-0.6874206446824462,0.6694889415396119,-1.9715328365349023,1.682860631461481,0.5999841610570059,0.3642609053956638,1.6899662150531394,0.15251909950311301,-0.3456093548109661,-0.49521276444380324,-0.9096721156530124,-1.2676136780735823,-1.2761757670616813
-0.4979253414328992,1.3295840845218945,0.7945466312730467,0.9544789499659012,-0.010684955963028146,1.067510575013301,-0.6874206446824462,0.3097418680185427,-1.1940759453842735,0.9279946322924951,0.49854288039202804,0.003421684455264113,1.3495428375923455,0.41390077802624936,-0.2929452866600628,-0.37119840225565154,-0.8126896961487933,0.9225082067266658,0.9078643427107634
-0.4979253414328992,1.3295840845218945,0.9390096548274028,-0.7030746009502787,-0.010684955963028146,1.0035964175598069,1.4762278310875536,-0.07998424742150408,-0.596032182960713,0.6561977799651825,0.3412280462515065,-0.13872745119235996,0.3234894939160057,0.41390077802624936,-0.21807084804682875,-0.3320465530887764,-0.49666961679768024,0.8301766710792617,0.8279408499184997
-0.4979253414328992,1.3295840845218945,1.083472678381759,1.3747759328662428,-0.010684955963028146,0.642664026975231,-0.6874206446824462,-0.22987888521372726,-0.8950540641724933,0.26521541388930914,0.21447375815235656,0.10012649620317923,0.1595583129717215,0.41390077802624936,-0.1646977023946213,-0.4461622948099519,-0.46888533553396705,0.8450162359953481,0.8376413908807481
-0.4979253414328992,1.3295840845218945,1.227935701936115,-0.7030746009502787,-0.010684955963028146,1.0388340446652373,1.557685689270519,-0.28983668315035005,-0.35681467799128885,0.15350784788436247,0.11397942790429716,0.2021286007820543,0.036561916125988206,0.41390077802624936,-0.11858814228177562,-0.4895929990436158,-0.4344049392065251,0.7647393304431748,0.7614182057170631
-0.4979253414328992,1.3295840845218945,1.3723987254904713,1.5325982043312745,-0.010684955963028146,0.4755423510459338,-0.6874206446824462,-0.37977352300595046,0.0020115794628475024,0.01328194199289593,0.038796017763994904,0.34882821955312854,0.06359706903840383,0.41390077802624936,-0.09762576750324933,-0.5499222530392758,-0.4559068771496134,0.8139908326503181,0.8048818279565031
-0.4979253414328992,1.3295840845218945,1.5168617490448273,-0.7030746009502787,-0.010684955963028146,1.0338626483274487,1.5764952744111336,-0.22987888521372726,-0.2970103017489328,-9.218053247474573e-05,-0.012155620025082473,0.43798204746595604,0.03198702434398174,0.41390077802624936,-0.091955557681468,-0.5863827392371267,-0.45264954371234517,0.7334045897529342,0.7302960376171241
-0.4979253414328992,1.3295840845218945,1.6613247725991833,1.609686755783967,-0.010684955963028146,0.38448163745395436,-0.6874206446824462,-0.30482620410983885,-0.23720592550657674,-0.08171074991076852,-0.060160648691713545,0.5180233049854847,0.0904572661107036,0.41390077802624936,-0.09369185758608896,-0.623927577960773,-0.48580980074754126,0.8003035987744089,0.7903812640668013
-0.4979253414328992,1.4398290164225354,-1.6613247691510074,-0.7030746009502787,-0.010684955963028146,0.982555009755939,1.529089337956239,-0.37977352300595046,0.0020115794628475024,-0.08602842120764538,-0.09708336564587126,0.5423149277357495,0.0827649053822605,0.41390077802624936,-0.0885051316078209,-0.6350853485807029,-0.4868537282957099,0.713188198953856,0.7062435263454798
-0.4979253414328992,1.4398290164225354,-1.5168617455966513,1.9589082372208173,-0.010684955963028146,-0.6865507261215884,-0.6874206446824462,-0.37977352300595046,0.0020115794628475024,-0.11141264046325042,-0.13112487637191797,0.5502322710499928,0.12230248400416514,0.41390077802624936,-0.09559614763972725,-0.6444949260585453,-0.5078977879563239,0.567997543518994,0.560934355382907
-0.4979253414328992,1.4398290164225354,-1.372398722042295,-0.7030746009502787,-0.010684955963028146,1.0369468637881463,1.2147116744895885,-0.5296681607981737,-0.1175971730218646,-0.11096537601268798,-0.16871484200338996,0.46398611067761397,0.1015193576945876,0.41390077802624936,-0.10608504763267555,-0.6362792207116036,-0.5208295196108494,0.7158742752390546,0.7089319239726374
-0.4979253414328992,1.4398290164225354,-1.227935698487939,2.3284686662970158,-0.010684955963028146,-0.6865507261215884,-0.6874206446824462,-0.5296681607981737,0.0020115794628475024,-0.12435584592294763,-0.1991591935409957,0.40515723277472226,0.11362060559395047,0.41390077802624936,-0.11644476151389747,-0.636335607042945,-0.5445125477607263,0.8381184266055742,0.8312758138269051
-0.4979253414328992,1.4398290164225354,-1.083472674933583,-0.7030746009502787,-0.010684955963028146,1.1720107318484374,1.2619801757542277,-0.6795627985903968,0.0020115794628475024,-0.10961508202085839,-0.23794937186106743,0.290238055519008,0.06255954021911209,0.41390077802624936,-0.123752935543314,-0.6242964746900486,-0.5526351381794407,0.7399759862322477,0.7330532058269026
-0.4979253414328992,1.4398290164225354,-0.9390096513792268,2.3397949369122344,-0.010684955963028146,-0.6865507261215884,-0.6874206446824462,-0.7395205965270196,0.3010334606746278,-0.11697859807024964,-0.2640778281480157,0.2363873564211148,0.060509708771429,0.41390077802624936,-0.12885024352260727,-0.6240945682497455,-0.5694486819969743,0.8396800319833717,0.8328387071867053
-0.4979253414328992,1.4398290164225354,-0.7945466278248707,-0.7030746009502787,-0.010684955963028146,1.2183978093502144,1.2668077698496825,-0.6795627985903968,0.3010334606746278,-0.09900235975093388,-0.28900120131806273,0.14136183043059677,0.007466353040673191,0.41390077802624936,-0.13707163803211941,-0.6082272377397808,-0.5665629789062827,0.7592647244812785,0.7523576814567653
-0.4979253414328992,1.4398290164225354,-0.6500836042705146,1.4868819318067774,-0.010684955963028146,0.5592869700105296,-0.6874206446824462,-0.5296681607981737,0.0020115794628475024,-0.10375421759046201,-0.2962010858987178,0.1584945237205266,0.013874619277475197,0.41390077802624936,-0.15740278440278865,-0.625065931242353,-0.5803748762053738,0.7909294729378216,0.7840484349094445
-0.4979253414328992,1.4398290164225354,-0.5056205807161585,-0.7030746009502787,-0.010684955963028146,1.0123506481964535,1.481850122729097,-0.10996314638981547,-0.057792796779508555,0.09198871517476494,-0.20305623195771866,1.0892166897664672,0.12183213760608622,0.41390077802624936,-0.209853068820294,-0.8663304645627444,-0.5764541978839105,0.7109455481367773,0.7083737770119021
-0.4979253414328992,1.4398290164225354,-0.3611575571618023,-0.7030746009502787,-0.010684955963028146,-0.6865507261215884,-0.6874206446824462,0.3696996659551655,-0.8352496879301373,0.43007617491307,0.008521435441472236,1.5622074990465156,0.30242643826224275,0.27508473812004725,-0.33441234139217435,-0.9690132269929432,-0.6060448821189685,-1.2676136780735823,-1.2761757670616813
-0.4979253414328992,1.4398290164225354,-0.2166945336074462,-0.7030746009502787,-0.010684955963028146,-0.6865507261215884,0.426576920218161,0.6694889415396119,-0.8352496879301373,0.9027477310699575,0.16983697854399293,1.7843042301748795,0.47278216040520016,-0.22854611493606627,-0.3955634068419974,-0.9598662796968485,-0.5816413015932378,-0.6491554429098318,-0.6983465530093593
-0.4979253414328992,1.4398290164225354,-0.07223151005309006,-0.7030746009502787,-0.010684955963028146,-0.6865507261215884,-0.6874206446824462,0.8793413772684578,-1.1342715691419176,1.5354170281938326,0.3376058391460861,1.7064420655754877,0.5497855150028002,-1.2041384614307418,-0.4789373757351396,-0.9113657936640805,-0.5744425466600499,-1.2676136780735823,-1.2761757670616813
-0.4979253414328992,1.4398290164225354,0.07223151350126605,-0.7030746009502787,-0.010684955963028146,-0.6865507261215884,-0.6874206446824462,1.1191728549162814,-1.493097826596054,1.8265953400455177,0.48390863489677116,1.4562351186641203,0.5645460916719242,-1.4987568976463386,-0.5381050969435515,-0.7933773953322792,-0.5241206971748623,-1.2676136780735823,-1.2761757670616813
-0.4979253414328992,1.4398290164225354,0.2166945370556222,-0.7030746009502787,-0.010684955963028146,-0.6865507261215884,-0.6874206446824462,1.1191728549162814,-2.1509459652619705,2.06020731685376,0.5914135987971963,1.2066125234106821,0.6292821937590747,-1.6599951143225051,-0.6181648154218626,-0.7439925113794725,-0.5718000845835102,-1.2676136780735823,-1.2761757670616813
-0.4979253414328992,1.4398290164225354,0.3611575606099783,-0.7030746009502787,-0.010684955963028146,-0.6865507261215884,-0.6874206446824462,1.0592150569796586,-1.9715328365349023,2.143796726954269,0.665200587565893,0.9896174723597018,1.0661119353603647,-1.1668923786477081,-0.6608345542911284,-0.670341119122395,-0.7034179283505823,-1.2676136780735823,-1.2761757670616813
-0.4979253414328992,1.4398290164225354,0.5056205841643344,-0.7030746009502787,-0.010684955963028146,-0.6865507261215884,-0.6874206446824462,0.9692782171240583,-1.55290220283841,2.069365775763961,0.6844770470080122,0.7486756074800148,1.496865419947026,-0.42118120151988186,-0.6555933580493338,-0.5632259573077548,-0.8040079134165756,-1.2676136780735823,-1.2761757670616813
-0.4979253414328992,1.4398290164225354,0.6500836077186906,-0.7030746009502787,-0.010684955963028146,-0.6865507261215884,-0.6874206446824462,0.819383579331835,-1.55290220283841,1.8159845794617797,0.6761868822632784,0.5726266158640869,1.9023129663200913,0.41390077802624936,-0.6454621300522847,-0.4920321416151401,-0.9083052496309385,-1.2676136780735823,-1.2761757670616813
-0.4979253414328992,1.4398290164225354,0.7945466312730467,0.9525905215255632,-0.010684955963028146,1.054805837372665,-0.6874206446824462,0.4596365058107659,-0.596032182960713,1.0004377414803034,0.5740032091700479,0.14255622864205245,1.4283405067362502,0.41390077802624936,-0.5740993363044488,-0.3152345346583388,-0.7479908616224815,0.9081958274198197,0.898838203741776
-0.4979253414328992,1.4398290164225354,0.9390096548274028,-0.7030746009502787,-0.010684955963028146,0.9976891711329299,1.4821344064788033,0.2198050281629423,0.0020115794628475024,0.7533254403353475,0.435367859116968,0.0448484870982585,0.4517842045989222,0.41390077802624936,-0.489604388669442,-0.27382788284932463,-0.42322218468248074,0.8281338942470025,0.825733846369688
-0.4979253414328992,1.4398290164225354,1.083472678381759,1.3684624185037542,-0.010684955963028146,0.6353271170837669,-0.6874206446824462,-0.22987888521372726,0.7196640943711202,0.3413033360119639,0.28787180843239973,0.18917754453361918,0.2529554366622248,0.41390077802624936,-0.3842408225944567,-0.2967990236262803,-0.3222151526353115,0.8342142334182885,0.8268521870346891
-0.4979253414328992,1.4398290164225354,1.227935701936115,-0.7030746009502787,-0.010684955963028146,1.0350393906435595,1.5615192315789213,-0.25985778418203864,0.3010334606746278,0.22426783032400152,0.18091094095080645,0.3081780658512403,0.11039165315869581,0.41390077802624936,-0.32175692282029245,-0.3434361582787213,-0.27278460460413445,0.7619993313203451,0.7586505991152797
-0.4979253414328992,1.4398290164225354,1.3723987254904713,1.5329886109319857,-0.010684955963028146,0.475066737951591,-0.6874206446824462,-0.22987888521372726,0.0020115794628475024,0.05994522521078584,0.11032938978001067,0.44549904772944776,0.1419593829522527,0.41390077802624936,-0.27878976667141786,-0.3956000208846365,-0.2884854408739862,0.810318148179262,0.8012408758903055
-0.4979253414328992,1.4398290164225354,1.5168617490448273,-0.7030746009502787,-0.010684955963028146,1.02397477029329,1.5713746107547233,-0.37977352300595046,0.7196640943711202,0.04551244604000494,0.03913068576585953,0.5149888207022513,0.0958507884748336,0.41390077802624936,-0.23352786990734395,-0.4178212234547521,-0.26912529028082177,0.724349327629539,0.7211642866819691
-0.4979253414328992,1.4398290164225354,1.6613247725991833,1.6087436165705002,-0.010684955963028146,0.3855388227507484,-0.6874206446824462,-0.5896259587347964,0.7794684706134762,-0.03685156408922622,-0.018017528373750737,0.619815706061585,0.1720119137955968,0.41390077802624936,-0.1961713919205559,-0.4517540839149738,-0.29561628920448,0.7970926735362673,0.7872053321307066
-0.4979253414328992,1.5500739483231762,-1.6613247691510074,-0.7030746009502787,-0.010684955963028146,1.0297482341937398,1.579709626212449,-0.6795627985903968,0.6598597181287641,-0.042947176966628337,-0.07469261519263762,0.6461927596931979,0.14925056587056962,0.41390077802624936,-0.15982309584673696,-0.46068437757641467,-0.28707708850299946,0.7112782520449614,0.7083076671958707
-0.4979253414328992,1.5500739483231762,-1.5168617455966513,1.9084166057570104,-0.010684955963028146,-0.6865507261215884,-0.6874206446824462,-0.5296681607981737,0.7196640943711202,-0.10009828843389096,-0.11069830007515798,0.65494808815094,0.21158366983743104,0.41390077802624936,-0.13657634426421325,-0.46371102234641487,-0.3103983120205159,0.6026203191051887,0.5424133731764748
-0.4979253414328992,1.5500739483231762,-1.372398722042295,-0.7030746009502787,-0.010684955963028146,1.0284907412049145,1.2088245533946762,-0.5596470597664851,0.7794684706134762,-0.08811630920566565,-0.14033416051470407,0.5693766260048796,0.19296267221244814,0.41390077802624936,-0.11734834123938663,-0.43467900156177824,-0.30357992140209683,0.7127636464789069,0.7058186223885724
-0.4979253414328992,1.5500739483231762,-1.227935698487939,2.3014223935065776,-0.010684955963028146,-0.6865507261215884,-0.6874206446824462,-0.6795627985903968,0.6598597181287641,-0.10997210890683368,-0.1855832225381215,0.47330092476528846,0.17222511579611008,0.41390077802624936,-0.09458941183994911,-0.41169506542501816,-0.30650252550840035,0.8304746846285698,0.823625905207747
-0.4979253414328992,1.5500739483231762,-1.083472674933583,-0.7030746009502787,-0.010684955963028146,1.1692273440233962,1.2608959648088796,-0.6795627985903968,0.6598597181287641,-0.09601275000243759,-0.22412570479028512,0.34700802630374844,0.11204274804053344,0.41390077802624936,-0.08404821075326083,-0.38617461185991747,-0.30337183460991846,0.7372717559250467,0.7303467968566777
-0.4979253414328992,1.5500739483231762,-0.9390096513792268,2.3297826828227692,-0.010684955963028146,-0.6865507261215884,-0.6874206446824462,-0.7095416975587082,0.8990772230981884,-0.10639333940693861,-0.2516408415922359,0.2781084070620736,0.09708198934039314,0.41390077802624936,-0.07654408838646827,-0.37686154175687075,-0.313216545206923,0.8323222607886043,0.8254749333130947
-0.4979253414328992,1.5500739483231762,-0.7945466278248707,-0.7030746009502787,-0.010684955963028146,1.2092466243055995,1.2586934456030974,-0.6795627985903968,1.0784903518252564,-0.08977981909196805,-0.27728225504902776,0.1765406291055461,0.038784262169506464,0.41390077802624936,-0.0673251167940541,-0.3503055315296354,-0.3012147628156583,0.7508008161439046,0.7438870286819238
-0.4979253414328992,1.5500739483231762,-0.6500836042705146,0.9154447399349911,-0.010684955963028146,0.304431257166728,0.32466872664379254,-0.5296681607981737,0.7196640943711202,-0.10074826045707673,-0.28457189466552596,0.18642321749915197,0.07333844746643645,0.41390077802624936,-0.06792260256078861,-0.359052786484722,-0.31942050116302323,0.7864490243590512,0.7795642245087292
-0.4979253414328992,1.5500739483231762,-0.5056205807161585,-0.7030746009502787,-0.010684955963028146,1.2177923885034898,1.2461479346971822,-0.07998424742150408,0.18142470818991568,0.07876302690418618,-0.19352062911872775,1.16500171216051,0.3374371362396611,0.41390077802624936,-0.11760888263262584,-0.6683760554751484,-0.4003699752568836,0.6682683182936211,0.6665784554240769
-0.4979253414328992,1.5500739483231762,-0.3611575571618023,-0.7030746009502787,-0.010684955963028146,-0.6865507261215884,-0.6874206446824462,0.2198050281629423,-0.596032182960713,0.382333310397112,0.0015038440343899699,1.5743678156046461,0.48938343526196176,0.13469547770923734,-0.23599903633184127,-0.7782894974178564,-0.44024774557787927,-1.2676136780735823,-1.2761757670616813
-0.4979253414328992,1.5500739483231762,-0.2166945336074462,-0.7030746009502787,-0.010684955963028146,-0.6865507261215884,0.25918723865955606,0.5195943037473887,-1.3734890741113417,0.8604544307805893,0.15926119137488223,1.7940956431324964,0.6273064133879057,-0.4145098615710308,-0.34069642626352115,-0.848265802094508,-0.49667354708336675,-0.7495303786324831,-0.802933765860028
-0.4979253414328992,1.5500739483231762,-0.07223151005309006,-0.7030746009502787,-0.010684955963028146,-0.6865507261215884,-0.6874206446824462,0.8343731002913238,-1.7323153315654782,1.4905709202802016,0.329234268671169,1.7064868244258822,0.67415633237856,-1.4482531424392049,-0.4430079704489708,-0.8227260470544481,-0.5116075409459463,-1.2676136780735823,-1.2761757670616813
-0.4979253414328992,1.5500739483231762,0.07223151350126605,-0.7030746009502787,-0.010684955963028146,-0.6865507261215884,-0.6874206446824462,0.9692782171240583,-1.9715328365349023,1.7879370442600624,0.4668788344526163,1.4463318085805168,0.658126308683479,-1.6809255846036446,-0.5290326648211553,-0.7547384449101053,-0.514151964229529,-1.2676136780735823,-1.2761757670616813
-0.4979253414328992,1.5500739483231762,0.2166945370556222,-0.7030746009502787,-0.010684955963028146,-0.6865507261215884,-0.6874206446824462,1.1191728549162814,-2.1509459652619705,2.0417321563476323,0.5825737714298574,1.2063182754127177,0.712213703218275,-1.7366229471020813,-0.6010228306750058,-0.6886380499016569,-0.5385946292629196,-1.2676136780735823,-1.2761757670616813
-0.4979253414328992,1.5500739483231762,0.3611575606099783,-0.7030746009502787,-0.010684955963028146,-0.6865507261215884,-0.6874206446824462,0.7594257813952123,-1.0146628166572054,2.1225091623518417,0.6306880368455379,0.9653341382854359,1.0367673653584197,-1.0360181328506286,-0.605865622732689,-0.5758029285134457,-0.6068724256051762,-1.2676136780735823,-1.2761757670616813
-0.4979253414328992,1.5500739483231762,0.5056205841643344,-0.7030746009502787,-0.010684955963028146,-0.6865507261215884,-0.6874206446824462,0.6694889415396119,-0.8352496879301373,2.0544412672557195,0.647191135257652,0.719203562230376,1.4294610378610852,-0.16834219185078128,-0.6055723027737878,-0.4790817193995652,-0.7154847788048786,-1.2676136780735823,-1.2761757670616813
-0.4979253414328992,1.5500739483231762,0.6500836077186906,-0.7030746009502787,-0.010684955963028146,2.6984701951772396,-0.6874206446824462,0.5195943037473887,-0.536227806718357,1.7699804228026135,0.6259546763118892,0.5286021421630064,1.765767663716548,0.41390077802624936,-0.5848670951243885,-0.39915626342823524,-0.8032323370411113,0.6565672422704585,0.6741714645730904
-0.4979253414328992,1.5500739483231762,0.7945466312730467,2.2889146905255533,-0.010684955963028146,-0.6865507261215884,-0.6874206446824462,0.42965746389178827,0.18142470818991568,0.9698217051648298,0.5459244942360589,0.4886996270362278,1.2945302114751693,0.41390077802624936,-0.4948918605333474,-0.3114180475085492,-0.593313595034453,0.866186342049329,0.8533718429578567
-0.4979253414328992,1.5500739483231762,0.9390096548274028,-0.7030746009502787,-0.010684955963028146,0.9397301665934932,1.524992639682325,0.06991039037071911,0.36083783691698385,0.7617914240216515,0.40631575429813793,0.5020692614226123,0.38256109552386997,0.41390077802624936,-0.39063216086080016,-0.2842010159815889,-0.24212073402746415,0.8065011302461466,0.8023221704974066
-0.4979253414328992,1.5500739483231762,1.083472678381759,2.2775361029174905,-0.010684955963028146,-0.6865507261215884,-0.6874206446824462,-0.07998424742150408,0.7196640943711202,0.46699314726015123,0.3018012333748732,0.5084805523078377,0.2656946630669404,0.41390077802624936,-0.3243592035074374,-0.2834571501488933,-0.19405596027233704,0.8153309949082438,0.8074756660325569
-0.4979253414328992,1.5500739483231762,1.227935701936115,-0.7030746009502787,-0.010684955963028146,1.1932494139641439,1.3778407605572853,-0.05000534845319268,0.7196640943711202,0.40240136008682137,0.21936784281995686,0.41541364045588297,0.17382494454805328,0.41390077802624936,-0.2720190647113107,-0.24698582042578443,-0.15576122168617146,0.7858017705646855,0.7809979683517623
-0.4979253414328992,1.5500739483231762,1.3723987254904713,1.3825991149742995,-0.010684955963028146,0.637559580306234,-0.6874206446824462,-0.22987888521372726,0.7196640943711202,0.29609497004919305,0.14580837263049043,0.45427841334758695,0.19547064383680673,0.41390077802624936,-0.2261384725203681,-0.2615265540556909,-0.164488857751398,0.7891070607686815,0.7816594758607819
-0.4979253414328992,1.5500739483231762,1.5168617490448273,-0.7030746009502787,-0.010684955963028146,1.0250780838888756,1.5724883169235508,-0.5296681607981737,0.7196640943711202,0.23879869380411628,0.05122535078958657,0.4837720091548232,0.10007332733232764,0.41390077802624936,-0.17162578967367872,-0.285562962753988,-0.1408540847757828,0.729655514595234,0.7258267684441807
-0.4979253414328992,1.5500739483231762,1.6613247725991833,1.547491526352441,-0.010684955963028146,0.45816087334346356,-0.6874206446824462,-0.34979462403763906,0.9588815993405444,0.11540928655750593,0.0009367870249935742,0.5857467611029016,0.16717580887555689,0.41390077802624936,-0.13638160102116303,-0.32271461525178086,-0.16771081861748796,0.7852231785169035,0.7758907292203985
-0.4979253414328992,1.6603188802238171,-1.6613247691510074,-0.7030746009502787,-0.010684955963028146,1.0154707412228778,1.580358102757033,-0.5296681607981737,1.0784903518252564,0.08834324834452285,-0.057019222437204684,0.6209122978962526,0.1354087107990773,0.41390077802624936,-0.09619652563284369,-0.3358374495189572,-0.15589332295507796,0.7058072409389071,0.7023743623756445
-0.4979253414328992,1.6603188802238171,-1.5168617455966513,1.7879002918811906,-0.010684955963028146,-0.6865507261215884,-0.6874206446824462,-0.5296681607981737,1.0784903518252564,-0.006272799811299546,-0.1009052603116558,0.6276410450722395,0.19206673556143622,0.41390077802624936,-0.06711470732476842,-0.34201066844831063,-0.18216859286438972,0.5006860247896412,0.4431753757110495
-0.4979253414328992,1.6603188802238171,-1.372398722042295,-0.7030746009502787,-0.010684955963028146,1.03076180157535,1.211976986145283,-0.5596470597664851,1.0784903518252564,-0.01261362346203633,-0.13675161261116783,0.5363644872360684,0.16604469902550548,0.41390077802624936,-0.0445119581499553,-0.31442061965247675,-0.17739307740611823,0.7134168317854119,0.7064725569465297
-0.4979253414328992,1.6603188802238171,-1.227935698487939,2.2949293530248083,-0.010684955963028146,-0.6865507261215884,-0.6874206446824462,-0.6795627985903968,1.0784903518252564,-0.04386982336976226,-0.17729723244621762,0.4606432876472179,0.1627408817656431,0.41390077802624936,-0.02220566217929042,-0.2981533799309988,-0.18778082247547068,0.8221313837046974,0.8152758056268451
-0.4979253414328992,1.6603188802238171,-1.083472674933583,-0.7030746009502787,-0.010684955963028146,1.1737205122839172,1.2653606212253494,-0.6795627985903968,0.6598597181287641,-0.04056830551758426,-0.21559132285500146,0.34100370941007396,0.10789670150383424,0.41390077802624936,-0.008835381653340512,-0.2768421660005308,-0.18968177065249558,0.7374000922786087,0.7304753323503856
-0.4979253414328992,1.6603188802238171,-0.9390096513792268,2.3264910123003886,-0.010684955963028146,-0.6865507261215884,-0.6874206446824462,-0.5896259587347964,0.8990772230981884,-0.05494811916132486,-0.23811148754596237,0.2843365182077211,0.1042397175713659,0.41390077802624936,-0.00750977789495416,-0.2763837017526245,-0.20929280448197998,0.8260765582485828,0.8192239738969531
-0.4979253414328992,1.6603188802238171,-0.7945466278248707,-0.7030746009502787,-0.010684955963028146,1.2124440162272778,1.2617791480254066,-0.5296681607981737,1.0784903518252564,-0.03755515553484783,-0.2558488916447873,0.20128895790335574,0.0635352241832931,0.41390077802624936,0.00486581777447566,-0.2500148507713414,-0.19792183294339447,0.7505134074193306,0.743599461215905
-0.4979253414328992,1.6603188802238171,-0.6500836042705146,0.8929753081795085,-0.010684955963028146,0.2965807646288546,0.31675365204518047,-0.37977352300595046,1.0784903518252564,-0.04935600573850327,-0.25776227419183034,0.2216674967144934,0.1092589158124573,0.41390077802624936,0.010750052348520096,-0.2515468240197852,-0.2095104986391697,0.778300025393443,0.7714085655632137
-0.4979253414328992,1.6603188802238171,-0.5056205807161585,-0.7030746009502787,-0.010684955963028146,1.217918326081143,1.2460337191509425,-0.19989998624541588,1.0784903518252564,0.11393802191749791,-0.1797366212498296,1.1668326806886888,0.3494968829862523,0.41390077802624936,-0.020435137595816576,-0.5517110009658279,-0.27230096111549323,0.668356392261752,0.6666263492226879
-0.4979253414328992,1.6603188802238171,-0.3611575571618023,1.8940885580934592,-0.010684955963028146,-0.6865507261215884,-0.6874206446824462,0.06991039037071911,0.7196640943711202,0.6751797094028682,0.008154761767911623,1.6017933867501324,0.5148456131095217,-0.3075832691249937,-0.11510493764246661,-0.6484530296482038,-0.2883087963672996,0.5915733271024916,0.5302964468022566
-0.4979253414328992,1.6603188802238171,-0.2166945336074462,-0.7030746009502787,-0.010684955963028146,-0.6865507261215884,0.9978404085684648,0.06991039037071911,1.0784903518252564,1.1087777461981205,0.15453061394312015,1.8888401830066484,0.671243927951701,-0.5291744630867338,-0.16103493870076724,-0.6763998304250244,-0.27712822533530335,-0.3528410471512529,-0.3320114414385337
-0.4979253414328992,1.6603188802238171,-0.07223151005309006,-0.7030746009502787,-0.010684955963028146,-0.6865507261215884,-0.6874206446824462,0.5195943037473887,-0.2970103017489328,1.7473072538569965,0.31840104457754703,1.7752728888063707,0.782030034653534,-1.4034320786180712,-0.2614544847947018,-0.6397094614917049,-0.3156434966183211,-1.2676136780735823,-1.2761757670616813
-0.4979253414328992,1.6603188802238171,0.07223151350126605,-0.7030746009502787,-0.010684955963028146,-0.6865507261215884,-0.6874206446824462,0.6694889415396119,-1.3136846978689858,2.028808567749802,0.4404470200600278,1.4883106370450445,0.7850897274853278,-1.6179234018051307,-0.34488509312115684,-0.5682029185306507,-0.33735264795676856,-1.2676136780735823,-1.2761757670616813
-0.4979253414328992,1.6603188802238171,0.2166945370556222,-0.7030746009502787,-0.010684955963028146,-0.6865507261215884,-0.6874206446824462,0.6694889415396119,-1.3136846978689858,2.2543246656656266,0.5353535774952498,1.2199730402534679,0.8327005009434626,-1.5415785391089147,-0.40548976880365956,-0.48577889746938296,-0.35985069497217337,-1.2676136780735823,-1.2761757670616813
-0.4979253414328992,1.6603188802238171,0.3611575606099783,-0.7030746009502787,-0.010684955963028146,-0.6865507261215884,-0.6874206446824462,0.6245206645624779,-0.596032182960713,2.3124291566196145,0.596714712115713,0.9746149688015145,1.139644654338922,-0.7702172301861256,-0.4180309444334551,-0.3728427144257677,-0.4382917734012437,-1.2676136780735823,-1.2761757670616813
-0.4979253414328992,1.6603188802238171,0.5056205841643344,-0.7030746009502787,-0.010684955963028146,-0.6865507261215884,-0.6874206446824462,0.6694889415396119,-1.3136846978689858,2.223400644618845,0.6239981556856037,0.7273098873573964,1.5254491354814905,0.08193145529304108,-0.4435259199902021,-0.30524851537778347,-0.5865768670186308,-1.2676136780735823,-1.2761757670616813
-0.4979253414328992,1.6603188802238171,0.6500836077186906,-0.7030746009502787,-0.010684955963028146,2.3155764457958896,-0.6874206446824462,0.5195943037473887,-1.0744671928995615,1.9199356382846042,0.6139135859994793,0.49775417669753375,1.8579010366177493,0.39045618260118087,-0.4381254102785361,-0.22616646880101723,-0.6957909906267734,0.45301643889580306,0.44662413855974414
-0.4979253414328992,1.6603188802238171,0.7945466312730467,2.2771609255783947,-0.010684955963028146,-0.6865507261215884,-0.6874206446824462,0.24978407008191994,-0.47642343047600094,1.0863818289002207,0.5312074514596754,0.47499927447748325,1.4061707536752426,0.41390077802624936,-0.38860953054436775,-0.21487228663334232,-0.5494633976304556,0.834346883598861,0.8242163907162624
-0.4979253414328992,1.6603188802238171,0.9390096548274028,-0.7030746009502787,-0.010684955963028146,0.9964118042738768,1.4683578360680893,-0.035015827493703876,-0.17740154926422066,0.8724691047785925,0.3974376592798582,0.4568537049804758,0.49212495258917266,0.41390077802624936,-0.30765731920836487,-0.20807708309519263,-0.22491023135559654,0.8098420095229791,0.8045385890664579
-0.4979253414328992,1.6603188802238171,1.083472678381759,2.2774991943540455,-0.010684955963028146,-0.6865507261215884,-0.6874206446824462,-0.15493156631761568,0.0020115794628475024,0.5358064831072108,0.2834021468025072,0.43745737427521947,0.3287397966156687,0.41390077802624936,-0.24068613020263024,-0.21035725958643528,-0.17151358836835698,0.7995064394914287,0.7923416350202018
-0.4979253414328992,1.6603188802238171,1.227935701936115,-0.7030746009502787,-0.010684955963028146,1.2184781416256607,1.3545330492430612,-0.2748473051415275,0.18142470818991568,0.4785010523265962,0.1822196946129839,0.32100147648929084,0.18359317666317346,0.41390077802624936,-0.18214312989271603,-0.17860936946569136,-0.12679086754196212,0.7866733433635966,0.7812628169645938
-0.4979253414328992,1.6603188802238171,1.3723987254904713,1.3551129852748451,-0.010684955963028146,0.6703529305722973,-0.6874206446824462,-0.34979462403763906,0.3010334606746278,0.32632128470891336,0.10315037846350512,0.3635273575697524,0.18289172580652285,0.41390077802624936,-0.14094746240277595,-0.215171784800967,-0.14756199069657094,0.7849372077346664,0.7776415136362879
-0.4979253414328992,1.6603188802238171,1.5168617490448273,-0.7030746009502787,-0.010684955963028146,1.0324161443728266,1.5655632149853398,-0.37977352300595046,0.4206422131593399,0.2742359008710472,0.03286453186816144,0.440233251867284,0.10420798139571696,0.41390077802624936,-0.10593175963443305,-0.26506089267826854,-0.1387430846637363,0.7292541489404664,0.7252982992646358
-0.4979253414328992,1.6603188802238171,1.6613247725991833,1.5332310249433496,-0.010684955963028146,0.4751890145531495,-0.6874206446824462,-0.33480510307815026,0.48044658940169593,0.1439904004019995,-0.01216118622885569,0.5576440051282973,0.17030467029530338,0.41390077802624936,-0.08235698137642501,-0.3197751524248546,-0.17749810337362903,0.7824430967514346,0.773186571668057
-0.17013877750586295,-1.5367841448947694,-1.6613247691510074,-0.7030746009502787,-0.010684955963028146,1.0181709725909138,1.5782825594424,-0.25985778418203864,0.5402509656440521,0.12341427398994068,-0.04634672247753436,0.6238647242870958,0.1580309078001053,0.41390077802624936,-0.05930015265964828,-0.3445673548336311,-0.17393224250997252,0.7082695374479365,0.7046656917579078
-0.17013877750586295,-1.5367841448947694,-1.5168617455966513,1.436522346999567,-0.010684955963028146,-0.6865507261215884,-0.6874206446824462,-0.18491046528592706,0.6000553418864081,0.06503580086521359,-0.0726672127946586,0.6322279983700853,0.20207420961606365,0.41390077802624936,-0.039485027679289096,-0.3424068908612363,-0.18562855436371622,0.17189826268854244,0.16451165339816268
-0.17013877750586295,-1.5367841448947694,-1.372398722042295,-0.7030746009502787,-0.010684955963028146,0.7705976733944255,0.9478089788519334,-0.10996314638981547,0.6598597181287641,0.01956522284882351,-0.10221262242288995,0.5374544481299368,0.17454511161085579,0.41390077802624936,-0.005108988979083896,-0.28908407227575095,-0.15439064372761582,0.5680487702147435,0.5609855239711666
-0.17013877750586295,-1.5367841448947694,-1.227935698487939,2.08738748407599,-0.010684955963028146,-0.6865507261215884,-0.6874206446824462,-0.09497376838099289,0.7196640943711202,-0.04260126630237756,-0.13662637302627048,0.4367694141673026,0.14602812342006347,0.41390077802624936,0.03656485993933591,-0.22763620021448036,-0.1174103673543712,0.7123922978704205,0.7054469337634549
-0.17013877750586295,-1.5367841448947694,-1.083472674933583,-0.7030746009502787,-0.010684955963028146,1.2056588677329234,1.294869441793654,-0.09497376838099289,0.7794684706134762,-0.06864199653512394,-0.18779022233420173,0.22019542785707127,0.0205603736141819,0.41390077802624936,0.0974062161474269,-0.11159725085355411,-0.031647166691398616,0.7628288443059039,0.7606815827204784
-0.17013877750586295,-1.5367841448947694,-0.9390096513792268,2.316074914026433,-0.010684955963028146,-0.6865507261215884,-0.6874206446824462,-0.10996314638981547,0.7794684706134762,-0.10658820023481523,-0.2245960490091219,0.17573414093084355,0.014778693409422757,0.41390077802624936,0.14006149388478292,-0.07540026231947153,-0.009913341892808309,0.8663991575151798,0.8595796160855071
-0.17013877750586295,-1.5367841448947694,-0.7945466278248707,-0.7030746009502787,-0.010684955963028146,1.1996021488820712,1.2468424321578335,-0.07998424742150408,0.7196640943711202,-0.10881340626590291,-0.2636040050518207,0.08147448860263297,-0.04274190433211206,0.41390077802624936,0.19204347864728016,-0.009187094648340343,0.04346714325327575,0.7827272701057507,0.775839560632139
-0.17013877750586295,-1.5367841448947694,-0.6500836042705146,2.3189731320957794,-0.010684955963028146,-0.6865507261215884,-0.6874206446824462,-0.07998424742150408,0.7196640943711202,-0.12370260442278407,-0.28752337421627383,0.05397846371115532,-0.041826437726854626,0.41390077802624936,0.2327771129727063,0.027901014791440925,0.0695371649100716,0.8695547219733534,0.8627377413528875
-0.17013877750586295,-1.5367841448947694,-0.5056205807161585,-0.7030746009502787,-0.010684955963028146,1.2287784547667018,1.2611018038152895,0.2797628260995651,0.36083783691698385,0.13264596918444432,-0.19117586577926043,0.7656126880163683,0.02147177147897152,0.3234656354590092,0.21576889369601393,-0.188748499322889,0.10906120951928454,0.7922843741046997,0.789732037018964
-0.17013877750586295,-1.5367841448947694,-0.3611575571618023,1.4836178531230888,-0.010684955963028146,-0.6865507261215884,-0.6874206446824462,0.819383579331835,-0.23720592550657674,0.794182786336068,-0.01617233182292958,1.2532645074034452,0.18015427721977975,-0.9050623730377665,0.15080081247863367,-0.2924971802859446,0.12534656661039698,0.3029037068419717,0.26429316360808114
-0.17013877750586295,-1.5367841448947694,-0.2166945336074462,-0.7030746009502787,-0.010684955963028146,-0.6865507261215884,-0.6874206446824462,1.1191728549162814,-0.7754453116877812,1.2545663402196086,0.15637928937129955,1.5127357074788932,0.25190081913296825,-1.5677561830345859,0.09997330808025835,-0.3095959015242025,0.18224596754110467,-1.2676136780735823,-1.2761757670616813
-0.17013877750586295,-1.5367841448947694,-0.07223151005309006,-0.7030746009502787,-0.010684955963028146,-0.6865507261215884,-0.6874206446824462,1.4489411724197054,-1.1940759453842735,1.6950675507057784,0.30943389029889584,1.4421534870094217,0.2525900637682154,-2.1421132541276022,0.07047115287134202,-0.20320508719679375,0.2776588929611917,-1.2676136780735823,-1.2761757670616813
-0.17013877750586295,-1.5367841448947694,0.07223151350126605,-0.7030746009502787,-0.010684955963028146,-0.6865507261215884,-0.6874206446824462,1.568856768292951,-1.2538803216266297,2.0381906588852843,0.42134659181223655,1.171417147383735,0.26442033355242206,-2.3554692035234015,0.050484904496718414,-0.0380542938490561,0.3440514622691692,-1.2676136780735823,-1.2761757670616813
-0.17013877750586295,-1.5367841448947694,0.2166945370556222,-0.7030746009502787,-0.010684955963028146,-0.6865507261215884,-0.6874206446824462,1.7187514060851743,-1.672510955323122,2.2822028419598945,0.541757494936335,0.9666213696680804,0.4158279313367846,-2.550939813370518,0.020358269408169535,0.08699020323860125,0.3217647772840148,-1.2676136780735823,-1.2761757670616813
-0.17013877750586295,-1.5367841448947694,0.3611575606099783,-0.7030746009502787,-0.010684955963028146,-0.6865507261215884,-0.6874206446824462,1.6887723641661967,-1.7323153315654782,2.351853817808665,0.6136067490164807,0.7886751001159817,0.738919288152798,-2.1584416759748337,0.058903211419067236,0.2253132476161392,0.24232256775091746,-1.2676136780735823,-1.2761757670616813
-0.17013877750586295,-1.5367841448947694,0.5056205841643344,-0.7030746009502787,-0.010684955963028146,-0.6865507261215884,-0.6874206446824462,1.568856768292951,-1.493097826596054,2.254958290303924,0.6319466946737563,0.6257595156204668,1.1282611322580811,-1.5406131802648586,0.1037782729045575,0.3451196713926891,0.11994067699785592,-1.2676136780735823,-1.2761757670616813
-0.17013877750586295,-1.5367841448947694,0.6500836077186906,-0.7030746009502787,-0.010684955963028146,-0.6865507261215884,-0.6874206446824462,1.4189621305007278,-1.0146628166572054,1.9867081666021236,0.6021090593474312,0.3910308422696292,1.5065237960695153,-0.3841901411576543,0.1685340165017308,0.5066372331674965,0.010589866787505831,-1.2676136780735823,-1.2761757670616813
-0.17013877750586295,-1.5367841448947694,0.7945466312730467,0.7982216195077133,-0.010684955963028146,1.0990865984282618,-0.6874206446824462,1.1791306528529042,-0.596032182960713,1.045333545443997,0.4955023415809087,0.012397491694579562,1.046437133954219,0.41390077802624936,0.26311753179465314,0.7133957172825308,0.22383537727856,0.9318332627810089,0.9238643509108234
-0.17013877750586295,-1.5367841448947694,0.9390096548274028,-0.7030746009502787,-0.010684955963028146,2.3899126699953985,-0.6874206446824462,0.819383579331835,0.06181595570520356,0.7811016089479078,0.35091393659237424,-0.053821569729019164,0.4900466399582149,0.41390077802624936,0.3812828148926732,0.7611202406478396,0.49301453016747315,0.4487586916364492,0.49891311422784096
-0.17013877750586295,-1.5367841448947694,1.083472678381759,2.2890413621486387,-0.010684955963028146,-0.6865507261215884,-0.6874206446824462,0.6694889415396119,0.06181595570520356,0.35521692223867085,0.23516542490381598,0.1748770918325471,0.008918079639588083,0.41390077802624936,0.4759410460337955,0.6469901854733235,0.7357577081323387,0.8933977830887092,0.8789555230645802
-0.17013877750586295,-1.5367841448947694,1.227935701936115,-0.7030746009502787,-0.010684955963028146,0.8030961581859006,1.6837622898825604,0.5795521016840115,0.3010334606746278,0.2826436878671464,0.13403306854825164,0.2424289723567848,-0.48479102620550973,0.41390077802624936,0.5807972673976166,0.6326257675641115,1.024863627800883,0.8647814723862459,0.8587402465636972
-0.17013877750586295,-1.5367841448947694,1.3723987254904713,2.2413567523522677,-0.010684955963028146,-0.6865507261215884,-0.6874206446824462,0.5195943037473887,0.36083783691698385,0.17065298515592262,0.059083438966424484,0.23602762788275827,-0.5461403087272545,0.41390077802624936,0.6584815039408993,0.6443426303463414,1.0694859079930679,0.8461407069027492,0.8391062452254429
-0.17013877750586295,-1.5367841448947694,1.5168617490448273,-0.7030746009502787,-0.010684955963028146,1.0941675017489672,1.4330070785770115,0.4746260267702547,0.5402509656440521,0.15945894987934603,-0.003127237504925871,0.11822647798219221,-0.4645392774010283,0.41390077802624936,0.7458773546369858,0.7240646617838321,1.045680167590091,0.838017590899204,0.8325793847814058
-0.17013877750586295,-1.5367841448947694,1.6613247725991833,2.2668537613169373,-0.010684955963028146,-0.6865507261215884,-0.6874206446824462,0.42965746389178827,0.6000553418864081,0.08402426925685486,-0.053712201620442636,0.11868152629453722,-0.3447384693187136,0.41390077802624936,0.8224398893818086,0.7412826617999275,0.9967559713648548,0.858295813218766,0.8502409393794303
-0.17013877750586295,-1.4265392129941283,-1.6613247691510074,-0.7030746009502787,-0.010684955963028146,1.175957264078381,1.3439080748390253,0.3696996659551655,0.7196640943711202,0.08972231373375703,-0.09252394898013558,0.06512175972420887,-0.30640279663100023,0.41390077802624936,0.8793333565785598,0.7794110990529569,0.9866686748013128,0.828507220026202,0.821656937931519
-0.17013877750586295,-1.4265392129941283,-1.5168617455966513,0.5555749587764928,-0.010684955963028146,-0.6865507261215884,-0.6874206446824462,0.33972062403618786,0.7196640943711202,0.04270461921147408,-0.13046528122479184,0.05551103990337014,-0.2384466933376243,0.41390077802624936,0.9385970032953058,0.7923842926715735,0.9572557268189655,-0.4372851994669559,-0.4451692393169147
-0.17013877750586295,-1.4265392129941283,-1.372398722042295,-0.7030746009502787,-0.010684955963028146,0.3777582025566228,0.4668096601600458,0.3097418680185427,0.7196640943711202,-0.027193529096818023,-0.16436833263197978,-0.012370729925627684,-0.23942644604227314,0.41390077802624936,0.9879326009183336,0.8290401791945727,0.959269779884079,0.09877745691839612,0.09133115716674448
-0.17013877750586295,-1.4265392129941283,-1.227935698487939,1.3488263460799135,-0.010684955963028146,-0.6865507261215884,-0.6874206446824462,0.3696996659551655,0.7196640943711202,-0.11419496537135447,-0.19100609656417736,-0.08783166508810972,-0.2599149955419812,0.41390077802624936,1.031040271065597,0.872551776126661,0.9746568483466271,0.21821860931345372,0.21086978033826975
-0.17013877750586295,-1.4265392129941283,-1.083472674933583,-0.7030746009502787,-0.010684955963028146,0.8160310143239092,0.8644904113579763,0.3696996659551655,0.7196640943711202,-0.17313971190863575,-0.21556975381538024,-0.19270828250343744,-0.3214685288352101,0.41390077802624936,1.0745408019630733,0.9353670167229596,1.0161973478622064,0.6427243511365874,0.6357221593087348
-0.17013877750586295,-1.4265392129941283,-0.9390096513792268,1.8769018884407629,-0.010684955963028146,-0.6865507261215884,-0.6874206446824462,0.24978407008191994,0.8392728468558323,-0.22563247257793523,-0.246757889332182,-0.24805923195714938,-0.3441216482637935,0.41390077802624936,1.1193997151845978,0.9662029663695095,1.0299157917016413,0.6189165196084839,0.6118947898254324
-0.17013877750586295,-1.4265392129941283,-0.7945466278248707,-0.7030746009502787,-0.010684955963028146,1.1410924289386946,1.167587929924579,0.2198050281629423,0.7196640943711202,-0.23759352715350263,-0.2775995286641011,-0.3142733201751487,-0.3852558006452671,0.41390077802624936,1.1614170159858723,0.9943974332632218,1.0451810213079087,0.8394878869386128,0.8326465179692023
-0.17013877750586295,-1.4265392129941283,-0.6500836042705146,2.255016504182568,-0.010684955963028146,-0.6865507261215884,-0.6874206446824462,0.3696996659551655,0.7196640943711202,-0.2468121444400951,-0.28473818500325077,-0.29945150975373963,-0.35253905854360046,0.41390077802624936,1.1841311158763899,0.9843628349895109,1.0247016126909183,0.8881153221715719,0.8813135762859341
-0.17013877750586295,-1.4265392129941283,-0.5056205807161585,-0.7030746009502787,-0.010684955963028146,1.2118616072302906,1.2321257799434546,0.6245206645624779,0.6598597181287641,0.0029392785213373336,-0.16778806907514945,0.39429326514283497,-0.20767236793529056,0.41390077802624936,1.1457194572979263,0.6854016387355856,1.0100451406676447,0.8228415474762993,0.8198844580342076
-0.17013877750586295,-1.4265392129941283,-0.3611575571618023,0.7158858707573019,-0.010684955963028146,-0.6865507261215884,-0.6874206446824462,0.9692782171240583,0.06181595570520356,0.7135123652813349,-0.007562806136707494,1.1286251998037053,-0.038807432299739014,-0.8708276508949369,1.0584600232795212,0.38888674177985477,0.9748734507577929,-0.24129518677074904,-0.285759233476124
-0.17013877750586295,-1.4265392129941283,-0.2166945336074462,-0.7030746009502787,-0.010684955963028146,-0.6865507261215884,-0.6874206446824462,1.2690674927085046,-0.23720592550657674,1.293154669197739,0.1573387637467077,1.460266730670033,0.07617273207631345,-1.6916493356228397,1.0017935958537516,0.3287346709869098,1.015399499867852,-1.2676136780735823,-1.2761757670616813
-0.17013877750586295,-1.4265392129941283,-0.07223151005309006,-0.7030746009502787,-0.010684955963028146,-0.6865507261215884,-0.6874206446824462,1.4939094493968395,-0.6558365592030692,1.6375044851393137,0.3000450960844235,1.3234944591429594,0.07885647328888144,-2.0159132548926957,0.9589076630624364,0.46106883636447954,1.0986503745803482,-1.2676136780735823,-1.2761757670616813
-0.17013877750586295,-1.4265392129941283,0.07223151350126605,-0.7030746009502787,-0.010684955963028146,-0.6865507261215884,-0.6874206446824462,1.4189621305007278,-0.7754453116877812,1.951820885562858,0.40235261721160803,1.0288311985109635,0.10913034361367448,-2.270793608414185,0.9030592536650239,0.6110859721212057,1.0943502053409353,-1.2676136780735823,-1.2761757670616813
-0.17013877750586295,-1.4265392129941283,0.2166945370556222,-0.7030746009502787,-0.010684955963028146,-0.6865507261215884,-0.6874206446824462,1.568856768292951,-1.0146628166572054,2.1627433460405943,0.49305877812446686,0.8136140684617683,0.2462631723407696,-1.9690275575003777,0.9040238111633988,0.7666044619823026,1.0710850975690536,-1.2676136780735823,-1.2761757670616813
-0.17013877750586295,-1.4265392129941283,0.3611575606099783,-0.7030746009502787,-0.010684955963028146,-0.6865507261215884,-0.6874206446824462,1.6737831291080403,-1.0744671928995615,2.251218662536721,0.5612816504463624,0.6458893941516345,0.5922542142577157,-1.47086163695953,0.925355426843352,0.9108276853231986,0.9393921416755288,-1.2676136780735823,-1.2761757670616813
-0.17013877750586295,-1.4265392129941283,0.5056205841643344,-0.7030746009502787,-0.010684955963028146,-0.6865507261215884,-0.6874206446824462,1.568856768292951,-1.0146628166572054,2.172371955740202,0.5842631142750285,0.46906541132980023,1.0076693610288239,-0.860476535376463,0.9439418376491197,1.019407373659178,0.733574434433502,-1.2676136780735823,-1.2761757670616813
-0.17013877750586295,-1.4265392129941283,0.6500836077186906,-0.7030746009502787,-0.010684955963028146,-0.6865507261215884,-0.6874206446824462,1.568856768292951,-1.0146628166572054,1.9369571893264037,0.5825897742657054,0.3299316960106118,1.4073083735100425,0.41390077802624936,0.985321884570908,1.1143693292352082,0.5513572193419363,-1.2676136780735823,-1.2761757670616813
-0.17013877750586295,-1.4265392129941283,0.7945466312730467,0.42903950320682543,-0.010684955963028146,0.7671061481933781,-0.6874206446824462,1.2840570136679934,-0.536227806718357,0.9917965138279895,0.48789334102292226,-0.05788136323332862,0.9548213048405231,0.41390077802624936,1.0837713424610151,1.3474708567414115,0.7861629670137614,0.5243798993875509,0.5164125667382593
-0.17013877750586295,-1.4265392129941283,0.9390096548274028,-0.7030746009502787,-0.010684955963028146,1.4892868192998325,-0.6874206446824462,1.1191728549162814,-0.23720592550657674,0.7361946887624897,0.3672702263799699,-0.152150961972738,0.4333332803254938,0.41390077802624936,1.1986534665778101,1.4089727295584666,1.0733358411721745,-0.005292271638740034,0.025665382144302563
-0.17013877750586295,-1.4265392129941283,1.083472678381759,2.24088930360456,-0.010684955963028146,-0.6865507261215884,-0.6874206446824462,0.819383579331835,0.36083783691698385,0.305916478890491,0.25227454375173913,-0.12584850642511614,-0.028529793878048937,0.41390077802624936,1.3058914363671537,1.3951151380198115,1.346335231748341,0.8844126206542344,0.8749666245982176
-0.17013877750586295,-1.4265392129941283,1.227935701936115,-0.7030746009502787,-0.010684955963028146,0.9173261434872274,1.5541788954661944,0.7594257813952123,0.4206422131593399,0.23392717310720082,0.15086944341128722,-0.05985738359148986,-0.5028065952488824,0.41390077802624936,1.4125856675966937,1.359323263589366,1.650579083436752,0.8966676639626608,0.8899506293097956
-0.17013877750586295,-1.4265392129941283,1.3723987254904713,2.0413956515001423,-0.010684955963028146,-0.6865507261215884,-0.6874206446824462,0.819383579331835,0.36083783691698385,0.14052802428251396,0.0836248314025345,-0.008662376283675766,-0.541007999501158,0.41390077802624936,1.4712241113772118,1.3287419199158728,1.6756647868782908,0.7179073459605402,0.7116211402972071
-0.17013877750586295,-1.4265392129941283,1.5168617490448273,-0.7030746009502787,-0.010684955963028146,1.1159938228275101,1.3595221349167155,0.6694889415396119,0.7196640943711202,0.11216531150013714,0.03679357595658039,-0.041176365624947094,-0.5034291125404574,0.41390077802624936,1.5262371493879756,1.3528839445501823,1.6560583383821073,0.8496467698055252,0.8428135117820249
-0.17013877750586295,-1.4265392129941283,1.6613247725991833,2.2422955915389253,-0.010684955963028146,-0.6865507261215884,-0.6874206446824462,0.7894045374128574,0.7794684706134762,0.06617619443506868,-0.004760918312364812,-0.008941704664842015,-0.3513843499988357,0.41390077802624936,1.5739217677846495,1.3392657780492228,1.5630140651357356,0.8594770828484719,0.8517452958742616
-0.17013877750586295,-1.3162942810934875,-1.6613247691510074,-0.7030746009502787,-0.010684955963028146,1.1842969676218056,1.305575998730718,0.6694889415396119,1.0784903518252564,0.07374045637089659,-0.0342840631255033,-0.03701793687624955,-0.30600080507278055,0.41390077802624936,1.6274395247559537,1.3799784442417278,1.5589916360848337,0.8309459702294658,0.8240974749171472
-0.17013877750586295,-1.3162942810934875,-1.5168617455966513,0.15625753792616598,-0.010684955963028146,-0.6865507261215884,-0.6874206446824462,0.5195943037473887,0.06181595570520356,0.023154454675047523,-0.07305197663048216,-0.02692730271506881,-0.239352394965759,0.41390077802624936,1.6626302072204036,1.3409400183490507,1.4823039017703405,-0.7312611864359628,-0.7393852958511785
-0.17013877750586295,-1.3162942810934875,-1.372398722042295,-0.7030746009502787,-0.010684955963028146,-0.6865507261215884,-0.11824294975989957,0.4896152618284111,-0.47642343047600094,-0.05986868201290724,-0.10890041625640916,-0.10672735976302654,-0.2601558649776756,0.41390077802624936,1.64680153426981,1.2661669718392905,1.3696108202820534,-0.9320995362706785,-0.9403876630744629
-0.17013877750586295,-1.3162942810934875,-1.227935698487939,0.5198852737641585,-0.010684955963028146,-0.6865507261215884,-0.6874206446824462,0.3696996659551655,-0.2970103017489328,-0.21073215819932956,-0.1585940919927397,-0.31003780673966047,-0.3602818716538444,0.41390077802624936,1.6037656877443645,1.2073894263080438,1.2495929963694064,-0.36749062393608567,-0.3856279349604367
-0.17013877750586295,-1.3162942810934875,-1.083472674933583,-0.7030746009502787,-0.010684955963028146,0.8274319214782941,0.7533382892335538,0.3696996659551655,-0.2970103017489328,-0.2812835480077852,-0.2013981990087719,-0.5625100488015542,-0.5244994919270625,0.41390077802624936,1.5672407248423823,1.211248853817855,1.2036558172658909,0.5979500621379567,0.6179287944273535
-0.17013877750586295,-1.3162942810934875,-0.9390096513792268,2.112757642249791,-0.010684955963028146,-0.6865507261215884,-0.6874206446824462,0.3097418680185427,-0.41661905423364487,-0.3418394927997242,-0.2357444593914022,-0.5780107017872812,-0.5329437558939569,0.41390077802624936,1.544543496272426,1.1258907916922898,1.1141741296451038,0.8460486785931921,0.8392126758890228
-0.17013877750586295,-1.3162942810934875,-0.7945466278248707,-0.7030746009502787,-0.010684955963028146,1.2203841503798096,1.19650349904758,0.2198050281629423,-0.2970103017489328,-0.36334938183664145,-0.27329198271910343,-0.6006014882225515,-0.5583050289779152,0.41390077802624936,1.5180347953688111,1.0415771779195708,1.0315477336583474,0.870115339741925,0.8632989584289185
-0.17013877750586295,-1.3162942810934875,-0.6500836042705146,2.2654800819192076,-0.010684955963028146,-0.6865507261215884,-0.6874206446824462,0.2198050281629423,-0.2970103017489328,-0.35536204957988676,-0.29417777082715374,-0.5445891024241196,-0.5090643180883754,0.41390077802624936,1.4984626174045346,0.949846159129401,0.9428708812064683,0.9116797819591669,0.9048973832891207
-0.17013877750586295,-1.3162942810934875,-0.5056205807161585,-0.7030746009502787,-0.010684955963028146,1.2242704334031684,1.2195547483477205,0.5795521016840115,-0.7156409354454252,-0.0575068118441477,-0.191322674403779,0.35628305474662775,-0.3303514030245346,0.41390077802624936,1.4029955269519314,0.4882062764160464,0.8404284214869167,0.84409793007049,0.8409902726451601
-0.17013877750586295,-1.3162942810934875,-0.3611575571618023,-0.7030746009502787,-0.010684955963028146,-0.6865507261215884,-0.6874206446824462,0.6694889415396119,-1.55290220283841,0.3888049131269606,-0.040551608574144686,0.9896133280217022,-0.17221166726213233,-0.3576025981811896,1.1922823738961401,0.11084205513700797,0.6475208293281399,-1.2676136780735823,-1.2761757670616813
-0.17013877750586295,-1.3162942810934875,-0.2166945336074462,-0.7030746009502787,-0.010684955963028146,-0.6865507261215884,-0.6874206446824462,0.819383579331835,-1.7323153315654782,0.9008488188412538,0.08264517953844847,1.2205308681482003,-0.10315212155388609,-1.1034337173608106,1.0610644731364525,-0.011759178839527117,0.5784318656900359,-1.2676136780735823,-1.2761757670616813
-0.17013877750586295,-1.3162942810934875,-0.07223151005309006,-0.7030746009502787,-0.010684955963028146,-0.6865507261215884,-0.6874206446824462,0.819383579331835,-1.612706579080766,1.3616574047319079,0.19163910294820893,1.1441407724062307,-0.10392436849467658,-1.3667123434798063,0.9113623535698256,-0.0463500244124015,0.5015596262974834,-1.2676136780735823,-1.2761757670616813
-0.17013877750586295,-1.3162942810934875,0.07223151350126605,-0.7030746009502787,-0.010684955963028146,-0.6865507261215884,-0.6874206446824462,0.819383579331835,-1.55290220283841,1.746348643207107,0.28201337896108974,0.8753572448459078,-0.08355869495709642,-1.6956016009023651,0.8070305892565952,0.02802376349736097,0.45341952206669883,-1.2676136780735823,-1.2761757670616813
-0.17013877750586295,-1.3162942810934875,0.2166945370556222,-0.7030746009502787,-0.010684955963028146,-0.6865507261215884,-0.6874206446824462,0.819383579331835,-1.55290220283841,2.019663186747512,0.3519666448809838,0.6429535451127892,0.06347582057246307,-1.7622905461861404,0.7235778071945453,0.09539501966604168,0.35243104970193795,-1.2676136780735823,-1.2761757670616813
-0.17013877750586295,-1.3162942810934875,0.3611575606099783,-0.7030746009502787,-0.010684955963028146,-0.6865507261215884,-0.6874206446824462,0.9692782171240583,-2.4499678464737507,2.156482951523511,0.4170780092936514,0.43561314386544225,0.5017882112002233,-1.0811128508676047,0.6211905830854352,0.1154726741631648,0.08769595817840362,-1.2676136780735823,-1.2761757670616813
-0.17013877750586295,-1.3162942810934875,0.5056205841643344,-0.7030746009502787,-0.010684955963028146,-0.6865507261215884,-0.6874206446824462,0.9692782171240583,-2.330359093989039,2.1137737737625675,0.44866760725759636,0.2754361379199965,1.0002243797208237,-0.3017981029762955,0.5664455580527304,0.14436806652955123,-0.1520931733946666,-1.2676136780735823,-1.2761757670616813
-0.17013877750586295,-1.3162942810934875,0.6500836077186906,-0.7030746009502787,-0.010684955963028146,-0.6865507261215884,-0.6874206446824462,0.819383579331835,-1.9715328365349023,1.8581797954418142,0.43617217556219773,0.09248516579970255,1.4198075442271574,0.41390077802624936,0.534249776006773,0.17128429866585584,-0.35353647266764704,-1.2676136780735823,-1.2761757670616813
-0.17013877750586295,-1.3162942810934875,0.7945466312730467,0.8663850173986205,-0.010684955963028146,1.1264250943134195,-0.6874206446824462,0.5795521016840115,-1.2538803216266297,0.9200759590522741,0.3377303829555118,-0.24636171111255448,0.9286649998691545,0.41390077802624936,0.6210638071623604,0.335600140568731,-0.15853600338082255,0.9705317061781562,0.9588669400700147
-0.17013877750586295,-1.3162942810934875,0.9390096548274028,-0.7030746009502787,-0.010684955963028146,2.81954474138497,-0.6874206446824462,0.3696996659551655,-1.1342715691419176,0.6655105581887355,0.211033844220509,-0.24764645589239925,0.3789317790265827,0.41390077802624936,0.7194963937319063,0.33551013930908996,0.06353518196841522,0.6788788947970903,0.6902860904108518
-0.17013877750586295,-1.3162942810934875,1.083472678381759,2.3008804109608447,-0.010684955963028146,-0.6865507261215884,-0.6874206446824462,0.3696996659551655,-1.1342715691419176,0.25297841545681576,0.1134276779552771,0.056292662050075694,-0.09590243978834082,0.41390077802624936,0.7973078882359943,0.20014997977303547,0.2721112947147327,0.9184253492040289,0.9016649612315875
-0.17013877750586295,-1.3162942810934875,1.227935701936115,-0.7030746009502787,-0.010684955963028146,0.7786886397620535,1.7232354755233534,-0.18491046528592706,-0.057792796779508555,0.16301483304039652,-0.007767364125373188,0.15768472007542447,-0.6213973599160701,0.41390077802624936,0.9007999428230032,0.15945878376054115,0.5257634173008182,0.8741329506310282,0.8687416588249118
-0.17013877750586295,-1.3162942810934875,1.3723987254904713,2.2775936157760626,-0.010684955963028146,-0.6865507261215884,-0.6874206446824462,-0.36478400204646166,0.18142470818991568,0.028245684224870827,-0.10597398462264077,0.1412955210226048,-0.7080818755827792,0.41390077802624936,0.9777717276008696,0.1634472492209219,0.5657215401291817,0.879251306378975,0.871962823793028
-0.17013877750586295,-1.3162942810934875,1.5168617490448273,-0.7030746009502787,-0.010684955963028146,1.1057006224400243,1.4668067220106409,-0.5296681607981737,0.36083783691698385,0.012381528033211023,-0.19698280786566819,-0.012807543150774904,-0.633714251060227,0.41390077802624936,1.0549030668674728,0.2303229562853141,0.5284814282022202,0.861930212475104,0.8568253133166712
-0.17013877750586295,-1.3162942810934875,1.6613247725991833,1.3871039305602024,-0.010684955963028146,0.63119596705934,-0.6874206446824462,-0.4697103628615509,0.0020115794628475024,-0.0906619239805773,-0.26507974482719465,0.019620243960106837,-0.5169698808173318,0.41390077802624936,1.113509214120059,0.216115335751332,0.47091911908572714,0.8548258786172029,0.847740228134009
-0.17013877750586295,-1.2060493491928466,-1.6613247691510074,-0.7030746009502787,-0.010684955963028146,0.9798317665381658,1.6190102334179899,-0.6795627985903968,0.0020115794628475024,-0.1418200841475406,-0.35368605536660763,0.0263407024600948,-0.5415938981285228,0.41390077802624936,1.1235466857785605,0.13493311520260515,0.3978529246821157,0.8003641720953479,0.7964676653031001
-0.17013877750586295,-1.2060493491928466,-1.5168617455966513,2.1818744815017284,-0.010684955963028146,-0.6865507261215884,-0.6874206446824462,-0.6795627985903968,0.0020115794628475024,-0.2616346452666292,-0.41768000437180214,0.0345183102007067,-0.4661749110690882,0.41390077802624936,1.0658737635718782,0.01035228725497792,0.2314492140500806,0.8398473725228203,0.7978633397164681
-0.17013877750586295,-1.2060493491928466,-1.372398722042295,-0.7030746009502787,-0.010684955963028146,1.1466079509234528,1.355633576695015,-0.5896259587347964,-0.596032182960713,-0.24869732486549204,-0.4602051054237019,-0.0765391729070742,-0.4501090824578905,0.41390077802624936,0.9997193875001747,-0.05374660986135732,0.10775548127455574,0.7837784059539734,0.7812820563537793
-0.17013877750586295,-1.2060493491928466,-1.227935698487939,2.2587426565804534,-0.010684955963028146,-0.6865507261215884,-0.6874206446824462,-0.6795627985903968,-0.35681467799128885,-0.30654156545204736,-0.5039777318962737,-0.09736695795735756,-0.40174233702083645,0.41390077802624936,0.943454979541494,-0.1395943655875716,-0.012205571844842236,0.8825528219843368,0.8717247875204446
-0.17013877750586295,-1.2060493491928466,-1.083472674933583,-0.7030746009502787,-0.010684955963028146,1.1734209398400646,1.2782012935520415,-0.724531218518197,-0.596032182960713,-0.2926711363214473,-0.5373206840487817,-0.17385568894371542,-0.41821015719025384,0.41390077802624936,0.9058338628407591,-0.17564648462420793,-0.07403136753434106,0.8028841660406426,0.7960128788906491
-0.17013877750586295,-1.2060493491928466,-0.9390096513792268,2.3254994977853194,-0.010684955963028146,-0.6865507261215884,-0.6874206446824462,-0.7694996384459972,-0.6558365592030692,-0.31089389320488886,-0.5718882010313975,-0.21005648136934124,-0.39918554051086413,0.41390077802624936,0.8543811555061558,-0.24029710030566787,-0.16311937153886638,0.8888957653748863,0.882094613617128
-0.17013877750586295,-1.2060493491928466,-0.7945466278248707,-0.7030746009502787,-0.010684955963028146,1.219584384002122,1.2755249680967486,-0.6795627985903968,-0.6558365592030692,-0.30304191729501495,-0.5951709356392889,-0.2856102497030121,-0.42894593578861945,0.41390077802624936,0.789156630216244,-0.28974292487042425,-0.2314698781663227,0.8199998139331389,0.8131424848451273
-0.17013877750586295,-1.2060493491928466,-0.6500836042705146,1.449518103023426,-0.010684955963028146,0.5953316854458367,-0.6874206446824462,-0.82945743638262,-0.35681467799128885,-0.33215334030530697,-0.6161750055775201,-0.27511678588828,-0.41897182540582806,0.41390077802624936,0.7195735197687579,-0.3679856825922248,-0.31188112147034086,0.850467655137063,0.8436352793094736
-0.17013877750586295,-1.2060493491928466,-0.5056205807161585,-0.7030746009502787,-0.010684955963028146,1.025344916746511,1.509775823784688,-0.37977352300595046,-0.6558365592030692,-0.12431857388540075,-0.5386844039732197,0.5994106434872506,-0.3127191093332297,0.4115904379217773,0.5901560299318243,-0.6982881367697208,-0.3953986005619028,0.7778731362621966,0.7754079024215813
-0.17013877750586295,-1.2060493491928466,-0.3611575571618023,2.252455121546603,-0.010684955963028146,-0.6865507261215884,-0.6874206446824462,0.2198050281629423,-1.3734890741113417,0.5238506596948078,-0.3407613302051997,1.1014532621437887,-0.12989839389308716,-0.9327876187773709,0.40253682249804446,-0.8536196842553704,-0.46974563140089537,0.8920414439794943,0.8790840585582883
-0.17013877750586295,-1.2060493491928466,-0.2166945336074462,-0.7030746009502787,-0.010684955963028146,-0.6865507261215884,1.914597347668399,0.6694889415396119,-1.9715328365349023,1.0389999146426112,-0.14299271859188645,1.4445455989027327,0.1832245487767898,-1.6369860366389046,0.23306344338451776,-0.9552230821813924,-0.5856683159774407,0.18688530656555,0.219298986556621
-0.17013877750586295,-1.2060493491928466,-0.07223151005309006,-0.7030746009502787,-0.010684955963028146,-0.6865507261215884,-0.6874206446824462,0.9992572590430359,-2.2705547177466827,1.7290321853419102,0.03895743767341817,1.377928681031182,0.39172389905737987,-2.7188691662565114,0.07771883116560312,-0.9399009641213977,-0.6568156575692333,-1.2676136780735823,-1.2761757670616813
-0.17013877750586295,-1.2060493491928466,0.07223151350126605,-0.7030746009502787,-0.010684955963028146,-0.6865507261215884,-0.6874206446824462,1.1191728549162814,-2.629380975200819,2.0377806664722686,0.17977891425842862,1.1125874406132432,0.4834292404613674,-2.7524692435621754,-0.03707339291448658,-0.8828720454732487,-0.7033144308275051,-1.2676136780735823,-1.2761757670616813
-0.17013877750586295,-1.2060493491928466,0.2166945370556222,-0.7030746009502787,-0.010684955963028146,-0.6865507261215884,-0.6874206446824462,1.2690674927085046,-2.4499678464737507,2.2675104663170766,0.3199213139831067,0.8996480387285728,0.5990636583046439,-2.660595960859339,-0.1405090490870478,-0.8170384011861459,-0.733441380709562,-1.2676136780735823,-1.2761757670616813
-0.17013877750586295,-1.2060493491928466,0.3611575606099783,-0.7030746009502787,-0.010684955963028146,-0.6865507261215884,-0.6874206446824462,1.2540779717490158,-2.689185351443175,2.2373756970127343,0.43781142257340994,0.730045150437066,0.9008380700617029,-1.7607021873643158,-0.26483212317107024,-0.7882278051872766,-0.8449414021427993,-1.2676136780735823,-1.2761757670616813
-0.17013877750586295,-1.2060493491928466,0.5056205841643344,-0.7030746009502787,-0.010684955963028146,-0.6865507261215884,-0.6874206446824462,1.2690674927085046,-2.629380975200819,1.9991236784776047,0.49435361627721125,0.5322599348813645,1.1165594346726573,-0.6631439125116795,-0.3246975939941237,-0.7347004777154262,-0.9118285323996582,-1.2676136780735823,-1.2761757670616813
-0.17013877750586295,-1.2060493491928466,0.6500836077186906,-0.7030746009502787,-0.010684955963028146,-0.6865507261215884,-0.6874206446824462,1.1191728549162814,-2.1509459652619705,1.6037641366238586,0.46649407061679277,0.29546986780957585,1.071772367099183,0.41390077802624936,-0.3189692986258385,-0.6447837975714172,-0.8836282959007932,-1.2676136780735823,-1.2761757670616813
-0.17013877750586295,-1.2060493491928466,0.7945466312730467,0.9126464974889571,-0.010684955963028146,1.1173243261395929,-0.6874206446824462,0.7594257813952123,-1.4332934503536978,0.7228571843792703,0.33738179944421415,-0.14211586194075054,0.5964621056495256,0.41390077802624936,-0.23652638560881387,-0.47909516537088503,-0.7218867774897362,0.9682829441061461,0.9528366196064484
-0.17013877750586295,-1.2060493491928466,0.9390096548274028,-0.7030746009502787,-0.010684955963028146,2.844070352437696,-0.6874206446824462,0.6694889415396119,-0.8352496879301373,0.5232418830815423,0.2086800357999102,-0.1357203195399233,0.1734245804860207,0.41390077802624936,-0.15430183568362524,-0.49217158934995736,-0.5964800952025228,0.6739767696280444,0.6851178583222827
-0.17013877750586295,-1.2060493491928466,1.083472678381759,2.338031209249361,-0.010684955963028146,-0.6865507261215884,-0.6874206446824462,0.3696996659551655,-0.2970103017489328,0.1959064253324158,0.09327175831698975,0.1554277136008972,-0.23206446703981629,0.41390077802624936,-0.06991872080205329,-0.5480736488532998,-0.4149589773758726,0.9352188980130752,0.9179466013414281
-0.17013877750586295,-1.2060493491928466,1.227935701936115,-0.7030746009502787,-0.010684955963028146,0.8133553637953653,1.7494015040973183,0.24978407008191994,-0.17740154926422066,0.1316880124299502,-0.0038724130350651833,0.24630144178351687,-0.6722761457179506,0.41390077802624936,0.0013630906070885966,-0.5314798021510522,-0.1983722873529054,0.8846000923863986,0.8798161787191061
-0.17013877750586295,-1.2060493491928466,1.3723987254904713,2.290377774647356,-0.010684955963028146,-0.6865507261215884,-0.6874206446824462,0.2198050281629423,0.36083783691698385,0.042792895089874564,-0.07495770564733704,0.22451880125814888,-0.693115420645984,0.41390077802624936,0.0743081732047076,-0.4493262186097178,-0.1048819266811189,0.8839364819979515,0.8760659305483861
-0.17013877750586295,-1.2060493491928466,1.5168617490448273,-0.7030746009502787,-0.010684955963028146,1.1199775924143014,1.4819398635154282,0.2198050281629423,0.0020115794628475024,0.044570836670399815,-0.130250982379523,0.0894747186768663,-0.542697340543393,0.41390077802624936,0.13524882918524497,-0.32243767161669273,-0.07765967627057156,0.8631335904682387,0.8584189078294272
-0.17013877750586295,-1.2060493491928466,1.6613247725991833,2.3151106330144886,-0.010684955963028146,-0.6865507261215884,-0.6874206446824462,0.24978407008191994,0.0020115794628475024,-0.012437725600630927,-0.1702685086315889,0.0878783196794592,-0.4101296386211816,0.41390077802624936,0.18134947160007972,-0.2579909142100823,-0.06263921612288953,0.8931188222753642,0.8845073148907431
-0.17013877750586295,-1.0958044172922057,-1.6613247691510074,-0.7030746009502787,-0.010684955963028146,1.1944052364168571,1.374690628852482,0.3696996659551655,0.7196640943711202,0.005533935450915921,-0.19021987028121057,0.03573425896975978,-0.37047650776999114,0.41390077802624936,0.2510140464239903,-0.12910585734656269,0.03760708729474207,0.8502823403184041,0.8434496396712678
-0.17013877750586295,-1.0958044172922057,-1.5168617455966513,1.9812527890310518,-0.010684955963028146,-0.6865507261215884,-0.6874206446824462,0.5195943037473887,0.7196640943711202,-0.00671548699409307,-0.1987605141957391,0.03681841779042878,-0.2813279628759759,0.41390077802624936,0.3632734032501014,0.052291789895167966,0.1911111636053578,0.6342237752696243,0.6272146651503464
-0.17013877750586295,-1.0958044172922057,-1.372398722042295,-0.7030746009502787,-0.010684955963028146,1.1500080563214532,1.2458921002410448,0.6095311436029891,0.6598597181287641,-0.0014215498716464363,-0.20031835547676796,0.005750802410982685,-0.23861920793345948,0.41390077802624936,0.4821540303399197,0.2532127706228351,0.3678279438787023,0.7995427475354338,0.792668704636357
-0.17013877750586295,-1.0958044172922057,-1.227935698487939,2.0417081201149383,-0.010684955963028146,-0.6865507261215884,-0.6874206446824462,0.6694889415396119,0.7196640943711202,-0.024245768653637513,-0.19967893781831977,0.012056827111020725,-0.17353156666989014,0.41390077802624936,0.6347700679863449,0.46579552902442184,0.5597695591554256,0.6863410965540699,0.6793746959760291
-0.17013877750586295,-1.0958044172922057,-1.083472674933583,-0.7030746009502787,-0.010684955963028146,1.0626022520636558,1.1148071688449934,0.3696996659551655,-0.8352496879301373,-0.0349644219776426,-0.2251338834487089,-0.04483581607850492,-0.18456354957431234,0.41390077802624936,0.6952156712178413,0.510811990391809,0.5840488989836226,0.8014674333532807,0.7945948949728
-0.17013877750586295,-1.0958044172922057,-0.9390096513792268,1.602609269991725,-0.010684955963028146,-0.6865507261215884,-0.6874206446824462,0.3696996659551655,0.24122908443227173,-0.0725424825696341,-0.24855299004904421,-0.05926474325756147,-0.16475203848844802,0.41390077802624936,0.7329298212005285,0.50350649055502,0.5598710915356595,0.359964314394855,0.35273131416108955
-0.17013877750586295,-1.0958044172922057,-0.7945466278248707,-0.7030746009502787,-0.010684955963028146,1.0747216519264289,1.1032232858989017,0.3696996659551655,-1.1342715691419176,-0.09573549835472052,-0.26793312003643954,-0.11332431699062943,-0.19219813418811252,0.41390077802624936,0.7025947047936152,0.41995582721945074,0.46239607622540213,0.8066046620943983,0.7997363147211212
-0.17013877750586295,-1.0958044172922057,-0.6500836042705146,2.1733758368490723,-0.010684955963028146,-0.6865507261215884,-0.6874206446824462,0.3696996659551655,-1.7921197078078341,-0.1293019106949568,-0.27731495649619536,-0.11611096986149272,-0.17564568421696464,0.41390077802624936,0.6054727788128156,0.23668832248223848,0.26727027449502,0.803787373570964,0.796916720833666
-0.17013877750586295,-1.0958044172922057,-0.5056205807161585,-0.7030746009502787,-0.010684955963028146,1.1985810503496377,1.2197614240980588,0.3696996659551655,-1.612706579080766,0.09290155314696547,-0.1941767453884956,0.4943947763151397,-0.11472524694052713,-0.04741149149326178,0.42228012385658564,-0.1912626790891983,0.05256204268098286,0.8023156395892184,0.7987706611234866
-0.17013877750586295,-1.0958044172922057,-0.3611575571618023,-0.7030746009502787,-0.010684955963028146,-0.6865507261215884,-0.6874206446824462,0.5195943037473887,-1.55290220283841,0.4301768748039861,-0.05823961261448232,1.0690064110781092,0.0187668728159709,-0.6170209534099006,0.28683330608878044,-0.43851544079804244,-0.04978237824561179,-1.2676136780735823,-1.2761757670616813
-0.17013877750586295,-1.0958044172922057,-0.2166945336074462,-0.7030746009502787,-0.010684955963028146,-0.6865507261215884,-0.6874206446824462,0.5195943037473887,-1.3734890741113417,0.8977441235031391,0.04003380232806385,1.2307110200101703,0.03805351638148764,-1.4204987845511066,0.1520309727664162,-0.5529820789965654,-0.12879946187695548,-1.2676136780735823,-1.2761757670616813
-0.17013877750586295,-1.0958044172922057,-0.07223151005309006,-0.7030746009502787,-0.010684955963028146,-0.6865507261215884,-0.6874206446824462,0.44464698485127707,-1.2538803216266297,1.311929967690428,0.13370257519921694,1.1120892911857034,-0.00010882796229695273,-1.8667321256367424,0.03962122016844452,-0.5537808130670663,-0.1596611568331783,-1.2676136780735823,-1.2761757670616813
-0.17013877750586295,-1.0958044172922057,0.07223151350126605,-0.7030746009502787,-0.010684955963028146,-0.6865507261215884,-0.6874206446824462,0.5195943037473887,-1.55290220283841,1.6556428895167281,0.20670890388872004,0.8086350607891699,-0.09663318557635964,-2.3234178925176106,-0.052167199345203905,-0.49708283880979004,-0.1710360586574503,-1.2676136780735823,-1.2761757670616813
-0.17013877750586295,-1.0958044172922057,0.2166945370556222,-0.7030746009502787,-0.010684955963028146,-0.6865507261215884,-0.6874206446824462,0.4596365058107659,-1.55290220283841,1.8895628510562785,0.2547417635742172,0.4978834800431181,0.01970105562738026,-2.44278818171586,-0.11494948047443766,-0.4236090634964378,-0.2512573381532889,-1.2676136780735823,-1.2761757670616813
-0.17013877750586295,-1.0958044172922057,0.3611575606099783,-0.7030746009502787,-0.010684955963028146,-0.6865507261215884,-0.6874206446824462,0.41466794293229947,-1.672510955323122,1.979118402745869,0.2881174171738929,0.31251884547191583,0.37849479630033983,-1.9657343912627532,-0.19378048477815724,-0.42036836753784557,-0.4455643303656554,-1.2676136780735823,-1.2761757670616813
-0.17013877750586295,-1.0958044172922057,0.5056205841643344,-0.7030746009502787,-0.010684955963028146,-0.6865507261215884,-0.6874206446824462,0.3097418680185427,-1.55290220283841,1.903586945604835,0.28951592587191344,0.09582798883009863,0.8030109017498472,-1.2854754753506834,-0.2261141296149868,-0.3776474804675673,-0.6204795113501609,-1.2676136780735823,-1.2761757670616813
-0.17013877750586295,-1.0958044172922057,0.6500836077186906,0.9392618717595649,-0.010684955963028146,1.1521088290038328,-0.6874206446824462,0.2198050281629423,-1.3734890741113417,1.5032623760126085,0.2543486504327338,-0.13716089142854926,1.1871821904686364,0.15721663578408088,-0.22317032519590846,-0.3126203775891512,-0.7571180767324995,0.9816132087969373,0.9692699234118904
-0.17013877750586295,-1.0958044172922057,0.7945466312730467,-0.7030746009502787,-0.010684955963028146,2.8606501809747726,-0.6874206446824462,-0.07998424742150408,-1.1342715691419176,1.0542003670077786,0.13874486004227912,-0.18895102567309144,0.7044660076194698,0.41390077802624936,-0.17324182116458425,-0.3216799260716669,-0.6304216056925082,0.6787176655125732,0.6901724961449156
-0.17013877750586295,-1.0958044172922057,0.9390096548274028,1.6218875443514902,-0.010684955963028146,0.3572734723177632,-0.6874206446824462,-0.22987888521372726,-0.596032182960713,0.3279900257583802,0.01941032157282634,0.2907826215321422,0.1258048557988567,0.41390077802624936,-0.0999130365336287,-0.49332664166043466,-0.43870882038241965,0.8369808344743496,0.8246769080105986
-0.17013877750586295,-1.0958044172922057,1.083472678381759,-0.7030746009502787,-0.010684955963028146,0.602362328537161,1.933947887758786,-0.5296681607981737,0.0020115794628475024,0.18730835477620894,-0.11874007297651201,0.34121175517764885,-0.6431716314036064,0.41390077802624936,-0.03720065087529167,-0.5332733212287178,-0.1759589598289646,0.8391280418688211,0.831767441622903
-0.17013877750586295,-1.0958044172922057,1.227935701936115,2.301278342608472,-0.010684955963028146,-0.6865507261215884,-0.6874206446824462,-0.5896259587347964,0.0020115794628475024,-0.059165090567285625,-0.22183103728477677,0.31885139393515066,-0.7460074192313372,0.41390077802624936,0.009413361722336332,-0.5452679951280567,-0.15742460592836943,0.8986155366006893,0.888609807623042
-0.17013877750586295,-1.0958044172922057,1.3723987254904713,-0.7030746009502787,-0.010684955963028146,1.0792545679274053,1.5348172685187549,-0.5296681607981737,-0.35681467799128885,-0.05581845393281405,-0.29761420588164306,0.16641269590236984,-0.6268795808223985,0.41390077802624936,0.03935971469974467,-0.5151006572489122,-0.2276417799076964,0.8487701642084351,0.8450319770946066
-0.17013877750586295,-1.0958044172922057,1.5168617490448273,1.4654980776528137,-0.010684955963028146,0.5682788502953722,-0.6874206446824462,-0.6795627985903968,0.0020115794628475024,-0.16081574538853302,-0.37016619318815736,0.10997178555478963,-0.5449522365106537,0.41390077802624936,0.04405837747606138,-0.533941499255113,-0.30087348300854944,0.8552964452469306,0.8475635941673368
-0.17013877750586295,-1.0958044172922057,1.6613247725991833,-0.7030746009502787,-0.010684955963028146,0.9900632533286289,1.6534213274773673,-0.8594363353509314,0.18142470818991568,-0.19876979583297102,-0.4442294048190999,0.10996929895198992,-0.5369547202471249,0.41390077802624936,0.049620128808520195,-0.5731321682424116,-0.3470207140470865,0.8021332006552331,0.7984292643026188
-0.17013877750586295,-0.9855594853915648,-1.6613247691510074,1.6022944721957406,-0.010684955963028146,0.43710597222770436,-0.6874206446824462,-0.6795627985903968,-0.35681467799128885,-0.3032949748130963,-0.4829235661240836,0.17350531595471286,-0.4390494321182872,0.41390077802624936,0.03215807100872936,-0.6320749690985895,-0.42501788854279005,0.864890756003845,0.8553872713122245
-0.17013877750586295,-0.9855594853915648,-1.5168617455966513,-0.7030746009502787,-0.010684955963028146,0.9552157816755624,1.5806216770945092,-0.9793520741748433,0.3010334606746278,-0.33312895223548117,-0.5475117073820689,0.150968405913436,-0.4590708902122906,0.41390077802624936,0.027770804606200857,-0.6652539876828782,-0.4620106108207085,0.7376046395760228,0.7340743261742104
-0.17013877750586295,-0.9855594853915648,-1.372398722042295,2.286691576665239,-0.010684955963028146,-0.6865507261215884,-0.6874206446824462,-1.0093309731431546,0.48044658940169593,-0.423984447971443,-0.586303277253084,0.12130406338062034,-0.4092328882220761,0.41390077802624936,0.005655154557878443,-0.6924274282383016,-0.5191336013371356,0.915082313013691,0.901319880272365
-0.17013877750586295,-0.9855594853915648,-1.227935698487939,-0.7030746009502787,-0.010684955963028146,1.1159070053944105,1.3314960245897052,-0.9793520741748433,0.3010334606746278,-0.41061621050463243,-0.6160796843379038,0.014407495624336693,-0.42844792195535936,0.41390077802624936,-0.018372980185497732,-0.6905415223254382,-0.5462248422248005,0.7947285165917266,0.7878504656914832
-0.17013877750586295,-0.9855594853915648,-1.083472674933583,1.5587918176390212,-0.010684955963028146,0.4964812515191537,-0.6874206446824462,-0.9793520741748433,0.3010334606746278,-0.4352033312730509,-0.6469081039358615,-0.03960897699353648,-0.4212714775182347,0.41390077802624936,-0.0529881095999428,-0.7112760775826882,-0.5886393936072107,0.8474326980923911,0.8405977072360327
-0.17013877750586295,-0.9855594853915648,-0.9390096513792268,-0.7030746009502787,-0.010684955963028146,0.9995976902706863,1.522304181440069,-0.8594363353509314,0.18142470818991568,-0.45153436877713987,-0.6694032207098429,-0.048484491253264046,-0.45259996537228425,0.41390077802624936,-0.0947966880639877,-0.7406049940888876,-0.6123684934393013,0.772039583944469,0.7651430742680064
-0.17013877750586295,-0.9855594853915648,-0.7945466278248707,1.6654882036859007,-0.010684955963028146,0.409975942781303,-0.6874206446824462,-0.82945743638262,-0.057792796779508555,-0.49000368879327844,-0.68490092356542,-0.012045813826466944,-0.42067255892137295,0.41390077802624936,-0.1290939135952852,-0.7757195819317212,-0.648709880039289,0.8502208682835046,0.8433882373653564
-0.17013877750586295,-0.9855594853915648,-0.6500836042705146,-0.7030746009502787,-0.010684955963028146,0.9863966288709441,1.5304224802203144,-0.82945743638262,-0.057792796779508555,-0.5018012695199561,-0.6944170446912047,0.012941228840113863,-0.43164676571115224,0.41390077802624936,-0.1698755106748784,-0.8079868769123211,-0.6717935396219785,0.7626016494166847,0.7556973528752906
-0.17013877750586295,-0.9855594853915648,-0.5056205807161585,1.636375588845897,-0.010684955963028146,0.3109324185154608,-0.6874206446824462,-0.4996892618298623,-0.2970103017489328,-0.20391006753746127,-0.6173098153717845,0.806854653184585,-0.30586735038543633,-0.010205001232179767,-0.24986436960683217,-1.0253286416791187,-0.709890017130182,0.8548248001604503,0.8442337471177574
-0.17013877750586295,-0.9855594853915648,-0.3611575571618023,-0.7030746009502787,-0.010684955963028146,-0.6865507261215884,2.832686173916516,0.2198050281629423,-0.8352496879301373,0.1859685231107083,-0.40833643556298715,1.1939955008050067,-0.007041961719446552,-0.8435868313062701,-0.34320350449892745,-1.0414573011478,-0.7066014597566267,0.6505201555157117,0.6555817117840372
-0.17013877750586295,-0.9855594853915648,-0.2166945336074462,-0.7030746009502787,-0.010684955963028146,-0.6865507261215884,-0.6874206446824462,0.2647733051400763,-1.7921197078078341,0.8118274996898353,-0.24106714174954014,1.3812574133123798,0.23489918021417405,-2.3362889556097124,-0.515934012556242,-1.1492485567622737,-0.8523862366298015,-1.2676136780735823,-1.2761757670616813
-0.17013877750586295,-0.9855594853915648,-0.07223151005309006,-0.7030746009502787,-0.010684955963028146,-0.6865507261215884,-0.6874206446824462,0.3097418680185427,-1.9117284602925464,1.1506335904678597,-0.12868270446641936,1.128479319106123,0.3102310962275974,-3.024209024519424,-0.6262717259704232,-1.1128868550795228,-0.903129500080261,-1.2676136780735823,-1.2761757670616813
-0.17013877750586295,-0.9855594853915648,0.07223151350126605,-0.7030746009502787,-0.010684955963028146,-0.6865507261215884,-0.6874206446824462,0.2647733051400763,-2.031337212777258,1.4765762510244453,-0.03777963909508304,0.7837375358233784,0.27142995963036654,-3.3298190435203594,-0.7432926514966581,-1.0716500128760482,-0.9415384353005392,-1.2676136780735823,-1.2761757670616813
-0.17013877750586295,-0.9855594853915648,0.2166945370556222,-0.7030746009502787,-0.010684955963028146,-0.6865507261215884,-0.6874206446824462,0.2198050281629423,-2.2107503415043266,1.6931097878914745,0.023685861846128,0.4742176523307777,0.26118568488051247,-3.559049265246886,-0.8348935583332112,-1.0446669846241545,-0.9939666995644724,-1.2676136780735823,-1.2761757670616813
-0.17013877750586295,-0.9855594853915648,0.3611575606099783,-0.7030746009502787,-0.010684955963028146,-0.6865507261215884,-0.6874206446824462,0.3097418680185427,-2.4499678464737507,1.7646779850400245,0.0749213760276394,0.19037691595067424,0.4371774263194814,-3.4225982962843244,-0.9559708313601083,-1.0560990964331107,-1.125712605140162,-1.2676136780735823,-1.2761757670616813
-0.17013877750586295,-0.9855594853915648,0.5056205841643344,-0.7030746009502787,-0.010684955963028146,-0.6865507261215884,-0.6874206446824462,0.06991039037071911,-1.8519240840501903,1.6649406281461832,0.09639926906206558,0.018750761847811895,0.8550631123026443,-2.5864962270549685,-1.0071868581691235,-1.033498804219977,-1.2486771607462435,-1.2676136780735823,-1.2761757670616813
-0.17013877750586295,-0.9855594853915648,0.6500836077186906,0.9989621898028834,-0.010684955963028146,1.1268976740275698,-0.6874206446824462,0.6694889415396119,-1.7921197078078341,1.2623261168787085,0.125688633316729,-0.15993900194139696,1.0766979843095148,-0.8463373470959692,-1.01083853499518,-0.9325653192843916,-1.2544178888643518,1.0016584844579328,0.9821341158490512
-0.17013877750586295,-0.9855594853915648,0.7945466312730467,-0.7030746009502787,-0.010684955963028146,2.8742079260454427,-0.6874206446824462,-0.07998424742150408,-1.672510955323122,0.8108093845589497,0.00043791601181907637,-0.2608867869331994,0.5146250873761664,0.41390077802624936,-0.9787280736274897,-0.9359495835173991,-1.1459104524575576,0.6751690035680686,0.6869456002949144
-0.17013877750586295,-0.9855594853915648,0.9390096548274028,1.664371988393367,-0.010684955963028146,0.33552863410715356,-0.6874206446824462,-0.22987888521372726,-1.1940759453842735,0.1435745229304239,-0.12044750598394607,0.19623866761716596,-0.05197224895738763,0.41390077802624936,-0.9334823251273816,-1.0550763351307806,-0.9936917979156239,0.8503608879185535,0.8376808930308844
-0.17013877750586295,-0.9855594853915648,1.083472678381759,-0.7030746009502787,-0.010684955963028146,0.6519462749640312,1.929150207258775,-0.22987888521372726,-1.1940759453842735,0.044890591518828224,-0.21646243374550977,0.301054777697701,-0.6913902746876321,0.41390077802624936,-0.8934746396238209,-1.080439774450146,-0.8064492758754908,0.8475727177274399,0.8407753645744699
-0.17013877750586295,-0.9855594853915648,1.227935701936115,2.3293143382361428,-0.010684955963028146,-0.6865507261215884,-0.6874206446824462,-0.25985778418203864,-1.3136846978689858,-0.07965490278713064,-0.2874858023408046,0.2973199002925523,-0.6207943725787406,0.41390077802624936,-0.8690141170363456,-1.0853497226869477,-0.8346001654540701,0.9182092983679202,0.907861886618527
-0.17013877750586295,-0.9855594853915648,1.3723987254904713,-0.7030746009502787,-0.010684955963028146,1.0960739289003838,1.53184034280715,-0.37977352300595046,-1.1940759453842735,-0.09038467233286024,-0.34394798186536596,0.14586341036565284,-0.5779326329946345,0.41390077802624936,-0.8556910762079672,-1.0530178002958104,-0.8547732301367204,0.8485537538867423,0.8452358327502327
-0.17013877750586295,-0.9855594853915648,1.5168617490448273,1.5160049383782364,-0.010684955963028146,0.5809728142063583,-0.6874206446824462,-0.82945743638262,-0.35681467799128885,-0.1509360398570303,-0.40473023129341473,0.13039342548112207,-0.5133096418924892,0.41390077802624936,-0.83355325242405,-1.0528963528129214,-0.8782189127009752,0.8671139945993764,0.8602951576237289
-0.17013877750586295,-0.9855594853915648,1.6613247725991833,-0.7030746009502787,-0.010684955963028146,0.9660666010219093,1.6226285233507864,-0.82945743638262,-0.1175971730218646,-0.19904966306227032,-0.46092732036327666,0.14432337436503892,-0.4915793128020053,0.41390077802624936,-0.8122869528565555,-1.0579028084245188,-0.8861574347400396,0.8018752697485642,0.7950032203071113
-0.17013877750586295,-0.8753145534909239,-1.6613247691510074,1.6236134676120002,-0.010684955963028146,0.4411109754758441,-0.6874206446824462,-0.9793520741748433,0.3010334606746278,-0.3211750905092649,-0.5365483732752481,0.1487677624357019,-0.43789065483305467,0.41390077802624936,-0.7801919166962354,-1.0546892212790715,-0.897104808821305,0.8779807045815935,0.8684573661485417
-0.17013877750586295,-0.8753145534909239,-1.5168617455966513,-0.7030746009502787,-0.010684955963028146,0.9870760014347788,1.6094328624124303,-0.82945743638262,-0.057792796779508555,-0.34281314304371174,-0.5735044874520451,0.1710560121970088,-0.4310787695418458,0.41390077802624936,-0.7673333192210227,-1.0556289211779257,-0.8938529341141569,0.7602161030798836,0.7568994053506843
-0.17013877750586295,-0.8753145534909239,-1.372398722042295,2.4012860369537674,-0.010684955963028146,-0.6865507261215884,-0.6874206446824462,-0.9493731752065319,0.18142470818991568,-0.39174413549340065,-0.6039662333764422,0.1487727356413013,-0.3901065530309911,0.41390077802624936,-0.7608277380125928,-1.0480859481379876,-0.9038734158210288,0.9211750544376321,0.9144002088263342
-0.17013877750586295,-0.8753145534909239,-1.227935698487939,-0.7030746009502787,-0.010684955963028146,1.134444305549594,1.348343863589962,-0.9793520741748433,0.3010334606746278,-0.3934135304382631,-0.6336306206103259,0.041294302829887955,-0.4045928965925847,0.41390077802624936,-0.7528430240286689,-1.0150144973242579,-0.894419113602214,0.8039437498000943,0.7970732967137404
-0.17013877750586295,-0.8753145534909239,-1.083472674933583,1.5790800607955782,-0.010684955963028146,0.50346043174652,-0.6874206446824462,-1.1292467119670664,0.3010334606746278,-0.424697847847998,-0.6642050821611306,-0.004255287255008277,-0.3887793298903912,0.41390077802624936,-0.7434772719473716,-1.0025893354721782,-0.8986884956037495,0.8584550653325699,0.8516292455160889
-0.17013877750586295,-0.8753145534909239,-0.9390096513792268,-0.7030746009502787,-0.010684955963028146,1.0132412067812862,1.5377772501658078,-1.1292467119670664,0.48044658940169593,-0.4510145219376704,-0.6951990963213415,-0.022751467746773377,-0.42982885247013436,0.41390077802624936,-0.7379545656710689,-1.0005928256016836,-0.8898532133805546,0.7811836390071636,0.7742946786154061
-0.17013877750586295,-0.8753145534909239,-0.7945466278248707,1.6855856331528032,-0.010684955963028146,0.4169911051737131,-0.6874206446824462,-1.1292467119670664,0.3010334606746278,-0.5012487279107086,-0.7212315355932019,-0.006010828831596154,-0.41703998743171145,0.41390077802624936,-0.7375759250339007,-1.0111735038073852,-0.9001044901969044,0.8612063882513021,0.8543827295875126
-0.17013877750586295,-0.8753145534909239,-0.6500836042705146,-0.7030746009502787,-0.010684955963028146,1.0065096131372295,1.5534095094239428,-1.1292467119670664,0.3010334606746278,-0.5184847566422515,-0.7354323129696195,0.014521050485522973,-0.43362091858613405,0.41390077802624936,-0.7437645664346437,-1.0235574602634845,-0.9027104879562419,0.7782115919397279,0.7713201462427011
-0.17013877750586295,-0.8753145534909239,-0.5056205807161585,1.6567790368873818,-0.010684955963028146,0.3161075743227413,-0.6874206446824462,-0.6196050006537741,0.06181595570520356,-0.23370284954992587,-0.653357246782604,0.7767526685590223,-0.30190846591025644,0.25095891842022255,-0.7814143643803328,-1.191726223561016,-0.9158455027204401,0.8661906558763395,0.8555035263447501
-0.17013877750586295,-0.8753145534909239,-0.3611575571618023,-0.7030746009502787,-0.010684955963028146,0.96608637029282,1.5431006150388962,-0.07998424742150408,-1.1342715691419176,0.14034885694413077,-0.5070850651526716,1.5529739139836312,-0.0684368141344308,-0.3391641278111238,-0.8584926794966006,-1.356942728671817,-0.9717511964200841,0.7416285414628496,0.7399605558932378
-0.17013877750586295,-0.8753145534909239,-0.2166945336074462,-0.7030746009502787,-0.010684955963028146,-0.6865507261215884,-0.6874206446824462,0.06991039037071911,-1.3734890741113417,0.6783936052720413,-0.30276364014733964,1.7305936097013694,0.0763672178706748,-1.3335640867187672,-0.9634937531983835,-1.38349570271198,-0.9985869687381281,-1.2676136780735823,-1.2761757670616813
-0.17013877750586295,-0.8753145534909239,-0.07223151005309006,-0.7030746009502787,-0.010684955963028146,-0.6865507261215884,-0.6874206446824462,0.24978407008191994,-1.612706579080766,1.1400842960513045,-0.1569291012890764,1.5833030083315665,0.11797090290213377,-2.0211173425574565,-1.0317850025286057,-1.3399363942687568,-0.9944269796881995,-1.2676136780735823,-1.2761757670616813
-0.17013877750586295,-0.8753145534909239,0.07223151350126605,-0.7030746009502787,-0.010684955963028146,-0.6865507261215884,-0.6874206446824462,0.3696996659551655,-1.7921197078078341,1.5066999041070628,-0.04310927920793751,1.2223112757527852,0.06487628104148355,-2.536574714817712,-1.0856086124397994,-1.2481095187153064,-0.9650090096741417,-1.2676136780735823,-1.2761757670616813
-0.17013877750586295,-0.8753145534909239,0.2166945370556222,-0.7030746009502787,-0.010684955963028146,-0.6865507261215884,-0.6874206446824462,0.5195943037473887,-1.9715328365349023,1.76140981585302,0.05952386483998021,0.9193808896793885,0.09840188874815096,-2.6603514188119903,-1.1335802843048801,-1.1685799598511444,-0.9642111616797874,-1.2676136780735823,-1.2761757670616813
-0.17013877750586295,-0.8753145534909239,0.3611575606099783,-0.7030746009502787,-0.010684955963028146,-0.6865507261215884,-0.6874206446824462,0.6395098996206342,-2.2107503415043266,1.8678940654382405,0.14213259081375282,0.6789114793316444,0.4214191944876502,-2.056886857168882,-1.1735607346766777,-1.102908426266648,-1.0447381300623517,-1.2676136780735823,-1.2761757670616813
-0.17013877750586295,-0.8753145534909239,0.5056205841643344,-0.7030746009502787,-0.010684955963028146,-0.6865507261215884,-0.6874206446824462,0.6694889415396119,-2.330359093989039,1.7302830872336148,0.20072732215892763,0.4615177429651122,0.7237616024140157,-1.035260052503849,-1.2075072777591658,-1.0495923306668227,-1.1250075555578496,-1.2676136780735823,-1.2761757670616813
-0.17013877750586295,-0.8753145534909239,0.6500836077186906,-0.7030746009502787,-0.010684955963028146,-0.6865507261215884,-0.6874206446824462,0.5195943037473887,-2.2107503415043266,1.3754304034485696,0.17976778185088219,0.18119223407618404,0.7845388200259862,0.3304420707240758,-1.2023682735161996,-0.9794535899818069,-1.1438164835834859,-1.2676136780735823,-1.2761757670616813
-0.17013877750586295,-0.8753145534909239,0.7945466312730467,1.01844847795954,-0.010684955963028146,1.0335618206917923,-0.6874206446824462,0.1298681883073419,-1.4332934503536978,0.433787031282868,0.05399801604411987,-0.3139467463407882,0.25655789947242447,0.41390077802624936,-1.1345383342938957,-0.8217568527668921,-0.9880928876060361,1.0030509518683606,0.9862454095785308
-0.17013877750586295,-0.8753145534909239,0.9390096548274028,-0.7030746009502787,-0.010684955963028146,0.9570214796847201,1.6119125530445269,-0.22987888521372726,-0.596032182960713,0.21856782416091267,-0.09803449071561957,-0.4878663770925734,-0.5120068311946961,0.41390077802624936,-1.0477901012884974,-0.7442367075682816,-0.7372880386505967,0.9346755355525456,0.9321636912521718
-0.17013877750586295,-0.8753145534909239,1.083472678381759,1.4245908476109648,-0.010684955963028146,0.641723992913463,-0.6874206446824462,-0.07998424742150408,-0.8950540641724933,-0.10761416211044748,-0.19652777070720778,-0.23716293848886597,-0.6324391077976151,0.41390077802624936,-0.9857795625655097,-0.7954754005991882,-0.6736628271643068,0.9298408139305386,0.9226966837267401
-0.17013877750586295,-0.8753145534909239,1.227935701936115,-0.7030746009502787,-0.010684955963028146,1.0098384864003613,1.6330838479233198,-0.13994204535812688,-0.536227806718357,-0.19040712761916542,-0.2668978061346214,-0.13116154774047414,-0.5607714994495021,0.41390077802624936,-0.934486409719643,-0.8011374557478816,-0.669494104146186,0.8453617016417715,0.842043731540248
-0.17013877750586295,-0.8753145534909239,1.3723987254904713,1.5713763835992582,-0.010684955963028146,0.4879328723383387,-0.6874206446824462,-0.18491046528592706,-0.35681467799128885,-0.29779702232723526,-0.32105557729707124,0.003929780294002719,-0.476579494193374,0.41390077802624936,-0.8768064979658708,-0.7931568380285324,-0.6455813726328552,0.9009746607470511,0.8919650342923982
-0.17013877750586295,-0.8753145534909239,1.5168617490448273,-0.7030746009502787,-0.010684955963028146,0.9827414057388111,1.5879952737783936,-0.22987888521372726,-0.2970103017489328,-0.3122716508033319,-0.361127374035926,0.05559061119296053,-0.4542852376740515,0.41390077802624936,-0.8286952761778618,-0.7710239017540166,-0.6125191543906161,0.8099620777081045,0.8030966582493033
-0.17013877750586295,-0.8753145534909239,1.6613247725991833,1.6798597891208942,-0.010684955963028146,0.4415326153226213,-0.6874206446824462,-0.28983668315035005,0.0020115794628475024,-0.3501550805450495,-0.40003305108429194,0.12024725719074804,-0.3823889661116476,0.41390077802624936,-0.7693330527452649,-0.7406609466792187,-0.5827747523153761,0.8838446334311865,0.877039361771436
-0.17013877750586295,-0.7650696215902829,-1.6613247691510074,-0.7030746009502787,-0.010684955963028146,0.98630510446858,1.5782248241113337,-0.22987888521372726,0.36083783691698385,-0.358411163809379,-0.42450138709587854,0.17582448749923263,-0.35029230005727535,0.41390077802624936,-0.7070205173842301,-0.6958531147377945,-0.5269408955041127,0.7884341037550451,0.7815509984536716
-0.17013877750586295,-0.7650696215902829,-1.5168617455966513,2.370373144223013,-0.010684955963028146,-0.6865507261215884,-0.6874206446824462,-0.07998424742150408,0.36083783691698385,-0.37073055306171276,-0.43317353257454927,0.21457487666215042,-0.2685838539826989,0.41390077802624936,-0.6431006272114358,-0.6343870255540905,-0.47596334335689827,0.9127560817982842,0.9059743797348081
-0.17013877750586295,-0.7650696215902829,-1.372398722042295,-0.7030746009502787,-0.010684955963028146,1.1139175263853054,1.3122304140080605,-0.05000534845319268,0.36083783691698385,-0.337910889263205,-0.43773781966858655,0.16307733268037286,-0.24282221683670804,0.41390077802624936,-0.5837036970622556,-0.5490174692917521,-0.41159552622506956,0.7864707732368956,0.7795861246645044
-0.17013877750586295,-0.7650696215902829,-1.227935698487939,2.3500318674024765,-0.010684955963028146,-0.6865507261215884,-0.6874206446824462,-0.07998424742150408,0.36083783691698385,-0.327392327930241,-0.44520279470394103,0.1286619210649313,-0.1957428208836693,0.41390077802624936,-0.5346464762284889,-0.48591314031207644,-0.3740078023640598,0.9035875817158635,0.8967986238137498
-0.17013877750586295,-0.7650696215902829,-1.083472674933583,-0.7030746009502787,-0.010684955963028146,1.178436686288256,1.2795538901124544,-0.07998424742150408,0.36083783691698385,-0.2900045508983572,-0.45330440429585717,0.049341778357315576,-0.2032480195505931,0.41390077802624936,-0.4960620071237048,-0.421852195534144,-0.3326059545935312,0.7994825337000789,0.7926085303765638
-0.17013877750586295,-0.7650696215902829,-0.9390096513792268,2.338375569729658,-0.010684955963028146,-0.6865507261215884,-0.6874206446824462,-0.10996314638981547,0.7196640943711202,-0.2885476719570515,-0.46704179520815464,-0.0005552222890553565,-0.1935107098630283,0.41390077802624936,-0.4376539773782809,-0.3497702951229028,-0.27963662100009334,0.8942501234088652,0.8874533975283758
-0.17013877750586295,-0.7650696215902829,-0.7945466278248707,-0.7030746009502787,-0.010684955963028146,1.2172373845275535,1.271856473528242,-0.07998424742150408,0.7196640943711202,-0.2618412762116259,-0.47999852604125853,-0.07908213870356692,-0.22490022882409505,0.41390077802624936,-0.3671280011302844,-0.2542472955500261,-0.19858517782758944,0.8130743241533811,0.8062113925538396
-0.17013877750586295,-0.7650696215902829,-0.6500836042705146,1.4824928586091533,-0.010684955963028146,0.5633272232284943,-0.6874206446824462,-0.07998424742150408,0.7196640943711202,-0.26743077405286525,-0.4839073926409996,-0.057083992602224964,-0.2029534427407236,0.41390077802624936,-0.30917935334185753,-0.20538853944273544,-0.14847905735674838,0.8453960325150633,0.8385593553541246
-0.17013877750586295,-0.7650696215902829,-0.5056205807161585,-0.7030746009502787,-0.010684955963028146,1.0315862533918465,1.5035115403640065,0.009952592434096328,0.7196640943711202,-0.07818756151949598,-0.3987778721334317,0.7158831186251772,-0.12769639155190796,0.41390077802624936,-0.3164458311076012,-0.437799117519502,-0.12945625628500634,0.7674530871183574,0.7651547407061295
-0.17013877750586295,-0.7650696215902829,-0.3611575571618023,2.253897959708846,-0.010684955963028146,-0.6865507261215884,-0.6874206446824462,0.3696996659551655,0.36083783691698385,0.25295356743178454,-0.21200529607410695,0.941928574999464,0.05531229969784748,0.1925576195696769,-0.3986643555611608,-0.47741159963933505,-0.16050376641451752,0.8932617177950867,0.8797103620785853
-0.17013877750586295,-0.7650696215902829,-0.2166945336074462,-0.7030746009502787,-0.010684955963028146,-0.6865507261215884,2.601620802364359,0.5195943037473887,0.06181595570520356,0.4330160886115038,-0.029668984422035454,0.9203133657292758,0.33494788082145444,0.41390077802624936,-0.4392620552466361,-0.39906018979444974,-0.19086085635843797,0.5354552907514004,0.5773205840871503
-0.17013877750586295,-0.7650696215902829,-0.07223151005309006,-0.7030746009502787,-0.010684955963028146,-0.6865507261215884,-0.6874206446824462,0.6095311436029891,-0.1175971730218646,0.3722168947324168,0.05697802238920547,0.655311132159696,0.5329791756264609,0.41390077802624936,-0.4510816203941391,-0.2630335871960414,-0.22281975606880164,-1.2676136780735823,-1.2761757670616813
-0.17013877750586295,-0.7650696215902829,0.07223151350126605,1.175212405326177,-0.010684955963028146,0.8441775399327965,-0.6874206446824462,0.6694889415396119,-0.23720592550657674,0.2817236570455947,0.11555327202117402,0.3669754467853358,0.5571206403181695,0.41390077802624936,-0.4103757032382065,-0.07695413948893638,-0.1552841286736744,0.9131188027527496,0.8968956394570899
-0.17013877750586295,-0.7650696215902829,0.2166945370556222,-0.7030746009502787,-0.010684955963028146,1.1031117893445803,1.2838909430798287,0.6694889415396119,-0.23720592550657674,0.2343018551688562,0.1255724388129631,0.3527777736666513,0.49718321073875504,0.41390077802624936,-0.3815216477577085,-0.035840045991381825,-0.09666107912024278,0.772288887197117,0.76539257230436
-0.17013877750586295,-0.7650696215902829,0.3611575606099783,2.3295766398714988,-0.010684955963028146,-0.6865507261215884,-0.6874206446824462,0.3696996659551655,0.7196640943711202,0.16048621954576942,0.10226256896167715,0.3705520104789036,0.4606971874677085,0.41390077802624936,-0.297237832648583,0.02848678202587562,-0.010972553885313223,0.895316717137209,0.8885207742794703
-0.17013877750586295,-0.7650696215902829,0.5056205841643344,-0.7030746009502787,-0.010684955963028146,1.2215613110931884,1.2078742214778875,0.3696996659551655,0.6000553418864081,0.17382241613819766,0.09854712794305537,0.3581911079615972,0.4487163742861928,0.41390077802624936,-0.22836452275899652,0.0990306368145286,0.05913893907888854,0.7877609669986164,0.7808772104834697
-0.17013877750586295,-0.7650696215902829,0.6500836077186906,1.479851029638301,-0.010684955963028146,0.5395212554766431,-0.6874206446824462,0.3696996659551655,0.36083783691698385,0.15642814472092953,0.05917249822679594,0.38067911481447997,0.475791400855193,0.41390077802624936,-0.14482280473570217,0.13879709699302462,0.09662229202000193,0.8236354713890217,0.8167811854934415
-0.17013877750586295,-0.7650696215902829,0.7945466312730467,-0.7030746009502787,-0.010684955963028146,1.0630372806230075,1.4706210192086875,0.0998892893390305,0.9588815993405444,0.019928788688754383,-0.07225044328713903,0.35737301564049606,0.2450995125669757,0.41390077802624936,0.016483168094108488,0.19862342828722068,0.24805248758338788,0.7304375754836775,0.7275204487155723
-0.17013877750586295,-0.7650696215902829,0.9390096548274028,1.5715929974497678,-0.010684955963028146,0.38539803207008305,-0.6874206446824462,0.2198050281629423,0.7196640943711202,-0.12599777726119657,-0.15522027673069905,0.41077198189644387,0.2138060158809493,0.41390077802624936,0.15298685358564534,0.223502595768566,0.3116735504347864,0.8196823881622837,0.8094851588306866
-0.17013877750586295,-0.7650696215902829,1.083472678381759,-0.7030746009502787,-0.010684955963028146,0.9947668754149291,1.4687770447762656,0.06991039037071911,0.7196640943711202,-0.14920779432656753,-0.20980664558368656,0.42973315711175275,0.14775164188222814,0.41390077802624936,0.22905144335504518,0.22854526875452508,0.35611416408857427,0.7285091150671963,0.7215771148520472
-0.17013877750586295,-0.7650696215902829,1.227935701936115,1.664613148230245,-0.010684955963028146,0.37255260834809883,-0.6874206446824462,-0.07998424742150408,0.7196640943711202,-0.19546631629460634,-0.26012999812186216,0.46224217324742467,0.14006579113853354,0.41390077802624936,0.2960667388131043,0.21729012327777877,0.36277381483510074,0.8125834465881457,0.8057199694321947
-0.17013877750586295,-0.7650696215902829,1.3723987254904713,-0.7030746009502787,-0.010684955963028146,0.9859196559854805,1.4931652016881596,-0.07998424742150408,0.7196640943711202,-0.21736788867346352,-0.2988951285249544,0.4720037469714452,0.09057688708045723,0.41390077802624936,0.3371190000782735,0.2009491475845467,0.373214182062811,0.7292800319025293,0.7223485324886485
-0.17013877750586295,-0.7650696215902829,1.5168617490448273,1.6991396759907127,-0.010684955963028146,0.35056698250978363,-0.6874206446824462,-0.07998424742150408,0.7196640943711202,-0.25793817459553353,-0.33046385322474986,0.4856096086238012,0.08828618619707976,0.41390077802624936,0.3713745293458981,0.17836555440031035,0.3565936589423242,0.8188553915758143,0.8119971271655252
-0.17013877750586295,-0.7650696215902829,1.6613247725991833,-0.7030746009502787,-0.010684955963028146,0.9785583744531583,1.499650594691946,0.0998892893390305,0.7196640943711202,-0.2653350393100983,-0.3447001151502218,0.48793789771191987,0.052708305798448575,0.41390077802624936,0.41133642126507824,0.1783356262705984,0.37432143088037284,0.7268712987455468,0.7199378779585638
-0.17013877750586295,-0.654824689689642,-1.6613247691510074,1.7134023274132084,-0.010684955963028146,0.33580268431766114,-0.6874206446824462,0.15984723022631953,0.6000553418864081,-0.28983453809551185,-0.3525324596346086,0.501277692864708,0.06625232906769717,0.41390077802624936,0.4553589990244935,0.18232842914108235,0.3783366544075163,0.8193464488838418,0.81248855028717
-0.17013877750586295,-0.654824689689642,-1.5168617455966513,-0.7030746009502787,-0.010684955963028146,-0.6865507261215884,1.3694580506956353,0.2198050281629423,0.7196640943711202,-0.28940885219300283,-0.35732913573617764,0.4561624294021593,0.03450801593783732,0.41390077802624936,0.5101541559811518,0.22794692303079114,0.42122240337389383,-0.11665542347107045,-0.12427771850823296
-0.17013877750586295,-0.654824689689642,-1.372398722042295,0.9010215541782882,-0.010684955963028146,-0.6865507261215884,-0.6874206446824462,0.0998892893390305,0.8392728468558323,-0.3397444119523528,-0.37503175106141995,0.25512059304645124,0.04443086019073429,0.41390077802624936,0.5689352829298452,0.3378796664484582,0.4382811533484226,-0.0904331968880332,-0.1532207187713735
-0.17013877750586295,-0.654824689689642,-1.227935698487939,-0.7030746009502787,-0.010684955963028146,0.947542271182032,0.79123787332382,0.08489991133020793,0.7794684706134762,-0.3656229761270005,-0.3931365246092771,-0.07032929684862453,-0.05444522941372303,0.41390077802624936,0.6122892743573034,0.496147857444467,0.4933542815301484,0.5889309283157742,0.6257833773995498
-0.17013877750586295,-0.654824689689642,-1.083472674933583,2.2954172268998594,-0.010684955963028146,-0.6865507261215884,-0.6874206446824462,0.06991039037071911,0.36083783691698385,-0.39936136295626884,-0.4071842313819314,-0.13066339831293433,-0.08645726566636483,0.41390077802624936,0.6291668614090784,0.510626566109898,0.49458577104524376,0.921576599835192,0.9148021892557013
-0.17013877750586295,-0.654824689689642,-0.9390096513792268,-0.7030746009502787,-0.010684955963028146,1.2231330204302449,1.1823939045533247,0.06991039037071911,0.36083783691698385,-0.3790147538280513,-0.42057582188481785,-0.20451715919921057,-0.15644773919364618,0.41390077802624936,0.6466884508685641,0.528794242068085,0.5115093628619988,0.8105266498181024,0.803661559463689
-0.17013877750586295,-0.654824689689642,-0.7945466278248707,2.308785293578275,-0.010684955963028146,-0.6865507261215884,-0.6874206446824462,-0.07998424742150408,1.0784903518252564,-0.3813027338171126,-0.4424405660814825,-0.23387813619046288,-0.190777330016753,0.41390077802624936,0.6775350093073493,0.5344226822884788,0.5198583814060949,0.9037951846407434,0.8970063682820836
-0.17013877750586295,-0.654824689689642,-0.6500836042705146,-0.7030746009502787,-0.010684955963028146,1.2374286090829456,1.218586426436469,-0.07998424742150408,1.0784903518252564,-0.35158514977513733,-0.4627105928971208,-0.2861448693049475,-0.24919793314976757,0.41390077802624936,0.7127440092055515,0.5584250423174659,0.5474114308619205,0.8199537997783604,0.8130964331156937
-0.17013877750586295,-0.654824689689642,-0.5056205807161585,1.4533352726554376,-0.010684955963028146,0.5661807971952341,-0.6874206446824462,-0.07998424742150408,0.8392728468558323,-0.34272028989754233,-0.46063648621612613,-0.23451221990438625,-0.2418099142083167,0.41390077802624936,0.726656582178114,0.5235186501595851,0.533855220481655,0.8503175699056564,0.8434850483343435
-0.17013877750586295,-0.654824689689642,-0.3611575571618023,-0.7030746009502787,-0.010684955963028146,1.0611495767493315,1.4882060296099489,-0.07998424742150408,0.36083783691698385,-0.292822840053217,-0.401122635472899,-0.041874272144062766,-0.2203033658435624,0.41390077802624936,0.6693774847971049,0.38084670154209194,0.47046495273973454,0.7667078735022952,0.7638493276824515
-0.17013877750586295,-0.654824689689642,-0.2166945336074462,2.262001539398414,-0.010684955963028146,-0.6865507261215884,-0.6874206446824462,0.06991039037071911,-0.2970103017489328,-0.2051668544877259,-0.3001683976380776,0.1270298807607285,-0.07754509654567206,0.41390077802624936,0.5717200148979171,0.25045612963175795,0.3464670595219175,0.9095122636291876,0.8962566461269045
-0.17013877750586295,-0.654824689689642,-0.07223151005309006,-0.7030746009502787,-0.010684955963028146,1.1498672656407878,1.2551443962303837,-0.05000534845319268,0.36083783691698385,-0.13742263761240553,-0.24309463147393412,0.16956653711998879,-0.024437454715524838,0.41390077802624936,0.5188057691649766,0.20581897477789401,0.29499931340991775,0.7852494209645506,0.7783638094281599
-0.17013877750586295,-0.654824689689642,0.07223151350126605,2.3271808082676846,-0.010684955963028146,-0.6865507261215884,-0.6874206446824462,-0.22987888521372726,1.0784903518252564,-0.09715641304927049,-0.20301587698036286,0.20556591471883895,0.04323302299701079,0.41390077802624936,0.4755337241516731,0.16794123982882853,0.24119348401287524,0.8888662875569814,0.8820651405102905
-0.17013877750586295,-0.654824689689642,0.2166945370556222,-0.7030746009502787,-0.010684955963028146,1.2076249164950232,1.2588944733319183,-0.22987888521372726,1.0784903518252564,-0.043928020059967016,-0.18504608387400615,0.17306767386196573,0.04792102576402239,0.41390077802624936,0.45998607919785733,0.17412747098849146,0.23110858929058611,0.8015605401195905,0.7946880218034325
-0.17013877750586295,-0.654824689689642,0.3611575606099783,1.4754684064808903,-0.010684955963028146,0.555111679074334,-0.6874206446824462,-0.19989998624541588,0.8392728468558323,-0.04392213500140699,-0.18342075237222705,0.19864901459767473,0.07270697894583221,0.41390077802624936,0.45541587947667156,0.15116110136264932,0.20771705732912274,0.8315801028000078,0.8247321700859188
-0.17013877750586295,-0.654824689689642,0.5056205841643344,-0.7030746009502787,-0.010684955963028146,1.0157543099712312,1.4741901504356851,-0.22987888521372726,0.36083783691698385,-0.00799254470162003,-0.1645826314772486,0.29384860278417174,0.11652568628796738,0.41390077802624936,0.43465885277126254,0.0878947701156198,0.16460313344372482,0.7562141298136935,0.7493047588068467
-0.17013877750586295,-0.654824689689642,0.6500836077186906,1.6049735680656052,-0.010684955963028146,0.4310672444593739,-0.6874206446824462,-0.22987888521372726,0.36083783691698385,-0.012493306709253452,-0.1719550683748734,0.39440184679842183,0.22777156066266308,0.41390077802624936,0.43170733574849907,0.024453641241432077,0.09371584575485394,0.8171875582078835,0.8103278031421451
-0.17013877750586295,-0.654824689689642,0.7945466312730467,-0.7030746009502787,-0.010684955963028146,0.9846820368668827,1.4854006364036856,-0.22987888521372726,0.7794684706134762,-0.10312124684756077,-0.24196608365891456,0.40970688703057256,0.14838066915855166,0.41390077802624936,0.4803275893797285,0.005289011571028716,0.11446709913182558,0.731420588813693,0.7244908589418999
-0.17013877750586295,-0.654824689689642,0.9390096548274028,1.6549139002589266,-0.010684955963028146,0.3810778710798595,-0.6874206446824462,-0.37977352300595046,0.36083783691698385,-0.1942369929509552,-0.3288301724173109,0.4048712734527568,0.09178937173986486,0.41390077802624936,0.530636421180277,-0.022540896003511127,0.1077847400679995,0.8116980335942425,0.8048339341578921
-0.17013877750586295,-0.654824689689642,1.083472678381759,-0.7030746009502787,-0.010684955963028146,0.9822670478362721,1.4997265292034572,-0.22987888521372726,0.36083783691698385,-0.23801202020666049,-0.38427860707967526,0.3935240760101279,0.01554524411355831,0.41390077802624936,0.5491013584780035,-0.054388980297638535,0.10234981001121948,0.7309413945299443,0.7240113069327313
-0.17013877750586295,-0.654824689689642,1.227935701936115,1.6925658308384888,-0.010684955963028146,0.35713634261319244,-0.6874206446824462,-0.19989998624541588,0.06181595570520356,-0.290007820375335,-0.4187445408434297,0.40202411324710086,0.005416521592990111,0.41390077802624936,0.5506737655543148,-0.0963373746285401,0.06578505217471715,0.8189298050917453,0.8120716286300311
-0.17013877750586295,-0.654824689689642,1.3723987254904713,-0.7030746009502787,-0.010684955963028146,0.9838047623953073,1.510506928792211,-0.22987888521372726,0.0020115794628475024,-0.3112129941579217,-0.44495649018697625,0.3954545086502947,-0.041042798312754265,0.41390077802624936,0.5366469496396659,-0.13903310472021987,0.0373505269790972,0.735061998038923,0.7281352904720992
-0.17013877750586295,-0.654824689689642,1.5168617490448273,1.717468898600149,-0.010684955963028146,0.3453901531134313,-0.6874206446824462,-0.22987888521372726,0.0020115794628475024,-0.34739694976658114,-0.46514580704790287,0.4028596117877999,-0.03458977593080634,0.41390077802624936,0.5211957122319145,-0.18280516312900422,-0.009056976311566448,0.827202826583905,0.8203513202334879
-0.17013877750586295,-0.654824689689642,1.6613247725991833,-0.7030746009502787,-0.010684955963028146,0.9878500363804874,1.5192483926132034,-0.22987888521372726,0.06181595570520356,-0.3577847320204333,-0.48224309771280793,0.38864370358191763,-0.07504851739462336,0.41390077802624936,0.4980921258552966,-0.21790630500051794,-0.03558924323493268,0.7405799220137164,0.7336576091914245
-0.17013877750586295,-0.5445797577890011,-1.6613247691510074,1.7354437273334,-0.010684955963028146,0.3406078723407564,-0.6874206446824462,-0.22987888521372726,-0.2970103017489328,-0.3874101168116348,-0.49881090324378585,0.38906393945506684,-0.06630967661785932,0.41390077802624936,0.4650108404987371,-0.2684089395369145,-0.09309434485976706,0.8352988014258426,0.8284539685215666
-0.17013877750586295,-0.5445797577890011,-1.5168617455966513,-0.7030746009502787,-0.010684955963028146,-0.6865507261215884,2.1215383458321204,-0.37977352300595046,-0.35681467799128885,-0.3942132445070319,-0.5202477455253846,0.33408100721571043,-0.08468410857049288,0.41390077802624936,0.43470850265748573,-0.30292583226752967,-0.14400333535667298,0.3096413654039812,0.3023673007833176
-0.17013877750586295,-0.5445797577890011,-1.372398722042295,1.8738553194465022,-0.010684955963028146,-0.6865507261215884,-0.6874206446824462,-0.5596470597664851,0.0020115794628475024,-0.4470499541543954,-0.5608086724208107,0.10224259518572355,-0.020346743049187863,0.41390077802624936,0.41018435108960793,-0.27972849555369306,-0.23324614894740445,0.6364044148234271,0.5666179574924265
-0.17013877750586295,-0.5445797577890011,-1.227935698487939,-0.7030746009502787,-0.010684955963028146,1.4114940060711503,1.098606551273428,-0.6795627985903968,0.3010334606746278,-0.43901684921995165,-0.5958409674184898,-0.22535323292549295,-0.056442980983418135,0.41390077802624936,0.3972724884451945,-0.19970241166796932,-0.26209924956863395,0.7732582400749325,0.7730050255169121
-0.17013877750586295,-0.5445797577890011,-1.083472674933583,1.5389622440087702,-0.010684955963028146,0.5223905023369922,-0.6874206446824462,-0.6795627985903968,0.0020115794628475024,-0.4701985050525838,-0.6240059585109636,-0.23553918686066216,-0.08195235622040471,0.41390077802624936,0.3789806026926538,-0.2393927502991545,-0.29539706660285664,0.8638094233665489,0.8569878247529836
-0.17013877750586295,-0.5445797577890011,-0.9390096513792268,-0.7030746009502787,-0.010684955963028146,1.0744950898058336,1.39514441581259,-0.9793520741748433,0.3010334606746278,-0.49782558551495665,-0.6600972237764972,-0.21287711781180044,-0.18266019278347045,0.41390077802624936,0.35119498384141523,-0.3101504394058943,-0.319829905922031,0.7603857802756296,0.7534797062601211
-0.17013877750586295,-0.5445797577890011,-0.7945466278248707,1.6568623499068085,-0.010684955963028146,0.41302574506671164,-0.6874206446824462,-0.9793520741748433,0.3010334606746278,-0.5429953716493895,-0.6882225556670867,-0.15243609242710354,-0.22138565080800007,0.41390077802624936,0.31217788587366685,-0.3953415112424869,-0.36970719642623734,0.8561867112962205,0.8493587929178354
-0.17013877750586295,-0.5445797577890011,-0.6500836042705146,-0.7030746009502787,-0.010684955963028146,1.0323913543347005,1.4707921333420648,-1.1292467119670664,0.6598597181287641,-0.567615187187586,-0.7197272690234902,-0.12155497225763492,-0.30385657884624423,0.41390077802624936,0.2744444543817668,-0.46637918017138713,-0.40152613429632156,0.7635949080858502,0.7566914562079975
-0.17013877750586295,-0.5445797577890011,-0.5056205807161585,1.6302826300251596,-0.010684955963028146,0.3025207506419487,-0.6874206446824462,-0.6495838996220854,0.36083783691698385,-0.20874758567380763,-0.6527971475279242,0.8651124413111457,-0.22700376764595323,0.008042493443766374,0.19600100841322632,-0.7927627843206584,-0.4448001081488409,0.8634785168862859,0.8526653070911686
-0.17013877750586295,-0.5445797577890011,-0.3611575571618023,-0.7030746009502787,-0.010684955963028146,-0.6865507261215884,2.830537833880104,-0.37977352300595046,0.36083783691698385,0.1534084557842375,-0.5302585630115138,1.1899481403146956,-0.02476620894532395,-0.5906010964087605,0.11153570609863443,-0.8618672695665704,-0.4880105423827622,0.6455545811410532,0.6511044603113253
-0.17013877750586295,-0.5445797577890011,-0.2166945336074462,-0.7030746009502787,-0.010684955963028146,-0.6865507261215884,-0.6874206446824462,-0.07998424742150408,-0.8950540641724933,0.7541225388225341,-0.348492787246197,1.292048051270359,0.1993074660979523,-1.99870448167501,-0.07127999535248349,-0.9278065297896857,-0.6080683241998884,-1.2676136780735823,-1.2761757670616813
-0.17013877750586295,-0.5445797577890011,-0.07223151005309006,-0.7030746009502787,-0.010684955963028146,-0.6865507261215884,-0.6874206446824462,0.054920869411230304,-1.493097826596054,1.10398796242565,-0.21892687046610124,1.070051613121583,0.28105090334055194,-2.5744391396347552,-0.21588070961910935,-0.9193858818153687,-0.6937142713398812,-1.2676136780735823,-1.2761757670616813
-0.17013877750586295,-0.5445797577890011,0.07223151350126605,-0.7030746009502787,-0.010684955963028146,-0.6865507261215884,-0.6874206446824462,0.2198050281629423,-1.8519240840501903,1.4426351566225537,-0.11163203075811498,0.726899597895446,0.24270221068334158,-2.8480420980956103,-0.3646042925931819,-0.8886308248672431,-0.7518822811505009,-1.2676136780735823,-1.2761757670616813
-0.17013877750586295,-0.5445797577890011,0.2166945370556222,-0.7030746009502787,-0.010684955963028146,-0.6865507261215884,-0.6874206446824462,0.15984723022631953,-2.1509459652619705,1.6750956236392163,-0.042366191004213155,0.4233591652685229,0.23715733117380905,-3.011946987573814,-0.47243950713039484,-0.8697769706307327,-0.8202207785716931,-1.2676136780735823,-1.2761757670616813
-0.17013877750586295,-0.5445797577890011,0.3611575606099783,-0.7030746009502787,-0.010684955963028146,-0.6865507261215884,-0.6874206446824462,0.0998892893390305,-2.2705547177466827,1.7632014892368522,0.0040872583606339176,0.13963032601440598,0.42103998787605024,-2.668738046550099,-0.5952111427793749,-0.8843237766347836,-0.9680532342875211,-1.2676136780735823,-1.2761757670616813
-0.17013877750586295,-0.5445797577890011,0.5056205841643344,-0.7030746009502787,-0.010684955963028146,-0.6865507261215884,-0.6874206446824462,0.06991039037071911,-2.031337212777258,1.6786940100009782,0.0210161713613992,-0.05546770078242026,0.7826655719146062,-1.9597372886730198,-0.682712800757267,-0.8945214615283742,-1.124846413844704,-1.2676136780735823,-1.2761757670616813
-0.17013877750586295,-0.5445797577890011,0.6500836077186906,0.9937415989210459,-0.010684955963028146,1.133259404486758,-0.6874206446824462,-0.07998424742150408,-1.8519240840501903,1.2579639806949336,-0.0036386324765901048,-0.3272160877475848,1.0674741496689877,-0.23157261389348707,-0.7190015651713911,-0.8547133622128876,-1.2274452115948955,1.0038094664510384,0.9839696354470984
-0.17013877750586295,-0.5445797577890011,0.7945466312730467,-0.7030746009502787,-0.010684955963028146,2.9013008227343136,-0.6874206446824462,-0.37977352300595046,-1.0744671928995615,0.827006373506949,-0.10624116240375514,-0.3735696794043839,0.5930223924580384,0.41390077802624936,-0.6757736266104122,-0.8425664452189272,-1.1116188190176688,0.6885724235752461,0.7006190751239885
-0.17013877750586295,-0.5445797577890011,0.9390096548274028,1.6682384291658996,-0.010684955963028146,0.345401345240349,-0.6874206446824462,-0.6795627985903968,-0.35681467799128885,0.10166113586587544,-0.23360147093871397,0.0981272675522208,-0.02677860798070317,0.41390077802624936,-0.6277028959917502,-0.9764380056075698,-0.9466711700578703,0.8572051339562804,0.8445143556557729
-0.17013877750586295,-0.5445797577890011,1.083472678381759,-0.7030746009502787,-0.010684955963028146,0.6657591377688341,1.9302160098376961,-0.82945743638262,-0.057792796779508555,0.015908639796856916,-0.34383248313707176,0.19790054715496516,-0.7501266120809489,0.41390077802624936,-0.574090900644168,-1.004396734262174,-0.7316860714521415,0.8538137469548667,0.8470332829186148
-0.17013877750586295,-0.5445797577890011,1.227935701936115,1.5636881148323378,-0.010684955963028146,0.48010089387957217,-0.6874206446824462,-0.9193942762382205,-0.17740154926422066,-0.16653013725032417,-0.4398696757137283,0.19903029369362865,-0.7207307759491094,0.41390077802624936,-0.5407517251018862,-1.0160392104611344,-0.7538926222791328,0.8634369963013099,0.855588261526908
-0.17013877750586295,-0.5445797577890011,1.3723987254904713,-0.7030746009502787,-0.010684955963028146,0.9048586370975196,1.7398385669245253,-0.9793520741748433,-0.057792796779508555,-0.22950157163345852,-0.5116347409618042,0.18554213124045843,-0.7111757458345025,0.41390077802624936,-0.5316968873566468,-1.0265637192059998,-0.7728798324304917,0.8059184041141462,0.8018530568802429
-0.17013877750586295,-0.5445797577890011,1.5168617490448273,1.639933681862659,-0.010684955963028146,0.4209814645174746,-0.6874206446824462,-1.1292467119670664,-0.057792796779508555,-0.3666626698059395,-0.5735072705539317,0.19298121794955958,-0.6150940671833377,0.41390077802624936,-0.5252889187886071,-1.0455036710330583,-0.8215594775463473,0.8774856929321397,0.8681659098698152
-0.17013877750586295,-0.5445797577890011,1.6613247725991833,-0.7030746009502787,-0.010684955963028146,0.9695523732605225,1.672709320959099,-1.0692888425551106,-0.23720592550657674,-0.392765520101264,-0.6125458407173832,0.14243687170766686,-0.6137774227679541,0.41390077802624936,-0.5449317152803761,-1.058965040158788,-0.8516728897777063,0.7843072092483427,0.7809265370025519
-0.17013877750586295,-0.4343348258883602,-1.6613247691510074,1.6871323886296,-0.010684955963028146,0.3804077032559197,-0.6874206446824462,-1.1292467119670664,-0.35681467799128885,-0.4798303842291697,-0.6432691982191214,0.16847823396132028,-0.5192296592731539,0.41390077802624936,-0.5642390135118407,-1.0906622910165773,-0.9073139442411277,0.8857019157019946,0.8756389798479483
-0.17013877750586295,-0.4343348258883602,-1.5168617455966513,-0.7030746009502787,-0.010684955963028146,0.938259500196647,1.57404047691091,-1.1292467119670664,-0.35681467799128885,-0.48764574199689226,-0.6688208566400702,0.15993012240355314,-0.5091074467373342,0.41390077802624936,-0.5763528626937056,-1.1062306655351801,-0.9298076242724365,0.7536856879571698,0.7467741651058816
-0.17013877750586295,-0.4343348258883602,-1.372398722042295,2.405903549075626,-0.010684955963028146,-0.6865507261215884,-0.6874206446824462,-1.2191834803473338,-0.057792796779508555,-0.529656559475379,-0.7087451489789347,0.09249925654890084,-0.4934729046157244,0.41390077802624936,-0.5992853256760591,-1.1168398622123101,-0.9644696871382754,0.9315913289828371,0.924825092323985
-0.17013877750586295,-0.4343348258883602,-1.227935698487939,-0.7030746009502787,-0.010684955963028146,1.1894120834211352,1.4158488075792828,-1.2791413497592896,0.3010334606746278,-0.5208276638445398,-0.7454069501312228,-0.09735120947295947,-0.5330137382300033,0.41390077802624936,-0.6184969394180547,-1.0869337448566296,-0.9729248233959064,0.8016484343449293,0.8006012685370608
-0.17013877750586295,-0.4343348258883602,-1.083472674933583,1.0083149272805003,-0.010684955963028146,0.25459585398181944,0.3433217360767874,-1.2791413497592896,-0.057792796779508555,-0.554536625381008,-0.7704541713352239,-0.13566395654313013,-0.4863680700108332,0.41390077802624936,-0.6311171692356231,-1.0926980544485057,-1.0024676891551123,0.8638085246525883,0.8569870060555715
-0.17013877750586295,-0.4343348258883602,-0.9390096513792268,-0.7030746009502787,-0.010684955963028146,1.2107367461754055,1.2950694235925644,-1.2191834803473338,0.06181595570520356,-0.592756157356043,-0.7913476129734625,-0.15860701170835792,-0.4255745774369914,0.41390077802624936,-0.6570510401458286,-1.104223745880438,-1.037396574749222,0.7454894166372384,0.7385712263848141
-0.17013877750586295,-0.4343348258883602,-0.7945466278248707,1.1602053117623528,-0.010684955963028146,0.21301260471201683,0.2535121275575264,-1.1292467119670664,-0.057792796779508555,-0.6522155195696293,-0.8046410991348459,-0.13191996159438252,-0.33085592684254317,0.41390077802624936,-0.6844319883224615,-1.1228418618778404,-1.0752242643863115,0.8581960559691484,0.8513699231107894
-0.17013877750586295,-0.4343348258883602,-0.6500836042705146,-0.7030746009502787,-0.010684955963028146,1.236190989964348,1.2761244951215156,-0.9793520741748433,1.0784903518252564,-0.6865299882423852,-0.8101780803382527,-0.11799913025406457,-0.26393084238371045,0.41390077802624936,-0.6847282005077446,-1.0913508548704574,-1.0570377407689693,0.7333465328310848,0.7264182773244613
-0.17013877750586295,-0.4343348258883602,-0.5056205807161585,1.1797394377172605,-0.010684955963028146,0.14105496898080722,0.16393293739757486,-0.6795627985903968,-0.35681467799128885,-0.47538912670253214,-0.7304540394699494,0.5197887929732713,-0.01909601222938282,0.14714383240520826,-0.7372789897920222,-1.2212874083782408,-1.0945971884079568,0.8650422791775885,0.8539662172790798
-0.17013877750586295,-0.4343348258883602,-0.3611575571618023,-0.7030746009502787,-0.010684955963028146,1.2286606759357737,1.2803500519604178,-0.22987888521372726,-0.596032182960713,-0.12492342712629295,-0.5908237304924071,1.2823718509091282,0.2238875410120909,-0.49019795419722556,-0.7912527544562112,-1.3396584747163953,-1.099192565772265,0.6971447168162586,0.6964879279822641
-0.17013877750586295,-0.4343348258883602,-0.2166945336074462,2.264205123970304,-0.010684955963028146,-0.6865507261215884,-0.6874206446824462,0.2198050281629423,-0.8352496879301373,0.7270166129904219,-0.3690390369240811,1.5272400616095407,0.38125584358179626,-2.126351936933031,-0.867561014298289,-1.3276128362483441,-1.065197668901705,0.9385177174765555,0.9204890661548695
-0.17013877750586295,-0.4343348258883602,-0.07223151005309006,-0.7030746009502787,-0.010684955963028146,-0.6865507261215884,-0.6874206446824462,0.42965746389178827,-1.1940759453842735,1.2076630773915484,-0.1856152282098175,1.4602625863320335,0.42114984386868115,-2.50050476283383,-0.9165170072086879,-1.2362744615077648,-0.9871142464701038,-1.2676136780735823,-1.2761757670616813
-0.17013877750586295,-0.4343348258883602,0.07223151350126605,-0.7030746009502787,-0.010684955963028146,-0.6865507261215884,-0.6874206446824462,0.6694889415396119,-1.55290220283841,1.5809294555155387,-0.04342446549659588,1.1410117972166087,0.34445083105807334,-3.0787768356562992,-0.9382805286950099,-1.083193379254151,-0.8781667272410271,-1.2676136780735823,-1.2761757670616813
-0.17013877750586295,-0.4343348258883602,0.2166945370556222,-0.7030746009502787,-0.010684955963028146,-0.6865507261215884,-0.6874206446824462,0.5195943037473887,-0.8352496879301373,1.7721559327836387,0.04804287378225024,0.8188972705435299,0.311031010603569,-3.2192219913922173,-0.8867420186444092,-0.8575652093557297,-0.714497622049959,-1.2676136780735823,-1.2761757670616813
-0.17013877750586295,-0.4343348258883602,0.3611575606099783,-0.7030746009502787,-0.010684955963028146,-0.6865507261215884,-0.6874206446824462,0.6095311436029891,-1.7921197078078341,1.750078462543376,0.14215276830243073,0.5915256260094033,0.49872933211652315,-2.920539499246879,-0.9444973693029767,-0.8147775261698624,-0.7951940294154515,-1.2676136780735823,-1.2761757670616813
-0.17013877750586295,-0.4343348258883602,0.5056205841643344,-0.7030746009502787,-0.010684955963028146,-0.6865507261215884,-0.6874206446824462,0.4746260267702547,-1.55290220283841,1.516147384782101,0.15926049559941058,0.3490022817491075,0.6187693821383451,-1.9183607742616784,-0.933648869163208,-0.7272086861147057,-0.8152190533372445,-1.2676136780735823,-1.2761757670616813
-0.17013877750586295,-0.4343348258883602,0.6500836077186906,2.3004780001186247,-0.010684955963028146,-0.6865507261215884,-0.6874206446824462,0.35471014499567666,-1.3136846978689858,0.9243073161569373,0.11586080477964422,0.027977715969897,0.513841447962066,-0.06143073772196093,-0.8941776916534959,-0.6084241561584653,-0.765790033750501,0.9057292170837798,0.9008102411332997
-0.17013877750586295,-0.4343348258883602,0.7945466312730467,-0.7030746009502787,-0.010684955963028146,1.2509095782549466,1.2733730718986402,0.2198050281629423,-1.0744671928995615,0.6174413998703935,-0.011403486740226641,-0.4329132840868134,-0.208849861426675,0.41390077802624936,-0.8200306479753182,-0.44514105160115774,-0.522868027786901,0.974562438291083,0.9660123264089334
-0.17013877750586295,-0.4343348258883602,0.9390096548274028,1.2121206104355455,-0.010684955963028146,0.8821167581973837,-0.6874206446824462,0.2198050281629423,-0.596032182960713,0.21626218899617122,-0.11513734758429786,-0.34463308262428033,-0.32738773246778125,0.41390077802624936,-0.7408195569212396,-0.4415986887698892,-0.4475635356848422,0.9098268135153692,0.9050613274459044
-0.17013877750586295,-0.4343348258883602,1.083472678381759,-0.7030746009502787,-0.010684955963028146,1.0551209951147489,1.5899543005009837,0.0998892893390305,-0.9548584404148494,0.1081752417964354,-0.19755195220147956,-0.21460530675759162,-0.3925217573726836,0.41390077802624936,-0.693320764069605,-0.4900709816369864,-0.4281468326476335,0.8525710052902612,0.8485622003358105
-0.17013877750586295,-0.4343348258883602,1.227935701936115,1.4670921334245106,-0.010684955963028146,0.5826921131796842,-0.6874206446824462,-0.0050369285253924825,-0.7754453116877812,-0.07289166271086267,-0.25971949059358745,-0.04354609809306075,-0.3435682995601712,0.41390077802624936,-0.6469757285254968,-0.5425560294610422,-0.4404254818305898,0.8734484900786972,0.865061818631637
-0.17013877750586295,-0.4343348258883602,1.3723987254904713,-0.7030746009502787,-0.010684955963028146,1.0031539624489492,1.5784509541580096,-0.07998424742150408,-0.8950540641724933,-0.11163234931615827,-0.3001064736211006,0.04138216279547734,-0.3345381369659119,0.41390077802624936,-0.6227113952942627,-0.577595796979596,-0.45107000556479193,0.8090534778940199,0.8021870854244013
-0.17013877750586295,-0.4343348258883602,1.5168617490448273,1.616171733715469,-0.010684955963028146,0.4824828295260147,-0.6874206446824462,-0.07998424742150408,-1.1342715691419176,-0.1718750782136244,-0.3336477217830295,0.1373409937034826,-0.2687742710365924,0.41390077802624936,-0.6069473153995322,-0.6271880091353347,-0.49389898373792046,0.8591492319956746,0.8523237055959477
-0.17013877750586295,-0.4343348258883602,1.6613247725991833,-0.7030746009502787,-0.010684955963028146,0.9949585013636505,1.5753117001242767,-0.19989998624541588,-0.8352496879301373,-0.20506550070141422,-0.36370174328103844,0.21597814950878086,-0.24434718076404352,0.41390077802624936,-0.5976451922986374,-0.6707301848086504,-0.5223066519813495,0.785430242213407,0.7785445368818926
-0.17013877750586295,-0.32408989398771926,-1.6613247691510074,1.6821155115178443,-0.010684955963028146,0.4177415006737824,-0.6874206446824462,-0.37977352300595046,-0.35681467799128885,-0.26723068206182415,-0.4077658996762325,0.25775970748453236,-0.20843403615086473,0.41390077802624936,-0.5776138733962287,-0.6974280283462598,-0.5492618613144213,0.8532666098957028,0.8464364525051552
-0.17013877750586295,-0.32408989398771926,-1.5168617455966513,-0.7030746009502787,-0.010684955963028146,0.9467379024343971,1.5186837996474511,-0.07998424742150408,-1.612706579080766,-0.2887778431362883,-0.4270514041994832,0.2848131170776635,-0.21003874739136932,0.41390077802624936,-0.5982983534232241,-0.7573348185978699,-0.6041463357831963,0.7292410277166428,0.7223096443615712
-0.17013877750586295,-0.32408989398771926,-1.372398722042295,2.358027767254033,-0.010684955963028146,-0.6865507261215884,-0.6874206446824462,-0.22987888521372726,-1.7921197078078341,-0.3265527262423431,-0.453944517729777,0.2679199665241047,-0.18694294899988811,0.41390077802624936,-0.6561804800048665,-0.8547970742278791,-0.7214398166675021,0.8953776499437321,0.8885817672366757
-0.17013877750586295,-0.32408989398771926,-1.227935698487939,-0.7030746009502787,-0.010684955963028146,1.1107833124510877,1.300487758901537,-0.37977352300595046,-1.1940759453842735,-0.33160929933620176,-0.5072889273658657,0.16385895482707843,-0.21895579900062345,0.41390077802624936,-0.6809037131553674,-0.8977309281342235,-0.7886059972081008,0.7713660877024562,0.7644690816234514
-0.17013877750586295,-0.32408989398771926,-1.083472674933583,2.362359327593085,-0.010684955963028146,-0.6865507261215884,-0.6874206446824462,-0.5296681607981737,-0.6558365592030692,-0.3558080062396581,-0.5582363905021132,0.08586914461730195,-0.21994531668239506,0.41390077802624936,-0.6798731164879384,-0.9074068225924014,-0.8215599142447569,0.904428598240117,0.89764004007909
-0.17013877750586295,-0.32408989398771926,-0.9390096513792268,-0.7030746009502787,-0.010684955963028146,1.241311335729527,1.3372735322299845,-0.6495838996220854,-0.47642343047600094,-0.34565562632820723,-0.607817350612036,-0.11496298823563143,-0.3226981022045825,0.41390077802624936,-0.6749707927705604,-0.8700721313882542,-0.8108531609871856,0.8014516159875756,0.7992332251613531
-0.17013877750586295,-0.32408989398771926,-0.7945466278248707,1.5409470647167458,-0.010684955963028146,0.5477090808118017,-0.6874206446824462,-0.5296681607981737,-1.1940759453842735,-0.365468002918253,-0.6183889631283168,-0.1063999570610661,-0.3066387835781333,0.41390077802624936,-0.689342506681255,-0.8941224197988815,-0.8381022683499239,0.861479777038092,0.8546563791975248
-0.17013877750586295,-0.32408989398771926,-0.6500836042705146,-0.7030746009502787,-0.010684955963028146,1.0282127162203611,1.5092417719723257,-0.5296681607981737,-0.9548584404148494,-0.37597152465711914,-0.6267751448881386,-0.058018955254912,-0.32714686303208684,0.41390077802624936,-0.7117929319332862,-0.9322356761165498,-0.8576080578626927,0.7778981205102989,0.7710063804594934
-0.17013877750586295,-0.32408989398771926,-0.5056205807161585,1.6150580267719072,-0.010684955963028146,0.39295826150331575,-0.6874206446824462,-0.4996892618298623,-1.0744671928995615,-0.3068652436728491,-0.5804239745176244,0.26751962347335306,-0.23385227160137234,0.41390077802624936,-0.7592926888603814,-1.0389797724968628,-0.9054579760002924,0.8593616879759413,0.8492660754359092
-0.17013877750586295,-0.32408989398771926,-0.3611575571618023,-0.7030746009502787,-0.010684955963028146,0.9934239247841248,1.5306954679269862,0.6694889415396119,-2.509772222716107,0.07443489328098037,-0.33056961109644095,1.1997063985683167,0.02640878116261314,-0.3528445086313545,-0.9131854034355653,-1.276392143469366,-0.9927197072558359,0.754974623519346,0.7531493618543174
-0.17013877750586295,-0.32408989398771926,-0.2166945336074462,-0.7030746009502787,-0.010684955963028146,-0.6865507261215884,-0.6874206446824462,-0.22987888521372726,-1.8519240840501903,0.5886144213571697,-0.21242276135709814,1.413921427689233,0.1203144974115928,-1.3380706473056154,-1.0229333436866972,-1.3686034219932106,-1.072195542566473,-1.2676136780735823,-1.2761757670616813
-0.17013877750586295,-0.32408989398771926,-0.07223151005309006,-0.7030746009502787,-0.010684955963028146,-0.6865507261215884,-0.6874206446824462,-0.19989998624541588,-1.9715328365349023,1.0616743913790194,-0.12962130557767795,1.320938231464868,0.12783841228466852,-1.8696631367471035,-1.1022271042115261,-1.383936708884221,-1.1154751934983174,-1.2676136780735823,-1.2761757670616813
-0.17013877750586295,-0.32408989398771926,0.07223151350126605,-0.7030746009502787,-0.010684955963028146,-0.6865507261215884,-0.6874206446824462,-0.22987888521372726,-2.4499678464737507,1.4061549863997058,-0.07224418130789417,0.9780357053863011,0.03275601629239799,-2.408815468909475,-1.1856613278209587,-1.3732338241488624,-1.162397564213909,-1.2676136780735823,-1.2761757670616813
-0.17013877750586295,-0.32408989398771926,0.2166945370556222,-0.7030746009502787,-0.010684955963028146,-0.6865507261215884,-0.6874206446824462,-0.22987888521372726,-2.2705547177466827,1.6445318989553874,0.009713994599883799,0.6899163544555147,0.04846623698670904,-2.533976746686121,-1.2490753193957798,-1.3337481028392948,-1.191392482643659,-1.2676136780735823,-1.2761757670616813
-0.17013877750586295,-0.32408989398771926,0.3611575606099783,-0.7030746009502787,-0.010684955963028146,-0.6865507261215884,-0.6874206446824462,-0.22987888521372726,-2.2107503415043266,1.6219385052480286,0.05983696380222362,0.39062552601327816,0.26399637079567617,-1.9052964065035776,-1.3212387778136812,-1.3146894144106616,-1.2925677527531299,-1.2676136780735823,-1.2761757670616813
-0.17013877750586295,-0.32408989398771926,0.5056205841643344,2.3372769128799282,-0.010684955963028146,-0.6865507261215884,-0.6874206446824462,-0.22987888521372726,-2.629380975200819,1.5213419298044226,0.0685800783790029,0.17023543327310794,0.6158529089710184,-1.053824287355408,-1.3786210312689793,-1.323386463843804,-1.4272088596099202,0.9422243733353193,0.9277320821601874
-0.17013877750586295,-0.32408989398771926,0.6500836077186906,-0.7030746009502787,-0.010684955963028146,1.2581928286967963,1.3355354059045172,-0.37977352300595046,-2.2705547177466827,1.3567525353698189,0.027706052521333367,-0.16802709198121968,1.1199153318105075,0.06291539989685725,-1.4000586952496032,-1.2865256346934293,-1.5633773191543154,0.9669517689878256,0.9598162197194061
-0.17013877750586295,-0.32408989398771926,0.7945466312730467,1.1920665395723018,-0.010684955963028146,0.8720102675907209,-0.6874206446824462,-0.82945743638262,-1.4332934503536978,0.5358927972994245,-0.11633964759931255,-0.40367829497074587,0.587205721085256,0.41390077802624936,-1.364459003770975,-1.2510748975675992,-1.4746074499411899,0.8934197117093459,0.8885836093058531
-0.17013877750586295,-0.32408989398771926,0.9390096548274028,-0.7030746009502787,-0.010684955963028146,1.049626602192022,1.5459742028753318,-0.9793520741748433,-1.0744671928995615,0.31212390788053374,-0.2694666091759606,-0.18331804146417208,-0.19634418072481175,0.41390077802624936,-1.3117105790172652,-1.3094127381496359,-1.3116954706177801,0.8372953843605311,0.8335829031343523
-0.17013877750586295,-0.32408989398771926,1.083472678381759,1.4693286848686036,-0.010684955963028146,0.6180945888086871,-0.6874206446824462,-1.1292467119670664,-0.7156409354454252,-0.002627332981057453,-0.3909531811792331,-0.0993835928279139,-0.20514323886049937,0.41390077802624936,-1.2672761000172896,-1.3318559076817817,-1.3134949955891735,0.8857957414394728,0.8772376912195301
-0.17013877750586295,-0.32408989398771926,1.227935701936115,-0.7030746009502787,-0.010684955963028146,1.045682684945003,1.5974536179601246,-1.2191834803473338,-0.41661905423364487,-0.09744870429108542,-0.4882323329727885,-0.04075612975179787,-0.3242328311090407,0.41390077802624936,-1.234592495788246,-1.3473719079733886,-1.288547288845071,0.7920223091138124,0.7884131154879854
-0.17013877750586295,-0.32408989398771926,1.3723987254904713,1.6016996351538124,-0.010684955963028146,0.4824894192829849,-0.6874206446824462,-1.1292467119670664,-0.35681467799128885,-0.27271751832596075,-0.5404975948523449,0.03328246860925602,-0.3112576177571921,0.41390077802624936,-1.2287545368363124,-1.3611946917959659,-1.28925353934801,0.8790958288638052,0.8694983399080943
-0.17013877750586295,-0.32408989398771926,1.5168617490448273,-0.7030746009502787,-0.010684955963028146,1.0368322229367277,1.6047504433885695,-0.37977352300595046,-1.9117284602925464,-0.292330456820361,-0.5534633707665803,0.05851982929100659,-0.38404331598585945,0.14250452042122808,-1.2717501332112762,-1.3836492470296327,-1.290352163371982,0.7734056291644575,0.7701868643499282
-0.17013877750586295,-0.32408989398771926,1.6613247725991833,1.7038301094005428,-0.010684955963028146,0.43988182890192234,-0.6874206446824462,-0.4996892618298623,-1.672510955323122,-0.34331664249829225,-0.5705530079012971,0.09791010424104704,-0.3435097096974347,0.12020927261869682,-1.295033278642439,-1.398176317817714,-1.3064699374484074,0.8680910764172525,0.8612728870081927
-0.17013877750586295,-0.21384496208707834,-1.6613247691510074,-0.7030746009502787,-0.010684955963028146,0.9979661501243131,1.5694210228676684,-0.5296681607981737,-2.0911415890196143,-0.37313558032657923,-0.591685796301784,0.11240534082809558,-0.359805015271017,-0.15318757183082193,-1.3530436272603472,-1.4426883383901012,-1.3472397734456303,0.7693116275887102,0.762412923072829
-0.17013877750586295,-0.21384496208707834,-1.5168617455966513,2.408873792594025,-0.010684955963028146,-0.6865507261215884,-0.6874206446824462,-0.5746365807259739,-1.672510955323122,-0.40299898304176424,-0.6043614338443405,0.13586975371366036,-0.30455314721433346,-0.13807370881875397,-1.3940898630538874,-1.4716276470337823,-1.3855425909523738,0.9213813991629674,0.9146067252485498
-0.17013877750586295,-0.21384496208707834,-1.372398722042295,-0.7030746009502787,-0.010684955963028146,1.1358112094239885,1.3228390719054908,-0.6196050006537741,-1.672510955323122,-0.3802316531591868,-0.6122035191853303,0.08765535429508613,-0.2869892083628878,0.2098350974578079,-1.415834826087592,-1.4721346902748444,-1.400269917292606,0.7884831735372894,0.7816001202984009
-0.17013877750586295,-0.21384496208707834,-1.227935698487939,2.3200904223950154,-0.010684955963028146,-0.6865507261215884,-0.6874206446824462,-0.82945743638262,-1.493097826596054,-0.44871019456372,-0.6713555666832984,-0.0873144517057722,-0.3700151126009414,-0.011566285295752265,-1.4416898838288896,-1.4598065779738234,-1.406450946582202,0.923726503371545,0.9115054994513141
-0.17013877750586295,-0.21384496208707834,-1.083472674933583,-0.7030746009502787,-0.010684955963028146,1.2647229640563347,1.358683717500363,-0.9044047552787317,-2.1509459652619705,-0.44527593594624354,-0.7194273897952081,-0.3617309634750144,-0.5423637038250325,-0.9317430748894115,-1.5380154834791968,-1.5088571560429274,-1.477893277949685,0.820131565399751,0.8181707196762182
-0.17013877750586295,-0.21384496208707834,-0.9390096513792268,2.4137407062708123,-0.010684955963028146,-0.6865507261215884,-0.6874206446824462,-0.9793520741748433,-2.390163470231395,-0.48130230276457325,-0.7582899287643317,-0.42689156097354103,-0.5709230069166901,-1.6316573489785902,-1.6327795219021248,-1.5958303612556648,-1.5746428280269806,0.9337151698143352,0.9269506354802873
-0.17013877750586295,-0.21384496208707834,-0.7945466278248707,-0.7030746009502787,-0.010684955963028146,1.2597565884857613,1.3087307325271282,-1.1292467119670664,-2.2705547177466827,-0.4734764826705217,-0.7866768722322625,-0.4990743247784191,-0.6106949449895407,-2.337679351821779,-1.7519968523465732,-1.6936297420859439,-1.6807841232759146,0.8449903530332852,0.8381534861120498
-0.17013877750586295,-0.21384496208707834,-0.6500836042705146,2.4146168367331704,-0.010684955963028146,-0.6865507261215884,-0.6874206446824462,-1.2791413497592896,-0.057792796779508555,-0.4973129315248383,-0.8165479047812269,-0.5329095290739309,-0.6170372976307641,-2.4491288076578206,-1.7698112797272298,-1.6594673241960112,-1.6508458271068085,0.9383496579659385,0.9315889656688404
-0.17013877750586295,-0.21384496208707834,-0.5056205807161585,-0.7030746009502787,-0.010684955963028146,1.2945318866101063,1.3269748879580618,-1.0393099435867992,-2.031337212777258,-0.25624654720722206,-0.7749565344122842,0.056502365552850355,-0.6309849399544195,-3.329324136995964,-1.8493344902116922,-1.7849462129055023,-1.6772930470149034,0.8499020045703125,0.8473842994340753
-0.17013877750586295,-0.21384496208707834,-0.3611575571618023,2.347163391185227,-0.010684955963028146,-0.6865507261215884,-0.6874206446824462,-0.82945743638262,-1.493097826596054,0.34922527872916265,-0.6668775557477461,0.4937341688380195,-0.47688627722464694,-4.319315352135699,-1.860717088156658,-1.790550905805581,-1.634997932647521,0.9256217113714871,0.9154620593698967
-0.17013877750586295,-0.21384496208707834,-0.2166945336074462,-0.7030746009502787,-0.010684955963028146,-0.6865507261215884,2.887221796200139,-0.82945743638262,-1.2538803216266297,0.7285042250153189,-0.5799772866648238,0.6926060298171898,-0.27340856642942896,-4.834359331887342,-1.8632846621272199,-1.7520165954021465,-1.5931915929750928,0.6899470964492557,0.6971044071336154
-0.17013877750586295,-0.21384496208707834,-0.07223151005309006,-0.7030746009502787,-0.010684955963028146,-0.6865507261215884,-0.6874206446824462,-0.8594363353509314,-1.1342715691419176,1.1262792564602604,-0.4778604080168719,0.48316196260129696,-0.06930671084644875,-5.4159699858990855,-1.878019350448847,-1.6742134341943034,-1.583945486723059,-1.2676136780735823,-1.2761757670616813
-0.17013877750586295,-0.21384496208707834,0.07223151350126605,-0.7030746009502787,-0.010684955963028146,-0.6865507261215884,-0.6874206446824462,-0.6795627985903968,-1.493097826596054,1.3970396845856117,-0.39712958004108806,0.07789792490906512,-0.0047764870269695,-5.728476090635245,-1.8946094019944848,-1.5774105733352304,-1.570509150056231,-1.2676136780735823,-1.2761757670616813
-0.17013877750586295,-0.21384496208707834,0.2166945370556222,-0.7030746009502787,-0.010684955963028146,-0.6865507261215884,-0.6874206446824462,-0.6795627985903968,-1.493097826596054,1.5696935709336461,-0.3410980855334793,-0.17424111237766884,0.03615911081967494,-5.663639842481618,-1.8929576997115354,-1.4929790904429574,-1.5424778066672817,-1.2676136780735823,-1.2761757670616813
-0.17013877750586295,-0.21384496208707834,0.3611575606099783,2.3726987420556114,-0.010684955963028146,-0.6865507261215884,-0.6874206446824462,-0.6945523195498856,-1.3734890741113417,1.6542317832531115,-0.31623941948229595,-0.46745136810704013,0.19010560265595142,-5.527630795933193,-1.8770393677431019,-1.3949785622191433,-1.5370165655313228,0.9197133860522444,0.903935823178547
-0.17013877750586295,-0.21384496208707834,0.5056205841643344,-0.7030746009502787,-0.010684955963028146,1.4435110202065313,1.1807275290197259,-0.6795627985903968,-1.493097826596054,1.6056689339111223,-0.3010068070814183,-0.6811690766680165,0.6417927569494993,-5.196384036725602,-1.8671387948000118,-1.3305770223128586,-1.6078123649033809,0.9680521543610848,0.9596086799254253
-0.17013877750586295,-0.21384496208707834,0.6500836077186906,2.3704896032824263,-0.010684955963028146,-0.6865507261215884,-0.6874206446824462,-0.6795627985903968,-1.493097826596054,1.242073014792056,-0.3183225712444221,-0.6081516431900393,0.9917369871049704,-4.2705001015412085,-1.848728568784677,-1.3366875656662212,-1.662816058037979,0.843812139031045,0.8410500375562473
-0.17013877750586295,-0.21384496208707834,0.7945466312730467,-0.7030746009502787,-0.010684955963028146,1.408382594788036,1.1609188716284877,-0.8894152343192429,-1.1342715691419176,0.8337225331147369,-0.4144029019003211,-0.6653120106143325,0.11558173849943527,-3.1905325512944964,-1.808327299474308,-1.3185104558410596,-1.4917987378830346,0.8964762378890704,0.8875950321806783
-0.17013877750586295,-0.21384496208707834,0.9390096548274028,1.1940011933008376,-0.010684955963028146,0.9307031409381428,-0.6874206446824462,-0.8594363353509314,-1.1342715691419176,0.3499779123294512,-0.4966915711571338,-0.5202502342206604,0.02659268823175819,-1.8506412589212209,-1.7728158209003286,-1.344886680419518,-1.4680140681783214,0.8703479269149073,0.864238209035011
-0.17013877750586295,-0.21384496208707834,1.083472678381759,-0.7030746009502787,-0.010684955963028146,1.1121805501274087,1.5102703394464287,-0.82945743638262,-0.9548584404148494,0.21289985887220622,-0.5639814085715439,-0.3572758001255527,-0.22570258444434732,-1.403602093565275,-1.7319583028782097,-1.3596369109574082,-1.3940196713050874,0.8017082886946998,0.7975665619045625
-0.17013877750586295,-0.21384496208707834,1.227935701936115,1.474592455186316,-0.010684955963028146,0.6341775705900727,-0.6874206446824462,-0.82945743638262,-1.0744671928995615,-0.0025037467512967794,-0.5965471795222167,-0.2027392381974254,-0.2332753242030368,-0.6421132964397211,-1.7122562157456112,-1.387274671264377,-1.3866531150080077,0.8640030063536446,0.855181982936127
-0.17013877750586295,-0.21384496208707834,1.3723987254904713,-0.7030746009502787,-0.010684955963028146,1.0641618278799416,1.5792464884480268,-0.82945743638262,-1.2538803216266297,-0.09550663496627483,-0.6270958973805703,-0.0879352735380972,-0.3430938844216245,-0.18127963064144892,-1.6948708019449414,-1.4109933646726163,-1.3616686164228955,0.7751099503191854,0.771329765937294
-0.17013877750586295,-0.21384496208707834,1.5168617490448273,1.5995904720039398,-0.010684955963028146,0.4855168373145582,-0.6874206446824462,-0.82945743638262,-1.2538803216266297,-0.26216495443242765,-0.6514188163185815,0.005751631278582584,-0.31377454061057986,0.38708499580559286,-1.682857457629849,-1.4339517100897674,-1.3718647600650324,0.8674894772920813,0.8577078691269723
-0.17013877750586295,-0.21384496208707834,1.6613247725991833,-0.7030746009502787,-0.010684955963028146,1.01208444293472,1.5632586130202812,-0.7994785374143086,-1.3734890741113417,-0.29316155786811665,-0.6658373714176263,0.044497876103500866,-0.3369053301700842,0.41390077802624936,-1.6759737178219811,-1.446227014422782,-1.371280894291386,0.7688935458542769,0.7619945686952189
-0.17013877750586295,-0.10360003018643743,-1.6613247691510074,1.7071386216945923,-0.010684955963028146,0.44887747476217643,-0.6874206446824462,-0.82945743638262,-1.493097826596054,-0.35038329003809965,-0.6800854615261164,0.0943161343278813,-0.30944133201236135,0.41390077802624936,-1.675729565711573,-1.468323299581926,-1.3901021590470939,0.8684965761562385,0.8616789609246206
-0.17013877750586295,-0.10360003018643743,-1.5168617455966513,-0.7030746009502787,-0.010684955963028146,0.9885402872732888,1.553506362533666,-0.82945743638262,-1.2538803216266297,-0.3778848225845251,-0.6893782387255007,0.135665852284085,-0.31691398075554267,0.41390077802624936,-1.6745329070460477,-1.4823763998809822,-1.3946348701896232,0.7520981996173095,0.7451852781032455
-0.17013877750586295,-0.10360003018643743,-1.372398722042295,2.430816829400958,-0.010684955963028146,-0.6865507261215884,-0.6874206446824462,-1.2491624507909782,-0.41661905423364487,-0.43423425829683227,-0.720337464112129,0.11751779618427784,-0.3098831972271656,0.41390077802624936,-1.659031778733208,-1.4769646132952423,-1.3942736114302747,0.9313993636808704,0.9246331077808351
-0.17013877750586295,-0.10360003018643743,-1.227935698487939,-0.7030746009502787,-0.010684955963028146,1.160764840881828,1.3434026815062141,-1.2791413497592896,-0.41661905423364487,-0.4437353583943063,-0.7510322948195295,0.0017183615374699256,-0.36047228870773795,0.41390077802624936,-1.6448724024427206,-1.4517363927358435,-1.3811703664753754,0.8052066226574153,0.7983371608437516
-0.17013877750586295,-0.10360003018643743,-1.083472674933583,1.0079598167331807,-0.010684955963028146,0.26913076587178797,0.33996743885343106,-1.728825263135959,0.3010334606746278,-0.5037407232631844,-0.7992968477370868,-0.08743215090495798,-0.3730316767837763,0.41390077802624936,-1.627326711096719,-1.4370487293386918,-1.3821783755793537,0.8617839018423316,0.8549605252861396
-0.17013877750586295,-0.10360003018643743,-0.9390096513792268,-0.7030746009502787,-0.010684955963028146,1.2340623938636495,1.3012927065607496,-1.8787199009281823,0.48044658940169593,-0.5782749899259907,-0.852593944641103,-0.16751153633408197,-0.3829235986091179,0.41390077802624936,-1.615459665232779,-1.433548981561687,-1.393598148165213,0.7506787707880661,0.74376483809316
-0.17013877750586295,-0.10360003018643743,-0.7945466278248707,1.1763761000813948,-0.010684955963028146,0.23029565445720168,0.26249614252479153,-1.8787199009281823,0.3010334606746278,-0.6716270582821974,-0.8943794363666367,-0.18774668105043696,-0.3466524048347718,0.41390077802624936,-1.6085296498028003,-1.445925022244348,-1.4185996779883,0.8712969688572152,0.8644815668407735
-0.17013877750586295,-0.10360003018643743,-0.6500836042705146,0.9647667641067178,-0.010684955963028146,0.319055078476136,0.34336671106294403,-1.8787199009281823,0.3010334606746278,-0.7018782209669489,-0.9107746895806449,-0.1902689251569322,-0.3072206134650302,0.41390077802624936,-1.6106036171375122,-1.4577864292182665,-1.4397577159338215,0.8894154017868583,0.8826146911481982
-0.17013877750586295,-0.10360003018643743,-0.5056205807161585,0.8829569623853967,-0.010684955963028146,0.33609932798063813,0.35719223099347513,-1.51897275593178,-0.1175971730218646,-0.4298727760084529,-0.8683233407287403,0.2644486690157241,-0.29539278492510423,0.005903332772438163,-1.6290883179821818,-1.5493202042839944,-1.4446164224391236,0.8972316968442825,0.8903464695085717
-0.17013877750586295,-0.10360003018643743,-0.3611575571618023,-0.7030746009502787,-0.010684955963028146,1.2870549182331958,1.3331465019886626,-0.82945743638262,-1.493097826596054,-0.15292845912729894,-0.7234176621251325,0.7601007184770343,-0.0698584320538839,-0.2350928548893636,-1.6902952998087222,-1.6434675942426469,-1.4959329617267962,0.7494047538776346,0.7483204798430856
-0.17013877750586295,-0.10360003018643743,-0.2166945336074462,2.3255188479059603,-0.010684955963028146,-0.6865507261215884,-0.6874206446824462,-0.6795627985903968,-1.9117284602925464,0.26280646325206936,-0.5770174578084161,0.8697482977973856,0.07802807772963517,-0.9533512759874879,-1.7610835045820141,-1.6783223712203,-1.5434709680253336,0.9514130046104556,0.9352362626399823
-0.17013877750586295,-0.10360003018643743,-0.07223151005309006,-0.7030746009502787,-0.010684955963028146,1.234580997277274,1.3399396075721532,-0.4697103628615509,-2.2705547177466827,0.4628637978371954,-0.33050977440587886,0.8503329031373316,0.28234964529787715,-1.072854316582869,-1.8678873993952023,-1.694724938136997,-1.6043603731500298,0.7678280305826858,0.7686043222522364
-0.17013877750586295,-0.10360003018643743,0.07223151350126605,2.31235897419222,-0.010684955963028146,-0.6865507261215884,-0.6874206446824462,-0.37977352300595046,-2.0911415890196143,1.0084446905989248,-0.17828732094237842,0.8159133471838905,0.37501683694845517,-2.138556914067593,-1.9198932450253505,-1.6837293866549263,-1.6160612703370743,0.8920076523345788,0.8796557140263241
-0.17013877750586295,-0.10360003018643743,0.2166945370556222,-0.7030746009502787,-0.010684955963028146,-0.6865507261215884,2.870615776195217,-0.37977352300595046,-2.689185351443175,1.2186714063757862,-0.062492192297219466,0.6937564980458507,0.6824508666962391,-2.2137768833460068,-1.9900815538432564,-1.7019248220377736,-1.710949284268812,0.6427013440591981,0.6510041698783365
-0.17013877750586295,-0.10360003018643743,0.3611575606099783,-0.7030746009502787,-0.010684955963028146,-0.6865507261215884,-0.6874206446824462,-0.31981572506932765,-2.4499678464737507,1.4075687082449047,-0.00035387647492092164,0.47840426257787183,1.042808631205025,-2.4334839390572247,-2.018070592616691,-1.6697790829753154,-1.7749819353712666,-1.2676136780735823,-1.2761757670616813
-0.17013877750586295,-0.10360003018643743,0.5056205841643344,2.3617397653970045,-0.010684955963028146,-0.6865507261215884,-0.6874206446824462,-0.37977352300595046,-2.509772222716107,1.2731637791647055,-0.006332675102826724,0.21543938556884595,1.2608678940887834,-1.927425132816724,-2.0309128008090727,-1.6416323275927382,-1.825228563555399,0.8920410844939101,0.8758373092960423
-0.17013877750586295,-0.10360003018643743,0.6500836077186906,-0.7030746009502787,-0.010684955963028146,1.6000842734148928,1.0328467413399756,-0.37977352300595046,-2.2705547177466827,1.1205655184938648,-0.05357861272988545,-0.07906307474876922,1.4417364278524705,-0.9184108753651673,-2.0257799425471683,-1.5974128653318107,-1.8599475063890896,0.854425950904772,0.8494701357658883
-0.17013877750586295,-0.10360003018643743,0.7945466312730467,1.263974275391141,-0.010684955963028146,0.8175716576638202,-0.6874206446824462,-0.8594363353509314,-1.4332934503536978,0.45953743195998614,-0.19242617430181913,-0.09629108781268757,0.9553754672922389,0.41390077802624936,-1.9795402322471354,-1.589566165149397,-1.7810657992647245,0.8623502713802506,0.8548596208300918
-0.17013877750586295,-0.10360003018643743,0.9390096548274028,-0.7030746009502787,-0.010684955963028146,1.18818617942604,1.4070065161149066,-0.9793520741748433,-0.9548584404148494,0.3075911049985179,-0.3351373770678365,-0.04292444739313587,0.3877039834751828,0.41390077802624936,-1.9238261908670504,-1.5818618404536207,-1.6691806098342126,0.7722017119429466,0.7694705041142943
-0.17013877750586295,-0.10360003018643743,1.083472678381759,1.525151632904583,-0.010684955963028146,0.5751522806132641,-0.6874206446824462,-0.9793520741748433,-1.2538803216266297,0.05795607541749499,-0.4327845940858958,0.05327226851604065,0.28816224793019163,0.41390077802624936,-1.891434701502582,-1.5989871283287604,-1.6507448405995866,0.8601451868067216,0.8504589175654161
-0.17013877750586295,-0.10360003018643743,1.227935701936115,-0.7030746009502787,-0.010684955963028146,1.1158553333318184,1.5252258820523932,-1.0692888425551106,-1.2538803216266297,-0.0418152840369155,-0.5088008474657655,0.12555864077090625,0.056791693731943496,0.41390077802624936,-1.8667353292197322,-1.6112947463670437,-1.6072875625896341,0.7524105925899858,0.7492331227832832
-0.17013877750586295,-0.10360003018643743,1.3723987254904713,1.6326024944886792,-0.010684955963028146,0.44698223973767737,-0.6874206446824462,-0.9793520741748433,-1.2538803216266297,-0.22310516687409923,-0.5658753094053807,0.17787759254418456,0.02220658600745815,0.41390077802624936,-1.8467835465428266,-1.6167178102190518,-1.5966584324743707,0.8613241197801301,0.8509781763990742
-0.17013877750586295,-0.10360003018643743,1.5168617490448273,-0.7030746009502787,-0.010684955963028146,1.037965242738338,1.5252589334375688,-0.9793520741748433,-1.2538803216266297,-0.25952256313897326,-0.5929889837601883,0.1916434256433212,-0.0605231139245388,0.41390077802624936,-1.8371965391433112,-1.616227791312645,-1.5778105291156768,0.7529553929928523,0.7460432729911819
-0.17013877750586295,-0.10360003018643743,1.6613247725991833,1.7317664877404686,-0.010684955963028146,0.4278747687055941,-0.6874206446824462,-0.9793520741748433,-1.1342715691419176,-0.32588771462505944,-0.6230972757449861,0.2047188120317413,-0.09826475050395177,0.41390077802624936,-1.8230668081732386,-1.6095218299873681,-1.5610407643137063,0.8622429649333646,0.8554202238830636
-0.17013877750586295,0.00664490171420348,-1.6613247691510074,-0.7030746009502787,-0.010684955963028146,1.0181888590741186,1.5445218246014456,-0.82945743638262,-1.7323153315654782,-0.3546218399921139,-0.6382283049270026,0.2248909628105039,-0.14828259082284345,0.41390077802624936,-1.819436341007316,-1.6125510772034304,-1.5506002879113936,0.7529485627667524,0.7460363140631786
-0.17013877750586295,0.00664490171420348,-1.5168617455966513,2.426369885009194,-0.010684955963028146,-0.6865507261215884,-0.6874206446824462,-0.82945743638262,-1.2538803216266297,-0.3969046779551532,-0.654672958199498,0.21357111799867168,-0.15237492998536756,0.41390077802624936,-1.810178565377611,-1.6029943530878374,-1.541857694925638,0.9220067243366963,0.9152326194201408
-0.17013877750586295,0.00664490171420348,-1.372398722042295,-0.7030746009502787,-0.010684955963028146,1.1586389643633712,1.3222575348751864,-0.82945743638262,-1.2538803216266297,-0.3869223108465477,-0.6663160649421229,0.12642563628040152,-0.19035418100810067,0.41390077802624936,-1.8005228676015248,-1.5773596087665178,-1.5241801433046944,0.7894413823619945,0.7825590196423851
-0.17013877750586295,0.00664490171420348,-1.227935698487939,1.6139025737347403,-0.010684955963028146,0.4865648178714574,-0.6874206446824462,-0.82945743638262,-1.2538803216266297,-0.41483318191059315,-0.6855960032616003,0.06656979142123391,-0.2195050789637779,0.41390077802624936,-1.7874138515254094,-1.554537566461859,-1.506147774225944,0.8559987003356799,0.8491706971873934
-0.17013877750586295,0.00664490171420348,-1.083472674933583,-0.7030746009502787,-0.010684955963028146,1.0279036252386626,1.5186089110658507,-0.82945743638262,-0.9548584404148494,-0.43705254745169203,-0.7060678049640177,0.03443127910271721,-0.29597542856009473,0.41390077802624936,-1.7613011446172546,-1.5216355999479112,-1.4623074025361626,0.7676393006509769,0.7607390962136821
-0.17013877750586295,0.00664490171420348,-0.9390096513792268,1.7018610554575337,-0.010684955963028146,0.403585865907211,-0.6874206446824462,-0.82945743638262,-1.0744671928995615,-0.47671522656472604,-0.7173233647689324,0.06148800416624794,-0.2908659042806179,0.41390077802624936,-1.739559073809932,-1.503324030409551,-1.4385062474664867,0.8545269663539343,0.84769786054293
-0.17013877750586295,0.00664490171420348,-0.7945466278248707,-0.7030746009502787,-0.010684955963028146,1.0157562973582541,1.540812538766425,-0.82945743638262,-0.6558365592030692,-0.4924224478614516,-0.7272659962588398,0.07599235829689538,-0.3261337466556019,0.41390077802624936,-1.7130660391325525,-1.4767637912074651,-1.3997062488204042,0.7691849089202771,0.7622860249739453
-0.17013877750586295,0.00664490171420348,-0.6500836042705146,1.7401488525014945,-0.010684955963028146,0.37725466144464426,-0.6874206446824462,-0.82945743638262,-0.6558365592030692,-0.5262491105691205,-0.7353759551564157,0.10400559657071053,-0.30878951978941804,0.41390077802624936,-1.6858776650291833,-1.452668827472775,-1.3718823371760192,0.8623968247634054,0.8555739343221953
-0.17013877750586295,0.00664490171420348,-0.5056205807161585,-0.7030746009502787,-0.010684955963028146,1.008545743441711,1.545844507566415,-0.6795627985903968,-0.8950540641724933,-0.5116038153947828,-0.7157015121445116,0.14199342754172045,-0.3070391476401659,0.41390077802624936,-1.6696214246117937,-1.4325384734428983,-1.3424836910665865,0.7672206796881672,0.7603201278130128
-0.17013877750586295,0.00664490171420348,-0.3611575571618023,1.7055350700303584,-0.010684955963028146,0.31521011218298733,-0.6874206446824462,-0.37977352300595046,-1.4332934503536978,-0.40288716692912363,-0.6136841293890059,0.3529385739810319,-0.17599559589719638,0.39836187764617115,-1.6807714393518791,-1.4463709080029552,-1.340602721841801,0.8683087449384902,0.8575582521749012
-0.17013877750586295,0.00664490171420348,-0.2166945336074462,-0.7030746009502787,-0.010684955963028146,1.032674609285103,1.5728815865699437,-0.21488936425423846,-1.8519240840501903,-0.15143234646225967,-0.40377423579536487,0.7241154316273825,0.027638354531985564,0.13306636187952142,-1.7544547627334868,-1.5163267184168692,-1.3822352555472053,0.7525445009701031,0.7508934411351296
-0.17013877750586295,0.00664490171420348,-0.07223151005309006,2.300308149059665,-0.010684955963028146,-0.6865507261215884,-0.6874206446824462,-0.035015827493703876,-2.1509459652619705,0.42463838080360033,-0.20635072881599098,0.8977234081616053,0.21872919184700038,-0.7961270423456536,-1.8253892659579314,-1.5493722532052325,-1.423689834650694,0.9336792212559144,0.9182214789975586
-0.17013877750586295,0.00664490171420348,0.07223151350126605,-0.7030746009502787,-0.010684955963028146,-0.6865507261215884,2.8592699468967826,0.3696996659551655,-2.390163470231395,0.8342417260588108,-0.018654858705783987,0.8687279617819089,0.5483191409382012,-1.2900880041580494,-1.8846051909393755,-1.5353327073127487,-1.4831050551191551,0.6423467115303774,0.653167987138657
-0.17013877750586295,0.00664490171420348,0.2166945370556222,-0.7030746009502787,-0.010684955963028146,-0.6865507261215884,-0.6874206446824462,0.2198050281629423,-1.612706579080766,1.3173559916827775,0.09865706046757639,0.7168586957902593,0.8458872887996375,-1.5997294734824132,-1.8932833161983682,-1.4644965110831414,-1.5010080522940592,-1.2676136780735823,-1.2761757670616813
-0.17013877750586295,0.00664490171420348,0.3611575606099783,2.3263405113620697,-0.010684955963028146,-0.6865507261215884,-0.6874206446824462,0.15984723022631953,-1.493097826596054,1.5591697784375178,0.1387483389196374,0.4889499450513976,1.1250476410366042,-1.725085220410998,-1.8771859072131198,-1.3790758818168378,-1.5194256985446866,0.9094813478689457,0.8914805700987566
-0.17013877750586295,0.00664490171420348,0.5056205841643344,-0.7030746009502787,-0.010684955963028146,1.516830748243554,1.0604156757030543,0.06991039037071911,-1.1342715691419176,1.4467396580204783,0.16291470837652697,0.23021809487506023,1.351190677481809,-0.7315819156769654,-1.8331669447366818,-1.2514792526244685,-1.5011025974997394,0.8411091669233887,0.83763545532451
-0.17013877750586295,0.00664490171420348,0.6500836077186906,1.2752043329065057,-0.010684955963028146,0.7746088480022676,-0.6874206446824462,-0.07998424742150408,-0.8950540641724933,0.8894743084355029,0.10226883094092201,0.30407019802613666,1.1365751965300057,0.41390077802624936,-1.7945313796324835,-1.2472135182232418,-1.438802328988201,0.8486046210969076,0.8411615850786531
-0.17013877750586295,0.00664490171420348,0.7945466312730467,-0.7030746009502787,-0.010684955963028146,1.1600226041284838,1.4202793666806666,-0.05000534845319268,-0.6558365592030692,0.633074730987421,-0.020004663120788906,0.3244628275864726,0.6433022596630571,0.41390077802624936,-1.6935652027523636,-1.1820582448762766,-1.2650239831385084,0.7633869456753861,0.7607526047209826
-0.17013877750586295,0.00664490171420348,0.9390096548274028,1.4909823657048396,-0.010684955963028146,0.5335144304999939,-0.6874206446824462,-0.07998424742150408,-0.596032182960713,0.2693617645925495,-0.1112737063902142,0.42432065168440675,0.5676627468702673,0.41390077802624936,-1.6346413926354948,-1.1782912042016631,-1.2200764718057677,0.8275774105626492,0.8177247342609479
-0.17013877750586295,0.00664490171420348,1.083472678381759,-0.7030746009502787,-0.010684955963028146,1.1097366916853095,1.5309745220271394,-0.07998424742150408,-0.596032182960713,0.1850792253727479,-0.17864564531027924,0.4660897766461598,0.3772619679385932,0.41390077802624936,-1.5688010641450962,-1.1452639949709857,-1.1298527244124537,0.7465286894611823,0.7434140262520524
-0.17013877750586295,0.00664490171420348,1.227935701936115,1.6060646998684192,-0.010684955963028146,0.41964405765047064,-0.6874206446824462,-0.05000534845319268,-0.6558365592030692,0.02636311938105612,-0.2224412323734156,0.5409978571195087,0.35031225857600157,0.41390077802624936,-1.4889375350230263,-1.1003533664101164,-1.0579707469210973,0.8255339147592216,0.8152340520588253
-0.17013877750586295,0.00664490171420348,1.3723987254904713,-0.7030746009502787,-0.010684955963028146,1.035307583292316,1.5227748498998477,-0.07998424742150408,-0.2970103017489328,-0.006290454986979642,-0.25371912292606047,0.5627987327320744,0.28062205809524465,0.41390077802624936,-1.427771044365833,-1.0565818501775948,-0.9881024949710474,0.7444715332055548,0.7375525621297426
-0.17013877750586295,0.00664490171420348,1.5168617490448273,1.705401590031492,-0.010684955963028146,0.4020660378313806,-0.6874206446824462,-0.07998424742150408,-1.1342715691419176,-0.06645210085539646,-0.2840110996353744,0.5907987091242911,0.265093303225798,0.41390077802624936,-1.372529279452031,-1.0307720913586118,-0.9492503108650169,0.8246851692949076,0.8178317789475869
-0.17013877750586295,0.00664490171420348,1.6613247725991833,-0.7030746009502787,-0.010684955963028146,1.0184203373626122,1.5388593692513346,-0.07998424742150408,-1.672510955323122,-0.10099870239357588,-0.3100616290694977,0.5969588531267468,0.20850607454757897,0.41390077802624936,-1.344312236832154,-1.0358416562872108,-0.9370170783166597,0.7425969956267048,0.735676517009794
-0.17013877750586295,0.1168898336148444,-1.6613247691510074,1.7352529136437453,-0.010684955963028146,0.37051888382790815,-0.6874206446824462,-0.07998424742150408,-0.8950540641724933,-0.15015725044091938,-0.3298439172795079,0.6174302251090733,0.21046313871259595,0.41390077802624936,-1.3195227234937337,-1.0407977979416114,-0.9372314972357774,0.8283379023160402,0.8214872628928502
-0.17013877750586295,0.1168898336148444,-1.5168617455966513,-0.7030746009502787,-0.010684955963028146,0.962802265537359,1.4945922684582087,-0.22987888521372726,-0.8950540641724933,-0.1740891680229876,-0.35357125241378506,0.613310753137571,0.16542787797058536,0.41390077802624936,-1.2957182542572272,-1.037187554642228,-0.9217797974086072,0.7000718281856683,0.6931165320390179
-0.17013877750586295,0.1168898336148444,-1.372398722042295,2.3797436193112174,-0.010684955963028146,-0.6865507261215884,-0.6874206446824462,-0.22987888521372726,-1.1940759453842735,-0.20501384296516506,-0.3711451492767718,0.599216688468874,0.17693264851736717,0.41390077802624936,-1.2822910932790992,-1.0319729033456777,-0.9234003852066636,0.888888036434826,0.8820868359917126
-0.17013877750586295,0.1168898336148444,-1.227935698487939,-0.7030746009502787,-0.010684955963028146,1.1849325130718225,1.358068919898901,-0.22987888521372726,-1.1940759453842735,-0.19913139998671522,-0.4048060708198248,0.40652486431455703,0.07697671519275286,0.41390077802624936,-1.2623438899606316,-0.9879217325967536,-0.9018873114541303,0.7461591382806171,0.7452084063051388
-0.17013877750586295,0.1168898336148444,-1.083472674933583,2.363392767369543,-0.010684955963028146,-0.6865507261215884,-0.6874206446824462,-0.37977352300595046,-0.6558365592030692,-0.2156736457035698,-0.4291234235540629,0.35569704535349855,0.08152475328767177,0.41390077802624936,-1.2506824331886743,-0.9750925409935628,-0.9040179629946091,0.885428706657997,0.8786247693100704
-0.17013877750586295,0.1168898336148444,-0.9390096513792268,-0.7030746009502787,-0.010684955963028146,1.245296360508122,1.3320371887254596,-0.4697103628615509,-0.7156409354454252,-0.21301425312983088,-0.47938763517714805,0.14477344947178453,-0.04650223427246279,0.41390077802624936,-1.2203849157247262,-0.9243257581818823,-0.8739453820645484,0.7808642360655952,0.7789293246656046
-0.17013877750586295,0.1168898336148444,-0.7945466278248707,1.5541062217593515,-0.010684955963028146,0.5238650389085671,-0.6874206446824462,-0.5296681607981737,-0.6558365592030692,-0.25097353473743333,-0.5147629474823516,0.11516464106816218,-0.07143384836302023,0.41390077802624936,-1.193124959018404,-0.9199727334023292,-0.8706373916117657,0.8409391302420586,0.8340988871783618
-0.17013877750586295,0.1168898336148444,-0.6500836042705146,-0.7030746009502787,-0.010684955963028146,1.0331420636327209,1.500780198995415,-0.37977352300595046,-0.6558365592030692,-0.2719949639138679,-0.5345132300206659,0.133580421402737,-0.12321752204494182,0.41390077802624936,-1.166539373096803,-0.9249648755605863,-0.8552992333710936,0.7633064209045236,0.7564026606958605
-0.17013877750586295,0.1168898336148444,-0.5056205807161585,1.6178505358488624,-0.010684955963028146,0.37504918484595984,-0.6874206446824462,-0.22987888521372726,-0.47642343047600094,-0.2122603117387512,-0.47062086423433264,0.431692600117916,-0.0426011259119258,0.41390077802624936,-1.1732922396608882,-0.9894179222118462,-0.8616370373897387,0.8418107030409696,0.8315539662726841
-0.17013877750586295,0.1168898336148444,-0.3611575571618023,-0.7030746009502787,-0.010684955963028146,1.0382169086950102,1.5557699640462286,0.06991039037071911,-0.596032182960713,-0.06427266750199791,-0.32245478177056347,0.7549410176676578,0.09064361442412933,0.41390077802624936,-1.212983226375627,-1.0440948802315448,-0.868224414549475,0.7420608228778592,0.7393870583560246
-0.17013877750586295,0.1168898336148444,-0.2166945336074462,2.2877746459177857,-0.010684955963028146,-0.6865507261215884,-0.6874206446824462,0.3696996659551655,-1.612706579080766,0.06170158824325763,-0.1703485228108289,0.8121370263987467,0.23027058105799247,0.41390077802624936,-1.2529704252756493,-1.0376297536022474,-0.8857067619813238,0.9090700963606124,0.8946178185821271
-0.17013877750586295,0.1168898336148444,-0.07223151005309006,-0.7030746009502787,-0.010684955963028146,1.1124527175502106,1.2976447122184913,0.42965746389178827,-1.1940759453842735,0.10442384391211272,-0.0887083162935959,0.7616772246520439,0.28541991685488716,0.41390077802624936,-1.2647707089139393,-0.9997073433291191,-0.8750035023110293,0.7622615760540244,0.755356979426188
-0.17013877750586295,0.1168898336148444,0.07223151350126605,2.2843855081210656,-0.010684955963028146,-0.6865507261215884,-0.6874206446824462,0.5195943037473887,-1.0744671928995615,0.16073993095924635,0.004278596615338223,0.7522190164695867,0.3911900803080031,0.41390077802624936,-1.2704599592260684,-0.958029386518151,-0.864191941435152,0.8838823794175283,0.8719126785765337
-0.17013877750586295,0.1168898336148444,0.2166945370556222,-0.7030746009502787,-0.010684955963028146,1.1733399799687163,1.2737868417712812,0.2198050281629423,-0.596032182960713,0.20141810962158363,0.038221307224410334,0.6800876424559024,0.40215696336494033,0.41390077802624936,-1.2556652572070162,-0.9063222531961008,-0.8338272092690634,0.7724139881804212,0.7655176283340664
-0.17013877750586295,0.1168898336148444,0.3611575606099783,2.349517297527652,-0.010684955963028146,-0.6865507261215884,-0.6874206446824462,0.3996787078741431,-1.0146628166572054,0.213002520449309,0.06103717649082335,0.6498231997807592,0.44328541950975897,0.41390077802624936,-1.2217493235204036,-0.8532358234612388,-0.7997773975734953,0.8710535971167067,0.864238004360658
-0.17013877750586295,0.1168898336148444,0.5056205841643344,-0.7030746009502787,-0.010684955963028146,1.2167392825800583,1.271420320755514,0.2198050281629423,0.0020115794628475024,0.2074679498212966,0.038711828931925006,0.5524436898065256,0.400228380383198,0.41390077802624936,-1.1500840510967902,-0.7572569620865178,-0.7169385478104646,0.783134926758242,0.7762474766177442
-0.17013877750586295,0.1168898336148444,0.6500836077186906,2.354853989133336,-0.010684955963028146,-0.6865507261215884,-0.6874206446824462,0.2198050281629423,0.0020115794628475024,0.16075954782111312,-0.0222248826508305,0.46716730452602956,0.3515825193500521,0.41390077802624936,-1.02699065526282,-0.6296674896208185,-0.5975037162746446,0.8695879743898925,0.8627711032724328
-0.17013877750586295,0.1168898336148444,0.7945466312730467,-0.7030746009502787,-0.010684955963028146,1.2762826529739066,1.3054586453947465,0.2198050281629423,0.36083783691698385,0.12332011305298017,-0.12601579708357719,0.2777122083493215,0.20134753256851265,0.41390077802624936,-0.879009651412309,-0.46234994305603644,-0.43913525637940215,0.7893716421586583,0.7860802372120553
-0.17013877750586295,0.1168898336148444,0.9390096548274028,1.4883141990697815,-0.010684955963028146,0.6017312808577745,-0.6874206446824462,0.2198050281629423,0.7196640943711202,0.06321012492081252,-0.18250719917794794,0.27840016845723836,0.18112182370302515,0.41390077802624936,-0.7886466174672236,-0.3949880123190776,-0.36308357329850355,0.8362424510843873,0.8293983359864852
-0.17013877750586295,0.1168898336148444,1.083472678381759,-0.7030746009502787,-0.010684955963028146,1.0394472058614188,1.5038531410728146,0.2198050281629423,0.7196640943711202,0.01981108751755374,-0.22317666704695177,0.32753543977930133,0.13154096611037636,0.41390077802624936,-0.6891595733625976,-0.32948964983295076,-0.25959434749112076,0.7598026946580451,0.752896179679609
-0.17013877750586295,0.1168898336148444,1.227935701936115,1.6259490988404866,-0.010684955963028146,0.4539115260908406,-0.6874206446824462,0.1298681883073419,0.8392728468558323,-0.04042510242595681,-0.24897393420939368,0.4144645870539977,0.152652846649753,0.41390077802624936,-0.6409873738017028,-0.32538841170988725,-0.23101243658225804,0.8238962781803643,0.8170421452935653
-0.17013877750586295,0.1168898336148444,1.3723987254904713,-0.7030746009502787,-0.010684955963028146,1.008596369511133,1.5255758502004864,0.06991039037071911,1.0784903518252564,-0.0810071584651469,-0.2764334089736123,0.45600660229337814,0.11290532101970933,0.41390077802624936,-0.5828823047697863,-0.29939387922050875,-0.1727147273439846,0.7477854510635719,0.7408691053463746
-0.17013877750586295,0.1168898336148444,1.5168617490448273,1.6905215264263203,-0.010684955963028146,0.40016117966971865,-0.6874206446824462,0.2198050281629423,1.0784903518252564,-0.13159316016099598,-0.29070793855002514,0.5042201728443525,0.1289036085391414,0.41390077802624936,-0.503686638923078,-0.2471137740238283,-0.1052819424243201,0.83038499297531,0.8235362578411163
-0.17013877750586295,0.1168898336148444,1.6613247725991833,-0.7030746009502787,-0.010684955963028146,0.9971184772594452,1.5320721208753434,0.2198050281629423,0.7196640943711202,-0.15004151095590543,-0.29967926748150625,0.5362650231240805,0.10912952986558092,0.41390077802624936,-0.4261491828686783,-0.19331188849244652,-0.027453115165520577,0.7421974273998581,0.7352763786496042
-0.17013877750586295,0.2271347655154853,-1.6613247691510074,1.714079939971212,-0.010684955963028146,0.3628435951459891,-0.6874206446824462,0.2198050281629423,1.0784903518252564,-0.18696306057075554,-0.3087069542261912,0.5669198624387765,0.1316557045915686,0.41390077802624936,-0.3386096849289559,-0.13220927427538923,0.040722057050478024,0.824374034521776,0.8175202645822627
-0.17013877750586295,0.2271347655154853,-1.5168617455966513,-0.7030746009502787,-0.010684955963028146,0.7326821991747946,1.2701037041840262,0.2198050281629423,0.7196640943711202,-0.19126373058734789,-0.3136782699711449,0.5885549645313622,0.11852913409431741,0.41390077802624936,-0.3000338925033175,-0.10909022781391506,0.07993670083648348,0.6787182047409496,0.6717454594665279
-0.17013877750586295,0.2271347655154853,-1.372398722042295,2.2714888318816,-0.010684955963028146,-0.6865507261215884,-0.6874206446824462,0.24978407008191994,0.9588815993405444,-0.21521722671746957,-0.3203417116631563,0.5517109708482142,0.11620344204291676,0.41390077802624936,-0.256286076250186,-0.06157043020547654,0.1163483958804181,0.8515373044928726,0.8447057261758637
-0.17013877750586295,0.2271347655154853,-1.227935698487939,-0.7030746009502787,-0.010684955963028146,1.098120728335198,1.2755584378538884,0.2198050281629423,1.0784903518252564,-0.1940865970099766,-0.32690565746272143,0.4479458648843521,0.07914047137353464,0.41390077802624936,-0.23771316250086738,-0.008107947014668727,0.1453176582786034,0.7521826787295982,0.7452698086110503
-0.17013877750586295,0.2271347655154853,-1.083472674933583,2.3147745142522425,-0.010684955963028146,-0.6865507261215884,-0.6874206446824462,0.1898261291946309,1.0784903518252564,-0.19545781565446407,-0.33623391921116,0.3756918184658826,0.07936262460307711,0.41390077802624936,-0.2274741990710912,0.024660969444364165,0.14889945863421064,0.8718694496500656,0.8650544503549276
-0.17013877750586295,0.2271347655154853,-0.9390096513792268,-0.7030746009502787,-0.010684955963028146,1.1657879092822085,1.2561148100014563,0.15984723022631953,1.0784903518252564,-0.16902409428898665,-0.3470580982236505,0.2674657470793596,0.035766884238577976,0.41390077802624936,-0.22481503793176819,0.0656458081208439,0.16438696773096872,0.7735064648708277,0.7666112034023498
-0.17013877750586295,0.2271347655154853,-0.7945466278248707,2.317209404432906,-0.010684955963028146,-0.6865507261215884,-0.6874206446824462,0.2198050281629423,1.0784903518252564,-0.16871872513926056,-0.35432268992316923,0.21478375129732516,0.03592719261300972,0.41390077802624936,-0.21762689129720192,0.08954884145846817,0.16637372714548165,0.8716197869118335,0.8648045429698679
-0.17013877750586295,0.2271347655154853,-0.6500836042705146,-0.7030746009502787,-0.010684955963028146,1.2031813283107542,1.2520187392854887,0.2198050281629423,1.0784903518252564,-0.14605928799695037,-0.3624611756150829,0.1226940743456524,-0.0132622521466357,0.41390077802624936,-0.1832713392005354,0.1532920709463425,0.21375441284195737,0.7893322784871876,0.7824499282122157
-0.17013877750586295,0.2271347655154853,-0.5056205807161585,1.4729880076831636,-0.010684955963028146,0.5463300434166366,-0.6874206446824462,0.1898261291946309,1.0784903518252564,-0.1412956600403022,-0.34669907808027806,0.1525697781164425,0.012729675709833238,0.41390077802624936,-0.17470480567611246,0.156563128775657,0.21859128442677883,0.8234427871158865,0.8165881775785264
-0.17013877750586295,0.2271347655154853,-0.3611575571618023,-0.7030746009502787,-0.010684955963028146,1.0099798000776117,1.4665038207085255,0.2198050281629423,1.0784903518252564,-0.10561128051384991,-0.28878411937090726,0.2666302485386605,0.03974773991228406,0.41390077802624936,-0.20533420611738754,0.11379257835969735,0.2123135264394548,0.7503034678381534,0.7433892606553347
-0.17013877750586295,0.2271347655154853,-0.2166945336074462,2.355565643570245,-0.010684955963028146,-0.6865507261215884,-0.6874206446824462,0.3696996659551655,0.7196640943711202,-0.06532870856582589,-0.19863666616178505,0.3907846685924589,0.13595066702938968,0.41390077802624936,-0.22818568676104695,0.09007908984358214,0.19888177510592775,0.8900166414264454,0.8832164337461308
-0.17013877750586295,0.2271347655154853,-0.07223151005309006,-0.7030746009502787,-0.010684955963028146,1.1530970833507321,1.2752919349126626,0.3247313889780315,1.0186859755829005,0.023661877502001397,-0.10536309375853029,0.4378602039287708,0.2013092864081152,0.41390077802624936,-0.23673197470079632,0.11300490468495954,0.2141443845217376,0.7742160894140534,0.7673214234073926
-0.17013877750586295,0.2271347655154853,0.07223151350126605,2.3295110644626598,-0.010684955963028146,-0.6865507261215884,-0.6874206446824462,0.5195943037473887,0.7196640943711202,0.09578457794598563,-0.012586305042035074,0.5024240167553695,0.3039652359071688,0.41390077802624936,-0.24208379860169976,0.13271734925139475,0.21698838291431158,0.8727749938366843,0.865960543715828
-0.17013877750586295,0.2271347655154853,0.2166945370556222,-0.7030746009502787,-0.010684955963028146,1.188704364442397,1.2491328094761078,0.3996787078741431,0.7794684706134762,0.1485362811919265,0.02774223284585927,0.47069496503120334,0.31616494732585265,0.41390077802624936,-0.1834933175753488,0.21389132872092556,0.28120663084084946,0.773155247455057,0.7662595728638301
-0.17013877750586295,0.2271347655154853,0.3611575606099783,2.308186514845105,-0.010684955963028146,-0.6865507261215884,-0.6874206446824462,0.2797628260995651,1.0186859755829005,0.15094000066600183,0.021072529174603012,0.44819452516432207,0.33272960351840397,0.41390077802624936,-0.08377393128470743,0.2931095699749317,0.34472834480406206,0.8531860851248403,0.8463558108100581
-0.17013877750586295,0.2271347655154853,0.5056205841643344,-0.7030746009502787,-0.010684955963028146,1.217096803045522,1.248506715831611,0.06991039037071911,1.0784903518252564,0.14114530153592178,-0.03338233811424228,0.34166183028439445,0.25739280501641926,0.41390077802624936,0.04543025685655867,0.3850791463207767,0.4249699307759474,0.781641623641444,0.7747529444918588
-0.17013877750586295,0.2271347655154853,0.6500836077186906,1.4559430597473844,-0.010684955963028146,0.5763362402822472,-0.6874206446824462,0.11487881029851932,1.0784903518252564,0.07833995658325943,-0.10092335047391875,0.3131703354054371,0.2133763568875485,0.41390077802624936,0.17611695203743105,0.4275818616628649,0.4761027292077776,0.815859798202613,0.8089990572422208
-0.17013877750586295,0.2271347655154853,0.7945466312730467,-0.7030746009502787,-0.010684955963028146,1.0125212496824603,1.4688730611420604,0.15984723022631953,0.9588815993405444,0.013363025021945262,-0.17382670439361733,0.32166291283401094,0.1274836181158754,0.41390077802624936,0.2983959451260217,0.4442088895524018,0.5392165668564161,0.7400329646973446,0.7331103099714003
-0.17013877750586295,0.2271347655154853,0.9390096548274028,1.5981089336004146,-0.010684955963028146,0.43993601134812194,-0.6874206446824462,0.2198050281629423,0.7196640943711202,-0.0630780006143114,-0.2257385123335745,0.3696062725474179,0.11415198309904656,0.41390077802624936,0.3988921352190775,0.4369949090687899,0.561572905237903,0.8086143662529105,0.8017476495884281
-0.17013877750586295,0.2271347655154853,1.083472678381759,-0.7030746009502787,-0.010684955963028146,0.982436394130475,1.4926692217245439,0.2198050281629423,0.7196640943711202,-0.10433749228330073,-0.2590404137332551,0.40631267420898265,0.07125281110263663,0.41390077802624936,0.4774016203566721,0.42740250975509836,0.5908170692849367,0.7278282493707072,0.7208957539307829
-0.17013877750586295,0.2271347655154853,1.227935701936115,2.366698054643486,-0.010684955963028146,-0.6865507261215884,-0.6874206446824462,0.1298681883073419,0.9588815993405444,-0.15078433612526057,-0.2869090044748051,0.42087753567442276,0.08324908549792999,0.41390077802624936,0.549790190394634,0.4297646632972911,0.5944761652590446,0.8865262161465826,0.8797230518884737
-0.17013877750586295,0.2271347655154853,1.3723987254904713,-0.7030746009502787,-0.010684955963028146,1.1391661279170502,1.2931401012794357,0.06991039037071911,1.0784903518252564,-0.1503390333608848,-0.3129456183994953,0.33821871427441047,0.04341693006615584,0.41390077802624936,0.6110899644842614,0.4722161972001618,0.6186065909295653,0.76852812875793,0.7616288156263394
-0.17013877750586295,0.2271347655154853,1.5168617490448273,1.5565518620070378,-0.010684955963028146,0.4884612034884433,-0.6874206446824462,0.06991039037071911,0.7196640943711202,-0.17605477758203833,-0.3369930102507324,0.30689249220379566,0.03550078861198315,0.41390077802624936,0.6602472081470699,0.4729596292918471,0.6080382710678397,0.8255520687812241,0.8186991888557631
-0.17013877750586295,0.2271347655154853,1.6613247725991833,-0.7030746009502787,-0.010684955963028146,1.001309876490457,1.4873201269756544,0.009952592434096328,0.9588815993405444,-0.19160637177462087,-0.3585370019549655,0.31520188989279163,-0.007295851124637946,0.41390077802624936,0.705720237437025,0.4549680521838492,0.6149049168605205,0.7419935990736124,0.7350725229939781
-0.17013877750586295,0.3373796974161262,-1.6613247691510074,1.6537417846178744,-0.010684955963028146,0.3965452858807729,-0.6874206446824462,0.06991039037071911,0.7196640943711202,-0.23143840979510463,-0.3736088902218916,0.35021242844496125,0.0026082769221070982,0.41390077802624936,0.7382124726871307,0.41791138896731606,0.5881195832087863,0.8214530344072978,0.8145969007978172
-0.17013877750586295,0.3373796974161262,-1.5168617455966513,-0.7030746009502787,-0.010684955963028146,-0.6865507261215884,1.7851984552882663,0.06991039037071911,0.7196640943711202,-0.24405728313860453,-0.3832272903420091,0.3372232442869308,-0.011472820088892511,0.41390077802624936,0.7621880653179017,0.406015824888835,0.5763265426573143,0.12367408040966815,0.1162481105684459
-0.17013877750586295,0.3373796974161262,-1.372398722042295,0.8585272559083071,-0.010684955963028146,-0.6865507261215884,-0.6874206446824462,0.03993149140240772,0.9588815993405444,-0.30796509572817954,-0.39606295624304555,0.16468367808897877,0.0515356947956255,0.41390077802624936,0.790486090276473,0.4800057520044658,0.5382909845772513,-0.1259269161733666,-0.19689740701232633
-0.17013877750586295,0.3373796974161262,-1.227935698487939,-0.7030746009502787,-0.010684955963028146,1.1930653191662455,0.9360560736322856,0.06991039037071911,0.7196640943711202,-0.3420075439163829,-0.409530386272342,-0.13162902906681767,-0.002090304570120811,0.41390077802624936,0.816573490203786,0.6123136760509114,0.5539001141810853,0.7818988355769444,0.7818565772627578
-0.17013877750586295,0.3373796974161262,-1.083472674933583,2.3137002242210976,-0.010684955963028146,-0.6865507261215884,-0.6874206446824462,0.06991039037071911,0.7196640943711202,-0.37728258492521516,-0.4172194010095685,-0.15635497843943003,-0.010233481742397342,0.41390077802624936,0.8307772139654632,0.6194120645552734,0.5528773665057827,0.9166433791631122,0.9098650345117124
-0.17013877750586295,0.3373796974161262,-0.9390096513792268,-0.7030746009502787,-0.010684955963028146,1.2404611524810514,1.1589738603667,0.03993149140240772,0.9588815993405444,-0.3556674187296129,-0.4246655901071884,-0.195658222291481,-0.06328090621362097,0.41390077802624936,0.8412610525622432,0.6351625018629573,0.5755636305357287,0.8001265521241867,0.7932528452399281
-0.17013877750586295,0.3373796974161262,-0.7945466278248707,1.462120944097602,-0.010684955963028146,0.5270735183578459,-0.6874206446824462,0.06991039037071911,0.7196640943711202,-0.3616656011930767,-0.4345553426612502,-0.1635918214541556,-0.08905881832148305,0.41390077802624936,0.8582750562916994,0.6182201442589191,0.587436586896159,0.8482933065809839,0.8414589769136177
-0.17013877750586295,0.3373796974161262,-0.6500836042705146,-0.7030746009502787,-0.010684955963028146,1.0259024311060552,1.4089872981796376,0.06991039037071911,1.0784903518252564,-0.36065140943456453,-0.4430243217021986,-0.08997677443665052,-0.1417311049215745,0.41390077802624936,0.877094773358943,0.5851027168980956,0.6170971428767542,0.7560954995709049,0.7491858430077314
-0.17013877750586295,0.3373796974161262,-0.5056205807161585,1.564542924328434,-0.010684955963028146,0.38069953535031525,-0.6874206446824462,0.15984723022631953,0.8392728468558323,-0.36530583686015433,-0.42232569719602264,0.031113322100318124,-0.11183399996410077,0.41390077802624936,0.8837213460376838,0.538228976524526,0.6141660231514633,0.8336561320488063,0.8268100241179632
-0.17013877750586295,0.3373796974161262,-0.3611575571618023,-0.7030746009502787,-0.010684955963028146,1.0304649487137392,1.486699681352675,0.2198050281629423,0.7196640943711202,-0.26539846716346754,-0.3082853142903701,0.2965498822922453,-0.030709011272608402,0.41390077802624936,0.815335135274588,0.42492649919769704,0.586056401572592,0.7342542339312087,0.7316734960130716
-0.17013877750586295,0.3373796974161262,-0.2166945336074462,2.2298536431345237,-0.010684955963028146,-0.6865507261215884,-0.6874206446824462,0.3696996659551655,0.36083783691698385,0.06873292543170485,-0.14076414975618504,0.5662418487420584,0.14402060687324564,0.2149250655004729,0.6944212730382702,0.30820375713400416,0.5059724637265752,0.9026144542394138,0.8857108000866081
-0.17013877750586295,0.3373796974161262,-0.07223151005309006,-0.7030746009502787,-0.010684955963028146,1.052039290037659,1.1993739490942839,0.4596365058107659,0.18142470818991568,0.45114730013956705,0.043934319622145064,0.8326415530850693,0.37237459688865887,-0.21812978820496617,0.5674930260407208,0.20062188999226166,0.40592529478372497,0.757068986532939,0.7557227324950674
-0.17013877750586295,0.3373796974161262,0.07223151350126605,-0.7030746009502787,-0.010684955963028146,-0.6865507261215884,-0.6874206446824462,0.3696996659551655,0.36083783691698385,0.9422436668571239,0.1730493738966103,0.8510324673916471,0.4773570521872066,-0.9135584624542121,0.4757776352432162,0.1937290947267904,0.3578742770285005,-1.2676136780735823,-1.2761757670616813
-0.17013877750586295,0.3373796974161262,0.2166945370556222,-0.7030746009502787,-0.010684955963028146,-0.6865507261215884,-0.6874206446824462,0.44464698485127707,0.18142470818991568,1.2059825662249615,0.25307329399319567,0.7624638200043488,0.5575519268077574,-1.0674580887380485,0.4223355581955727,0.2324341906530378,0.32151192890485164,-1.2676136780735823,-1.2761757670616813
-0.17013877750586295,0.3373796974161262,0.3611575606099783,-0.7030746009502787,-0.010684955963028146,-0.6865507261215884,-0.6874206446824462,0.5195943037473887,0.0020115794628475024,1.359669562729408,0.2884959190304716,0.5862556858092401,0.6997942798143294,-0.9593029636255709,0.4028964226448649,0.3099183353477919,0.25713013742391544,-1.2676136780735823,-1.2761757670616813
-0.17013877750586295,0.3373796974161262,0.5056205841643344,-0.7030746009502787,-0.010684955963028146,-0.6865507261215884,-0.6874206446824462,0.3696996659551655,0.36083783691698385,1.3297741191398407,0.27170546534856505,0.3664118168174039,0.9520325901238855,-0.019435881276610213,0.43565522475983876,0.4176196981378771,0.15387170672601064,-1.2676136780735823,-1.2761757670616813
-0.17013877750586295,0.3373796974161262,0.6500836077186906,0.5508584564541326,-0.010684955963028146,0.4993947608945274,0.4834090908065306,0.2198050281629423,0.36083783691698385,1.0411956953808987,0.20615297928687007,0.059019636453746194,1.2665511107742216,0.41390077802624936,0.49682340254908824,0.5545528194478504,0.014076903588228048,0.9791866811035365,0.9657616003264615
-0.17013877750586295,0.3373796974161262,0.7945466312730467,-0.7030746009502787,-0.010684955963028146,2.8027228700283833,-0.6874206446824462,0.20481550720345348,0.6000553418864081,0.6371995031426079,0.09518374931308951,-0.0879841767264913,0.7629557793404371,0.41390077802624936,0.5926149043941983,0.6278533152275806,0.22986596396604572,0.6635155593848135,0.6749250755409772
-0.17013877750586295,0.3373796974161262,0.9390096548274028,1.6885010513293857,-0.010684955963028146,0.2489501058474115,-0.6874206446824462,0.2198050281629423,0.36083783691698385,0.0713936257962349,-0.005396161317983106,0.2945945836240816,0.26618860815973266,0.41390077802624936,0.6746254295671239,0.4246441337999799,0.4396777148623499,0.8410414038907655,0.8282824514137205
-0.17013877750586295,0.3373796974161262,1.083472678381759,-0.7030746009502787,-0.010684955963028146,0.768545643993762,1.7485863063249816,0.1448577092668307,0.5402509656440521,-0.013685358015357727,-0.09214196824619862,0.37710586659131173,-0.2808234390579673,0.41390077802624936,0.7503805511136568,0.3812153814008624,0.7065731534182165,0.7821743812772395,0.7773068710690703
-0.17013877750586295,0.3373796974161262,1.227935701936115,2.327731928370387,-0.010684955963028146,-0.6865507261215884,-0.6874206446824462,0.08489991133020793,0.6000553418864081,-0.09079008747810689,-0.1454933356370038,0.3826120340574464,-0.2583770116451487,0.41390077802624936,0.7916236993200336,0.3687071581453069,0.6839737923717825,0.8942688166592441,0.8874720228945023
-0.17013877750586295,0.3373796974161262,1.3723987254904713,-0.7030746009502787,-0.010684955963028146,1.0711964457453114,1.3859632430571733,0.06991039037071911,0.36083783691698385,-0.12924829127252097,-0.1927441436923641,0.3027829666434922,-0.26123082620927124,0.41390077802624936,0.8207946946082185,0.37652078557568364,0.6542407444551923,0.8057314716103583,0.7988625599080008
-0.17013877750586295,0.3373796974161262,1.5168617490448273,2.333520839462163,-0.010684955963028146,-0.6865507261215884,-0.6874206446824462,0.06991039037071911,0.36083783691698385,-0.1428597778264796,-0.22906779796542942,0.25013578330065356,-0.2096823257263891,0.41390077802624936,0.843058571258615,0.373340813358536,0.5986911783085839,0.8912219965902932,0.8844227843829383
-0.17013877750586295,0.3373796974161262,1.6613247725991833,-0.7030746009502787,-0.010684955963028146,1.1693062119084048,1.3242017093930456,0.0998892893390305,0.36083783691698385,-0.12484953694659477,-0.2585151032521578,0.1515452977629663,-0.21147175778413227,0.41390077802624936,0.8541589361124772,0.38765665227459245,0.5667183042491127,0.8143409716093363,0.8074791454965586
-0.17013877750586295,0.44762462931676716,-1.6613247691510074,1.4891790419617654,-0.010684955963028146,0.5639676848464096,-0.6874206446824462,0.06991039037071911,0.7196640943711202,-0.14473841929792094,-0.2853560336220778,0.14033735007712056,-0.17522334895640587,0.41390077802624936,0.872676897560539,0.3785925495114684,0.533701502641473,0.8462877365066901,0.8394517355333715
-0.17013877750586295,0.44762462931676716,-1.5168617455966513,-0.7030746009502787,-0.010684955963028146,-0.6865507261215884,1.9660506145054264,0.06991039037071911,0.36083783691698385,-0.16202675966110852,-0.3091160702035226,0.13051526901830734,-0.16949863111819607,0.41390077802624936,0.8835704682280929,0.36251030033089116,0.5092564357668296,0.24428490902434097,0.23695747103935003
-0.17013877750586295,0.44762462931676716,-1.372398722042295,-0.7030746009502787,-0.010684955963028146,-0.6865507261215884,-0.6874206446824462,-0.035015827493703876,0.8990772230981884,-0.25048376708615955,-0.3457333417256251,-0.024773904690529005,-0.08039402862123318,0.41390077802624936,0.9123100397476394,0.42609825053707157,0.457494136577549,-1.2676136780735823,-1.2761757670616813
-0.17013877750586295,0.44762462931676716,-1.227935698487939,0.7489982272009207,-0.010684955963028146,0.479204896130256,0.24606291014110418,-0.07998424742150408,1.0784903518252564,-0.3990723411914317,-0.37056487253341397,-0.29102109739515825,-0.12561238268429525,0.41390077802624936,0.9364080699619123,0.5544367937275904,0.4807631746351173,0.9226095816614123,0.9097780479116712
-0.17013877750586295,0.44762462931676716,-1.083472674933583,-0.7030746009502787,-0.010684955963028146,1.2491447785787313,1.1190540626540724,0.06991039037071911,0.7196640943711202,-0.437444230793632,-0.38444002698909857,-0.31240753920777414,-0.13047452754332917,0.41390077802624936,0.9513454551491399,0.5671562488551708,0.48534850793600437,0.7700151408770044,0.7631170028472807
-0.17013877750586295,0.44762462931676716,-0.9390096513792268,1.5912041655516722,-0.010684955963028146,0.4312215284519306,-0.6874206446824462,0.03993149140240772,0.6000553418864081,-0.4835425483897588,-0.40035797822955344,-0.2310881678492,-0.10472021413018037,0.41390077802624936,0.959491892791587,0.5199528653137594,0.46518592401518466,0.8680542291448712,0.8612360456246458
-0.17013877750586295,0.44762462931676716,-0.7945466278248707,-0.7030746009502787,-0.010684955963028146,1.0443745658867556,1.368844717396048,-0.07998424742150408,0.7196640943711202,-0.4928599038810807,-0.42195763197151875,-0.13811077369803448,-0.13537817355513473,0.41390077802624936,0.9710207891877057,0.46224492511395726,0.46669930235368223,0.7548547350770127,0.7479442883822013
-0.17013877750586295,0.44762462931676716,-0.6500836042705146,1.6277336099662707,-0.010684955963028146,0.3508276440077168,-0.6874206446824462,0.06991039037071911,0.7196640943711202,-0.5045430529135355,-0.43140347977466653,-0.02473494791333371,-0.11562525233200688,0.41390077802624936,0.9768568199887179,0.40422273955217963,0.4521303883615352,0.8460042821235425,0.8391682615544135
-0.17013877750586295,0.44762462931676716,-0.5056205807161585,-0.7030746009502787,-0.010684955963028146,1.0450434785188916,1.4708914966835738,0.06991039037071911,0.6000553418864081,-0.3993188597555575,-0.3791917926064274,0.2897026070494727,-0.08919227300882725,0.41390077802624936,0.931929939447218,0.259386640163704,0.4366568536138845,0.73511214627792,0.7329197581487217
-0.17013877750586295,0.44762462931676716,-0.3611575571618023,2.2399493894112,-0.010684955963028146,-0.6865507261215884,-0.6874206446824462,0.2198050281629423,0.36083783691698385,-0.17256886122831264,-0.25253630462425203,0.5059467040549439,0.059472993700230806,0.41390077802624936,0.8241699227959353,0.1644481066022311,0.36489551405818266,0.9191096300135679,0.9042747639071783
-0.17013877750586295,0.44762462931676716,-0.2166945336074462,-0.7030746009502787,-0.010684955963028146,1.0649572010863155,1.2021287192928731,0.2198050281629423,0.36083783691698385,-0.044857859312452085,-0.12442942900821058,0.5575213327235121,0.18197544545317187,0.41390077802624936,0.7240082668877232,0.14646824050151183,0.3122098160817854,0.759276048277181,0.7577195354833086
-0.17013877750586295,0.44762462931676716,-0.07223151005309006,2.267155659032494,-0.010684955963028146,-0.6865507261215884,-0.6874206446824462,0.2797628260995651,0.36083783691698385,-0.009703135056402688,-0.06664527608751036,0.5373541551503489,0.23100865057885336,0.41390077802624936,0.6851078220507127,0.16444637163818981,0.29961827248834466,0.8659790986100333,0.8591592149643665
-0.17013877750586295,0.44762462931676716,0.07223151350126605,-0.7030746009502787,-0.010684955963028146,1.1134043621361642,1.1919384333596907,0.3696996659551655,0.36083783691698385,0.0691991528487385,0.004814343728510278,0.473155872935306,0.2622695973411373,0.41390077802624936,0.6405029427130682,0.21167512902870483,0.3057517016512931,0.7689780249665656,0.7661185522345867
-0.17013877750586295,0.44762462931676716,0.2166945370556222,2.1251191443193047,-0.010684955963028146,-0.6865507261215884,-0.6874206446824462,0.3696996659551655,0.36083783691698385,0.11027816938855352,0.043336648491995984,0.47924473432417025,0.31328346532654905,0.41390077802624936,0.6208676178061192,0.22333842479616053,0.29716359072793647,0.7470826567464461,0.7401658442693352
-0.17013877750586295,0.44762462931676716,0.3611575606099783,-0.7030746009502787,-0.010684955963028146,1.1807067006655219,1.2242135293556011,0.3097418680185427,0.7196640943711202,0.1309092230138393,0.0455492144918494,0.42428749698041074,0.3016167589091484,0.41390077802624936,0.6289812768829043,0.2643820353795384,0.3199236567891063,0.7776962693547664,0.7708043668730447
-0.17013877750586295,0.44762462931676716,0.5056205841643344,2.293066903913109,-0.010684955963028146,-0.6865507261215884,-0.6874206446824462,0.33972062403618786,0.7794684706134762,0.09592451156063528,0.006066739577483913,0.37337844899456213,0.2832447682007955,0.41390077802624936,0.6820497746895481,0.3208720308223671,0.3629493675957633,0.8563788563409794,0.8495511868096914
-0.17013877750586295,0.44762462931676716,0.6500836077186906,-0.7030746009502787,-0.010684955963028146,1.212703422533407,1.2356461708366173,0.3696996659551655,0.7196640943711202,0.07762917228828667,-0.056168984810845916,0.27933844658032503,0.2100123222687625,0.41390077802624936,0.7542344427675837,0.39456094167683714,0.4289189944940352,0.7830578171004294,0.7761703143866487
-0.17013877750586295,0.44762462931676716,0.7945466312730467,2.3038087292178546,-0.010684955963028146,-0.6865507261215884,-0.6874206446824462,0.3996787078741431,0.9588815993405444,0.024332774177845056,-0.12566930089869446,0.21431129676538224,0.1607773076158776,0.41390077802624936,0.8440226467192596,0.47289803806838193,0.5013642037591837,0.8552809873668097,0.8484524948825821
-0.17013877750586295,0.44762462931676716,0.9390096548274028,-0.7030746009502787,-0.010684955963028146,1.231237793907715,1.2433735010162732,0.3696996659551655,1.0784903518252564,0.013417952235172228,-0.17781836827448497,0.13061390426269542,0.08975256026167877,0.41390077802624936,0.9306197608962019,0.5697491526148528,0.5939429565009129,0.7917171058528202,0.7848366358429949
-0.17013877750586295,0.44762462931676716,1.083472678381759,1.4434633069406195,-0.010684955963028146,0.5899707612515861,-0.6874206446824462,0.3696996659551655,0.7196640943711202,-0.029085248476170555,-0.21927267087551228,0.13317924948438548,0.06565096922655472,0.41390077802624936,1.0067928091549243,0.6146810344852279,0.6529232253534041,0.8245038088176749,0.8176500281220889
-0.17013877750586295,0.44762462931676716,1.227935701936115,-0.7030746009502787,-0.010684955963028146,1.0157268003508635,1.466977626958036,0.3846891869146543,0.9588815993405444,-0.058041044382319495,-0.2414665168702684,0.1949763022625185,0.024540415539794424,0.41390077802624936,1.0633917512984485,0.625931625681366,0.7166521527119758,0.7491435876007079,0.7422283477249018
-0.17013877750586295,0.44762462931676716,1.3723987254904713,1.5844832236490196,-0.010684955963028146,0.44033735892740355,-0.6874206446824462,0.3696996659551655,1.0784903518252564,-0.1104546837087563,-0.25634845843343346,0.27835375187164396,0.04002929675265657,0.41390077802624936,1.1265396580461318,0.6368328384936925,0.762363340388519,0.8094774911405928,0.8026115800326027
-0.17013877750586295,0.44762462931676716,1.5168617490448273,-0.7030746009502787,-0.010684955963028146,0.9838058083884773,1.4900236466086232,0.2198050281629423,1.0784903518252564,-0.14259102681890481,-0.27861466507724136,0.33246222879310605,0.010565105780957894,0.41390077802624936,1.1809135140264884,0.6387545280399073,0.8078459164476324,0.7349933362923394,0.7280665198894783
-0.17013877750586295,0.44762462931676716,1.6613247725991833,1.6431185683859464,-0.010684955963028146,0.37987654792425646,-0.6874206446824462,0.24978407008191994,1.0784903518252564,-0.18063727651411662,-0.2908937106009562,0.4168376349925109,0.05676809503723019,0.41390077802624936,1.208051756205904,0.6083341022812421,0.7949227004120941,0.8074036188052995,0.8005359774184416
-0.17013877750586295,0.557869561217408,-1.6613247691510074,-0.7030746009502787,-0.010684955963028146,0.9723391082637072,1.4956842192848954,0.2198050281629423,1.0784903518252564,-0.20201442478573536,-0.3068527125942386,0.4368879422340882,0.02644946856729125,0.41390077802624936,1.2397717670120334,0.6054685922965751,0.8183808288810228,0.7281135011817759,0.7211810699789182
-0.17013877750586295,0.557869561217408,-1.5168617455966513,0.9024749632397704,-0.010684955963028146,-0.6865507261215884,-0.6874206446824462,0.06991039037071911,1.0784903518252564,-0.25958991436471585,-0.335508225394227,0.4100574980253302,0.021597902433473655,0.41390077802624936,1.2750106532495156,0.6016076466932279,0.8030190889262319,-0.19946041139418313,-0.20715026171624848
-0.17013877750586295,0.557869561217408,-1.372398722042295,-0.7030746009502787,-0.010684955963028146,0.09242758330778893,0.25947664746582444,0.0998892893390305,0.8392728468558323,-0.3198006023877996,-0.36977238427120235,0.19604637033398922,-0.10616136200387896,0.41390077802624936,1.3017353070563147,0.6565756449308501,0.8180279765660593,-0.26339761868737205,-0.2438352740574143
-0.17013877750586295,0.557869561217408,-1.227935698487939,0.6693643286289055,-0.010684955963028146,-0.6865507261215884,-0.06052466735125327,0.06991039037071911,1.0784903518252564,-0.43395635275371963,-0.3944939825544702,0.032789292387315615,-0.22825042972529044,0.41390077802624936,1.3220811555777587,0.7022023798997549,0.845789331163268,0.12102296409753374,0.09362443095536167
-0.17013877750586295,0.557869561217408,-1.083472674933583,-0.7030746009502787,-0.010684955963028146,0.7062274629188654,0.5694217645642611,0.06991039037071911,1.0784903518252564,-0.47439585959667785,-0.4203524779584175,-0.26015158137208827,-0.3229194416860314,0.41390077802624936,1.350277470575232,0.8340633338350675,0.8774316245266657,0.31868710115939497,0.3353229417377733
-0.17013877750586295,0.557869561217408,-0.9390096513792268,0.8357867432960665,-0.010684955963028146,0.23068758809795437,0.2178469635353164,-0.10996314638981547,0.9588815993405444,-0.5464113211957904,-0.4619800286518862,-0.34006104894323275,-0.36419518623578484,0.41390077802624936,1.3430372638657908,0.7933875356284394,0.8161366357540458,0.8872955152967866,0.8804930368046037
-0.17013877750586295,0.557869561217408,-0.7945466278248707,-0.7030746009502787,-0.010684955963028146,1.1112180272124885,1.1033138634291615,-0.22987888521372726,0.7196640943711202,-0.5947283058690492,-0.5018716195435831,-0.34953997881568744,-0.35882689006255525,0.41390077802624936,1.298225590341838,0.6667880770187915,0.6805922182369807,0.7586918842028438,0.7517843885939052
-0.17013877750586295,0.557869561217408,-0.6500836042705146,1.6403722845971893,-0.010684955963028146,0.39138174059767805,-0.6874206446824462,-0.07998424742150408,0.7196640943711202,-0.6266410167539166,-0.5137624223541161,-0.26296310027094855,-0.2980057300535323,0.41390077802624936,1.2504648099837732,0.5386499221750397,0.5634166459232692,0.8782113145838626,0.871401402042644
-0.17013877750586295,0.557869561217408,-0.5056205807161585,-0.7030746009502787,-0.010684955963028146,1.0270994656896617,1.4000146838483982,-0.05000534845319268,0.36083783691698385,-0.603457155504368,-0.5005315559851813,-0.1657609679630935,-0.2894491688497262,0.41390077802624936,1.1804256918434022,0.4232644036461578,0.48883401629229295,0.7627326819121284,0.7558285491355882
-0.17013877750586295,0.557869561217408,-0.3611575571618023,2.2635323489424604,-0.010684955963028146,-0.6865507261215884,-0.6874206446824462,-0.07998424742150408,0.0020115794628475024,-0.46760254033221416,-0.39814958688252994,0.04549417495858048,-0.14614243333677499,0.41390077802624936,1.038906644786727,0.264918573009302,0.35633207659496885,0.9519443243039143,0.9372179197260987
-0.17013877750586295,0.557869561217408,-0.2166945336074462,-0.7030746009502787,-0.010684955963028146,1.2009970853734184,1.297421301589583,-0.22987888521372726,0.7196640943711202,-0.22897714752622012,-0.28516817424473173,0.2701802884690316,-0.040277875104805835,0.2457874363617748,0.9192701825357632,0.14406488156333883,0.2830855257481891,0.7778262233934574,0.7786941538339636
-0.17013877750586295,0.557869561217408,-0.07223151005309006,2.252544526270676,-0.010684955963028146,-0.6865507261215884,-0.6874206446824462,-0.22987888521372726,0.5402509656440521,0.3070876055439374,-0.15450919419867068,0.4152876525806982,0.09320529342266301,-0.695191730059651,0.7870843500135885,0.05699462679954277,0.1952761746869969,0.910067129628412,0.8975215336286809
-0.17013877750586295,0.557869561217408,0.07223151350126605,-0.7030746009502787,-0.010684955963028146,1.1912195596186816,1.2580719540502072,-0.22987888521372726,0.36083783691698385,0.7457749102028264,-0.055625584167485684,0.39613500894981246,0.1878108330321061,-1.6479904287695806,0.6400271714732401,-0.006352163404900758,0.07990504020178688,0.7823600555814827,0.7815728986094468
-0.17013877750586295,0.557869561217408,0.2166945370556222,2.2527849694364193,-0.010684955963028146,-0.6865507261215884,-0.6874206446824462,-0.07998424742150408,0.0020115794628475024,1.3511774232272817,0.01868045310306337,0.44327436709131657,0.3627772518731867,-2.5641241231804135,0.5044256195940015,-0.09590363361822193,-0.06553037794370124,0.8544178624791273,0.8440278447186009
-0.17013877750586295,0.557869561217408,0.3611575606099783,-0.7030746009502787,-0.010684955963028146,-0.6865507261215884,2.795169295580546,-0.07998424742150408,0.0020115794628475024,1.4665350333302394,0.05733634675710626,0.37083465433046947,0.8752188388320855,-2.4639317529239744,0.43430503707720597,-0.10228678319656934,-0.29750806671490315,0.6365194502103735,0.6427568168226597
-0.17013877750586295,0.557869561217408,0.5056205841643344,-0.7030746009502787,-0.010684955963028146,-0.6865507261215884,-0.6874206446824462,-0.07998424742150408,0.0020115794628475024,1.5255262064406054,0.06368042750762938,0.21536064314685546,1.4371916447499258,-2.1309178863028064,0.40377710557816376,-0.06179033689770786,-0.5136846969312482,-1.2676136780735823,-1.2761757670616813
-0.17013877750586295,0.557869561217408,0.6500836077186906,1.011265820678258,-0.010684955963028146,1.1031686913730216,-0.6874206446824462,-0.22987888521372726,0.0020115794628475024,1.2753347118779617,0.00810884058678259,-0.03936280331636623,1.6503643503318433,-1.275080109366499,0.41034727984245684,0.00181040866827696,-0.6156611994477478,0.9139831858399765,0.8978359134349477
-0.17013877750586295,0.557869561217408,0.7945466312730467,-0.7030746009502787,-0.010684955963028146,2.860497465971971,-0.6874206446824462,-0.22987888521372726,0.18142470818991568,0.8461007729526709,-0.0854166025372102,0.0247210951698905,1.1472328553113893,0.35608638008933974,0.45389746062615627,-0.04354784061524093,-0.4650921731481094,0.6312794085921726,0.6414712572112264
-0.17013877750586295,0.557869561217408,0.9390096548274028,1.652654057002951,-0.010684955963028146,0.3057470119751155,-0.6874206446824462,-0.6795627985903968,0.6598597181287641,0.1882944290327121,-0.20306945169168006,0.3347623363828281,0.5677205229849102,0.41390077802624936,0.5100432873031776,-0.1992010070600415,-0.290202539020566,0.7975637793943713,0.7846219324466577
-0.17013877750586295,0.557869561217408,1.083472678381759,-0.7030746009502787,-0.010684955963028146,0.815812192552771,1.7351040605911157,-0.6795627985903968,0.6598597181287641,0.12075161193922394,-0.30461370712646235,0.4092087376030327,-0.06553905717325595,0.41390077802624936,0.5556835836855546,-0.25729953103963515,-0.07487157527442742,0.765862183665447,0.7604277865227109
-0.17013877750586295,0.557869561217408,1.227935701936115,1.5754804008529948,-0.010684955963028146,0.4239969582269113,-0.6874206446824462,-0.7694996384459972,0.7794684706134762,-0.04785727749188177,-0.3841895478193038,0.4266829243441213,-0.10409769683860533,0.41390077802624936,0.5953326331177555,-0.2847345174242803,-0.08180219738411583,0.8159282802064045,0.8067607385173943
-0.17013877750586295,0.557869561217408,1.3723987254904713,-0.7030746009502787,-0.010684955963028146,0.9739582010913589,1.6384032382627478,-0.82945743638262,1.0784903518252564,-0.1135770342225511,-0.44958200552251887,0.3957843979550548,-0.21835199791520032,0.41390077802624936,0.6094997220119281,-0.30699909409542764,-0.07157537567870402,0.7510813946423786,0.7474594148398537
-0.17013877750586295,0.557869561217408,1.5168617490448273,1.6348630544157896,-0.010684955963028146,0.3694222645886097,-0.6874206446824462,-0.6795627985903968,0.6598597181287641,-0.24399450918063087,-0.4885600432199366,0.40262006905142883,-0.17404829670930214,0.41390077802624936,0.600691928603479,-0.3412297177592328,-0.12406477771998237,0.8307389065329622,0.8206448232557447
-0.17013877750586295,0.557869561217408,1.6613247725991833,-0.7030746009502787,-0.010684955963028146,0.9733152290898358,1.5772318182541918,-0.7694996384459972,0.7794684706134762,-0.25901448641662383,-0.5111163882354235,0.41574021429024355,-0.17304820030231421,0.41390077802624936,0.6149144518366387,-0.3495124360922686,-0.1283688772450817,0.7555391956293439,0.7486291287674673
-0.17013877750586295,0.6681144931180489,-1.6613247691510074,1.718710352173498,-0.010684955963028146,0.3815693832703844,-0.6874206446824462,-0.6795627985903968,0.6598597181287641,-0.3102740003698988,-0.540905319278733,0.4042595691640307,-0.15493660898390124,0.41390077802624936,0.6164940894789049,-0.36173981204364314,-0.15326898386253693,0.8391708206533417,0.83232906804764
-0.17013877750586295,0.6681144931180489,-1.5168617455966513,-0.7030746009502787,-0.010684955963028146,0.9342184101841464,1.5160951231186681,-0.82945743638262,0.6598597181287641,-0.3436677843257075,-0.5776965346687485,0.3668221062793543,-0.1952977006764908,0.41390077802624936,0.609275092429598,-0.3783484059402415,-0.16964670266728152,0.7092622568887257,0.7023143927902044
-0.17013877750586295,0.6681144931180489,-1.372398722042295,2.363525709865059,-0.010684955963028146,-0.6865507261215884,-0.6874206446824462,-0.82945743638262,0.8990772230981884,-0.3861193273008011,-0.608073395985604,0.32168031905360883,-0.1841859704588995,0.41390077802624936,0.5955987179448934,-0.3920047416501092,-0.2058719274903134,0.8918748224112141,0.8850763095921894
-0.17013877750586295,0.6681144931180489,-1.227935698487939,-0.7030746009502787,-0.010684955963028146,1.1099419155452392,1.3098341885828315,-0.82945743638262,1.0784903518252564,-0.3827131861853336,-0.6280678957144681,0.19470609142495116,-0.22515981446594135,0.41390077802624936,0.5782458416910206,-0.37007457929791715,-0.21434627847796714,0.7697994495264798,0.7629010714048253
-0.17013877750586295,0.6681144931180489,-1.083472674933583,0.9864677452378541,-0.010684955963028146,0.23322297094241778,0.31165903204354456,-0.8594363353509314,0.8990772230981884,-0.41736375709140694,-0.6503000093601651,0.11672456989117369,-0.21158649626532455,0.41390077802624936,0.5602952386515481,-0.36669096567642506,-0.2452667093702823,0.8199302534725947,0.8130728955650943
-0.17013877750586295,0.6681144931180489,-0.9390096513792268,-0.7030746009502787,-0.010684955963028146,1.1850617978276192,1.2598864332591497,-0.8894152343192429,0.8990772230981884,-0.46156904751739014,-0.6732146787435527,0.06410059484113226,-0.18385396123672615,0.41390077802624936,0.5372943263114888,-0.3768079747420965,-0.28593577720948815,0.712888567719419,0.7059438830926318
-0.17013877750586295,0.6681144931180489,-0.7945466278248707,1.1398378764453945,-0.010684955963028146,0.19689552355329318,0.2329322014501975,-1.1292467119670664,1.0784903518252564,-0.5413880967671052,-0.7069076059583017,0.04210079100459051,-0.14118914869126212,0.41390077802624936,0.510640532051047,-0.41213574629150146,-0.34648837868577403,0.8236593771803715,0.816805132392747
-0.17013877750586295,0.6681144931180489,-0.6500836042705146,-0.7030746009502787,-0.010684955963028146,1.215843494029376,1.2514516360879508,-1.1292467119670664,1.0784903518252564,-0.592928131845075,-0.7308624596718091,0.027173714397994146,-0.10750404635825653,0.41390077802624936,0.4754922689068654,-0.4510982675073727,-0.404163355991946,0.7095541591831022,0.7026064630919899
-0.17013877750586295,0.6681144931180489,-0.5056205807161585,1.157491815678015,-0.010684955963028146,0.1251279970807086,0.14634928670519728,-0.8594363353509314,0.8990772230981884,-0.35094760176446715,-0.6799588303902757,0.6752279917176895,0.07320906151956007,0.23555509840915587,0.3932465093215426,-0.6850588190845113,-0.49252491219208794,0.832562576901647,0.8215079350025071
-0.17013877750586295,0.6681144931180489,-0.3611575571618023,-0.7030746009502787,-0.010684955963028146,1.2139293265285023,1.2650884702626064,-0.22987888521372726,0.36083783691698385,0.09343709347592839,-0.5489818809536696,1.4198005855753226,0.2978230652969616,-0.4878421991411031,0.30463062113001044,-0.8675995907589354,-0.5297270313574136,0.6817668222378214,0.681000833710918
-0.17013877750586295,0.6681144931180489,-0.2166945336074462,-0.7030746009502787,-0.010684955963028146,-0.6865507261215884,-0.6874206446824462,-0.22987888521372726,0.36083783691698385,0.7229918868307554,-0.38325999178917675,1.5806796423778835,0.392138096837003,-1.5811093433057457,0.18385558576002542,-0.8958920831209797,-0.5427882440903881,-1.2676136780735823,-1.2761757670616813
-0.17013877750586295,0.6681144931180489,-0.07223151005309006,-0.7030746009502787,-0.010684955963028146,-0.6865507261215884,-0.6874206446824462,0.24978407008191994,-0.8950540641724933,1.0782931428571543,-0.2240825667110427,1.4410353446171569,0.39182317632479446,-2.0673614081969696,0.05752578860467123,-0.8545554804851319,-0.5395675933195269,-1.2676136780735823,-1.2761757670616813
-0.17013877750586295,0.6681144931180489,0.07223151350126605,-0.7030746009502787,-0.010684955963028146,-0.6865507261215884,-0.6874206446824462,0.5195943037473887,-1.3734890741113417,1.440040499692975,-0.08666134485599566,1.1279853140165828,0.3209229324289106,-2.1600416796560555,-0.05857757810189514,-0.7609856166817179,-0.5113743439952155,-1.2676136780735823,-1.2761757670616813
-0.17013877750586295,0.6681144931180489,0.2166945370556222,-0.7030746009502787,-0.010684955963028146,-0.6865507261215884,-0.6874206446824462,0.5195943037473887,-1.3734890741113417,1.702013881492803,0.015211316601406403,0.8230416085430292,0.299706892133558,-2.2952175365145866,-0.14160592594239624,-0.6671184234157309,-0.5020855504736423,-1.2676136780735823,-1.2761757670616813
-0.17013877750586295,0.6681144931180489,0.3611575606099783,-0.7030746009502787,-0.010684955963028146,-0.6865507261215884,-0.6874206446824462,0.7294467394762346,-1.612706579080766,1.8350920568154128,0.09769480299028165,0.5878603734826462,0.5451512196099637,-2.1939142466716217,-0.20614378848546383,-0.5871168458970901,-0.5787228461218256,-1.2676136780735823,-1.2761757670616813
-0.17013877750586295,0.6681144931180489,0.5056205841643344,-0.7030746009502787,-0.010684955963028146,-0.6865507261215884,-0.6874206446824462,0.6694889415396119,-1.55290220283841,1.8187910984995195,0.13429815900295108,0.3752135618607404,0.8792778143227735,-1.6269912538179956,-0.2361402733868257,-0.5105086411726736,-0.6797923260415688,-1.2676136780735823,-1.2761757670616813
-0.17013877750586295,0.6681144931180489,0.6500836077186906,-0.7030746009502787,-0.010684955963028146,-0.6865507261215884,-0.6874206446824462,0.5195943037473887,-1.3734890741113417,1.5437757730352648,0.11480809649103471,0.13311542667919318,1.0996513767846225,-0.3572812000618175,-0.2421532120348662,-0.42436811026449456,-0.7445571020277315,-1.2676136780735823,-1.2761757670616813
-0.17013877750586295,0.6681144931180489,0.7945466312730467,1.0114473176431598,-0.010684955963028146,1.0272459047334443,-0.6874206446824462,0.06991039037071911,-0.596032182960713,0.489626428586639,0.00038782017786013096,-0.3702981389875792,0.4928670908505014,0.41390077802624936,-0.17656571233402174,-0.23828454201779153,-0.546578786285788,0.9988244798548327,0.9799999763699213
-0.17013877750586295,0.6681144931180489,0.9390096548274028,-0.7030746009502787,-0.010684955963028146,0.9841441871789323,1.5699818504857426,0.06991039037071911,-0.596032182960713,0.26174649881586803,-0.11731164593321042,-0.3709678640082983,-0.3736192029073282,0.41390077802624936,-0.11013464660511327,-0.23429520907539014,-0.23058381709322748,0.921252703323821,0.919096052508091
-0.17013877750586295,0.6681144931180489,1.083472678381759,1.4106655691252012,-0.010684955963028146,0.6289886076729498,-0.6874206446824462,-0.07998424742150408,0.36083783691698385,-0.09712764165186588,-0.21672961152662415,-0.2688074457178424,-0.4963055617294143,0.41390077802624936,-0.014776014641832657,-0.2056049762068842,-0.11322766998714297,0.9163149890819386,0.908878708804421
-0.17013877750586295,0.6681144931180489,1.227935701936115,-0.7030746009502787,-0.010684955963028146,1.03098229693556,1.6113851951835925,-0.10996314638981547,-0.2970103017489328,-0.1922007626891841,-0.2872088837030871,-0.1613944934468211,-0.5018235875518593,0.41390077802624936,0.011222931361966282,-0.2670548001027012,-0.13311862749718628,0.8417463551213965,0.8385902611814334
-0.17013877750586295,0.6681144931180489,1.3723987254904713,1.5910826897943147,-0.010684955963028146,0.5052424903100384,-0.6874206446824462,-0.22987888521372726,0.0020115794628475024,-0.26049686727835636,-0.3356077212866732,-0.07240395245117386,-0.44393110693156657,0.41390077802624936,0.032723019228667105,-0.3037842057269493,-0.16045834977991824,0.8837979003052395,0.8769926960189434
-0.17013877750586295,0.6681144931180489,1.5168617490448273,-0.7030746009502787,-0.010684955963028146,0.9930494592293091,1.5765950561246067,-0.37977352300595046,0.36083783691698385,-0.30001045824120287,-0.3870234413153425,0.0029044710729266075,-0.431565390901796,0.41390077802624936,0.05613510975269137,-0.33239658208410316,-0.16673588941803746,0.807672873507871,0.800805533541393
-0.17013877750586295,0.6681144931180489,1.6613247725991833,1.6733226733643314,-0.010684955963028146,0.43694603987203023,-0.6874206446824462,-0.37977352300595046,0.12162033194755961,-0.34991313924869266,-0.4268628490466655,0.08201656801296747,-0.36807025465732784,0.41390077802624936,0.06401570358686565,-0.37161175743848474,-0.2033895153808951,0.8767757089033299,0.8699645880843155
-0.17013877750586295,0.7783594250186899,-1.6613247691510074,-0.7030746009502787,-0.010684955963028146,0.9927637984946158,1.5699582124697624,-0.37977352300595046,0.36083783691698385,-0.36890618490810284,-0.4586737036105958,0.13494307973697234,-0.3520792908707378,0.41390077802624936,0.07124554648510481,-0.39480172055514595,-0.21447248431834395,0.7876484480107595,0.7807646395892986
-0.17013877750586295,0.7783594250186899,-1.5168617455966513,2.3708533138833645,-0.010684955963028146,-0.6865507261215884,-0.6874206446824462,-0.37977352300595046,0.0020115794628475024,-0.3960618067902775,-0.48552367906164723,0.1570324012743033,-0.29580372771235314,0.41390077802624936,0.06940777763825101,-0.41625433405497764,-0.25091955193345683,0.9128463126799202,0.9060648457988509
-0.17013877750586295,0.7783594250186899,-1.372398722042295,-0.7030746009502787,-0.010684955963028146,1.110950462159634,1.3013194823664613,-0.4996892618298623,0.24122908443227173,-0.37990012819363833,-0.5143287835880408,0.08430838692669054,-0.29787878535093665,0.41390077802624936,0.06699999917529108,-0.40905488389521144,-0.26944779205631747,0.7801729452871642,0.7732831779626911
-0.17013877750586295,0.7783594250186899,-1.227935698487939,2.3497742241294968,-0.010684955963028146,-0.6865507261215884,-0.6874206446824462,-0.5296681607981737,0.3010334606746278,-0.38690334788007646,-0.5446931209464067,0.02151089095547839,-0.2832500358729697,0.41390077802624936,0.06460909203289242,-0.4064435461425909,-0.2953852757457972,0.904643390876681,0.8978551528241333
-0.17013877750586295,0.7783594250186899,-1.083472674933583,-0.7030746009502787,-0.010684955963028146,1.1881847150356022,1.2847601108355533,-0.6795627985903968,0.3010334606746278,-0.3717153195274248,-0.5829795578250022,-0.0955567111191763,-0.3313124395230315,0.41390077802624936,0.05821269237038052,-0.39705717380880046,-0.31044285525829596,0.8078481227301721,0.8009809394619468
-0.17013877750586295,0.7783594250186899,-0.9390096513792268,0.9375753654114718,-0.010684955963028146,0.2910065624272662,0.3302183261565479,-0.6795627985903968,0.48044658940169593,-0.3996353451270081,-0.6161638731699737,-0.1325681360575042,-0.3104210847170102,0.41390077802624936,0.0519505402157634,-0.4115183159633135,-0.34666174795438853,0.850190312008847,0.8433577408867536
-0.17013877750586295,0.7783594250186899,-0.7945466278248707,-0.7030746009502787,-0.010684955963028146,1.2196055130641537,1.2575406216556126,-0.6795627985903968,0.3010334606746278,-0.4364509636877777,-0.6336494065480606,-0.1237912570421647,-0.256135135647385,0.41390077802624936,0.03256491085312139,-0.44247029133012356,-0.3952261046901075,0.7417130205751384,0.7347917097816096
-0.17013877750586295,0.7783594250186899,-0.6500836042705146,1.1144284805269606,-0.010684955963028146,0.22601178942997285,0.24426004075416954,-0.6795627985903968,0.3010334606746278,-0.5014494737971453,-0.6500620541488601,-0.07507124838765156,-0.172907421882128,0.41390077802624936,0.012657957685135798,-0.4854960983306555,-0.4519560666378872,0.8395950136427066,0.8327537673301943
-0.17013877750586295,0.7783594250186899,-0.5056205807161585,-0.7030746009502787,-0.010684955963028146,1.2551763935935065,1.2795105886141547,-0.4397313209425732,0.24122908443227173,-0.2932517954327038,-0.5927287637337904,0.7109753935661701,0.032039104221969726,0.2803400631661573,-0.03443134411459,-0.7301340523587966,-0.5162195128498195,0.7121881100585906,0.7111720847666412
-0.17013877750586295,0.7783594250186899,-0.3611575571618023,2.2761600943385725,-0.010684955963028146,-0.6865507261215884,-0.6874206446824462,-0.07998424742150408,0.0020115794628475024,0.3485700755428124,-0.42626865679387466,1.1289418272268672,0.17538083090294412,-1.1435712187322535,-0.11819142522972036,-0.8023204843535244,-0.5082798990647311,0.9476367882911477,0.930137415157093
-0.17013877750586295,0.7783594250186899,-0.2166945336074462,-0.7030746009502787,-0.010684955963028146,-0.6865507261215884,2.7258816686515654,0.2198050281629423,-0.596032182960713,0.8477610133619956,-0.2670014766798975,1.3205644121773132,0.3974950005369227,-1.9567992906470204,-0.20834308563005938,-0.8311807436980752,-0.554045018994861,0.5622932262687891,0.5902840435855347
-0.17013877750586295,0.7783594250186899,-0.07223151005309006,-0.7030746009502787,-0.010684955963028146,-0.6865507261215884,-0.6874206446824462,0.5046047827878999,-0.8950540641724933,1.5165207590529652,-0.11286216179199575,1.187619022358977,0.6243655277777721,-2.882187154821079,-0.28627581262332336,-0.7629120773790461,-0.5961530080937262,-1.2676136780735823,-1.2761757670616813
-0.17013877750586295,0.7783594250186899,0.07223151350126605,-0.7030746009502787,-0.010684955963028146,-0.6865507261215884,-0.6874206446824462,0.819383579331835,-1.3136846978689858,1.828596913851324,0.02035448888785813,0.9160057408125963,0.7065907038917605,-2.97271312729162,-0.35444944474734696,-0.6586600399735162,-0.5994725710543636,-1.2676136780735823,-1.2761757670616813
-0.17013877750586295,0.7783594250186899,0.2166945370556222,-0.7030746009502787,-0.010684955963028146,-0.6865507261215884,-0.6874206446824462,0.819383579331835,-1.3136846978689858,2.0758785739037298,0.12434230777908233,0.6766188315503215,0.7566581828443595,-2.887206089221419,-0.41251787891175884,-0.5714468675468204,-0.6041631486719663,-1.2676136780735823,-1.2761757670616813
-0.17013877750586295,0.7783594250186899,0.3611575606099783,-0.7030746009502787,-0.010684955963028146,-0.6865507261215884,-0.6874206446824462,0.8943308982279466,-1.7323153315654782,2.049181332693842,0.24046445089591775,0.508643839225018,0.8910576317251794,-1.8609155183676709,-0.4740230010745036,-0.5026839533465338,-0.6343778749343545,-1.2676136780735823,-1.2761757670616813
-0.17013877750586295,0.7783594250186899,0.5056205841643344,-0.7030746009502787,-0.010684955963028146,-0.6865507261215884,-0.6874206446824462,0.7744153023547011,-1.4332934503536978,2.0173830535031976,0.26498427429240656,0.3149275347172248,1.2331296628235302,-0.891811687529305,-0.4780463289906388,-0.41850740173307543,-0.7248224825483279,-1.2676136780735823,-1.2761757670616813
-0.17013877750586295,0.7783594250186899,0.6500836077186906,0.947955271793117,-0.010684955963028146,1.12875640389044,-0.6874206446824462,0.6694889415396119,-1.0744671928995615,1.6512598286802953,0.24065300604873546,0.038999997313365176,1.4982121730418714,0.41390077802624936,-0.4431557150133145,-0.28539250253693293,-0.7751268640971312,0.9580061499676136,0.9379228181979624
-0.17013877750586295,0.7783594250186899,0.7945466312730467,-0.7030746009502787,-0.010684955963028146,2.8468999731608458,-0.6874206446824462,0.4746260267702547,-0.7156409354454252,1.1523180250068201,0.14899711161707163,0.013368924521662185,0.9507672118383964,0.41390077802624936,-0.38192993371529155,-0.26532677591759357,-0.5951962018782744,0.657879544395608,0.6691196921914
-0.17013877750586295,0.7783594250186899,0.9390096548274028,1.6247880916020245,-0.010684955963028146,0.3391572890127718,-0.6874206446824462,-0.07998424742150408,0.36083783691698385,0.38295451102289313,0.02208070783302679,0.391230599361205,0.34892970056503947,0.41390077802624936,-0.2915922067510481,-0.38213062755021593,-0.3700259862652514,0.8196410473200998,0.807165584387704
-0.17013877750586295,0.7783594250186899,1.083472678381759,-0.7030746009502787,-0.010684955963028146,0.6745335560736593,1.8766589595784489,-0.07998424742150408,0.7196640943711202,0.2634793216140997,-0.07984761566210744,0.49079583319637454,-0.3527034356585,0.41390077802624936,-0.2093524726373543,-0.3928379581309304,-0.07432177197673058,0.818898170360335,0.8122898114903699
-0.17013877750586295,0.7783594250186899,1.227935701936115,2.3059841844477016,-0.010684955963028146,-0.6865507261215884,-0.6874206446824462,-0.22987888521372726,0.4206422131593399,0.06332782609201316,-0.16963674450332888,0.4654225382282404,-0.43857501697974044,0.41390077802624936,-0.1494966425689073,-0.38312432820485487,-0.038020343281222044,0.8912000679696566,0.8807756920861495
-0.17013877750586295,0.7783594250186899,1.3723987254904713,-0.7030746009502787,-0.010684955963028146,1.1075499383643659,1.5050756239523466,-0.37977352300595046,0.36083783691698385,0.036599851798534144,-0.2471697884114,0.2757834334443546,-0.37597500363819064,0.41390077802624936,-0.0989246181676028,-0.31957996897021146,-0.06815580878226629,0.8291584281619939,0.8258230843876128
-0.17013877750586295,0.7783594250186899,1.5168617490448273,1.4858974048352729,-0.010684955963028146,0.5593639551078325,-0.6874206446824462,-0.5296681607981737,0.7196640943711202,-0.088750587739358,-0.32041128921032147,0.23214852751522697,-0.3287906341810824,0.41390077802624936,-0.05512233165094483,-0.31482139634601075,-0.09938804233904176,0.8526957467879812,0.8446613118412544
-0.17013877750586295,0.7783594250186899,1.6613247725991833,-0.7030746009502787,-0.010684955963028146,1.006286188996144,1.6366971173925455,-0.5296681607981737,0.7794684706134762,-0.12135969722049575,-0.37770283309709207,0.24317992640229405,-0.34364886062143385,0.41390077802624936,-0.01638144130267111,-0.32481392174172086,-0.09990793179568044,0.7885424886586836,0.7849385636708079
-0.17013877750586295,0.8886043569193308,-1.6613247691510074,1.6109323302163416,-0.010684955963028146,0.42717269808997305,-0.6874206446824462,-0.5296681607981737,0.3010334606746278,-0.2375765258732181,-0.4253606698033688,0.27459566617369807,-0.2795897969481271,0.41390077802624936,-0.0006956925391179887,-0.3636274529205478,-0.1555793367985696,0.8567516428918026,0.8470623466767462
-0.17013877750586295,0.8886043569193308,-1.5168617455966513,-0.7030746009502787,-0.010684955963028146,0.9338930017089979,1.5391181323112217,-0.5896259587347964,0.48044658940169593,-0.2597906602511525,-0.4625804828839219,0.275936773950336,-0.2885548596949014,0.41390077802624936,0.010700402462296898,-0.3854274929696444,-0.17518906053282518,0.7320658654373454,0.7251368112000887
-0.17013877750586295,0.8886043569193308,-1.372398722042295,2.363485576281507,-0.010684955963028146,-0.6865507261215884,-0.6874206446824462,-0.6345943786625966,0.36083783691698385,-0.3041862342372434,-0.5019606788039546,0.25032973831903016,-0.2593762943040431,0.41390077802624936,0.009965053904690215,-0.41580150844020547,-0.2291324499288943,0.8937563699589562,0.8869593136401415
-0.17013877750586295,0.8886043569193308,-1.227935698487939,-0.7030746009502787,-0.010684955963028146,1.1161000957335696,1.321698171558987,-0.6795627985903968,0.3010334606746278,-0.30658014528038535,-0.5378439072034641,0.13906835378167387,-0.2845642390440726,0.41390077802624936,-0.004270484347188238,-0.42621411200440873,-0.2720618687362327,0.7799123182386137,0.7730222181625673
-0.17013877750586295,0.8886043569193308,-1.083472674933583,1.508039676217695,-0.010684955963028146,-0.6865507261215884,0.5518633207827295,-0.6795627985903968,0.3010334606746278,-0.33811817410359724,-0.5695754433636261,0.05654132233004565,-0.24431137584792678,0.41390077802624936,-0.01922112557199984,-0.443234326119799,-0.33536173990736434,0.8450895710545264,0.8382527531732733
-0.17013877750586295,0.8886043569193308,-0.9390096513792268,-0.7030746009502787,-0.010684955963028146,1.3958777464421637,1.068954647493351,-0.6495838996220854,0.36083783691698385,-0.36071483728793374,-0.5948863634713832,-0.05508061961326704,-0.17501665694064109,0.41390077802624936,-0.03753084672056245,-0.44233583161692497,-0.39973588916613234,0.7449836204202585,0.7380650667097505
-0.17013877750586295,0.8886043569193308,-0.7945466278248707,1.054348147614386,-0.010684955963028146,0.28631392326924965,0.23962353805338493,-0.6795627985903968,0.3010334606746278,-0.41621747846299184,-0.6145343670153647,-0.07573351359997153,-0.09660958688164634,0.41390077802624936,-0.05096620234010587,-0.46411244965146436,-0.45712220882355326,0.8381349629424478,0.8312923924495011
-0.17013877750586295,0.8886043569193308,-0.6500836042705146,-0.7030746009502787,-0.010684955963028146,1.2539011187207934,1.219390328165771,-0.6795627985903968,0.3010334606746278,-0.4641833213088355,-0.6331581890650743,-0.06936532382994101,-0.05570653895874438,0.41390077802624936,-0.0693130403939033,-0.49546216552473615,-0.5008634499743535,0.7203597566160039,0.7134210465578256
-0.17013877750586295,0.8886043569193308,-0.5056205807161585,1.120672119453801,-0.010684955963028146,0.17088559589285396,0.16034879707635993,-0.40975242197426187,0.0020115794628475024,-0.2900588242161886,-0.5789628460271552,0.5008856384899554,0.13529559981407216,0.2571539836197142,-0.11945484612089513,-0.6845352936850573,-0.5709404437641962,0.8411472723953147,0.8303840476707174
-0.17013877750586295,0.8886043569193308,-0.3611575571618023,-0.7030746009502787,-0.010684955963028146,1.259421452274133,1.2700183563033196,-0.07998424742150408,-0.2970103017489328,-0.058896339559710825,-0.39804382901083885,0.8941642506876354,0.3511512328604642,0.0704705846739816,-0.2339443505063424,-0.7795792263120375,-0.6175833274976388,0.6850077645222443,0.6838646372586293
-0.17013877750586295,0.8886043569193308,-0.2166945336074462,2.279265967869242,-0.010684955963028146,-0.6865507261215884,-0.6874206446824462,0.3696996659551655,-1.612706579080766,0.15350523230278026,-0.2081618323687012,0.9710143679475496,0.4983159480849936,-0.2243784197576865,-0.37720909720338,-0.8271109517982597,-0.6919984832885302,0.9353044555821166,0.9181408373024614
-0.17013877750586295,0.8886043569193308,-0.07223151005309006,-0.7030746009502787,-0.010684955963028146,-0.6865507261215884,2.256752608515297,0.5195943037473887,-1.8519240840501903,0.12349274143740777,-0.10939232951486713,0.7940378734873337,0.5758059240425438,0.30621144728967326,-0.4650047981967687,-0.8025644636718284,-0.7440420162535984,0.3143970001974625,0.3775125684667266
-0.17013877750586295,0.8886043569193308,0.07223151350126605,-0.7030746009502787,-0.010684955963028146,-0.6865507261215884,-0.6874206446824462,0.5195943037473887,-1.55290220283841,0.1035299689063834,-0.028298306742880974,0.5615802973602216,0.7239463232312543,0.41390077802624936,-0.5250565766025918,-0.7382777566980254,-0.7935125221892547,-1.2676136780735823,-1.2761757670616813
-0.17013877750586295,0.8886043569193308,0.2166945370556222,0.8272590734624492,-0.010684955963028146,0.5529756564221294,0.1141674353608185,0.5195943037473887,-1.9715328365349023,0.044152997512637536,0.020273083157674843,0.2670637462934082,0.7139079267490714,0.41390077802624936,-0.5745705281858388,-0.6675545500016059,-0.8093745001722519,0.9040464650641044,0.8888523467313924
-0.17013877750586295,0.8886043569193308,0.3611575606099783,-0.7030746009502787,-0.010684955963028146,2.525589908450505,-0.6874206446824462,0.5495733456663663,-1.55290220283841,0.014186933220349753,0.042297855712819514,0.27234694837516976,0.6391676055996678,0.41390077802624936,-0.5901490235543951,-0.6625357327712142,-0.7806321025978581,0.653891591067202,0.646898607030742
-0.17013877750586295,0.8886043569193308,0.5056205841643344,2.3284976914779776,-0.010684955963028146,-0.6865507261215884,-0.6874206446824462,0.5195943037473887,-1.0744671928995615,-0.05440996325077971,0.02974050000044387,0.4573037800872214,0.43098398957937983,0.41390077802624936,-0.5729812497889661,-0.6957980296294841,-0.6927325733150818,0.9682356717518228,0.9496713307367117
-0.17013877750586295,0.8886043569193308,0.6500836077186906,-0.7030746009502787,-0.010684955963028146,1.0240296849347086,1.5188231175115456,0.3696996659551655,-0.596032182960713,-0.08674378277038707,-0.034439221055681694,0.4705482554660211,0.09682728618710817,0.41390077802624936,-0.5098668446635403,-0.6494332843315229,-0.5310720624590072,0.7845556137870301,0.7839182620209122
-0.17013877750586295,0.8886043569193308,0.7945466312730467,2.3619303999188754,-0.010684955963028146,-0.6865507261215884,-0.6874206446824462,0.3696996659551655,-0.41661905423364487,-0.1297661764258038,-0.09686558792324418,0.4368796535580893,0.06268648492170778,0.41390077802624936,-0.4465695062194571,-0.5946897470667404,-0.47271801912589423,0.9100723421693829,0.903288438199887
-0.17013877750586295,0.8886043569193308,0.9390096548274028,-0.7030746009502787,-0.010684955963028146,1.155035308694513,1.327030740615289,0.3696996659551655,-0.596032182960713,-0.13558715323707107,-0.17890516956120542,0.3112763729396659,-0.01025545294092352,0.41390077802624936,-0.3606335067896519,-0.49634179229366143,-0.38662969649696827,0.8072062612195696,0.8003384666677598
-0.17013877750586295,0.8886043569193308,1.083472678381759,2.3621439679170617,-0.010684955963028146,-0.6865507261215884,-0.6874206446824462,0.2198050281629423,0.36083783691698385,-0.1555806588516867,-0.23751868684411484,0.22667137041508878,-0.032868698712922376,0.41390077802624936,-0.2528428807424937,-0.3612809140547265,-0.2675217337207401,0.902330820113474,0.8955406952399766
-0.17013877750586295,0.8886043569193308,1.227935701936115,-0.7030746009502787,-0.010684955963028146,1.2227629480467426,1.307705302842757,0.15984723022631953,0.7196640943711202,-0.14500586251470463,-0.2820170071336197,0.11319939598879963,-0.09004182601850615,0.41390077802624936,-0.11154870428701377,-0.16792134035993608,-0.08779348121473679,0.8241666113396883,0.8173127247882819
-0.17013877750586295,0.8886043569193308,1.3723987254904713,1.5132049042543652,-0.010684955963028146,0.5714727904395898,-0.6874206446824462,0.11487881029851932,0.7794684706134762,-0.16509091348469856,-0.31581012601628666,0.10625348550163892,-0.08588031826802926,0.41390077802624936,0.018225252451493316,-0.03294005359639451,0.047231701893304036,0.8565136634350572,0.8496860672083437
-0.17013877750586295,0.8886043569193308,1.5168617490448273,-0.7030746009502787,-0.010684955963028146,1.0346948404934022,1.518337596847036,0.06991039037071911,0.7196640943711202,-0.18390348401493442,-0.344517821976649,0.14423302779664984,-0.11875330000365981,0.41390077802624936,0.12074961629488022,0.04032791160756177,0.15357016647417612,0.7812125775966923,0.7743235376991846
-0.17013877750586295,0.8886043569193308,1.6613247725991833,1.6466659113356856,-0.010684955963028146,0.4440403839474,-0.6874206446824462,0.06991039037071911,0.8392728468558323,-0.22963823577113038,-0.36755355629210407,0.2069285730530743,-0.09889784652074313,0.41390077802624936,0.21453921544596172,0.0853027338379584,0.2190480709632291,0.8469245652191137,0.8400890914687327
-0.17013877750586295,0.9988492888199717,-1.6613247691510074,-0.7030746009502787,-0.010684955963028146,1.0026926794610336,1.5298670914377754,0.06991039037071911,0.7196640943711202,-0.24816113064113357,-0.38449499325135905,0.2577588786169325,-0.11409947465657783,0.41390077802624936,0.2959573162483211,0.11627531190275857,0.28111798106369895,0.7601832101489286,0.7532768739762602
-0.17013877750586295,0.9988492888199717,-1.5168617455966513,2.2922939740941697,-0.010684955963028146,-0.6865507261215884,-0.6874206446824462,0.2198050281629423,0.7196640943711202,-0.2677354893071958,-0.3852944392682872,0.30419701476892136,-0.061205034826943894,0.41390077802624936,0.3592642954470107,0.14613924794518549,0.30924769076941233,0.8662443989711784,0.8594248822746102
-0.17013877750586295,0.9988492888199717,-1.372398722042295,-0.7030746009502787,-0.010684955963028146,1.0211696258103153,1.1840872650786174,0.24978407008191994,0.4206422131593399,-0.24586595780272105,-0.3849131543098219,0.24735161703258998,-0.06848238402767029,0.41390077802624936,0.4117938750711541,0.20835137166663667,0.3525129306537395,0.7568727074039616,0.7499638102236298
-0.17013877750586295,0.9988492888199717,-1.227935698487939,2.195610737975674,-0.010684955963028146,-0.6865507261215884,-0.6874206446824462,0.2198050281629423,0.36083783691698385,-0.2498671437281473,-0.38990256021703856,0.18879875204046495,-0.06582061401362846,0.41390077802624936,0.4678673960886271,0.2611252910035644,0.37973103242939554,0.8028868621825241,0.7960155396572386
-0.17013877750586295,0.9988492888199717,-1.083472674933583,-0.7030746009502787,-0.010684955963028146,1.1607926643001467,1.2422286261361093,0.2198050281629423,1.0784903518252564,-0.22329871991118472,-0.3893974272246192,0.1009164070258838,-0.09834938030568223,0.41390077802624936,0.5306725740100512,0.35102679021221234,0.4476963710595774,0.7772558995141122,0.7703634983166002
-0.17013877750586295,0.9988492888199717,-0.9390096513792268,2.302612425926001,-0.010684955963028146,-0.6865507261215884,-0.6874206446824462,0.1898261291946309,0.8392728468558323,-0.23017116051851108,-0.39820177004290386,0.050570160140367144,-0.10240021831543467,0.41390077802624936,0.6091782028458032,0.4303408882294988,0.5075808239691625,0.8708409613936479,0.8640251430334982
-0.17013877750586295,0.9988492888199717,-0.7945466278248707,-0.7030746009502787,-0.010684955963028146,1.1996590509105125,1.2431797947968266,0.2198050281629423,-0.596032182960713,-0.2202901471962172,-0.42813194350695877,-0.04122692654854098,-0.15696284173687103,0.41390077802624936,0.6443052563298506,0.43775308835482607,0.4979952938782605,0.7914602534029039,0.7845795648555788
-0.17013877750586295,0.9988492888199717,-0.6500836042705146,2.2965574506754107,-0.010684955963028146,-0.6865507261215884,-0.6874206446824462,0.2198050281629423,0.8990772230981884,-0.22596138196190146,-0.4351502306895127,-0.06951617773312278,-0.15695795924830966,0.41390077802624936,0.6845216641706409,0.4570981542855218,0.5042592958656819,0.8656086487155075,0.8587885497110143
-0.17013877750586295,0.9988492888199717,-0.5056205807161585,-0.7030746009502787,-0.010684955963028146,1.2222815819899653,1.2458287168884612,0.2198050281629423,0.9588815993405444,-0.18685778341207054,-0.41811068938875473,-0.10004668690783378,-0.1661647051788719,0.41390077802624936,0.727633190619747,0.5159255800329551,0.5539311197681674,0.8033793574328885,0.7965086001737078
-0.17013877750586295,0.9988492888199717,-0.3611575571618023,2.315267942328589,-0.010684955963028146,-0.6865507261215884,-0.6874206446824462,0.2198050281629423,0.7196640943711202,-0.15515955021694663,-0.3715424370710851,-0.06263823438915385,-0.11620626847081025,0.41390077802624936,0.7519240359261488,0.5448062252049908,0.5766706610040857,0.8760993367766434,0.869287729998818
-0.17013877750586295,0.9988492888199717,-0.2166945336074462,-0.7030746009502787,-0.010684955963028146,1.2317775263833715,1.2447340466440069,0.06991039037071911,1.0784903518252564,-0.08807445990034987,-0.315683494880446,-0.05116836454173975,-0.09760398705197929,0.41390077802624936,0.7638592901289292,0.5750999985886429,0.6037278394158011,0.8050793647606058,0.7982098533961618
-0.17013877750586295,0.9988492888199717,-0.07223151005309006,1.4315022448677046,-0.010684955963028146,0.5873785809779984,-0.6874206446824462,0.06991039037071911,0.7196640943711202,-0.04572034733919456,-0.24766100589438633,0.052878556406088226,-0.02583954268073244,0.41390077802624936,0.745631033356791,0.5269649393570681,0.5700852489871926,0.8280695463274294,0.821218730141664
-0.17013877750586295,0.9988492888199717,0.07223151350126605,-0.7030746009502787,-0.010684955963028146,1.0412022778011545,1.493539017038215,0.06991039037071911,0.7196640943711202,0.0024423180207124025,-0.16655306761296712,0.2599785860494643,0.03601263616283375,0.41390077802624936,0.6999613326728644,0.4136661488288269,0.5234410551585214,0.7461647103071722,0.7429694735572533
-0.17013877750586295,0.9988492888199717,0.2166945370556222,2.261686024931295,-0.010684955963028146,-0.6865507261215884,-0.6874206446824462,0.0998892893390305,0.7794684706134762,0.018507220098808858,-0.11385781649192979,0.3642194620156688,0.13668873655025057,0.41390077802624936,0.6719655453712053,0.3559642810031693,0.46419221678412104,0.8846836727847268,0.8718383817863807
-0.17013877750586295,0.9988492888199717,0.3611575606099783,-0.7030746009502787,-0.010684955963028146,1.1494643490717513,1.2650393115568073,0.1298681883073419,0.7196640943711202,0.051006475153492666,-0.09110456701796546,0.3607125232004926,0.15939881834538333,0.41390077802624936,0.666882939542687,0.354412572538756,0.45003838463030665,0.7713592574763563,0.7644621226954481
-0.17013877750586295,0.9988492888199717,0.5056205841643344,2.3138765253202713,-0.010684955963028146,-0.6865507261215884,-0.6874206446824462,0.08489991133020793,0.7196640943711202,0.03469897788364378,-0.10418097123219351,0.3443772005416664,0.18147336287944402,0.41390077802624936,0.6904425336121898,0.35663506147562635,0.4341440909649984,0.8625461910236436,0.8557235512742662
-0.17013877750586295,0.9988492888199717,0.6500836077186906,-0.7030746009502787,-0.010684955963028146,1.2019966364465522,1.2567503170151486,0.03993149140240772,0.7196640943711202,0.02146217339134052,-0.15632099352685253,0.2482932106260762,0.11818247740645993,0.41390077802624936,0.7431162425176996,0.3918108068009148,0.4555187313216859,0.7841513722475888,0.7772647081523444
-0.17013877750586295,0.9988492888199717,0.7945466312730467,1.4699287177762594,-0.010684955963028146,0.5619120990689684,-0.6874206446824462,-0.0050369285253924825,0.7196640943711202,-0.042429945708741076,-0.2301699063125262,0.20999952751070325,0.07445328235461661,0.41390077802624936,0.802277215197887,0.3894102671793088,0.45607333830188845,0.8216653106447723,0.8148093527762709
-0.17013877750586295,0.9988492888199717,0.9390096548274028,-0.7030746009502787,-0.010684955963028146,1.0154413488148042,1.4790330151078348,-0.035015827493703876,0.6000553418864081,-0.09490505120236044,-0.2935821870234196,0.21617707773275682,-0.003460656359679488,0.41390077802624936,0.8480611588239,0.35615642827074023,0.46228711997220484,0.7509762451089979,0.7440624346024777
-0.17013877750586295,0.9988492888199717,1.083472678381759,1.6065339402939642,-0.010684955963028146,0.43158783526002137,-0.6874206446824462,-0.05000534845319268,0.48044658940169593,-0.16534527879357105,-0.3406806202504881,0.2544036225725379,-0.017970598615986356,0.41390077802624936,0.8644094684477811,0.2911694464357785,0.419577797163309,0.8146039353141841,0.8077421520402127
-0.17013877750586295,0.9988492888199717,1.227935701936115,-0.7030746009502787,-0.010684955963028146,0.987743449676477,1.500454496421248,-0.07998424742150408,0.36083783691698385,-0.20607903856453086,-0.37674683759904215,0.27775945380251577,-0.06711854222286011,0.41390077802624936,0.8577264973545926,0.21824999213361287,0.3771885742886561,0.7388962712800804,0.7319727299172136
-0.17013877750586295,0.9988492888199717,1.3723987254904713,1.6662514584445194,-0.010684955963028146,0.3836365795720112,-0.6874206446824462,-0.07998424742150408,0.12162033194755961,-0.26040989919074703,-0.4050732486009392,0.307609462677709,-0.06348515698510507,0.41390077802624936,0.8272486977795039,0.12615766708184786,0.2917668717819972,0.8208918774103499,0.8140352743730802
-0.17013877750586295,0.9988492888199717,1.5168617490448273,-0.7030746009502787,-0.010684955963028146,0.9844497217838531,1.5136304938772847,-0.07998424742150408,0.0020115794628475024,-0.284726307265404,-0.4272921425126748,0.3162636692882633,-0.10082398825820475,0.41390077802624936,0.7780061334384284,0.03497945120932837,0.2157409539072655,0.7400692727413496,0.7331467420062411
-0.17013877750586295,0.9988492888199717,1.6613247725991833,1.701760900666438,-0.010684955963028146,0.3609355990048175,-0.6874206446824462,-0.22987888521372726,0.06181595570520356,-0.33319761125201486,-0.45929781420866767,0.31714724214975654,-0.10437274369422933,0.41390077802624936,0.7179051871841124,-0.06594600951756628,0.11014596836875153,0.8283195685512457,0.8214690468754299
-0.17013877750586295,1.1090942207206127,-1.6613247691510074,-0.7030746009502787,-0.010684955963028146,0.9942115576410417,1.5292966412645237,-0.37977352300595046,0.0020115794628475024,-0.3540261412867595,-0.49294690756870263,0.3097703205106479,-0.14325037261225507,0.41390077802624936,0.6541831734996153,-0.16561297070302275,0.017216328454902063,0.7500297195657795,0.7431152016966165
-0.17013877750586295,1.1090942207206127,-1.5168617455966513,2.3511172658362116,-0.010684955963028146,-0.6865507261215884,-0.6874206446824462,-0.37977352300595046,0.0020115794628475024,-0.38625599143847295,-0.5219308263913108,0.2826995046979189,-0.13697556106279726,0.41390077802624936,0.581653366406669,-0.25167065707823105,-0.08821336673557517,0.8912778965986375,0.8844786604813177
-0.17013877750586295,1.1090942207206127,-1.372398722042295,-0.7030746009502787,-0.010684955963028146,1.1037477531918651,1.2797375554047592,-0.4397313209425732,-0.1175971730218646,-0.3787113463645118,-0.5526708825043687,0.1602177394607184,-0.19154469446898212,0.39515488336808846,0.5009872444636124,-0.3050060541530156,-0.17073320831038696,0.7566327507765032,0.7497235225331629
-0.17013877750586295,1.1090942207206127,-1.227935698487939,2.34520938733605,-0.010684955963028146,-0.6865507261215884,-0.6874206446824462,-0.5296681607981737,0.0020115794628475024,-0.39390656756651465,-0.5861293333851709,0.06198366699098805,-0.2172111230880262,0.41390077802624936,0.42333482241053083,-0.3606268326111667,-0.25651715214781595,0.8934644676645798,0.8866670386640028
-0.17013877750586295,1.1090942207206127,-1.083472674933583,-0.7030746009502787,-0.010684955963028146,1.1803887187418793,1.269415900674803,-0.5296681607981737,-0.6558365592030692,-0.37662411226188713,-0.6131407287456456,-0.06496320800687291,-0.28057199089705664,0.3543012231436968,0.3176432296600612,-0.43138669042295813,-0.35307641089312475,0.7905385323649958,0.7836570975464353
-0.17013877750586295,1.1090942207206127,-0.9390096513792268,2.3545587206257763,-0.010684955963028146,-0.6865507261215884,-0.6874206446824462,-0.5296681607981737,-0.35681467799128885,-0.3853209210228234,-0.6302658504294169,-0.13328925086941706,-0.29731567167019163,0.41390077802624936,0.21970424972636526,-0.501150678875059,-0.44343979260291105,0.901374588459482,0.8945836379651697
-0.17013877750586295,1.1090942207206127,-0.7945466278248707,-0.7030746009502787,-0.010684955963028146,1.226432082888035,1.2741514529381233,-0.6795627985903968,0.0020115794628475024,-0.3710346144206478,-0.6521438143600429,-0.23393118371685648,-0.35704478173765414,0.41390077802624936,0.14360157897626996,-0.5317122873325827,-0.4886367679021405,0.8161267162488871,0.8092661572729356
-0.17013877750586295,1.1090942207206127,-0.6500836042705146,0.9313435515583565,-0.010684955963028146,0.3186509067152958,0.33801270044347453,-0.6795627985903968,0.0020115794628475024,-0.40231173898103156,-0.6722071958606005,-0.2535546241444854,-0.34484100157850245,0.41390077802624936,0.08608001661690874,-0.5659891044139868,-0.5346815931636245,0.8628602016814488,0.85603772640618
-0.17013877750586295,1.1090942207206127,-0.5056205807161585,-0.7030746009502787,-0.010684955963028146,1.2624311930211354,1.287363639569067,0.3097418680185427,-1.7323153315654782,-0.1625230662663379,-0.5660847378223479,0.5903933928679401,-0.07153312563043482,-0.12442127566107736,-0.06051850302303793,-0.8601212451295347,-0.663801740376942,0.7424929245500766,0.7412581912915004
-0.17013877750586295,1.1090942207206127,-0.3611575571618023,-0.7030746009502787,-0.010684955963028146,-0.6865507261215884,-0.6874206446824462,-0.37977352300595046,-0.6558365592030692,0.16496147963297603,-0.4493343094546107,0.9809873029095445,0.023466268056292372,-0.8071128027012934,-0.17593086864318727,-0.9841030767419124,-0.7130923265678396,-1.2676136780735823,-1.2761757670616813
-0.17013877750586295,1.1090942207206127,-0.2166945336074462,-0.7030746009502787,-0.010684955963028146,-0.6865507261215884,2.8050424555648283,-0.37977352300595046,-0.6558365592030692,0.5973386937247195,-0.3585968386455276,1.0682156713878048,0.14340541331451262,-1.8479641057457261,-0.27856610116454833,-1.0237793187902624,-0.769636254993126,0.6175229737413035,0.6158912612428575
-0.17013877750586295,1.1090942207206127,-0.07223151005309006,-0.7030746009502787,-0.010684955963028146,-0.6865507261215884,-0.6874206446824462,-0.28983668315035005,-0.536227806718357,1.12133188389746,-0.26424551003668384,0.8673760787264723,0.34775139332556143,-2.8623326695482723,-0.35700641388784166,-0.9545061082913364,-0.813636458300824,-1.2676136780735823,-1.2761757670616813
-0.17013877750586295,1.1090942207206127,0.07223151350126605,-0.7030746009502787,-0.010684955963028146,-0.6865507261215884,-0.6874206446824462,-0.22987888521372726,0.0020115794628475024,1.3853990387538684,-0.18114834968181154,0.5333341472908346,0.4129309881237033,-2.985090448345266,-0.3804281451664724,-0.7981591731005319,-0.7676955672608269,-1.2676136780735823,-1.2761757670616813
-0.17013877750586295,1.1090942207206127,0.2166945370556222,-0.7030746009502787,-0.010684955963028146,-0.6865507261215884,2.834874677661496,-0.22987888521372726,-1.1940759453842735,1.5756806371753855,-0.13687754797153684,0.13863734262972596,0.5535588649126479,-3.383676518233985,-0.49487474819392097,-0.7730757136033267,-0.8995090519154035,0.6393881451723495,0.6319600400255384
-0.17013877750586295,1.1090942207206127,0.3611575606099783,-0.7030746009502787,-0.010684955963028146,-0.6865507261215884,-0.6874206446824462,-0.16992108727710448,-1.493097826596054,1.6662314176570168,-0.094862450340358,-0.0862667630594988,0.9979092663946394,-3.3789370604591857,-0.5843701142244262,-0.7682377663742378,-1.077394218783655,-1.2676136780735823,-1.2761757670616813
-0.17013877750586295,1.1090942207206127,0.5056205841643344,1.0335433637373836,-0.010684955963028146,1.085324675490832,-0.6874206446824462,-0.07998424742150408,-1.8519240840501903,1.6326905072372073,-0.07456180940396705,-0.34174945224422876,1.385202092800333,-3.2778072790212445,-0.6736097592389954,-0.7715825601753065,-1.2396684000798317,0.998757256050586,0.9788785655896246
-0.17013877750586295,1.1090942207206127,0.6500836077186906,-0.7030746009502787,-0.010684955963028146,2.87522923377651,-0.6874206446824462,-0.22987888521372726,-1.4332934503536978,1.3909172619969916,-0.1023712592304266,-0.15828706881479657,1.5394716426297537,-2.6592684468880194,-0.7565614630803752,-0.8966118763276026,-1.3317064110158634,0.6767279128039846,0.6874818470998746
-0.17013877750586295,1.1090942207206127,0.7945466312730467,2.359166199351747,-0.010684955963028146,-0.6865507261215884,-0.6874206446824462,-0.5146786398386849,-0.536227806718357,0.44380732432441594,-0.1836837555005115,0.08168004776740813,0.963939352228887,0.3181101646220803,-0.7090067538520233,-0.9471860781307018,-1.184300172947813,0.9189543322411903,0.9018733197229805
-0.17013877750586295,1.1090942207206127,0.9390096548274028,-0.7030746009502787,-0.010684955963028146,1.082397777402884,1.486768921912758,-0.82945743638262,-0.35681467799128885,0.2688883443261647,-0.3040821346661202,0.07890748564574314,0.0006894589174875258,0.41390077802624936,-0.6587552845413831,-0.9622926269085683,-0.9466259717724758,0.8344405295935471,0.8315027976844245
-0.17013877750586295,1.1090942207206127,1.083472678381759,1.4611550505756037,-0.010684955963028146,0.6132062443285866,-0.6874206446824462,-0.9793520741748433,-0.35681467799128885,0.03214355467779874,-0.40240703699356867,0.10973555828881817,-0.02009041239971578,0.41390077802624936,-0.6174624864487831,-0.983401717528228,-0.9537517980712591,0.862777340254289,0.8546617007307038
-0.17013877750586295,1.1090942207206127,1.227935701936115,-0.7030746009502787,-0.010684955963028146,1.0446063579732001,1.5985591658756493,-1.0243204941026434,0.0020115794628475024,-0.052527398406965,-0.4861422234559459,0.12550310664171296,-0.17805356482581508,0.41390077802624936,-0.5864783062379908,-0.995962423446032,-0.9174243858203789,0.7777548655049923,0.7740664667117685
-0.17013877750586295,1.1090942207206127,1.3723987254904713,0.995968654472602,-0.010684955963028146,0.22991355315224582,0.35836639191113645,-1.1292467119670664,0.3010334606746278,-0.24583260913754754,-0.5615608057056665,0.13252858841846407,-0.16947991491204417,0.41390077802624936,-0.5762644087701914,-1.013669466451261,-0.936306570004227,0.8665088006183631,0.8571053078316276
-0.17013877750586295,1.1090942207206127,1.5168617490448273,-0.7030746009502787,-0.010684955963028146,1.2635045912120626,1.3741758221504752,-1.1292467119670664,-0.057792796779508555,-0.30751717738222156,-0.5974377721259312,0.12250592140047513,-0.11250127340082175,0.41390077802624936,-0.5906778189445587,-1.0327482154016214,-0.9748637643345672,0.7309644016073336,0.7286832037151827
-0.17013877750586295,1.1090942207206127,1.6613247725991833,1.1311670515525902,-0.010684955963028146,0.18903457108372101,0.23784137807868058,-1.2191834803473338,0.06181595570520356,-0.46227133117222063,-0.6372966615704605,0.14726834094748306,-0.023110231574924957,0.41390077802624936,-0.6034773667978071,-1.0637869389704953,-1.0247604879180012,0.8595462838234319,0.8489164916409198
-0.17013877750586295,1.2193391526212536,-1.6613247691510074,-0.7030746009502787,-0.010684955963028146,1.240995864189492,1.2868595013521487,-1.2791413497592896,0.3010334606746278,-0.5040317067142083,-0.6692160571079685,0.13215642686610904,-0.006631832680291224,0.41390077802624936,-0.6100424796659317,-1.0756432494875425,-1.0452979774234694,0.7219348427032092,0.7149974484249263
-0.17013877750586295,1.2193391526212536,-1.5168617455966513,1.2164803001166407,-0.010684955963028146,0.18120865938533973,0.20278515445043316,-1.2791413497592896,0.3010334606746278,-0.5659797948032926,-0.6961829228382574,0.14999117101315407,0.04168364662686844,0.41390077802624936,-0.6224253059013164,-1.0965449034690176,-1.0748069990559306,0.820440004031001,0.8135829440528656
-0.17013877750586295,1.2193391526212536,-1.372398722042295,-0.7030746009502787,-0.010684955963028146,1.2297001839479968,1.2507638325787276,-1.2191834803473338,0.4206422131593399,-0.6167704657579517,-0.7279228083040793,0.1085162940493655,0.0272827466150989,0.41390077802624936,-0.634793188967061,-1.0971262248580964,-1.0822230114478988,0.6981620610195659,0.6912050782559935
-0.17013877750586295,1.2193391526212536,-1.227935698487939,1.2563841905696953,-0.010684955963028146,0.17193812652004212,0.18194698824817235,-1.2791413497592896,0.3010334606746278,-0.6766698995727493,-0.7536998979778433,0.10557215633452124,0.04482308677183125,0.41390077802624936,-0.6535789223743169,-1.1098910059212552,-1.100450038842732,0.829650563926774,0.8228010675650028
-0.17013877750586295,1.2193391526212536,-1.083472674933583,-0.7030746009502787,-0.010684955963028146,1.2405117785504733,1.2504153287325093,-1.2791413497592896,0.48044658940169593,-0.7101591522563095,-0.7758951355235427,0.08040276279596247,0.035186681847868155,0.41390077802624936,-0.671919252918755,-1.1143373934532794,-1.108794362878925,0.7027366948213987,0.6957836435334595
-0.17013877750586295,1.2193391526212536,-0.9390096513792268,1.2842770311381788,-0.010684955963028146,0.16699743008178938,0.17154464002561182,-1.2791413497592896,-0.057792796779508555,-0.7565137968474955,-0.796101150995789,0.07893318054134003,0.044814135542802065,0.41390077802624936,-0.6971932141761492,-1.134347601223298,-1.1318257278270638,0.8383797726252931,0.831537387650088
-0.17013877750586295,1.2193391526212536,-0.7945466278248707,-0.7030746009502787,-0.010684955963028146,1.2492855692593967,1.253782386300775,-1.2791413497592896,-0.057792796779508555,-0.7788070525682926,-0.8143054204360924,0.05341814921362303,0.027744955532242207,0.41390077802624936,-0.7265934184051024,-1.1531625272041324,-1.1528098506309592,0.7082504847119736,0.7013018687657241
-0.17013877750586295,1.2193391526212536,-0.6500836042705146,1.299511130283968,-0.010684955963028146,0.16056556578056086,0.16241262597599407,-1.4290359875515128,0.3010334606746278,-0.8212049761209504,-0.8384091701005334,0.04393756160596857,0.024214102554275998,0.41390077802624936,-0.7523445970155157,-1.1751949439995069,-1.176454340146188,0.8400801394385946,0.8332390502212481
-0.17013877750586295,1.2193391526212536,-0.5056205807161585,-0.7030746009502787,-0.010684955963028146,1.3061520339328974,1.3134851115288395,-0.9193942762382205,-0.41661905423364487,-0.5879944910855814,-0.7778586139045447,0.6545891884801833,0.09582067979537179,0.0381991858255773,-0.8150834947490204,-1.3217825980228999,-1.2000779773123582,0.706872216982122,0.7061237918489525
-0.17013877750586295,1.2193391526212536,-0.3611575571618023,2.3233064841126687,-0.010684955963028146,-0.6865507261215884,-0.6874206446824462,-0.37977352300595046,-1.1940759453842735,0.1452824977036243,-0.6485160410508493,1.1554142006324686,0.2545381767042032,-1.127886757609706,-0.8806536410915732,-1.42487611318987,-1.2355204202361674,0.9997289455846988,0.9797668522818107
-0.17013877750586295,1.2193391526212536,-0.2166945336074462,-0.7030746009502787,-0.010684955963028146,-0.6865507261215884,2.844982962689686,-0.07998424742150408,-1.3734890741113417,0.5356750501327033,-0.4399288166288187,1.2489784330443632,0.4289162556736384,-1.7535266250035513,-0.9853124680048273,-1.403097326450279,-1.2311751618859623,0.6004288949838597,0.6150455468161035
-0.17013877750586295,1.2193391526212536,-0.07223151005309006,-0.7030746009502787,-0.010684955963028146,-0.6865507261215884,-0.6874206446824462,0.1898261291946309,-1.612706579080766,1.034252634070852,-0.24298122007205483,1.0796764236916199,0.6471700043517581,-2.553075480584027,-1.0706278438568426,-1.3169933382222192,-1.2285310621903867,-1.2676136780735823,-1.2761757670616813
-0.17013877750586295,1.2193391526212536,0.07223151350126605,-0.7030746009502787,-0.010684955963028146,-0.6865507261215884,-0.6874206446824462,0.3696996659551655,-2.031337212777258,1.2233356422323094,-0.09238061923297526,0.7651783613940208,0.710890548818143,-2.6459385763356544,-1.152958201063837,-1.2436776615071279,-1.2406961697868448,-1.2676136780735823,-1.2761757670616813
-0.17013877750586295,1.2193391526212536,0.2166945370556222,-0.7030746009502787,-0.010684955963028146,-0.6865507261215884,-0.6874206446824462,0.3696996659551655,-2.031337212777258,1.2464416899297865,0.015807596180612185,0.5013854456526949,0.691561590351761,-2.2744081727711816,-1.2096265566405278,-1.1657004617188946,-1.2202692741536096,-1.2676136780735823,-1.2761757670616813
-0.17013877750586295,1.2193391526212536,0.3611575606099783,-0.7030746009502787,-0.010684955963028146,-0.6865507261215884,-0.6874206446824462,0.4596365058107659,-1.8519240840501903,1.093685840468616,0.08831227075505416,0.27301667339588886,0.6478869164221863,-1.5220780575617932,-1.229019898606855,-1.0760594239869428,-1.177747622486243,-1.2676136780735823,-1.2761757670616813
-0.17013877750586295,1.2193391526212536,0.5056205841643344,1.2443982241748441,-0.010684955963028146,-0.6865507261215884,0.8578833767055848,0.2198050281629423,-1.8519240840501903,0.9610634302367109,0.0702520268373827,0.012656098385748316,0.7568689436005921,-0.6567334174133334,-1.2178161366598386,-0.9917030867247075,-1.1892858495157086,0.9679639006501619,0.9480930868004337
-0.17013877750586295,1.2193391526212536,0.6500836077186906,-0.7030746009502787,-0.010684955963028146,2.8385399773499254,-0.6874206446824462,0.06991039037071911,-1.1342715691419176,0.7996591602738756,0.009981172380998174,-0.2810390448895644,0.8330650600893785,0.3835449585487405,-1.1787421582399122,-0.8814129407145384,-1.1820180962338025,0.7975819334163738,0.7989247809113245
-0.17013877750586295,1.2193391526212536,0.7945466312730467,1.5633353334662063,-0.010684955963028146,0.4872975360869558,-0.6874206446824462,-0.22987888521372726,-0.536227806718357,0.17165148342494138,-0.12049064406318849,-0.0874387818457572,0.3976178764990506,0.41390077802624936,-1.0989926310410634,-0.9027853121274613,-1.0406056530122285,0.8973668634239444,0.8880072463276973
-0.17013877750586295,1.2193391526212536,0.9390096548274028,-0.7030746009502787,-0.010684955963028146,0.9462486914288459,1.6493200271118467,-0.37977352300595046,-0.6558365592030692,0.014318366194857136,-0.24956603913576955,0.017511604785961622,-0.2979845726030997,0.41390077802624936,-1.0255211632419325,-0.9137366220264797,-0.8251777422191567,0.825993696821423,0.8220145040262768
-0.17013877750586295,1.2193391526212536,1.083472678381759,1.572738775426614,-0.010684955963028146,0.4865978712556255,-0.6874206446824462,-0.37977352300595046,-0.8950540641724933,-0.17252439634141462,-0.3450626141709525,0.06803191386745724,-0.26495860622587947,0.41390077802624936,-0.9803679659860463,-0.9309411760712551,-0.8384110141255169,0.8814686134623669,0.8724092185570045
-0.17013877750586295,1.2193391526212536,1.227935701936115,-0.7030746009502787,-0.010684955963028146,0.9919287821471034,1.5796322273990633,-0.5296681607981737,-0.596032182960713,-0.21885746238454717,-0.40118177638798946,0.11085950275428237,-0.2875563907841006,0.41390077802624936,-0.9546731857900806,-0.9464372242763874,-0.835604790145374,0.792783879323956,0.7859042172684424
-0.17013877750586295,1.2193391526212536,1.3723987254904713,1.0589264219916117,-0.010684955963028146,0.22119655987244682,0.3700929396970366,-0.5296681607981737,-0.6558365592030692,-0.2966697066652913,-0.4520568788751851,0.1504155512243028,-0.23698357426539954,0.41390077802624936,-0.9373516419886788,-0.9664149014706322,-0.8604524929536762,0.8732065562805255,0.8663926112750917
-0.17013877750586295,1.2193391526212536,1.5168617490448273,-0.7030746009502787,-0.010684955963028146,1.2012246934871835,1.3322735688852596,-0.6795627985903968,-0.35681467799128885,-0.35760687247284123,-0.495635383991166,0.16649889813275945,-0.16079152651708098,0.41390077802624936,-0.9198688565664841,-0.9764824640611274,-0.888866056625635,0.7451845728618305,0.738266261598787
-0.17013877750586295,1.2193391526212536,1.6613247725991833,1.1868192526906909,-0.010684955963028146,0.21050420849133622,0.26996711528335465,-0.7395205965270196,-0.1175971730218646,-0.43277803325092207,-0.5344895736546298,0.19964614232035424,-0.05769371180322318,0.41390077802624936,-0.9014485077588125,-0.9862108411815537,-0.9194928078374885,0.865646035216265,0.8588260051176203
-0.17013877750586295,1.3295840845218945,-1.6613247691510074,-0.7030746009502787,-0.010684955963028146,1.2349498144689726,1.292091870323013,-0.82945743638262,0.0020115794628475024,-0.4885507332243461,-0.5780847773819303,0.18585627206082048,-0.008860688708557978,0.41390077802624936,-0.8830346664605003,-0.9845092751980755,-0.9354954027083796,0.7261703018563421,0.7192362542763486
-0.17013877750586295,1.3295840845218945,-1.5168617455966513,1.2221867940279088,-0.010684955963028146,0.1676041584199762,0.19516911121326713,-0.82945743638262,-0.35681467799128885,-0.5545176624145368,-0.6091295831515717,0.18861640116848696,0.04381729412818842,0.41390077802624936,-0.8810773522565265,-1.0011200377997254,-0.966668681979858,0.8187486243573047,0.8118902871532392
-0.17013877750586295,1.3295840845218945,-1.372398722042295,-0.7030746009502787,-0.010684955963028146,1.2179904996098645,1.2452227050982483,-0.8894152343192429,-0.1175971730218646,-0.5969933995192661,-0.6395182726514453,0.15726199759947554,0.050724387946344034,0.41390077802624936,-0.8800761598906471,-1.0102604789806655,-0.9864714264111605,0.6947374216016129,0.6877778062143679
-0.17013877750586295,1.3295840845218945,-1.227935698487939,1.2550631865003772,-0.010684955963028146,0.16327986575673165,0.17645674525784466,-0.9793520741748433,0.6598597181287641,-0.6493390337245647,-0.6673645985779024,0.15660636332795477,0.07785068064523862,0.41390077802624936,-0.8646822849728042,-1.0040306568494655,-0.9878035749096705,0.825803169461793,0.818950528961294
-0.17013877750586295,1.3295840845218945,-1.083472674933583,-0.7030746009502787,-0.010684955963028146,1.230730905617593,1.2438431235461413,-0.9793520741748433,-0.057792796779508555,-0.6707017962974812,-0.6859216261823334,0.15121292185540644,0.09252744126072573,0.41390077802624936,-0.8591807883566356,-1.0050868162095903,-0.9943839648948531,0.6981122722661531,0.6911553423882053
-0.17013877750586295,1.3295840845218945,-0.9390096513792268,1.2754193342469615,-0.010684955963028146,0.1563193565074476,0.1624967710373034,-0.9793520741748433,0.12162033194755961,-0.7161540652427956,-0.7120591275504132,0.13381996413910804,0.09019279798029589,0.41390077802624936,-0.8544139172414783,-1.009327285196966,-1.002727743058034,0.8260398907189936,0.8191873371877593
-0.17013877750586295,1.3295840845218945,-0.7945466278248707,-0.7030746009502787,-0.010684955963028146,1.240243167504449,1.2463805495093039,-1.1292467119670664,0.3010334606746278,-0.7402998066192117,-0.7393627486089818,0.09741278368110713,0.06493080216375222,0.41390077802624936,-0.8541912158100694,-1.0152166206350661,-1.0115466490908687,0.7029806057902834,0.6960276153622811
-0.17013877750586295,1.3295840845218945,-0.6500836042705146,1.2978334031572767,-0.010684955963028146,0.16037284153901113,0.16304724394926237,-1.1292467119670664,0.3010334606746278,-0.7745717720912563,-0.7594045610699182,0.10002951869399096,0.07500256231777107,0.41390077802624936,-0.8584259172709509,-1.031643260177836,-1.0301783867368064,0.8403655709924555,0.8335247756180895
-0.17013877750586295,1.3295840845218945,-0.5056205807161585,-0.7030746009502787,-0.010684955963028146,1.2981127396278613,1.3065922242318757,-0.9044047552787317,0.06181595570520356,-0.5405282243219449,-0.7176691651783434,0.7076209663893754,0.11390216243432298,-0.13300120806518528,-0.8851023673047178,-1.1822099457946353,-1.0391575610859674,0.7005186687668382,0.6997316071292146
-0.17013877750586295,1.3295840845218945,-0.3611575571618023,2.3233340759513608,-0.010684955963028146,-0.6865507261215884,-0.6874206446824462,-0.5296681607981737,-0.35681467799128885,0.1420516005541667,-0.6144807923040474,1.1261634630320028,0.21520403510568908,-1.7442258758027356,-0.9169079398079794,-1.2468452721054815,-1.0297888517554359,0.9981678794352777,0.978260039694743
-0.17013877750586295,1.3295840845218945,-0.2166945336074462,-0.7030746009502787,-0.010684955963028146,-0.6865507261215884,2.8463225897192075,-0.22987888521372726,-0.8950540641724933,0.5840051127138735,-0.4402530479986086,1.2543561260325133,0.3872466570466009,-2.5536076506584946,-0.9941617166580843,-1.2572009471620806,-1.0545120955169998,0.6002292007418323,0.6149888520203118
-0.17013877750586295,1.3295840845218945,-0.07223151005309006,-0.7030746009502787,-0.010684955963028146,-0.6865507261215884,-0.6874206446824462,0.06991039037071911,-1.1940759453842735,0.7990863479073658,-0.23183559279166116,1.0126376122117202,0.6281958400541692,-2.7303812742569202,-1.0773488959307267,-1.1724808096274408,-1.0863500297679018,-1.2676136780735823,-1.2761757670616813
-0.17013877750586295,1.3295840845218945,0.07223151350126605,-0.7030746009502787,-0.010684955963028146,-0.6865507261215884,-0.6874206446824462,0.2198050281629423,-1.3734890741113417,0.7934772332042597,-0.06372788953487345,0.7189706504348041,0.697772929549921,-2.331925626793454,-1.1206173256610525,-1.0500865785480802,-1.0531701213042735,-1.2676136780735823,-1.2761757670616813
-0.17013877750586295,1.3295840845218945,0.2166945370556222,-0.7030746009502787,-0.010684955963028146,-0.6865507261215884,-0.6874206446824462,0.3696996659551655,-1.612706579080766,0.783094682113572,0.061030914511578487,0.45486939594631554,0.667662622591934,-2.022184011678271,-1.162312866277337,-0.9579619397910465,-1.0228298442491228,-1.2676136780735823,-1.2761757670616813
-0.17013877750586295,1.3295840845218945,0.3611575606099783,-0.7030746009502787,-0.010684955963028146,-0.6865507261215884,-0.6874206446824462,0.4746260267702547,-1.612706579080766,0.7099519048525155,0.12280673131314633,0.2248702411205064,0.5977380626602311,-1.4122903231617803,-1.1570697418846212,-0.8510684196326789,-0.9623641457563491,-1.2676136780735823,-1.2761757670616813
-0.17013877750586295,1.3295840845218945,0.5056205841643344,1.2838658410745567,-0.010684955963028146,-0.6865507261215884,0.7962249717306443,0.3696996659551655,-1.3734890741113417,0.5645602253361319,0.11140227555729808,-0.011971215742475958,0.5336358703379656,-0.47423867439289613,-1.1205722551332675,-0.7419229161487394,-0.9071766025913058,0.9783817928804959,0.9578316971923472
-0.17013877750586295,1.3295840845218945,0.6500836077186906,-0.7030746009502787,-0.010684955963028146,1.6587642810463255,0.9057507774370446,0.2198050281629423,-0.8352496879301373,0.3735390712222374,0.030272768236257665,-0.3599115990932342,0.46202278311212125,0.41390077802624936,-1.0405800219372014,-0.5781204067315757,-0.8368175016288563,0.8565192354616125,0.8542198088024942
-0.17013877750586295,1.3295840845218945,0.7945466312730467,1.4159988565429944,-0.010684955963028146,0.6525445830572005,-0.6874206446824462,0.06991039037071911,-0.596032182960713,-0.04660506780938605,-0.10264887364361576,-0.3261692279689113,0.31950294200564466,0.41390077802624936,-0.9317790448072877,-0.5368154671894813,-0.7460143646205943,0.9453743657669377,0.9362496053618746
-0.17013877750586295,1.3295840845218945,0.9390096548274028,-0.7030746009502787,-0.010684955963028146,1.2119233208273132,1.42580417765454,0.06991039037071911,-0.596032182960713,-0.16175604696734705,-0.19975199424284323,-0.2092151807554429,0.10457172679353925,0.41390077802624936,-0.8566741921589596,-0.5467539918294066,-0.6508173865640586,0.8118948519515962,0.8101270176018146
-0.17013877750586295,1.3295840845218945,1.083472678381759,1.582567024202206,-0.010684955963028146,0.4621564626530744,-0.6874206446824462,0.06991039037071911,-0.596032182960713,-0.3086667254876145,-0.2617574169500562,-0.033428111301083314,0.06551100455446203,0.41390077802624936,-0.7704287245062874,-0.5514108521866877,-0.5857462666435558,0.8967318321394419,0.8865315442422915
-0.17013877750586295,1.3295840845218945,1.227935701936115,-0.7030746009502787,-0.010684955963028146,1.0750216427675494,1.468181701471141,-0.05000534845319268,-0.47642343047600094,-0.32049242371630116,-0.31066695372983494,0.023645225025220495,-0.020149002262452257,0.41390077802624936,-0.7021596489116599,-0.5372661240992018,-0.5238014706374386,0.7890058655767271,0.7821230632704136
-0.17013877750586295,1.3295840845218945,1.3723987254904713,1.6965485515026513,-0.010684955963028146,0.42326267102165804,-0.6874206446824462,0.06991039037071911,-0.596032182960713,-0.3424391148774519,-0.3373582923733497,0.12407828323748514,-0.014973564387396922,0.41390077802624936,-0.6388813509579245,-0.5344585185394123,-0.4889000970431343,0.8754679003479829,0.8686559002709888
-0.17013877750586295,1.3295840845218945,1.5168617490448273,-0.7030746009502787,-0.010684955963028146,1.0375609663781806,1.511219416247325,0.06991039037071911,-0.2970103017489328,-0.3410378170447687,-0.3554150574136629,0.19982932205993212,-0.045183962360892095,0.41390077802624936,-0.5749689323699502,-0.5140074130324052,-0.4312349454511785,0.7742547341143557,0.7673601068601168
-0.17013877750586295,1.3295840845218945,1.6613247725991833,1.7336837621939845,-0.010684955963028146,0.38378197262262403,-0.6874206446824462,0.1298681883073419,0.12162033194755961,-0.35681238956723693,-0.366365867561994,0.27762766385413173,-0.020924504195616995,0.41390077802624936,-0.4943570396715548,-0.46270756251904377,-0.3591519775168001,0.8663184530015252,0.859498769716057
-0.17013877750586295,1.4398290164225354,-1.6613247691510074,-0.7030746009502787,-0.010684955963028146,1.0202703854821726,1.5285086376698631,0.3696996659551655,0.0020115794628475024,-0.33879430194260535,-0.35782104899463557,0.3401151633429813,-0.024527780753910235,0.41390077802624936,-0.39149476737921196,-0.3672472385221581,-0.2346348498899588,0.7659640978285698,0.7590626085879457
-0.17013877750586295,1.4398290164225354,-1.5168617455966513,2.354724988329062,-0.010684955963028146,-0.6865507261215884,-0.6874206446824462,0.3696996659551655,0.36083783691698385,-0.3369169682619551,-0.35115482420073757,0.36889178867630423,0.012693870793716503,0.41390077802624936,-0.2514775088713558,-0.22314589640516147,-0.0861036767187575,0.8973052116462529,0.8905110276884144
-0.17013877750586295,1.4398290164225354,-1.372398722042295,-0.7030746009502787,-0.010684955963028146,1.1026005078831447,1.2610771198693989,0.4596365058107659,0.3010334606746278,-0.2909376596278201,-0.3415893030164656,0.3173014115233379,0.00928589377787818,0.41390077802624936,-0.1165189953243671,-0.05828636014585249,0.06788426142970422,0.7504183234823077,0.7435040829673892
-0.17013877750586295,1.4398290164225354,-1.227935698487939,2.3219641590770888,-0.010684955963028146,-0.6865507261215884,-0.6874206446824462,0.5195943037473887,0.06181595570520356,-0.2678191879178274,-0.33221651163784127,0.2828470431307011,0.03302780815564775,0.41390077802624936,-0.0008224684621927561,0.0685750780340277,0.1755812947628677,0.880878158390306,0.874070560280616
-0.17013877750586295,1.4398290164225354,-1.083472674933583,-0.7030746009502787,-0.010684955963028146,1.1604232195125466,1.2396711183186628,0.3696996659551655,0.7196640943711202,-0.2266178929390428,-0.33725183872618697,0.1950351518621114,-0.0011357780563723981,0.41390077802624936,0.10962418547904132,0.2016882422661289,0.2904602701404492,0.7682351480068008,0.7613355172784356
-0.17013877750586295,1.4398290164225354,-0.9390096513792268,2.3076662116012017,-0.010684955963028146,-0.6865507261215884,-0.6874206446824462,0.41466794293229947,0.6000553418864081,-0.2153362356794613,-0.34238805325792215,0.15844562053213251,0.006485786587930789,0.41390077802624936,0.1982434479346857,0.290954744635671,0.36238952023464543,0.8712651543830128,0.8644496376416996
-0.17013877750586295,1.4398290164225354,-0.7945466278248707,-0.7030746009502787,-0.010684955963028146,1.1963988993986416,1.2387877259161537,0.3696996659551655,1.0784903518252564,-0.17979375145384535,-0.34401964673894614,0.08788743722305808,-0.028270208236202608,0.41390077802624936,0.27731113276399355,0.39300945008292903,0.45073448189522225,0.7849095273446824,0.7780234359790572
-0.17013877750586295,1.4398290164225354,-0.6500836042705146,2.3111739584707403,-0.010684955963028146,-0.6865507261215884,-0.6874206446824462,0.3696996659551655,1.0784903518252564,-0.18155338396329496,-0.35276693596855535,0.05060911691756244,-0.037463120449174325,0.41390077802624936,0.39595652544141463,0.510126245854496,0.5569788379688237,0.8720344535332168,0.8652196225578295
-0.17013877750586295,1.4398290164225354,-0.5056205807161585,-0.7030746009502787,-0.010684955963028146,1.213381016908853,1.2363645154992307,0.5195943037473887,0.8392728468558323,-0.13573624138725854,-0.331281389403941,0.01855100475623603,-0.04849428960550296,0.41390077802624936,0.5020477274703214,0.6314926191746552,0.6702217227548077,0.7909672189241633,0.7840860949904036
-0.17013877750586295,1.4398290164225354,-0.3611575571618023,2.3053173219567205,-0.010684955963028146,-0.6865507261215884,-0.6874206446824462,0.6694889415396119,0.7196640943711202,-0.046329123952460104,-0.23787074923277077,0.12375170940312459,0.042429853628664936,0.41390077802624936,0.5575524439660141,0.6890368221430622,0.7351216568987442,0.8668799694840573,0.8600608054895001
-0.17013877750586295,1.4398290164225354,-0.2166945336074462,-0.7030746009502787,-0.010684955963028146,1.233912398443089,1.2510175751750439,0.819383579331835,0.36083783691698385,0.22202889248960708,-0.04538376922476796,0.4012963674943888,0.19580428055516721,0.19869329598624105,0.626109296085644,0.7208558457894982,0.830249418257357,0.7818359255997082,0.7791114848398086
-0.17013877750586295,1.4398290164225354,-0.07223151005309006,-0.7030746009502787,-0.010684955963028146,-0.6865507261215884,-0.6874206446824462,0.819383579331835,0.3010334606746278,0.5396448490791428,0.11308674797416761,0.5541271199019222,0.3262643749150526,-0.23550158945421729,0.6010544209766813,0.7042741438355397,0.8232142068785674,-1.2676136780735823,-1.2761757670616813
-0.17013877750586295,1.4398290164225354,0.07223151350126605,-0.7030746009502787,-0.010684955963028146,-0.6865507261215884,0.7516220228432186,0.2198050281629423,0.36083783691698385,0.9044812077635848,0.173015976673971,0.49746904624316823,0.39762845522426693,-0.46735889146082915,0.5801759207632311,0.677552661412868,0.7294142270343685,-0.44807614786230116,-0.4787026759699974
-0.17013877750586295,1.4398290164225354,0.2166945370556222,-0.7030746009502787,-0.010684955963028146,-0.6865507261215884,-0.6874206446824462,0.3696996659551655,0.7196640943711202,1.1381206481784405,0.2462539985955342,0.3679427352744189,0.5079710692151086,-0.581631061214835,0.5779913257694104,0.7667744884583473,0.6966897950119616,-1.2676136780735823,-1.2761757670616813
-0.17013877750586295,1.4398290164225354,0.3611575606099783,0.6399670161805816,-0.010684955963028146,0.53753345005661,0.31188819528696127,0.2198050281629423,-0.6558365592030692,1.1967946820219604,0.25506390761759207,0.1874791948214244,0.699913900784083,-0.3624550110921448,0.5255239290124786,0.7398664974012387,0.48703700233675484,0.9379781296146601,0.9285362476932747
-0.17013877750586295,1.4398290164225354,0.5056205841643344,-0.7030746009502787,-0.010684955963028146,-0.6865507261215884,-0.6874206446824462,0.2198050281629423,-0.596032182960713,1.2296542334395972,0.24285443964104245,0.11864588498774153,1.003409389759026,0.13506578423807913,0.5130965142870392,0.7046063894494434,0.2817950819477966,-1.2676136780735823,-1.2761757670616813
-0.17013877750586295,1.4398290164225354,0.6500836077186906,0.5918599287502145,-0.010684955963028146,0.5395462547134032,0.395185844182706,0.06991039037071911,-0.2970103017489328,1.0049012314503898,0.174567555975755,-0.007046084463871063,1.1491207508884536,0.41390077802624936,0.5582518807127118,0.7492990631526281,0.20048030963429891,0.9461107719861868,0.9395524353968531
-0.17013877750586295,1.4398290164225354,0.7945466312730467,-0.7030746009502787,-0.010684955963028146,2.802961356471115,-0.6874206446824462,0.009952592434096328,-0.057792796779508555,0.6236403282202939,0.06061414500405893,0.030190792461629593,0.7605893998843583,0.41390077802624936,0.6491550379346234,0.7379602056608904,0.3823042778080124,0.6507063690483312,0.660646583324322
-0.17013877750586295,1.4398290164225354,0.9390096548274028,1.6900839986984924,-0.010684955963028146,0.24712662595436596,-0.6874206446824462,-0.22987888521372726,0.36083783691698385,0.07479649743472457,-0.05338727447518114,0.31940756409468346,0.3265215193126183,0.41390077802624936,0.743899071791743,0.5975077097931953,0.5949440876049399,0.8305206987833483,0.8176488000759707
-0.17013877750586295,1.4398290164225354,1.083472678381759,-0.7030746009502787,-0.010684955963028146,0.7918119838692739,1.7138674996859,-0.5296681607981737,0.7196640943711202,-0.04188198136726253,-0.1856952423890575,0.3365966203814065,-0.36026722418816026,0.41390077802624936,0.8010962227585973,0.47454126588597234,0.8304236609227906,0.7754631449056694,0.7707724376739707
-0.17013877750586295,1.4398290164225354,1.227935701936115,2.2848343234192674,-0.010684955963028146,-0.6865507261215884,-0.6874206446824462,-0.25985778418203864,0.4206422131593399,-0.14988522995636677,-0.24541434689642197,0.3619508513947429,-0.2245934457928221,0.41390077802624936,0.8552271317228715,0.46534595646722704,0.7610925480165589,0.9086356580320976,0.8962378160864249
-0.17013877750586295,1.4398290164225354,1.3723987254904713,-0.7030746009502787,-0.010684955963028146,1.13727267108094,1.4251517265762959,-0.22987888521372726,0.36083783691698385,-0.14247659512468197,-0.28853364020111255,0.23934807148795706,-0.23380507421194574,0.41390077802624936,0.8903088736602685,0.5149659280476262,0.7569465333157378,0.7979088855552106,0.7959410381927327
-0.17013877750586295,1.4398290164225354,1.5168617490448273,2.351592060463052,-0.010684955963028146,-0.6865507261215884,-0.6874206446824462,-0.22987888521372726,0.36083783691698385,-0.17191627362354464,-0.32619805380805134,0.1933028185783207,-0.20520426996751653,0.41390077802624936,0.903490195395932,0.49781255544206815,0.7003648304780201,0.895254346388349,0.8884585532761468
-0.17013877750586295,1.4398290164225354,1.6613247725991833,-0.7030746009502787,-0.010684955963028146,1.1831465843335756,1.3231442742534094,-0.25985778418203864,0.24122908443227173,-0.16527988925401513,-0.36279236473958926,0.10028729651755981,-0.2212497548763752,0.41390077802624936,0.9126691578567294,0.4919093402916378,0.6557995394282891,0.8156834705235593,0.8088226279499018
-0.17013877750586295,1.5500739483231762,-1.6613247691510074,1.502308277984491,-0.010684955963028146,0.5661152134234828,-0.6874206446824462,-0.28983668315035005,0.3010334606746278,-0.19343335550981305,-0.39515983968084123,0.08761391091509114,-0.19837204097396863,0.41390077802624936,0.9116901392264448,0.4431041511991214,0.5868083962339374,0.8513057957766429,0.8444740348082244
-0.17013877750586295,1.5500739483231762,-1.5168617455966513,-0.7030746009502787,-0.010684955963028146,0.831266741637695,1.3421356420124897,-0.31981572506932765,0.3010334606746278,-0.2168003074701182,-0.4241117528317534,0.11645518792120624,-0.21990381552962338,0.41390077802624936,0.9093334567628991,0.38052443197142555,0.545953731570648,0.741119869361196,0.7341981541577987
-0.17013877750586295,1.5500739483231762,-1.372398722042295,2.242428354866657,-0.010684955963028146,-0.6865507261215884,-0.6874206446824462,-0.34979462403763906,0.3010334606746278,-0.25954348779163117,-0.4498380508960868,0.12982648004279057,-0.2012226005457169,0.41390077802624936,0.91106975666752,0.33454506556113206,0.4947916743453741,0.8378365899075555,0.8309937725684183
-0.17013877750586295,1.5500739483231762,-1.227935698487939,-0.7030746009502787,-0.010684955963028146,1.127225069889741,1.2760056774836692,-0.34979462403763906,0.3010334606746278,-0.2664505848549221,-0.47894860085453567,0.04087406695673873,-0.24439356440537657,0.41390077802624936,0.8964895614384611,0.3104895722583809,0.44842019867350313,0.7781792382371492,0.7712878076949211
-0.17013877750586295,1.5500739483231762,-1.083472674933583,2.314690305393897,-0.010684955963028146,-0.6865507261215884,-0.6874206446824462,-0.34979462403763906,0.3010334606746278,-0.2951376297534963,-0.5100852489864351,-0.03161454899250245,-0.26038452819196656,0.41390077802624936,0.8603232346078389,0.24720263831336134,0.35638753729298905,0.8803405476991237,0.8735324714064785
-0.17013877750586295,1.5500739483231762,-0.9390096513792268,-0.7030746009502787,-0.010684955963028146,1.1925186831356682,1.2665695070160434,-0.34979462403763906,0.3010334606746278,-0.2930530112324538,-0.54057134705234,-0.14659091811260982,-0.3232994620457249,0.41390077802624936,0.8015059548293713,0.18015668790241926,0.2640664366129288,0.800949953854814,0.7940770688596133
-0.17013877750586295,1.5500739483231762,-0.7945466278248707,1.4566608058889399,-0.010684955963028146,-0.6865507261215884,0.5806031736807464,-0.28983668315035005,0.18142470818991568,-0.3143758861862412,-0.5549808570702534,-0.18119614040842846,-0.2811855569596025,0.41390077802624936,0.7399159940260898,0.09943878710523801,0.14712013096426163,0.8439388576994782,0.8371010505887271
-0.17013877750586295,1.5500739483231762,-0.6500836042705146,-0.7030746009502787,-0.010684955963028146,1.4321678518751235,1.0296342722124994,-0.22987888521372726,0.0020115794628475024,-0.32475189832297324,-0.557656809534227,-0.22513938508471878,-0.185344747744132,0.41390077802624936,0.687429315759945,0.053434914327861516,0.0405364602263945,0.7545876372879465,0.7476767790027803
-0.17013877750586295,1.5500739483231762,-0.5056205807161585,0.9811233494174707,-0.010684955963028146,0.2796075380605871,0.20462107522254336,-0.18491046528592706,0.06181595570520356,-0.2862485757462656,-0.5049344231697953,0.012992618631307653,0.020719868240520082,0.41390077802624936,0.6129438815950811,-0.07669931664537445,-0.07851232991533176,0.8369497389713156,0.8275294544688928
-0.17013877750586295,1.5500739483231762,-0.3611575571618023,-0.7030746009502787,-0.010684955963028146,1.2835991659985582,1.2306805139929609,-0.07998424742150408,0.0020115794628475024,-0.0882483960755686,-0.36904112425049607,0.5155864342417791,0.24312698718818104,0.41390077802624936,0.4973280960527357,-0.2734082384218418,-0.17262738766206293,0.7043302944161905,0.7030225660517168
-0.17013877750586295,1.5500739483231762,-0.2166945336074462,2.266427700327267,-0.010684955963028146,-0.6865507261215884,-0.6874206446824462,-0.07998424742150408,0.0020115794628475024,0.302531916323077,-0.2073916089215824,0.6999000646963084,0.39099966325410956,0.0017379665659378852,0.3580437759138346,-0.3487700883531091,-0.2391317517629002,0.9254869042774093,0.9089722449837595
-0.17013877750586295,1.5500739483231762,-0.07223151005309006,-0.7030746009502787,-0.010684955963028146,1.2439235990719761,1.2543233412505475,0.08489991133020793,-0.596032182960713,0.5159679507013426,-0.03158306274455016,0.8122505812599331,0.5334487082764463,-0.03907959459432147,0.19538158992976215,-0.418452316624765,-0.32426719846206087,0.7391101652026839,0.7399859355130146
-0.17013877750586295,1.5500739483231762,0.07223151350126605,-0.7030746009502787,-0.010684955963028146,-0.6865507261215884,-0.6874206446824462,0.06991039037071911,-0.8950540641724933,0.6559486458194745,0.0700836491732429,0.796170549821876,0.5904574584671305,-0.08412191074400856,0.08511497708080347,-0.4539438254055651,-0.3874753629671747,-1.2676136780735823,-1.2761757670616813
-0.17013877750586295,1.5500739483231762,0.2166945370556222,-0.7030746009502787,-0.010684955963028146,-0.6865507261215884,2.0461533658961932,-0.07998424742150408,-0.2970103017489328,0.48417751825544486,0.09345335571509093,0.6532630003203436,0.6046313227607962,0.41390077802624936,0.029736554470455236,-0.43796068604584554,-0.42589303215564506,0.2255904004460052,0.22923306095568605
-0.17013877750586295,1.5500739483231762,0.3611575606099783,-0.7030746009502787,-0.010684955963028146,1.9906248604639416,-0.6874206446824462,-0.05000534845319268,-0.536227806718357,0.2264753811794091,0.049616717899127104,0.3676020706908601,0.6458973023334269,0.41390077802624936,0.0289115468950086,-0.3655361302364529,-0.46693547713506606,0.2359233642070701,0.2131970300694913
-0.17013877750586295,1.5500739483231762,0.5056205841643344,1.5354786847900328,-0.010684955963028146,-0.6865507261215884,0.44921502720360673,-0.07998424742150408,-0.2970103017489328,-0.12047824622728205,-0.01808084394167107,0.3696692664850103,0.4994918140801909,0.41390077802624936,0.04279784881126854,-0.3842659345440123,-0.4334800119749747,0.9211389261364193,0.9086480408085469
-0.17013877750586295,1.5500739483231762,0.6500836077186906,-0.7030746009502787,-0.010684955963028146,1.3974440166147366,1.1442220649073243,-0.22987888521372726,0.0020115794628475024,-0.21786092580171507,-0.11907961140667819,0.24928039193755694,0.3989060397311595,0.41390077802624936,0.0922457612254614,-0.3527392523385307,-0.4087807866259393,0.7336053624517141,0.732975224898395
-0.17013877750586295,1.5500739483231762,0.7945466312730467,1.7011169716517727,-0.010684955963028146,0.3934828270780088,-0.6874206446824462,-0.22987888521372726,0.12162033194755961,-0.30357745762397786,-0.1993693177334346,0.2483338251384713,0.35681736083593746,0.41390077802624936,0.1413528729643164,-0.35134716056591453,-0.39271377873963104,0.8673663534794901,0.8605477257753781
-0.17013877750586295,1.5500739483231762,0.9390096548274028,-0.7030746009502787,-0.010684955963028146,1.0839853858361221,1.3963342656789108,-0.37977352300595046,0.36083783691698385,-0.36033819354009167,-0.27713544642450916,0.26054387375259597,0.2542029124896556,0.41390077802624936,0.18065678338160657,-0.35980359217358276,-0.3597692507187814,0.7466201785423632,0.7397030755571157
-0.17013877750586295,1.5500739483231762,1.083472678381759,1.7383824373218653,-0.010684955963028146,0.35830471698394434,-0.6874206446824462,-0.37977352300595046,0.36083783691698385,-0.38613632858108565,-0.3257137940797815,0.3234441493061957,0.22742571772289916,0.41390077802624936,0.2126457712412557,-0.38120979538531047,-0.34918149777782836,0.8579259025526165,0.8510995482904259
-0.17013877750586295,1.5500739483231762,1.227935701936115,-0.7030746009502787,-0.010684955963028146,1.0411779061602964,1.4657333887363633,-0.34979462403763906,0.4206422131593399,-0.3824163176757498,-0.36203675257737516,0.3596971603906152,0.15846138054159972,0.41390077802624936,0.23725235126101862,-0.39424935137850575,-0.32417177985956147,0.7481100665461112,0.7411941282189994
-0.17013877750586295,1.5500739483231762,1.3723987254904713,1.7522634613650516,-0.010684955963028146,0.34106518055462637,-0.6874206446824462,-0.37977352300595046,0.36083783691698385,-0.40302121548521325,-0.3979512908731091,0.39558132539307933,0.13713385675742906,0.41390077802624936,0.263429892243902,-0.40666301909381186,-0.3161767053764528,0.850699703081669,0.843867380025819
-0.17013877750586295,1.5500739483231762,1.5168617490448273,-0.7030746009502787,-0.010684955963028146,1.025319812910434,1.5003423727348297,-0.6795627985903968,1.0784903518252564,-0.40880949752670254,-0.4438536860644078,0.39607533048261967,0.0667096554962791,0.41390077802624936,0.29718506634745206,-0.4067148511445449,-0.2897854920393901,0.7520343909261127,0.7451216243794506
-0.17013877750586295,1.5500739483231762,1.6613247725991833,1.149378919263694,-0.010684955963028146,0.1689997748068838,0.2870531125242595,-0.7694996384459972,0.8990772230981884,-0.4453125540883949,-0.4892321623255525,0.3974512506984534,0.07349712834468107,0.41390077802624936,0.3348206441800967,-0.40466412364776055,-0.28966802016720544,0.8392633881912752,0.8324217855295664
-0.17013877750586295,1.6603188802238171,-1.6613247691510074,-0.7030746009502787,-0.010684955963028146,1.202310225198881,1.3064474675322462,-0.82945743638262,1.0784903518252564,-0.48437037996053667,-0.5400717802636938,0.3424840669434951,0.0708361720787328,0.41390077802624936,0.3599656603446297,-0.3958327229366722,-0.2994924242881632,0.7207205003997561,0.713782092116585
-0.17013877750586295,1.6603188802238171,-1.5168617455966513,1.20705499968662,-0.010684955963028146,0.1439164924956381,0.19119070761224424,-0.9793520741748433,0.6598597181287641,-0.5483213496462186,-0.5933403503733725,0.3070077048001817,0.09494834183907315,0.41390077802624936,0.3591534267690366,-0.42247960190556927,-0.3489266842558219,0.7976721642980099,0.790796548329116
-0.17013877750586295,1.6603188802238171,-1.372398722042295,-0.7030746009502787,-0.010684955963028146,1.1864316304828892,1.2319310277940974,-1.0243204941026434,0.8990772230981884,-0.5886882741002697,-0.628072070367298,0.25792879647491196,0.0973773798983562,0.41390077802624936,0.3387391288898868,-0.4516092144175275,-0.3972726917867368,0.6762595030877622,0.6692848643943019
-0.17013877750586295,1.6603188802238171,-1.227935698487939,1.2383208529512897,-0.010684955963028146,0.14575513928964684,0.1676604747095357,-0.82945743638262,0.3010334606746278,-0.6275682404248194,-0.6416716977362084,0.2679895914024963,0.1471633020105827,0.41390077802624936,0.3125659262465763,-0.4904500712800045,-0.45129163000766814,0.8059816735769667,0.7991128766417667
-0.17013877750586295,1.6603188802238171,-1.083472674933583,-0.7030746009502787,-0.010684955963028146,1.203979002702102,1.2256571218182382,-0.664573277630908,0.36083783691698385,-0.6492697208126355,-0.6561556557295884,0.22573723663000164,0.136399855977036,0.41390077802624936,0.28198930893677154,-0.5084910948631787,-0.4804209423729749,0.6805753072689655,0.6736041072664682
-0.17013877750586295,1.6603188802238171,-0.9390096513792268,1.257101040872332,-0.010684955963028146,0.14179270796352103,0.15221826091616023,-0.4996892618298623,0.18142470818991568,-0.6844669482693962,-0.6666333385571962,0.198779146810859,0.13299513395357193,0.41390077802624936,0.23820630392932649,-0.5262755606387496,-0.5064966411090956,0.8066611013311189,0.7997928048425598
-0.17013877750586295,1.6603188802238171,-0.7945466278248707,-0.7030746009502787,-0.010684955963028146,1.2088393145652496,1.2192077088033768,-0.5296681607981737,0.3010334606746278,-0.6931774888336393,-0.6730810898529954,0.17132622303457615,0.12247418485190677,0.41390077802624936,0.19773441609146536,-0.5322314753219336,-0.5182049621691036,0.6798717939806714,0.6729000274920167
-0.17013877750586295,1.6603188802238171,-0.6500836042705146,1.2717007068959925,-0.010684955963028146,0.14385922436958737,0.14865425474572472,-0.5296681607981737,0.3010334606746278,-0.713554831045448,-0.6770317029810357,0.18293534263877342,0.1456383380832472,0.41390077802624936,0.15955076135944424,-0.5464961327987725,-0.536688877403389,0.8146691819477178,0.807807443158832
-0.17013877750586295,1.6603188802238171,-0.5056205807161585,-0.7030746009502787,-0.010684955963028146,1.2671940183208505,1.277194063048115,-0.5296681607981737,0.06181595570520356,-0.4950576463055549,-0.6329536310764086,0.7393690820683394,0.2005354119711376,-0.027459189401515694,0.08047319475666478,-0.7461727105678368,-0.5813487136588003,0.678197669615017,0.6772724856959731
-0.17013877750586295,1.6603188802238171,-0.3611575571618023,2.2763992833298294,-0.010684955963028146,-0.6865507261215884,-0.6874206446824462,-0.5296681607981737,0.0020115794628475024,0.13337310086430607,-0.5186982535500155,1.1397560628027605,0.28563311885540044,-1.3884859015813278,-0.026846480427968455,-0.8784806346142824,-0.6278959604405385,0.9690964599832077,0.9494230607464763
-0.17013877750586295,1.6603188802238171,-0.2166945336074462,-0.7030746009502787,-0.010684955963028146,-0.6865507261215884,2.8174802356899495,-0.5296681607981737,-0.35681467799128885,0.5140801546943634,-0.3789461838649342,1.2105239496146096,0.41644637988789185,-2.0912694690260603,-0.17275472203809358,-0.9420859344608755,-0.7191698583343582,0.5903005683916048,0.6047410118380392
-0.17013877750586295,1.6603188802238171,-0.07223151005309006,-0.7030746009502787,-0.010684955963028146,-0.6865507261215884,-0.6874206446824462,-0.6795627985903968,-0.23720592550657674,0.9459846024151176,-0.26884528167977534,0.9821800433858004,0.5779802589485419,-2.742381301866086,-0.32168654531166535,-0.942580182342133,-0.8358751064609216,-1.2676136780735823,-1.2761757670616813
-0.17013877750586295,1.6603188802238171,0.07223151350126605,-0.7030746009502787,-0.010684955963028146,-0.6865507261215884,2.687314676685333,-0.6795627985903968,0.0020115794628475024,1.108622772989373,-0.18693511427954138,0.6159026221224578,0.745444734115073,-2.804682464128868,-0.4041995948184519,-0.8557519550620946,-0.8995511933119307,0.4867836387915838,0.48744725697063757
-0.17013877750586295,1.6603188802238171,0.2166945370556222,-0.7030746009502787,-0.010684955963028146,-0.6865507261215884,-0.6874206446824462,-0.6795627985903968,-0.35681467799128885,1.156276707731535,-0.11307715641273623,0.2802062709574201,0.9981208408989656,-2.4403520771298943,-0.511212452987735,-0.8080081302218267,-1.0160040297577404,-1.2676136780735823,-1.2761757670616813
-0.17013877750586295,1.6603188802238171,0.3611575606099783,0.8167750705984665,-0.010684955963028146,0.748944777983448,-0.032737290526341785,-0.6495838996220854,-0.47642343047600094,0.8667612518707569,-0.08296329822416518,-0.08257084243154539,1.1589825640343332,-1.3486302058073052,-0.5941169171315432,-0.7526128970890411,-1.1042486599587098,0.9321769309995113,0.9132937392738093
-0.17013877750586295,1.6603188802238171,0.5056205841643344,-0.7030746009502787,-0.010684955963028146,1.5614967485836164,1.0408715339862118,-0.6795627985903968,-0.35681467799128885,0.9571413656541473,-0.10074314462676089,-0.0569248500230442,1.433472002214253,-1.2907983405812993,-0.6180370754233272,-0.7842866174970206,-1.1922318169869262,0.7584851799919244,0.7580093543672108
-0.17013877750586295,1.6603188802238171,0.6500836077186906,1.5316208440711185,-0.010684955963028146,0.5254253469200717,-0.6874206446824462,-0.6795627985903968,-0.35681467799128885,0.8457005889705888,-0.14081772446750224,0.1412491044370104,1.6378106584924599,-0.3726780331572457,-0.6266149368344127,-0.8617438702491349,-1.256608913959959,0.8802519345026165,0.8692695139813975
-0.17013877750586295,1.6603188802238171,0.7945466312730467,-0.7030746009502787,-0.010684955963028146,1.2544557042994617,1.3256045105891683,-0.8594363353509314,-0.23720592550657674,0.4516233359875341,-0.2626528799820724,0.17071120327545047,0.9492015605063828,0.41390077802624936,-0.5860066323188704,-0.8934063133908462,-1.109754007634039,0.7362887425950312,0.7354982456482977
-0.17013877750586295,1.6603188802238171,0.9390096548274028,1.5951302691961813,-0.010684955963028146,0.42013473304645965,-0.6874206446824462,-0.9793520741748433,0.3010334606746278,-0.0777487977090758,-0.36017207431334775,0.25996035096226644,0.7712161362381865,0.41390077802624936,-0.5450389686753728,-0.9268872157183163,-1.0718496774260633,0.8589808129994734,0.8475015778383663
-0.17013877750586295,1.6603188802238171,1.083472678381759,-0.7030746009502787,-0.010684955963028146,1.1647203686530327,1.456111042744647,-1.1292467119670664,0.3010334606746278,-0.14010949379275794,-0.4666855581666688,0.23085549405938321,0.3577019050136395,0.41390077802624936,-0.5093857710086787,-0.9394609338664299,-0.9808797216253311,0.735443052758183,0.7338066121204364
-0.17013877750586295,1.6603188802238171,1.227935701936115,1.0981027120750064,-0.010684955963028146,0.20875122853794034,0.24242934963161247,-1.2791413497592896,0.4206422131593399,-0.296904455112297,-0.5525567753270177,0.24081185166938018,0.28025180271267386,0.41390077802624936,-0.48093735027824686,-0.960851305531281,-0.9780551563119846,0.8423400455637152,0.8321143646513028
-0.17013877750586295,1.6603188802238171,1.3723987254904713,-0.7030746009502787,-0.010684955963028146,1.30744990225808,1.3290979164906371,-1.2791413497592896,0.3010334606746278,-0.36423344841143734,-0.5935616069733578,0.21447458368256253,0.20465460482074926,0.41390077802624936,-0.48940554810568404,-0.9801970220734921,-0.9836953346212806,0.7076179698265604,0.7055054706284238
-0.17013877750586295,1.6603188802238171,1.5168617490448273,1.192325616187551,-0.010684955963028146,0.17347265079990928,0.18008199062454694,-1.2791413497592896,0.6598597181287641,-0.5124741501662721,-0.6374267715836593,0.21712115792904274,0.19931478983079437,0.41390077802624936,-0.49343610658777404,-0.9999010086902261,-1.001307381480783,0.8481371100946457,0.837116810513911
-0.17013877750586295,1.6603188802238171,1.6613247725991833,-0.7030746009502787,-0.010684955963028146,1.2587976219476187,1.263964932352619,-1.2191834803473338,0.5402509656440521,-0.5433831316189561,-0.665490179457272,0.19950026162277187,0.18262318893564736,0.41390077802624936,-0.4978142142734264,-1.0068050812219658,-1.0083895379386054,0.7078446254874033,0.7008955901749431
-0.17013877750586295,1.770563812124458,-1.6613247691510074,1.2771527825543876,-0.010684955963028146,0.19369855002888292,0.195420448170789,-1.4290359875515128,1.0784903518252564,-0.6058778762587278,-0.7029180294038491,0.1923164661344399,0.17672432900541526,0.41390077802624936,-0.506432566853859,-1.0201222314617646,-1.02206933396879,0.8462465754072983,0.8394105959884108
-0.17013877750586295,1.770563812124458,-1.5168617455966513,-0.7030746009502787,-0.010684955963028146,1.240142542961507,1.241586425170989,-1.4290359875515128,0.6598597181287641,-0.6491487501644571,-0.7377200227204114,0.15431205781143198,0.1408339693388562,0.41390077802624936,-0.5197657304745741,-1.0308508153519846,-1.03321234893756,0.6877265539956058,0.6807611600435102
-0.17013877750586295,1.770563812124458,-1.372398722042295,1.2760912134358864,-0.010684955963028146,0.1601490513003161,0.16037196442388016,-1.4590148865198243,0.8990772230981884,-0.7053320964462921,-0.7673767564241071,0.145001388061757,0.1331375398699453,0.41390077802624936,-0.535443766634442,-1.0485353038246772,-1.0513717972535064,0.8171792900394468,0.8103196161680236
-0.17013877750586295,1.770563812124458,-1.227935698487939,-0.7030746009502787,-0.010684955963028146,1.2443934592038848,1.2445125186889379,-1.4290359875515128,0.6598597181287641,-0.7359880203808948,-0.7918207402941858,0.11167345073738402,0.10163165493149917,0.41390077802624936,-0.5537792768015769,-1.0600060185835516,-1.063210909487192,0.6970469367373542,0.690089193683229
-0.17013877750586295,1.770563812124458,-1.083472674933583,1.2939728749216066,-0.010684955963028146,0.15771099812030967,0.15733484544591914,-1.4290359875515128,1.0784903518252564,-0.7785389554561134,-0.8117790596985239,0.10821127077260236,0.09918878315462556,0.41390077802624936,-0.5672806715901745,-1.0705259730478087,-1.074027274045575,0.8285260930193729,0.8216757679719985
-0.17013877750586295,1.770563812124458,-0.9390096513792268,-0.7030746009502787,-0.010684955963028146,1.2509512087831078,1.250502559287055,-1.4590148865198243,0.8990772230981884,-0.801605769429857,-0.8336215390800958,0.07124874902266855,0.06362066773311714,0.41390077802624936,-0.5791629016426194,-1.0714398653565491,-1.0751085393077653,0.7051736475967414,0.6982225431242635
-0.17013877750586295,1.770563812124458,-0.7945466278248707,1.31274732947357,-0.010684955963028146,0.16177023611430752,0.1611199611994596,-1.578930625343736,1.0784903518252564,-0.8477413590635307,-0.8633589827385031,0.042384263723756255,0.035819777864659515,0.41390077802624936,-0.5925081162065926,-1.0793200720320097,-1.0831553625524124,0.8452276135188621,0.8383907036872211
-0.17013877750586295,1.770563812124458,-0.6500836042705146,-0.7030746009502787,-0.010684955963028146,1.2582164681424355,1.2574943915535632,-1.578930625343736,1.0784903518252564,-0.8691505482095317,-0.8842753849673061,-0.0026713212715996676,-0.008014390691253334,0.41390077802624936,-0.6139585541870701,-1.0851044421456129,-1.0890562498122445,0.7125583802103244,0.705613129338122
-0.17013877750586295,1.770563812124458,-0.5056205807161585,1.2666091168184284,-0.010684955963028146,0.10562759871436124,0.10932342016576699,-1.309120248727601,0.7794684706134762,-0.5679617517472323,-0.8482056887413938,0.6245095832798179,0.0478111697713915,-0.16507115084601215,-0.6622536733691973,-1.2388890523179628,-1.1050724915084358,0.8609969878985013,0.8493327992749996
-0.17013877750586295,1.770563812124458,-0.3611575571618023,-0.7030746009502787,-0.010684955963028146,1.2641192167986819,1.3003710331235117,-0.82945743638262,-0.057792796779508555,-0.1844847970215865,-0.7400536536523322,1.252546708061932,0.1569022391943346,-1.1104427582321903,-0.7330098226334226,-1.358294916271484,-1.1111491498781352,0.6930614998080374,0.6926011620180675
-0.17013877750586295,1.770563812124458,-0.2166945336074462,2.2997421580309143,-0.010684955963028146,-0.6865507261215884,-0.6874206446824462,-0.5296681607981737,-0.9548584404148494,0.876782852703096,-0.6246592916788448,1.4439728513912018,0.27144704834033134,-3.213235369175942,-0.8182673539577993,-1.4094394875031513,-1.1534167522457122,0.9701093106167124,0.9506899949917831
-0.17013877750586295,1.770563812124458,-0.07223151005309006,-0.7030746009502787,-0.010684955963028146,-0.6865507261215884,2.8326292753293782,-0.22987888521372726,-1.7921197078078341,1.1997143249631317,-0.4575820318955738,1.2987212643171526,0.4365264278446317,-3.634499802741371,-0.9533270954281556,-1.4143781710818866,-1.2336893438046797,0.594162162537162,0.6082417619724056
-0.17013877750586295,1.770563812124458,0.07223151350126605,-0.7030746009502787,-0.010684955963028146,-0.6865507261215884,-0.6874206446824462,-0.07998424742150408,-1.8519240840501903,1.5688193127897836,-0.3221806462347326,0.9403769348524516,0.6163403440790621,-4.0871238426643774,-1.0421678542208832,-1.3439659566898652,-1.2812742951822498,-1.2676136780735823,-1.2761757670616813
-0.17013877750586295,1.770563812124458,0.2166945370556222,-0.7030746009502787,-0.010684955963028146,-0.6865507261215884,-0.6874206446824462,0.06991039037071911,-1.8519240840501903,1.778467985036971,-0.2279093318051288,0.5998889000923928,0.7158283722498782,-4.402061394042742,-1.1056327007762532,-1.2581984430505597,-1.2938068844903934,-1.2676136780735823,-1.2761757670616813
-0.17013877750586295,1.770563812124458,0.3611575606099783,-0.7030746009502787,-0.010684955963028146,-0.6865507261215884,-0.6874206446824462,0.2198050281629423,-2.0911415890196143,1.8517271556784367,-0.1538141145024903,0.3216612550988111,0.891045425503776,-4.311129015979227,-1.1757139972180275,-1.194847315436013,-1.3349961693100452,-1.2676136780735823,-1.2761757670616813
-0.17013877750586295,1.770563812124458,0.5056205841643344,-0.7030746009502787,-0.010684955963028146,-0.6865507261215884,-0.6874206446824462,0.06991039037071911,-1.612706579080766,1.776943100974527,-0.13203286336242384,0.024048883546371722,1.067910318647137,-3.9147298506853665,-1.1865157396979549,-1.081640803307717,-1.338441610587252,-1.2676136780735823,-1.2761757670616813
-0.17013877750586295,1.770563812124458,0.6500836077186906,2.3504063280704375,-0.010684955963028146,-0.6865507261215884,-0.6874206446824462,-0.07998424742150408,-1.1342715691419176,1.3456101578294914,-0.14838845737454787,-0.21628459251498872,1.2399724705422943,-2.6305696909027803,-1.1548851468908004,-0.9551575872888343,-1.323296254694422,0.9145346367261509,0.8950689208562235
-0.17013877750586295,1.770563812124458,0.7945466312730467,-0.7030746009502787,-0.010684955963028146,1.425672025091557,1.1286167906408833,-0.34979462403763906,-0.6558365592030692,0.8672425188818884,-0.25171946422053254,-0.6630143896274102,0.22543691738223326,-1.1059583228781973,-1.093038018958392,-0.8028114791772046,-1.0550876640208635,0.9490114611651572,0.9412059994950492
-0.17013877750586295,1.770563812124458,0.9390096548274028,1.190434858566025,-0.010684955963028146,0.9174913058087508,-0.6874206446824462,-0.4547208419020621,-0.057792796779508555,0.18307307429917252,-0.3471102813840244,-0.5355262640868146,0.055869717141937565,0.41390077802624936,-1.013551443341434,-0.7799446531132305,-0.9533340960424688,0.9128948432337883,0.907487741901173
-0.17013877750586295,1.770563812124458,1.083472678381759,-0.7030746009502787,-0.010684955963028146,1.130594841485815,1.513860807643603,-0.5296681607981737,-0.057792796779508555,0.1010811306500145,-0.4253467542939357,-0.38480829519142595,-0.18569628692055087,0.38163520160754383,-0.9623812101167996,-0.8069122835592578,-0.8668020878293808,0.8275659070239546,0.8236961085108392
-0.17013877750586295,1.770563812124458,1.227935701936115,0.8920669275160822,-0.010684955963028146,0.33489047367421193,0.37769141131170425,-0.5596470597664851,-0.1175971730218646,-0.11284205579794265,-0.48447792852775423,-0.2124842345694479,-0.1906780527493384,0.41390077802624936,-0.9132427659254736,-0.8288628317389348,-0.8369751497547249,0.8903468289355401,0.8817409363350779
-0.17013877750586295,1.770563812124458,1.3723987254904713,-0.7030746009502787,-0.010684955963028146,1.2588260729618395,1.2868933894812526,-0.5746365807259739,-0.1175971730218646,-0.18409703705201994,-0.5178640187595047,-0.1400312599270024,-0.14645328510851574,0.41390077802624936,-0.8811595396895465,-0.8316869194571165,-0.8318649049654886,0.7641186785820405,0.7572156272261285
-0.17013877750586295,1.770563812124458,1.5168617490448273,1.066676145308346,-0.010684955963028146,0.24741144989452332,0.2564443920619478,-0.5746365807259739,-0.057792796779508555,-0.338048861191668,-0.56147383377171,-0.0405903562318179,-0.058899686477882296,0.41390077802624936,-0.8342767910572638,-0.8323880618002958,-0.8297113267585052,0.8736591486310428,0.8635895960102328
-0.17013877750586295,1.770563812124458,1.6613247725991833,-0.7030746009502787,-0.010684955963028146,1.2621791086671952,1.2694776105395296,-0.5746365807259739,0.12162033194755961,-0.38390196801446014,-0.5794457142044817,0.009001621137789887,-0.009460421053513291,0.41390077802624936,-0.8040711017809421,-0.8250699834742076,-0.8226193445864666,0.7374531164022793,0.7305283430078225
0.15764778642117327,-1.5367841448947694,-1.6613247691510074,1.199812500365578,-0.010684955963028146,0.23395725814767104,0.23666251047642148,-0.6046154796942852,0.36083783691698385,-0.4456493102171078,-0.5905468118546896,0.099830590470015,0.08173063155534299,0.41390077802624936,-0.7766983482457246,-0.8274132692824515,-0.8256620407554124,0.8643269028650156,0.8575056508661705
0.15764778642117327,-1.5367841448947694,-1.5168617455966513,-0.7030746009502787,-0.010684955963028146,1.2340123953901292,1.236412628275119,-0.6345943786625966,0.6000553418864081,-0.49150960988925113,-0.6097307331590791,0.13474498038059626,0.11845671051399038,0.41390077802624936,-0.7402030306641573,-0.8096849729677168,-0.808569446654139,0.7044854124457761,0.6975338139262897
0.15764778642117327,-1.5367841448947694,-1.372398722042295,1.801973204620734,-0.010684955963028146,0.29220213262043493,-0.6874206446824462,-0.6945523195498856,0.7794684706134762,-0.5533314961669925,-0.6396685601533222,0.1695557618411901,0.12825912004904017,0.41390077802624936,-0.7041299781343524,-0.797048362373107,-0.7884817565105672,0.8644762691252538,0.8576552678182414
0.15764778642117327,-1.5367841448947694,-1.227935698487939,-0.7030746009502787,-0.010684955963028146,1.0714102467492341,1.413696074637246,-0.7395205965270196,0.8990772230981884,-0.581397994335181,-0.6780649295564389,0.16195587481770837,0.039052799040381975,0.41390077802624936,-0.6606836764815375,-0.7717523697808459,-0.7376323753465728,0.7551917528122073,0.7482815917160084
0.15764778642117327,-1.5367841448947694,-1.083472674933583,1.7795587773748514,-0.010684955963028146,0.30931541767414883,-0.6874206446824462,-0.7844890164548198,0.8990772230981884,-0.6279520770220126,-0.7226279569648074,0.14977815203997982,-0.02860709994693734,0.41390077802624936,-0.6174554969016933,-0.7499141605228414,-0.6977091883909778,0.8805833802112559,0.8737754198635349
0.15764778642117327,-1.5367841448947694,-0.9390096513792268,-0.7030746009502787,-0.010684955963028146,1.0382540414525407,1.470140309821767,-0.7994785374143086,0.8990772230981884,-0.6446434108890547,-0.7630399879093,0.12222907962210858,-0.13377183481844304,0.41390077802624936,-0.5799201829169558,-0.7284003895405549,-0.6503051393295881,0.7769118718100256,0.77001923605479
0.15764778642117327,-1.5367841448947694,-0.7945466278248707,1.7773353051789695,-0.010684955963028146,0.31922421557170505,-0.6874206446824462,-0.6795627985903968,1.0784903518252564,-0.6816434279513719,-0.7983742494616761,0.09635017541803553,-0.1949127978282359,0.41390077802624936,-0.5336590219379237,-0.6937052292546989,-0.6023180978913713,0.8941651050682002,0.8873682529975119
0.15764778642117327,-1.5367841448947694,-0.6500836042705146,-0.7030746009502787,-0.010684955963028146,1.0253357120066162,1.5022101943692139,-0.6795627985903968,0.6598597181287641,-0.6923437722043013,-0.8291414408181285,0.05819159772144625,-0.2885393984811237,0.41390077802624936,-0.490724644354711,-0.6590495394007819,-0.5469412459657629,0.7928331288489925,0.7859535437875247
0.15764778642117327,-1.5367841448947694,-0.5056205807161585,1.772810781136858,-0.010684955963028146,0.3212679816263266,-0.6874206446824462,-0.5896259587347964,0.8990772230981884,-0.6516891337762042,-0.812934742756938,0.1569511722495131,-0.2851631576409343,0.41390077802624936,-0.4699680996870324,-0.6607443823986002,-0.5170033864950664,0.8989953331204046,0.8922024565419225
0.15764778642117327,-1.5367841448947694,-0.3611575571618023,-0.7030746009502787,-0.010684955963028146,1.0575076377304558,1.5654862345439182,-0.25985778418203864,0.18142470818991568,-0.47197121546994464,-0.6936767395893669,0.41656493755214385,-0.23263246320912268,0.41390077802624936,-0.5119220125267695,-0.7122981882735029,-0.5040476364280123,0.7913937485698256,0.7893828625726808
0.15764778642117327,-1.5367841448947694,-0.2166945336074462,2.3126485093307005,-0.010684955963028146,-0.6865507261215884,-0.6874206446824462,0.06991039037071911,0.0020115794628475024,-0.3357746130059133,-0.5539587629023965,0.47367888839084277,-0.1020210117038347,0.41390077802624936,-0.5493582677579258,-0.6803711631154976,-0.4953134498866417,1.0008165692197186,0.9848085956202022
0.15764778642117327,-1.5367841448947694,-0.07223151005309006,-0.7030746009502787,-0.010684955963028146,1.1161737336527289,1.3020451485384492,0.3247313889780315,-0.8950540641724933,-0.2900058586891483,-0.46993413384381205,0.4028247993486041,-0.06798925268297162,0.41390077802624936,-0.5666827037857096,-0.6286447283184883,-0.47526004056822413,0.822594760622741,0.8157395977108298
0.15764778642117327,-1.5367841448947694,0.07223151350126605,2.3730266190998064,-0.010684955963028146,-0.6865507261215884,-0.6874206446824462,0.3696996659551655,-1.1342715691419176,-0.24998680658553463,-0.3930265920847561,0.3685867653995411,0.0028401951287723133,0.41390077802624936,-0.5816803436892277,-0.5929736507594164,-0.47366783816679225,0.9585487934569749,0.9518044468440765
0.15764778642117327,-1.5367841448947694,0.2166945370556222,-0.7030746009502787,-0.010684955963028146,1.2302177413684516,1.3308565430423525,0.5195943037473887,-1.3734890741113417,-0.16372296431718888,-0.31530568879933896,0.28700547187939857,0.04635211943963455,0.41390077802624936,-0.6052746444753138,-0.5524522643524618,-0.47414624127451815,0.8248356140118985,0.8234838612067384
0.15764778642117327,-1.5367841448947694,0.3611575606099783,2.360093571800247,-0.010684955963028146,-0.6865507261215884,-0.6874206446824462,0.4596365058107659,-1.4332934503536978,-0.1434097038541448,-0.28998641938592196,0.27002860569824993,0.08308633587921756,0.41390077802624936,-0.6174967111276359,-0.5500395799825669,-0.49016521233576954,0.9427968541281697,0.9360398141500105
0.15764778642117327,-1.5367841448947694,0.5056205841643344,-0.7030746009502787,-0.010684955963028146,1.2549805836721057,1.3087834473946234,0.06991039037071911,0.36083783691698385,-0.14364576009194166,-0.328729980749393,0.13620378735642,0.015718572457487052,0.41390077802624936,-0.5711591471683478,-0.4784868436039138,-0.4389324099681391,0.8336200037475935,0.8314225653380335
0.15764778642117327,-1.5367841448947694,0.6500836077186906,1.5245958544395044,-0.010684955963028146,0.5636776309404029,-0.6874206446824462,0.06991039037071911,0.7196640943711202,-0.16250214161368,-0.36222669928113616,0.1459330352440444,0.02764486451673406,0.41390077802624936,-0.5494435884361929,-0.4783797095743652,-0.43967326882003954,0.8988544147713952,0.8920614359126793
0.15764778642117327,-1.5367841448947694,0.7945466312730467,-0.7030746009502787,-0.010684955963028146,1.0436367223047247,1.5064014447070477,-0.07998424742150408,1.0784903518252564,-0.21904774594465487,-0.43771485907802204,0.1477648326398231,-0.058642542080316655,0.41390077802624936,-0.5024880521066315,-0.47501452994581167,-0.4047904549081435,0.8175806556942145,0.8107211872486847
0.15764778642117327,-1.5367841448947694,0.9390096548274028,1.660598177365014,-0.010684955963028146,0.4445645311248251,-0.6874206446824462,-0.07998424742150408,1.0784903518252564,-0.30402014480677136,-0.5091772619959293,0.1731596781655546,-0.09164735100710428,0.41390077802624936,-0.4599641296507883,-0.4832042108321343,-0.392458528519215,0.8973512258010314,0.890557079417848
0.15764778642117327,-1.5367841448947694,1.083472678381759,-0.7030746009502787,-0.010684955963028146,1.022103593111698,1.5380728299585489,-0.07998424742150408,0.0020115794628475024,-0.35374365847587796,-0.5629634890565169,0.18853682987889658,-0.15504158248797076,0.41390077802624936,-0.42808528741251783,-0.48885585619658006,-0.3699063309010187,0.8115652036708779,0.8047011005027703
0.15764778642117327,-1.5367841448947694,1.227935701936115,1.7131455799791473,-0.010684955963028146,0.39158288508424527,-0.6874206446824462,-0.09497376838099289,-0.057792796779508555,-0.4202323961917248,-0.6066623633290937,0.19480224006653954,-0.17726504292315334,0.41390077802624936,-0.38855265009218976,-0.48130507581845616,-0.3515353022056171,0.8967357864808682,0.8899410096152028
0.15764778642117327,-1.5367841448947694,1.3723987254904713,-0.7030746009502787,-0.010684955963028146,1.0118066271488007,1.5442969496706624,-0.22987888521372726,0.0020115794628475024,-0.45101648362385705,-0.6427578032474571,0.20411042321341483,-0.21926990576473845,0.41390077802624936,-0.3579702483296211,-0.47822898457327967,-0.32938486712426046,0.8072966718439978,0.8004289327318026
0.15764778642117327,-1.5367841448947694,1.5168617490448273,1.7461622608262632,-0.010684955963028146,0.3706656366696418,-0.6874206446824462,-0.22987888521372726,0.36083783691698385,-0.49743782554539007,-0.6722816438360673,0.2201432091982776,-0.21194373167839833,0.41390077802624936,-0.33668563132837437,-0.4814536321144901,-0.3297512570899218,0.9054198797385692,0.8986323013426196
0.15764778642117327,-1.5367841448947694,1.6613247725991833,-0.7030746009502787,-0.010684955963028146,1.0070701608769663,1.5469632341988135,-0.25985778418203864,0.5402509656440521,-0.522030177476973,-0.7025450937510436,0.19435216495979393,-0.2685268916161495,0.41390077802624936,-0.302569651983678,-0.4593144065953247,-0.2942847957535843,0.805968372610351,0.7990995728088192
0.15764778642117327,-1.4265392129941283,-1.6613247691510074,1.7608334147956253,-0.010684955963028146,0.35570992172743193,-0.6874206446824462,-0.37977352300595046,0.7196640943711202,-0.5609251833956206,-0.7296838160228305,0.2010933451497794,-0.2582598319196758,0.41390077802624936,-0.2798610955270592,-0.45591496142695603,-0.2920451879599082,0.9077000967991975,0.9009142157046431
0.15764778642117327,-1.4265392129941283,-1.5168617455966513,-0.7030746009502787,-0.010684955963028146,0.971079000291957,1.5124362511053395,-0.37977352300595046,0.7196640943711202,-0.5785927830882325,-0.7576379871473937,0.17005142466593018,-0.31144803481108563,0.41390077802624936,-0.24818012977708603,-0.43420600699002626,-0.2600052806945622,0.7751290030551484,0.7682350897193554
0.15764778642117327,-1.4265392129941283,-1.372398722042295,1.7208827615510216,-0.010684955963028146,0.3159582064980829,-0.6874206446824462,-0.42474194293375067,0.8990772230981884,-0.6184660165186364,-0.7857793218738313,0.14400923354467687,-0.32361926504649485,0.41390077802624936,-0.2071659494926123,-0.4073069076236292,-0.2361410227046978,0.8704505600491985,0.8636344196935481
0.15764778642117327,-1.4265392129941283,-1.227935698487939,-0.7030746009502787,-0.010684955963028146,0.9732416957699935,1.5033186708884883,-0.5296681607981737,0.7196640943711202,-0.628399341472575,-0.807991953806322,0.12782062045103296,-0.35787480479308753,0.41390077802624936,-0.184331099150649,-0.3947394787201653,-0.2154666282478172,0.7798443754631985,0.7729542662773586
0.15764778642117327,-1.4265392129941283,-1.083472674933583,1.7287037936456737,-0.010684955963028146,0.3205351588115111,-0.6874206446824462,-0.6795627985903968,1.0784903518252564,-0.6706449073980675,-0.842556687687051,0.09410643082510664,-0.3744004010771479,0.41390077802624936,-0.15273207981483064,-0.3799601875345838,-0.20588131650612,0.8822610994327524,0.8754545682558608
0.15764778642117327,-1.4265392129941283,-0.9390096513792268,-0.7030746009502787,-0.010684955963028146,0.9871534049293497,1.517001735165193,-0.5896259587347964,0.8990772230981884,-0.68943589938025,-0.8734449439755708,0.03618682067930509,-0.4444217970319846,0.41390077802624936,-0.11722036022198606,-0.35718249524823004,-0.1759655103051087,0.7956619209111214,0.7887848041131029
0.15764778642117327,-1.4265392129941283,-0.7945466278248707,1.73961547000938,-0.010684955963028146,0.3236153994981632,-0.6874206446824462,-0.6795627985903968,1.0784903518252564,-0.7235908175764895,-0.8978026516871647,0.014611397053912055,-0.44949470264725105,0.41390077802624936,-0.08598913567440361,-0.34848815669640226,-0.1728518506446016,0.8924850491904064,0.8856868531873026
0.15764778642117327,-1.4265392129941283,-0.6500836042705146,-0.7030746009502787,-0.010684955963028146,0.9940522528812695,1.5244956137887986,-0.5296681607981737,0.7196640943711202,-0.7286696231137971,-0.9104121905599142,-0.015455775132454918,-0.49399777213607204,0.41390077802624936,-0.06166454772687922,-0.33657264053144653,-0.15393232874673193,0.804275914479902,0.7974056878630745
0.15764778642117327,-1.4265392129941283,-0.5056205807161585,1.6857176798093998,-0.010684955963028146,0.2688078677802471,-0.6874206446824462,-0.4697103628615509,0.8990772230981884,-0.5172541255078092,-0.8601570240179606,0.4220644740774794,-0.44087304159595997,0.3241806298260182,-0.06358691419540459,-0.4699352058444807,-0.15366048398675075,0.9081857618234619,0.8968651429784872
0.15764778642117327,-1.4265392129941283,-0.3611575571618023,-0.7030746009502787,-0.010684955963028146,0.9927176701958242,1.5423764131687832,-0.2748473051415275,0.7794684706134762,-0.14231050569420994,-0.7495162000667998,0.9196900572941511,-0.42553226253612614,-0.8285440019365271,-0.030496711140834146,-0.5472575651423861,-0.05739162968383149,0.7859466432551211,0.7847238602744708
0.15764778642117327,-1.4265392129941283,-0.2166945336074462,2.2639652183079115,-0.010684955963028146,-0.6865507261215884,-0.6874206446824462,-0.07998424742150408,0.7196640943711202,0.8410664323022613,-0.5969709067844527,1.1646494434305525,-0.23578166833120823,-2.408903969840896,-0.11875709650625359,-0.606504418446797,-0.11150467641203346,0.9695765529809168,0.9539653986634544
0.15764778642117327,-1.4265392129941283,-0.07223151005309006,-0.7030746009502787,-0.010684955963028146,-0.6865507261215884,2.8193819454534377,0.11487881029851932,0.48044658940169593,1.181743971702376,-0.4561793485447233,1.0834676640935619,0.049948072265085734,-2.4963056265350767,-0.1787028266114057,-0.5503360419631194,-0.1888201646903384,0.6783224111127371,0.6895300233507284
0.15764778642117327,-1.4265392129941283,0.07223151350126605,-0.7030746009502787,-0.010684955963028146,-0.6865507261215884,-0.6874206446824462,0.2347945491224311,0.0020115794628475024,1.710602797513472,-0.3406173046825678,0.772095261515185,0.2640671668798161,-3.070426306982323,-0.23642106036473845,-0.4335289372729196,-0.2561208483410964,-1.2676136780735823,-1.2761757670616813
0.15764778642117327,-1.4265392129941283,0.2166945370556222,-0.7030746009502787,-0.010684955963028146,-0.6865507261215884,-0.6874206446824462,0.3696996659551655,-0.2970103017489328,1.903851119344641,-0.24971284776028813,0.5045152497099168,0.43630427461508925,-2.9056259278164487,-0.27326609631965454,-0.32204361790881864,-0.3019311665566207,-1.2676136780735823,-1.2761757670616813
0.15764778642117327,-1.4265392129941283,0.3611575606099783,-0.7030746009502787,-0.010684955963028146,-0.6865507261215884,-0.6874206446824462,0.5945416226435003,-0.9548584404148494,1.9759875515919318,-0.1682458893354965,0.2782269351288593,0.6724010777407464,-2.516636386557243,-0.31448538365838036,-0.23544592397576425,-0.3839874527696333,-1.2676136780735823,-1.2761757670616813
0.15764778642117327,-1.4265392129941283,0.5056205841643344,2.3024192830551584,-0.010684955963028146,-0.6865507261215884,-0.6874206446824462,0.3696996659551655,-0.8352496879301373,1.9799311947225489,-0.1526194680176638,0.04977693384726299,1.0407742609711197,-1.8291238877264453,-0.31686062457454356,-0.15236044787376127,-0.5150015609854219,0.9243653092546819,0.9076087044438186
0.15764778642117327,-1.4265392129941283,0.6500836077186906,-0.7030746009502787,-0.010684955963028146,2.8585033845929186,-0.6874206446824462,0.06991039037071911,0.0020115794628475024,1.7795841844771902,-0.17139496912019353,-0.21185429519352403,1.4237656149542437,-0.33388085510245963,-0.28757876060838455,-0.0401067563098817,-0.6326533529148113,0.8309459702294658,0.8308218461118663
0.15764778642117327,-1.4265392129941283,0.7945466312730467,1.3686539488645437,-0.010684955963028146,0.6595829664979819,-0.6874206446824462,-0.020026449484881293,0.6000553418864081,0.7806896548487056,-0.24797827950945964,-0.16178654782157373,0.7741684143216301,0.41390077802624936,-0.22895767018615812,-0.04707155258306578,-0.4031541459673413,0.8716683174657015,0.8637697094409065
0.15764778642117327,-1.4265392129941283,0.9390096548274028,-0.7030746009502787,-0.010684955963028146,0.7915566569365071,1.7629314442351083,-0.07998424742150408,0.7196640943711202,0.5516359828429059,-0.3435576518257692,0.11019806640956228,-0.1854806436757569,0.41390077802624936,-0.15333149373248642,-0.1416468280483972,-0.02277956878589263,0.8787699551817211,0.8718705156598078
0.15764778642117327,-1.4265392129941283,1.083472678381759,1.4271828679379448,-0.010684955963028146,0.5945567091062752,-0.6874206446824462,-0.30482620410983885,0.8990772230981884,0.14924444990531702,-0.43205890026896276,0.15778418418741244,-0.32021291552684367,0.41390077802624936,-0.09632306053705329,-0.1626353386671885,0.03086752073925729,0.8712306437669288,0.863601467122709
0.15764778642117327,-1.4265392129941283,1.227935701936115,-0.7030746009502787,-0.010684955963028146,0.9654078345235211,1.6801373059983358,-0.5296681607981737,1.0784903518252564,0.03236260963531105,-0.5134082726390452,0.1858015667992271,-0.38929931492217745,0.41390077802624936,-0.04290604945138653,-0.17357797374600054,0.060045961675644965,0.8344342385958234,0.8301977940094526
0.15764778642117327,-1.4265392129941283,1.3723987254904713,1.562482494815731,-0.010684955963028146,0.4694998577021917,-0.6874206446824462,-0.5296681607981737,1.0784903518252564,-0.17640330382787134,-0.5724253396955128,0.21718000752863562,-0.3521207920235095,0.41390077802624936,-0.0032068680952320617,-0.18559216599080364,0.044085289852076284,0.8829552660958571,0.8736831117303147
0.15764778642117327,-1.4265392129941283,1.5168617490448273,-0.7030746009502787,-0.010684955963028146,0.9992062796265185,1.6436358164195946,-0.5296681607981737,1.0784903518252564,-0.23030193959762288,-0.6232044251676204,0.21165809157810284,-0.40033129782659965,0.41390077802624936,0.03136078060277626,-0.183531462450782,0.06465269319860284,0.8147903285895957,0.8113607946019292
0.15764778642117327,-1.4265392129941283,1.6613247725991833,1.6378913482961115,-0.010684955963028146,0.39524166459315596,-0.6874206446824462,-0.6495838996220854,0.8990772230981884,-0.3772100025363081,-0.6730024672246988,0.21647547006872075,-0.3527384268265232,0.41390077802624936,0.06564932945492796,-0.18535946393876795,0.044309971183819755,0.8972662074603663,0.8871326728171649
0.15764778642117327,-1.3162942810934875,-1.6613247691510074,-0.7030746009502787,-0.010684955963028146,1.0183272439704933,1.6228969089658514,-0.6795627985903968,1.0784903518252564,-0.4149293045337404,-0.7270920523909268,0.15141433668218213,-0.43402046890007306,0.41390077802624936,0.10326297457084295,-0.17211323035415607,0.06659228918487808,0.8067707444343022,0.8038295971075333
0.15764778642117327,-1.3162942810934875,-1.5168617455966513,1.684143511661695,-0.010684955963028146,0.35601305054806215,-0.6874206446824462,-0.82945743638262,0.6598597181287641,-0.4760011727927755,-0.7622426292187868,0.16299113044998328,-0.39212708954730596,0.41390077802624936,0.12792619402391878,-0.17805613280703053,0.04700505541871733,0.8579169154130113,0.8510905426188922
0.15764778642117327,-1.3162942810934875,-1.372398722042295,-0.7030746009502787,-0.010684955963028146,0.95873994186351,1.5305122210066455,-0.664573277630908,0.8990772230981884,-0.5097964485214574,-0.788027372422739,0.15239157158246402,-0.40525203254837,0.41390077802624936,0.14612504649450725,-0.17580154703539666,0.050678999138751894,0.7795503162553167,0.7726599445576896
0.15764778642117327,-1.3162942810934875,-1.227935698487939,1.6963202917462006,-0.010684955963028146,0.3390954708164321,-0.6874206446824462,-0.5296681607981737,0.7196640943711202,-0.5651290768936702,-0.8102163479891935,0.12686410724074854,-0.3992644740759397,0.41390077802624936,0.1622294450268453,-0.17537821580932614,0.038079594973938244,0.866619522178299,0.8598002550380824
0.15764778642117327,-1.3162942810934875,-1.083472674933583,-0.7030746009502787,-0.010684955963028146,0.9642301508135572,1.5189829356018882,-0.6795627985903968,1.0784903518252564,-0.5889766419697112,-0.8302525942463568,0.10866300361454777,-0.4232090117290062,0.41390077802624936,0.1726959302653336,-0.17674688556738513,0.0392936165526493,0.7822658703584203,0.7753776106173316
0.15764778642117327,-1.3162942810934875,-0.9390096513792268,1.713986951891465,-0.010684955963028146,0.3344559681114453,-0.6874206446824462,-0.7694996384459972,0.8990772230981884,-0.6343680986432387,-0.8544092228466432,0.09714091510833998,-0.41008325497984854,0.41390077802624936,0.19004012984006063,-0.17422815152046747,0.03169353578103137,0.8797423636870024,0.8729337989238416
0.15764778642117327,-1.3162942810934875,-0.7945466278248707,-0.7030746009502787,-0.010684955963028146,0.9742576689358945,1.5202713120657891,-0.82945743638262,1.0784903518252564,-0.6557171294128484,-0.8802211012939898,0.06591498601731302,-0.44965175602930857,0.41390077802624936,0.2085841213255599,-0.16244752880972071,0.04835489020281656,0.7907840610190096,0.7839029114444344
0.15764778642117327,-1.3162942810934875,-0.6500836042705146,1.7294976860953073,-0.010684955963028146,0.33252297273351367,-0.6874206446824462,-0.6795627985903968,1.0784903518252564,-0.691448589407781,-0.896584348836302,0.0546382423206756,-0.43928460531732666,0.41390077802624936,0.22037380013378297,-0.15788283841713224,0.04418005340696129,0.8910285933459896,0.8842291624449641
0.15764778642117327,-1.3162942810934875,-0.5056205807161585,-0.7030746009502787,-0.010684955963028146,1.014250276392266,1.5614707004310684,-0.4397313209425732,0.8990772230981884,-0.44785947665409764,-0.8277276250597315,0.6959770343459825,-0.40841181639567187,0.41390077802624936,0.17097842983219522,-0.3924302415812313,0.03109242042020556,0.7925751979423236,0.7909993806129769
0.15764778642117327,-1.3162942810934875,-0.3611575571618023,2.2761144065537255,-0.010684955963028146,-0.6865507261215884,-0.6874206446824462,-0.07998424742150408,0.7196640943711202,0.1984370005132296,-0.6851159181861605,1.0799557520727863,-0.2828651330247148,-0.720939678673553,0.10209331001821587,-0.49620126020631833,0.00954965117581888,0.986892793829401,0.9709973749515334
0.15764778642117327,-1.3162942810934875,-0.2166945336074462,-0.7030746009502787,-0.010684955963028146,-0.6865507261215884,2.8055664664500486,0.06991039037071911,0.36083783691698385,0.6944657001994888,-0.5505418095611134,1.2120457505280258,-0.07099767938487092,-1.4354729092504042,0.04154382765583505,-0.5143307669555974,-0.047955013750605895,0.6739325529011869,0.685381888237702
0.15764778642117327,-1.3162942810934875,-0.07223151005309006,-0.7030746009502787,-0.010684955963028146,-0.6865507261215884,-0.6874206446824462,0.33972062403618786,-0.057792796779508555,1.3577346862539486,-0.41137001661938993,1.0327351649064918,0.1652032834967622,-2.3298644866800893,-0.03482107161955559,-0.4375863675539409,-0.12372655480174075,-1.2676136780735823,-1.2761757670616813
0.15764778642117327,-1.3162942810934875,0.07223151350126605,-0.7030746009502787,-0.010684955963028146,-0.6865507261215884,-0.6874206446824462,0.6694889415396119,-1.0744671928995615,1.628996652147694,-0.2881412228351008,0.7122402455236173,0.2431579096157364,-2.585704376615936,-0.10066863067590891,-0.3263942571128151,-0.15480157693105723,-1.2676136780735823,-1.2761757670616813
0.15764778642117327,-1.3162942810934875,0.2166945370556222,-0.7030746009502787,-0.010684955963028146,-0.6865507261215884,-0.6874206446824462,0.5195943037473887,-0.8352496879301373,1.8332657269756163,-0.21437789043244032,0.407129108794884,0.2750267262039113,-2.5394929165827356,-0.1340266056896734,-0.20875805648139217,-0.1609293290146808,-1.2676136780735823,-1.2761757670616813
0.15764778642117327,-1.3162942810934875,0.3611575606099783,-0.7030746009502787,-0.010684955963028146,-0.6865507261215884,-0.6874206446824462,0.5195943037473887,-0.8352496879301373,1.929911466439254,-0.16165411251706527,0.16205699666489615,0.46722995716282556,-2.135064620734271,-0.1659411187199877,-0.11512378213794602,-0.23514382188635727,-1.2676136780735823,-1.2761757670616813
0.15764778642117327,-1.3162942810934875,0.5056205841643344,2.3024246580886696,-0.010684955963028146,-0.6865507261215884,-0.6874206446824462,0.3696996659551655,0.0020115794628475024,1.9157487460668392,-0.14980714356124633,-0.10617201847109364,0.8402748681983392,-1.4361820811877144,-0.14280957415501105,0.02844362479534896,-0.3401440241909848,0.9384398888475747,0.9211974440907349
0.15764778642117327,-1.3162942810934875,0.6500836077186906,-0.7030746009502787,-0.010684955963028146,1.3706678466577042,1.1646913316301097,0.06991039037071911,1.0784903518252564,1.724953839759808,-0.1732791290974272,-0.37438445625508543,1.4522036695799605,-0.33687474845356735,-0.09348072506020778,0.18595645582188872,-0.5164996548795833,0.9982097595058379,0.989985628705952
0.15764778642117327,-1.3162942810934875,0.7945466312730467,1.10241599730012,-0.010684955963028146,0.9483656770053588,-0.6874206446824462,0.06991039037071911,0.7196640943711202,0.7183289587650235,-0.25039957815080865,-0.4883769595341117,0.8375382333596897,0.41390077802624936,-0.017653779891856847,0.26101728949199515,-0.2797014707139202,0.9276901914230171,0.9230112682073599
0.15764778642117327,-1.3162942810934875,0.9390096548274028,0.4927556879542935,-0.010684955963028146,0.4084314292666635,0.7074205018554885,0.06991039037071911,0.7196640943711202,0.339800684392969,-0.3416449650541978,-0.32173312857424735,-0.04074171151813626,0.41390077802624936,0.08058093018939183,0.22345943853803932,0.10515647068977198,0.9702586768769506,0.9629958357938555
0.15764778642117327,-1.3162942810934875,1.083472678381759,0.5978290826324062,-0.010684955963028146,0.46715264902898906,0.5264792294099436,-0.07998424742150408,1.0784903518252564,0.1515736253042986,-0.426091929824075,-0.28463881687592946,-0.16231811794060358,0.41390077802624936,0.15987083441237823,0.2258300500299333,0.17667784446939414,0.9324857291163455,0.9260318523094986
0.15764778642117327,-1.3162942810934875,1.227935701936115,0.6600930229089863,-0.010684955963028146,0.46894485372625533,0.4906583264240424,-0.13994204535812688,0.8990772230981884,0.02558367606954965,-0.4929733470366254,-0.26568178599862,-0.2105017700566062,0.41390077802624936,0.22316672674327043,0.2243050166376546,0.20491585538069035,0.9331676732695872,0.9265400587280925
0.15764778642117327,-1.3162942810934875,1.3723987254904713,0.6939104941654087,-0.010684955963028146,0.45504716087537544,0.46361298457421984,-0.22987888521372726,1.0784903518252564,-0.10541838137215996,-0.5465765851481686,-0.2512288216591664,-0.23972509159261046,0.41390077802624936,0.2850994163728111,0.2293620030769542,0.22947730238149436,0.930201737457083,0.92350371470077
0.15764778642117327,-1.3162942810934875,1.5168617490448273,0.7222078955895168,-0.010684955963028146,0.44792426118646805,0.4515420120687527,-0.22987888521372726,0.7196640943711202,-0.1864746007102729,-0.5918089485602664,-0.2541232273180167,-0.25325609489236206,0.41390077802624936,0.3310540013553582,0.22676693061222056,0.23166909169931837,0.9362883676260926,0.9295567540175235
0.15764778642117327,-1.3162942810934875,1.6613247725991833,0.7479437352098762,-0.010684955963028146,0.44719081077575074,0.44870220776843006,-0.37977352300595046,0.8990772230981884,-0.21683888729845618,-0.6243761110618825,-0.23796611119316893,-0.23877300632314274,0.41390077802624936,0.3573573541858557,0.21900383400954587,0.22446968171851606,0.9354957019129151,0.9287327350721915
0.15764778642117327,-1.2060493491928466,-1.6613247691510074,0.7652856537471602,-0.010684955963028146,0.4445532343985904,0.4450382106985393,-0.37977352300595046,0.7196640943711202,-0.25277305486601204,-0.6568771748936916,-0.2325975357486176,-0.2342510081672178,0.41390077802624936,0.3819340478663386,0.21510276736274422,0.22087543545823501,0.9422209582222694,0.9354632464975017
0.15764778642117327,-1.2060493491928466,-1.5168617455966513,-0.7030746009502787,-0.010684955963028146,1.218543620798095,1.2186918561714595,-0.37977352300595046,0.7196640943711202,-0.3035212226199598,-0.6849162306257963,-0.21363138732770928,-0.21579682890141516,0.41390077802624936,0.4022485639353117,0.2062399204284078,0.21202421374308933,0.761784358940989,0.7548794741605497
0.15764778642117327,-1.2060493491928466,-1.372398722042295,1.6002555428170835,-0.010684955963028146,0.4560585316713289,-0.6874206446824462,-0.48469974087037343,0.8990772230981884,-0.3890867046058484,-0.714822747723815,-0.14868215106715713,-0.18430477768055958,0.41390077802624936,0.41995380977005015,0.17484357739652678,0.1947608705636591,0.8736118762767194,0.8667982758428135
0.15764778642117327,-1.2060493491928466,-1.227935698487939,-0.7030746009502787,-0.010684955963028146,1.0409895227904016,1.4389224397795104,-0.37977352300595046,0.7196640943711202,-0.44508892186311366,-0.7413199650107389,-0.10621926392428793,-0.23920103782035643,0.41390077802624936,0.4393071426047606,0.14673368999982656,0.20929790557190475,0.785766181491849,0.7788810215182875
0.15764778642117327,-1.2060493491928466,-1.083472674933583,1.6572237313265583,-0.010684955963028146,0.38627007657580903,-0.6874206446824462,-0.37977352300595046,1.0784903518252564,-0.5050929789412008,-0.7586837376812867,-0.03872871960244284,-0.23886902859818307,0.41390077802624936,0.45214718162735595,0.11181428561163616,0.20276227717370704,0.8733237485809772,0.8665098896793827
0.15764778642117327,-1.2060493491928466,-0.9390096513792268,-0.7030746009502787,-0.010684955963028146,1.003536795949124,1.4757136519434932,-0.4397313209425732,0.8990772230981884,-0.5424676780651733,-0.783656510909821,-0.02257077460999521,-0.30627829317268523,0.41390077802624936,0.47096689869459957,0.09425016026930685,0.22185560503860083,0.7849028768613746,0.77801688639976
0.15764778642117327,-1.2060493491928466,-0.7945466278248707,1.6942412287839916,-0.010684955963028146,0.3581882979441371,-0.6874206446824462,-0.37977352300595046,0.7196640943711202,-0.5937199991690971,-0.8043224339688293,-0.006789135507902111,-0.3272436990552207,0.41390077802624936,0.48598092788094854,0.06873556220784542,0.21145082873127363,0.882466545444127,0.8756602659806643
0.15764778642117327,-1.2060493491928466,-0.6500836042705146,-0.7030746009502787,-0.010684955963028146,0.987549104145514,1.491186720669232,-0.22987888521372726,1.0784903518252564,-0.6075884666135105,-0.8096931248345112,0.004118762106779884,-0.3720625028043438,0.41390077802624936,0.50632292010055,0.0653040202047132,0.23282459569114192,0.7851958576125037,0.7783101847476638
0.15764778642117327,-1.2060493491928466,-0.5056205807161585,1.660388909393637,-0.010684955963028146,0.29423554334267465,-0.6874206446824462,-0.07998424742150408,0.8990772230981884,-0.5332366367660653,-0.7563661095852139,0.22702115254224653,-0.32206093744732334,0.41390077802624936,0.4978458045751019,-0.0023381072249112162,0.2356790748455465,0.8902952427542062,0.879403350549028
0.15764778642117327,-1.2060493491928466,-0.3611575571618023,-0.7030746009502787,-0.010684955963028146,1.0040717168561988,1.526090238530529,0.2198050281629423,0.7196640943711202,-0.29989994991935337,-0.6064125799347706,0.6446552102953836,-0.20152856982889625,0.41390077802624936,0.40740781376295143,-0.14098450552564135,0.2098322060760605,0.772874489213791,0.7713471632573021
0.15764778642117327,-1.2060493491928466,-0.2166945336074462,2.2539776893725985,-0.010684955963028146,-0.6865507261215884,-0.6874206446824462,0.2198050281629423,0.7196640943711202,0.1393882846080544,-0.43627112497434406,0.7587471776863979,-0.05088589525248215,-0.01790924020959264,0.32552020821125804,-0.1385744236018084,0.19425648390056152,0.9672123960363761,0.9513083162123117
0.15764778642117327,-1.2060493491928466,-0.07223151005309006,-0.7030746009502787,-0.010684955963028146,1.1296835722362186,1.3446433635661907,0.3996787078741431,0.4206422131593399,0.39541971894843664,-0.2506577108507916,0.8180128688144368,0.1558232092222712,-0.07359379336269209,0.2269608457186373,-0.12468213278232762,0.14381781759080373,0.7931142465758427,0.7941548451137678
0.15764778642117327,-1.2060493491928466,0.07223151350126605,2.2406071143452113,-0.010684955963028146,-0.6865507261215884,-0.6874206446824462,0.6694889415396119,-0.536227806718357,0.8761028014917145,-0.08907638151809982,0.8044832629812716,0.2783313572118672,-0.617895482350656,0.16233645740297686,-0.0835083998958543,0.12975176181732062,0.9145062373649985,0.9018420045469656
0.15764778642117327,-1.2060493491928466,0.2166945370556222,-0.7030746009502787,-0.010684955963028146,-0.6865507261215884,2.427047360400647,0.819383579331835,-1.0744671928995615,0.9759918621173256,0.04812636683884848,0.6938468446142398,0.4981418059929713,-0.5108058618730532,0.07951562680537952,-0.04600628466172434,0.030079935157528735,0.4754427673237971,0.523932507143238
0.15764778642117327,-1.2060493491928466,0.3611575606099783,-0.7030746009502787,-0.010684955963028146,-0.6865507261215884,-0.6874206446824462,0.819383579331835,-0.8352496879301373,0.9871433941931909,0.11386045029864467,0.4993257096669439,0.8343133496649029,-0.05567235474987709,0.06765026807349586,0.05648476424191375,-0.08309526137496598,-1.2676136780735823,-1.2761757670616813
0.15764778642117327,-1.2060493491928466,0.5056205841643344,1.1069016419331656,-0.010684955963028146,0.924658137210793,-0.6874206446824462,0.6694889415396119,-0.536227806718357,0.8506368453116646,0.0924910982377962,0.2504308601662179,0.8892625034307813,0.41390077802624936,0.09442649991743954,0.16933094602588794,-0.09705279759366142,0.947936958753961,0.9322938641407041
0.15764778642117327,-1.2060493491928466,0.6500836077186906,-0.7030746009502787,-0.010684955963028146,2.7730773316077464,-0.6874206446824462,0.6694889415396119,-0.536227806718357,0.6791292375920452,0.016103300756064292,0.16719846238707492,0.7637654586935314,0.41390077802624936,0.1741261362111999,0.2233184727096859,-0.029964349369973064,0.6513121022577208,0.6584436732625712
0.15764778642117327,-1.2060493491928466,0.7945466312730467,2.302992440795257,-0.010684955963028146,-0.6865507261215884,-0.6874206446824462,0.4596365058107659,0.0020115794628475024,0.20956237677327247,-0.11178092670904852,0.33508310814398934,0.3457756129543925,0.41390077802624936,0.2816943018458143,0.16504384987990312,0.16009138382485677,0.9509702981135041,0.9316110704989685
0.15764778642117327,-1.2060493491928466,0.9390096548274028,-0.7030746009502787,-0.010684955963028146,0.9241629640441735,1.6070288971058628,0.5195943037473887,0.06181595570520356,0.10043900537157545,-0.2117214196816729,0.32977006682863136,-0.2333249628367441,0.41390077802624936,0.39851759190261704,0.20684759158386357,0.4681456474863049,0.8421396323505196,0.8399014050869965
0.15764778642117327,-1.2060493491928466,1.083472678381759,2.2698356507412774,-0.010684955963028146,-0.6865507261215884,-0.6874206446824462,0.3696996659551655,0.36083783691698385,-0.05082596258772017,-0.2923687546008585,0.28124981526569404,-0.23487108421451217,0.41390077802624936,0.48321499538435914,0.2478012009076004,0.4903266514563341,0.9120683858756952,0.9017325037680901
0.15764778642117327,-1.2060493491928466,1.227935701936115,-0.7030746009502787,-0.010684955963028146,1.131331011478774,1.3754830253527672,0.3696996659551655,0.5402509656440521,-0.07145243894523705,-0.3419726753013459,0.16766925918381803,-0.2759726866722433,0.41390077802624936,0.5523502927803757,0.3270673705432467,0.5413773505871579,0.8547058104320776,0.8478767459274854
0.15764778642117327,-1.2060493491928466,1.3723987254904713,1.4681728734958692,-0.010684955963028146,0.5697166725066843,-0.6874206446824462,0.2198050281629423,0.7196640943711202,-0.1347423203860087,-0.3942149765903378,0.12022985097115015,-0.27308794968056543,0.41390077802624936,0.6368683782264379,0.38424614671046065,0.577844287979908,0.8741886708965805,0.8673754575183815
0.15764778642117327,-1.2060493491928466,1.5168617490448273,-0.7030746009502787,-0.010684955963028146,0.9816547234346265,1.5403571408833414,0.2198050281629423,0.7196640943711202,-0.18544144598528947,-0.43550298885364025,0.12502733663937046,-0.30125014370256464,0.41390077802624936,0.7162035939960747,0.41510790394712455,0.6273126104235162,0.8107227492042876,0.8038578421682526
0.15764778642117327,-1.2060493491928466,1.6613247725991833,1.6129096258774014,-0.010684955963028146,0.4471708323062061,-0.6874206446824462,0.2947523470590539,0.6598597181287641,-0.2547733208810274,-0.46372642508573275,0.16425515353983056,-0.26929913855694004,0.41390077802624936,0.7843656572145705,0.4284293915970266,0.6447274879510805,0.8774731109366924,0.870662527628176
0.15764778642117327,-1.0958044172922057,-1.6613247691510074,-0.7030746009502787,-0.010684955963028146,0.9714560808296975,1.539681051789117,0.2198050281629423,0.7196640943711202,-0.29537368599129316,-0.4900594393613467,0.19530121836167924,-0.2765130154063686,0.41390077802624936,0.8426160606221791,0.43648439589964544,0.6725785840714638,0.7960695775636127,0.7891927200987082
0.15764778642117327,-1.0958044172922057,-1.5168617455966513,2.135294620259733,-0.010684955963028146,-0.6865507261215884,-0.6874206446824462,0.2198050281629423,0.7196640943711202,-0.3489172565612561,-0.5146669304672638,0.1954363237804629,-0.24444645803145812,0.41390077802624936,0.8899545759284816,0.44966817077877147,0.6702935596431884,0.7955950565924589,0.7887176709253064
0.15764778642117327,-1.0958044172922057,-1.372398722042295,-0.7030746009502787,-0.010684955963028146,0.98369807109198,1.1689229548624935,0.0998892893390305,0.8990772230981884,-0.36203243650998534,-0.5426071860823939,0.09912439527490033,-0.2722676916022548,0.41390077802624936,0.9370544825582745,0.5038992430398631,0.6939966759199072,0.8030595950057359,0.796188284811203
0.15764778642117327,-1.0958044172922057,-1.227935698487939,2.3088734441278618,-0.010684955963028146,-0.6865507261215884,-0.6874206446824462,0.06991039037071911,1.0784903518252564,-0.3893391082285342,-0.5694703812674067,0.01813408435348641,-0.27849205076991174,0.41390077802624936,0.9762152277696589,0.547167728135668,0.7018969868481308,0.929969689512477,0.9232020247043916
0.15764778642117327,-1.0958044172922057,-1.083472674933583,-0.7030746009502787,-0.010684955963028146,1.1624693913514588,1.256345751325721,0.06991039037071911,1.0784903518252564,-0.38068545656370484,-0.5913525198508627,-0.0977117668789159,-0.32784668639255027,0.41390077802624936,1.012518935353423,0.6107240152480953,0.7349952327091626,0.8304078203099071,0.8235589766943036
0.15764778642117327,-1.0958044172922057,-0.9390096513792268,2.311588552722253,-0.010684955963028146,-0.6865507261215884,-0.6874206446824462,0.06991039037071911,0.8990772230981884,-0.40044552152210583,-0.615059677496462,-0.1679160237228331,-0.3429856559251807,0.41390077802624936,1.0441613380849704,0.6443478352384653,0.7417537956454653,0.9314365704388359,0.9246703585130881
0.15764778642117327,-1.0958044172922057,-0.7945466278248707,-0.7030746009502787,-0.010684955963028146,1.1993644992338752,1.2499107721436264,0.06991039037071911,0.9588815993405444,-0.3890912818736173,-0.6375888872685543,-0.25950009143856695,-0.3911896517435223,0.41390077802624936,1.079429146586272,0.691765703709479,0.7686989609151161,0.8459372380620878,0.839101128366617
0.15764778642117327,-1.0958044172922057,-0.6500836042705146,1.4587248187573167,-0.010684955963028146,0.559740826446939,-0.6874206446824462,0.06991039037071911,1.0784903518252564,-0.41543476567450754,-0.6538157628184227,-0.2674315255020086,-0.4003125816204477,0.41390077802624936,1.1206168604536617,0.7063025336702926,0.7843742503280058,0.885903407371943,0.8790998184834722
0.15764778642117327,-1.0958044172922057,-0.5056205807161585,-0.7030746009502787,-0.010684955963028146,1.0020196874555352,1.4639724611388445,0.1448577092668307,0.8990772230981884,-0.42570026948939016,-0.6499729948884886,-0.209346970703827,-0.42404798601346877,0.41390077802624936,1.1428320512932957,0.6871277110861468,0.8076607563219584,0.8048433624745736,0.7979736591927556
0.15764778642117327,-1.0958044172922057,-0.3611575571618023,1.5530776195130536,-0.010684955963028146,0.39133582149752044,-0.6874206446824462,0.2198050281629423,0.7196640943711202,-0.43274076121337524,-0.5988007962748976,-0.01419340977780745,-0.32980049556519303,0.41390077802624936,1.1052210573848973,0.5928851149757294,0.7604772399574209,0.8826971554463962,0.8726781606568967
0.15764778642117327,-1.0958044172922057,-0.2166945336074462,-0.7030746009502787,-0.010684955963028146,0.9664192053194747,1.4728921514166065,0.06991039037071911,1.0784903518252564,-0.40415376231032163,-0.5504228319554609,0.07067683037873765,-0.3004388368532832,0.41390077802624936,1.0689882093474907,0.5537026870676268,0.7472618726858548,0.7840681513348448,0.7771814056906579
0.15764778642117327,-1.0958044172922057,-0.07223151005309006,2.3520797551703194,-0.010684955963028146,-0.6865507261215884,-0.6874206446824462,0.06991039037071911,1.0784903518252564,-0.3891488246684265,-0.5010234692436393,0.11657040051759232,-0.2424552164465115,0.41390077802624936,1.050946019139257,0.5401565215743799,0.7259961885823645,0.9561102229965032,0.9493639098584482
0.15764778642117327,-1.0958044172922057,0.07223151350126605,-0.7030746009502787,-0.010684955963028146,1.1281382219270433,1.2851567274576603,0.2198050281629423,0.7196640943711202,-0.3160197792106768,-0.4377684337893392,0.10917441492368597,-0.198953057112772,0.41390077802624936,1.0256361460709538,0.5538974367812597,0.7140658063810708,0.8277772845474686,0.8209262504911724
0.15764778642117327,-1.0958044172922057,0.2166945370556222,2.3239647465500313,-0.010684955963028146,-0.6865507261215884,-0.6874206446824462,0.20481550720345348,0.8392728468558323,-0.267063284840561,-0.384055263153275,0.13048708751991075,-0.11643655918128835,0.41390077802624936,0.9972209859439142,0.5496968719668333,0.677763504288743,0.9369789394333553,0.930217238154778
0.15764778642117327,-1.0958044172922057,0.3611575606099783,-0.7030746009502787,-0.010684955963028146,1.1818876269543122,1.2605372108495372,0.20481550720345348,0.8990772230981884,-0.22619024535034715,-0.36465008524890014,0.08750864472990386,-0.10181676093235059,0.41390077802624936,0.9896568498796965,0.5747569094494813,0.6746417657076581,0.8378590577565685,0.8310162867472526
0.15764778642117327,-1.0958044172922057,0.5056205841643344,1.489146791760697,-0.010684955963028146,0.5278864642494738,-0.6874206446824462,0.06991039037071911,1.0784903518252564,-0.2501326252587443,-0.39514592417140815,0.06681430736320436,-0.1079475390692479,0.41390077802624936,1.02738064061699,0.5905507208581969,0.6836888466595131,0.8756747843016943,0.8688628260419106
0.15764778642117327,-1.0958044172922057,0.6500836077186906,-0.7030746009502787,-0.010684955963028146,1.0050985683510663,1.4696769628713624,0.06991039037071911,1.0784903518252564,-0.2921852920425469,-0.45235188767516554,0.07454847093786984,-0.17264132625553316,0.41390077802624936,1.0792970682481635,0.5874117371665243,0.7178650825446629,0.7971088503875567,0.7902328751608486
0.15764778642117327,-1.0958044172922057,0.7945466312730467,1.618764470713584,-0.010684955963028146,0.4175401469885812,-0.6874206446824462,0.06991039037071911,0.7196640943711202,-0.37232736561766816,-0.5244599702307658,0.09519473398377515,-0.19655738272532502,0.41390077802624936,1.1425466849569448,0.5773465601515859,0.7303467964880871,0.873759984337413,0.8669466647487664
0.15764778642117327,-1.0958044172922057,0.9390096548274028,-0.7030746009502787,-0.010684955963028146,0.9797734001192867,1.4918548606961357,0.06991039037071911,0.7196640943711202,-0.41687725891711097,-0.578243414189467,0.10916032417448768,-0.2507790456955588,0.41390077802624936,1.1948164462444444,0.5739065601987525,0.7623620302932902,0.7846019874273928,0.7777158104264407
0.15764778642117327,-1.0958044172922057,1.083472678381759,1.6667473948698377,-0.010684955963028146,0.36906160614363637,-0.6874206446824462,0.06991039037071911,0.7196640943711202,-0.46958515117154936,-0.6126515985890743,0.13800574551860229,-0.24565406020230435,0.41390077802624936,1.2251959101225474,0.5598390380111031,0.7595802614240854,0.8728727739155888,0.8660585827309333
0.15764778642117327,-1.0958044172922057,1.227935701936115,-0.7030746009502787,-0.010684955963028146,0.9777947994391485,1.5037044098395247,-0.035015827493703876,0.8990772230981884,-0.4936203842261159,-0.641418435464527,0.14613610780601988,-0.2821685646566256,0.41390077802624936,1.2508287484701666,0.5558802838099292,0.7788652998907972,0.7865315263006267,0.7796469129473567
0.15764778642117327,-1.0958044172922057,1.3723987254904713,1.6996300582147361,-0.010684955963028146,0.34906953868778856,-0.6874206446824462,-0.07998424742150408,1.0784903518252564,-0.5337473290699969,-0.6657288304440486,0.16279220222600732,-0.27014055408568327,0.41390077802624936,1.2726626474651155,0.5478352555505477,0.7724877563168777,0.8807642014601123,0.8739565566659737
0.15764778642117327,-1.0958044172922057,1.5168617490448273,-0.7030746009502787,-0.010684955963028146,0.9809486780449599,1.5124287204099829,-0.07998424742150408,1.0784903518252564,-0.5458234692351828,-0.6812682798279248,0.160667814567464,-0.301457649466423,0.41390077802624936,1.286693319681607,0.5488625711334864,0.7891128647706654,0.790710186731455,0.7838290240029875
0.15764778642117327,-1.0958044172922057,1.6613247725991833,1.7221080900238368,-0.010684955963028146,0.33980957035350673,-0.6874206446824462,-0.07998424742150408,0.8990772230981884,-0.5770757457705353,-0.6992923434210704,0.17004479372513098,-0.2862560213305883,0.41390077802624936,1.3030237939094662,0.5443451585110225,0.7810365643833697,0.8887307614917351,0.8819296460885792
0.15764778642117327,-0.9855594853915648,-1.6613247691510074,-0.7030746009502787,-0.010684955963028146,0.9793525970670455,1.5130790796284062,-0.07998424742150408,0.7196640943711202,-0.5892506241404505,-0.7190231442461783,0.14248991923406046,-0.33314581397782705,0.41390077802624936,1.3148274518118686,0.5408687243133223,0.7880355297941618,0.7895610910615356,0.7826789588132655
0.15764778642117327,-0.9855594853915648,-1.5168617455966513,2.3052112546287624,-0.010684955963028146,-0.6865507261215884,-0.6874206446824462,-0.22987888521372726,1.0784903518252564,-0.6232714937806004,-0.7478205952423838,0.07831401644421485,-0.3538312905161772,0.41390077802624936,1.3228953173042732,0.5255312084474614,0.7496056330502224,0.9449415451235518,0.9381862340903226
0.15764778642117327,-0.9855594853915648,-1.372398722042295,-0.7030746009502787,-0.010684955963028146,1.159048784487329,1.3369166609444811,-0.30482620410983885,0.8990772230981884,-0.6123978672478478,-0.7875556366529589,-0.12158398262363142,-0.45040040427538575,0.41390077802624936,1.3163786492280458,0.5372608665894958,0.7107093424048214,0.7955427514399567,0.795220584470038
0.15764778642117327,-0.9855594853915648,-1.227935698487939,2.3401357140368573,-0.010684955963028146,-0.6865507261215884,-0.6874206446824462,-0.22987888521372726,0.7196640943711202,-0.6183411224980847,-0.8015490729388243,-0.17312960092620314,-0.4431393300365306,0.41390077802624936,1.298690756751599,0.5139234315293264,0.6564144107890175,0.9531642386339225,0.9464157804772851
0.15764778642117327,-0.9855594853915648,-1.083472674933583,-0.7030746009502787,-0.010684955963028146,1.1624811064749614,1.2521061790260166,-0.22987888521372726,0.7196640943711202,-0.5948492765172277,-0.8159752815680573,-0.28672093228687784,-0.4967824181122417,0.41390077802624936,1.2644631856723332,0.4947765852403461,0.607208544089584,0.8329412949646097,0.8260944825797415
0.15764778642117327,-0.9855594853915648,-0.9390096513792268,1.5192518169546885,-0.010684955963028146,0.4996342933304291,-0.6874206446824462,-0.22987888521372726,0.7196640943711202,-0.6074825355594299,-0.8288547813238079,-0.3188834817657917,-0.5111117082917778,0.41390077802624936,1.2242024303603531,0.4403572693807764,0.5422105711526906,0.8899603819325169,0.8831601482990452
0.15764778642117327,-0.9855594853915648,-0.7945466278248707,-0.7030746009502787,-0.010684955963028146,1.0055961473019766,1.4669537797560739,-0.22987888521372726,0.7196640943711202,-0.6177826958302771,-0.8416612246550349,-0.30869669896302254,-0.5625194303544737,0.41390077802624936,1.2008125135719236,0.385266305566729,0.5154311329294861,0.8082845382294,0.8014177145313305
0.15764778642117327,-0.9855594853915648,-0.6500836042705146,1.6343914848090564,-0.010684955963028146,0.40267009888698424,-0.6874206446824462,-0.22987888521372726,0.7196640943711202,-0.6564050273689765,-0.8537635432089501,-0.270697263845614,-0.561044918808939,0.41390077802624936,1.1767260522631786,0.32447186433750275,0.4693098854463206,0.8913039593034926,0.8845048587985066
0.15764778642117327,-0.9855594853915648,-0.5056205807161585,-0.7030746009502787,-0.010684955963028146,0.98752284971695,1.4956530505735588,-0.37977352300595046,1.0784903518252564,-0.6650933354897706,-0.8584022782784542,-0.2336526842032901,-0.5856705636163171,0.41390077802624936,1.1440911338448976,0.26997989685870477,0.44143739110386654,0.805036406233293,0.7981668717820238
0.15764778642117327,-0.9855594853915648,-0.3611575571618023,1.6814765992011227,-0.010684955963028146,0.3675488908213611,-0.6874206446824462,-0.37977352300595046,0.7196640943711202,-0.66802801802504,-0.8293272128690595,-0.16675395134777352,-0.5418917299307665,0.41390077802624936,1.069395531229613,0.18649949956680706,0.36323562340326154,0.8963912195484053,0.8895961333303334
0.15764778642117327,-0.9855594853915648,-0.2166945336074462,-0.7030746009502787,-0.010684955963028146,0.9844854947502629,1.5093863194859733,-0.37977352300595046,0.7196640943711202,-0.6193062721019299,-0.7656463628261084,-0.07665355663586038,-0.500032527997929,0.41390077802624936,0.9643513151509662,0.09531239200357607,0.2876020790495629,0.8055076918341891,0.7986384414914239
0.15764778642117327,-0.9855594853915648,-0.07223151005309006,1.701935230919991,-0.010684955963028146,0.34596283437393865,-0.6874206446824462,-0.33480510307815026,0.6598597181287641,-0.5806976723665372,-0.6919693065819328,0.022125910714604076,-0.4093386754742392,0.41390077802624936,0.8562750817485921,0.012079877699075208,0.2011117755345925,0.892709727680536,0.8859117903012916
0.15764778642117327,-0.9855594853915648,0.07223151350126605,-0.7030746009502787,-0.010684955963028146,0.9798647153230169,1.5105690570289017,-0.22987888521372726,0.36083783691698385,-0.5203895539295152,-0.6187048451924468,0.09975433465082421,-0.35845744842807803,0.41390077802624936,0.7444158162386485,-0.05882419899864703,0.13606882266150938,0.7990128657843119,0.7921383933876348
0.15764778642117327,-0.9855594853915648,0.2166945370556222,1.7115164073218425,-0.010684955963028146,0.33550959703146177,-0.6874206446824462,-0.37977352300595046,0.7196640943711202,-0.5036289071505439,-0.580838656698729,0.15712274784269237,-0.2896542333693039,0.41390077802624936,0.6712126024364419,-0.11053068170918172,0.07494327287181746,0.8871227824735749,0.8803202916506394
0.15764778642117327,-0.9855594853915648,0.3611575606099783,-0.7030746009502787,-0.010684955963028146,0.9786754210888674,1.5104389433480208,-0.4697103628615509,0.6000553418864081,-0.4905098038294412,-0.5782448057404103,0.1679320102129863,-0.2928066934837637,0.41390077802624936,0.6168088601168054,-0.15671672571089185,0.03124460981595405,0.7927150378345803,0.7858354466858216
0.15764778642117327,-0.9855594853915648,0.5056205841643344,1.7241018691209982,-0.010684955963028146,0.33633676843020005,-0.6874206446824462,-0.37977352300595046,0.36083783691698385,-0.5201809612983318,-0.5984501254371849,0.17210204310808241,-0.27267537939712944,0.41390077802624936,0.5713560764115239,-0.20744924298275708,-0.029884433561014747,0.8895121034090102,0.8827115021171854
0.15764778642117327,-0.9855594853915648,0.6500836077186906,-0.7030746009502787,-0.010684955963028146,1.031514707459027,1.5619771396937903,-0.39476304396543926,0.24122908443227173,-0.4104030406056801,-0.618932363771677,0.17020227856911196,-0.06631049036595288,0.34231167590798894,0.529760076586551,-0.25518287490928243,-0.16442924841848647,0.7884501008635423,0.786212047495412
0.15764778642117327,-0.9855594853915648,0.7945466312730467,1.7375980407647684,-0.010684955963028146,0.3407670725012116,-0.6874206446824462,-0.40975242197426187,0.18142470818991568,-0.5036609480249262,-0.6853204761748262,0.1232112877279899,-0.15680253336243927,0.41390077802624936,0.5396375117185855,-0.272187040607291,-0.16461222505211234,0.8919992044233499,0.8852005469244837
0.15764778642117327,-0.9855594853915648,0.9390096548274028,-0.7030746009502787,-0.010684955963028146,1.0452366734573677,1.5637330468277382,-0.37977352300595046,0.0020115794628475024,-0.571410396063411,-0.7578592437473791,0.041272752272290554,-0.34792998934166436,0.41390077802624936,0.5186370559593637,-0.30426609198941285,-0.15443278512414302,0.79066704846135,0.7883529412281922
0.15764778642117327,-0.9855594853915648,1.083472678381759,1.7522505612846244,-0.010684955963028146,0.3417603476153262,-0.6874206446824462,-0.37977352300595046,0.0020115794628475024,-0.629505732481861,-0.7933813646771013,0.029043639703368204,-0.36693426231871507,0.41390077802624936,0.5036553233009463,-0.330765932755812,-0.17982570589684121,0.8990140263707833,0.8922212865824021
0.15764778642117327,-0.9855594853915648,1.227935701936115,-0.7030746009502787,-0.010684955963028146,1.012125864264247,1.5365574867040435,-0.5296681607981737,0.3010334606746278,-0.6590166855788397,-0.8343124441234463,-0.009578274981565098,-0.43918451430181854,0.41390077802624936,0.47028818957030577,-0.3609729579374006,-0.19847316468552492,0.8101233069926216,0.8032579416394975
0.15764778642117327,-0.9855594853915648,1.3723987254904713,1.768862819022736,-0.010684955963028146,0.3484359806247944,-0.6874206446824462,-0.5296681607981737,0.3010334606746278,-0.7044591460932207,-0.8696703620418585,-0.038584496640060265,-0.46370193061275283,0.41390077802624936,0.4266570264479122,-0.39222508208335083,-0.23338873097814156,0.9156179465341603,0.9088385926312255
0.15764778642117327,-0.9855594853915648,1.5168617490448273,-0.7030746009502787,-0.010684955963028146,1.0091006428183305,1.541595940269479,-0.6795627985903968,1.0784903518252564,-0.7302141240381078,-0.9123137449239392,-0.09676685781503007,-0.545158114778325,0.41390077802624936,0.4146364515668648,-0.37590015480750055,-0.2064027344071923,0.8122239610039381,0.8053601519195535
0.15764778642117327,-0.9855594853915648,1.6613247725991833,1.154944766464747,-0.010684955963028146,0.17639133784147393,0.3175992863779162,-0.7694996384459972,0.8990772230981884,-0.7822321566502313,-0.9545000033211444,-0.13520310615758582,-0.5411365716999408,0.41390077802624936,0.3964751980392414,-0.3762059422197749,-0.22299356203582574,0.919575882816285,0.912799860059928
0.15764778642117327,-0.8753145534909239,-1.6613247691510074,-0.7030746009502787,-0.010684955963028146,1.2012142335554847,1.3275394809238141,-0.82945743638262,1.0784903518252564,-0.828418096229363,-0.9871527462057736,-0.20469205026278944,-0.5313854282947854,0.41084633140627447,0.367167304035645,-0.37306891036264866,-0.249706403751565,0.7820009294828594,0.7751125573301471
0.15764778642117327,-0.8753145534909239,-1.5168617455966513,1.210651792944664,-0.010684955963028146,0.15186891706791594,0.20986264837662127,-0.9793520741748433,1.0784903518252564,-0.9033538546650426,-1.0268467368635215,-0.2659238153377908,-0.5125756411120961,0.37164274775851425,0.3189707615693688,-0.4032588027743297,-0.3112810978555391,0.8735714341484961,0.866757750320912
0.15764778642117327,-0.8753145534909239,-1.372398722042295,-0.7030746009502787,-0.010684955963028146,1.2044371477105078,1.2603755100853555,-0.8894152343192429,0.8990772230981884,-0.944829785709962,-1.051045111992107,-0.3177504197567286,-0.49898523420151447,0.19490056528046207,0.25284627183694536,-0.4395314791147128,-0.3728343937374423,0.751635002442058,0.7447218953679668
0.15764778642117327,-0.8753145534909239,-1.227935698487939,1.2502356897360065,-0.010684955963028146,0.15930357502110498,0.1862983704553221,-0.82945743638262,0.6598597181287641,-0.9967248859877205,-1.0696692819295524,-0.33914763684814314,-0.46984084623058575,0.026094354481833833,0.1892163273589398,-0.4776742298210827,-0.43032617606078366,0.8906536498816612,0.883853994355845
0.15764778642117327,-0.8753145534909239,-1.083472674933583,-0.7030746009502787,-0.010684955963028146,1.2248714610785794,1.2515014223516965,-0.82945743638262,1.0784903518252564,-1.030261219139761,-1.090438179758365,-0.4040048688051064,-0.49587427523982636,-0.31589769873483764,0.15487113907347524,-0.4540388146868248,-0.4197013037550139,0.7566005768167166,0.749691593334089
0.15764778642117327,-0.8753145534909239,-0.9390096513792268,1.275096653068494,-0.010684955963028146,0.16043434593739989,0.1732577686262153,-0.724531218518197,0.8990772230981884,-1.0688972824817673,-1.1007213933416462,-0.42227642617729866,-0.48637213875130103,-0.6823090221081518,0.14359965082534867,-0.41231856812735057,-0.3872240430324452,0.8996693685907936,0.8928770632095367
0.15764778642117327,-0.8753145534909239,-0.7945466278248707,-0.7030746009502787,-0.010684955963028146,1.238163523884101,1.250858803014612,-0.37977352300595046,1.0784903518252564,-1.050629406816032,-1.0717882661284686,-0.3783746248810033,-0.42412610583045074,-0.7918557079186357,0.20063146285070244,-0.29302981424661534,-0.2733505657429868,0.7626045253013585,0.7557002183162331
0.15764778642117327,-0.8753145534909239,-0.6500836042705146,1.8709433054578102,-0.010684955963028146,0.24418069079072605,-0.6874206446824462,-0.30482620410983885,0.24122908443227173,-1.0438249713298438,-1.048547973824348,-0.32262581897933945,-0.38124565004019273,-0.773028299244692,0.25155441071968154,-0.2244052634286203,-0.19919437210899302,0.9297255988008002,0.922957848201217
0.15764778642117327,-0.8753145534909239,-0.5056205807161585,-0.7030746009502787,-0.010684955963028146,1.0763649071963046,1.40901511991526,-0.21488936425423846,0.18142470818991568,-1.0027459547900288,-1.027933538150242,-0.29949378200133453,-0.4263077644692909,-0.8698564696211819,0.28707287884075067,-0.18423152044143554,-0.13137729258887323,0.7930281497784251,0.7861488031203232
0.15764778642117327,-0.8753145534909239,-0.3611575571618023,1.8085282371556681,-0.010684955963028146,0.2776465100657028,-0.6874206446824462,-0.22987888521372726,0.18142470818991568,-0.9455078752351569,-0.9612163239490014,-0.21493768266515145,-0.3940638100099839,-0.9161785558186587,0.28016527816523196,-0.19039194401098455,-0.11739639300526374,0.9194994921296409,0.9127233118518917
0.15764778642117327,-0.8753145534909239,-0.2166945336074462,-0.7030746009502787,-0.010684955963028146,1.0315134522672231,1.4524392012004268,-0.22987888521372726,0.0020115794628475024,-0.8461327763904551,-0.8694755449097961,-0.1200447754906174,-0.37571704549253143,-0.9469524257485393,0.2356833184488195,-0.22630136225522618,-0.1246988638107336,0.7961664589285566,0.7892897357420483
0.15764778642117327,-0.8753145534909239,-0.07223151005309006,2.428613782332419,-0.010684955963028146,-0.6865507261215884,-0.6874206446824462,-0.19989998624541588,-0.057792796779508555,-0.7613748552180821,-0.7790581308176728,-0.05304989399351241,-0.3178888509716301,-0.9587312010291517,0.17639412373236638,-0.26546166937180254,-0.16251869287645018,1.0223236930088941,1.0156315298159992
0.15764778642117327,-0.8753145534909239,0.07223151350126605,-0.7030746009502787,-0.010684955963028146,1.230315227931884,1.3549493293474877,-0.22987888521372726,0.12162033194755961,-0.6236291745619713,-0.6830647720957302,-0.05293551026472623,-0.27305539975682297,-0.9172021389597026,0.11216018597826699,-0.26919856504619877,-0.1840383171051276,0.8327464537779692,0.8335202727823227
0.15764778642117327,-0.8753145534909239,0.2166945370556222,2.406637061982148,-0.010684955963028146,-0.6865507261215884,-0.6874206446824462,-0.07998424742150408,-0.2970103017489328,-0.5506766808610225,-0.6242807898222661,-0.034563659912946104,-0.21554700823669157,-0.7683540526825192,0.07432359841207792,-0.277318196759355,-0.2078875089998605,1.000233483602134,0.9935232202238653
0.15764778642117327,-0.8753145534909239,0.3611575606099783,-0.7030746009502787,-0.010684955963028146,1.2463272913763521,1.3037834840498985,-0.10996314638981547,0.06181595570520356,-0.1889855590292199,-0.5068512845941966,-0.01582379234681045,0.07055624273454743,-1.1927369795946097,0.015360020182457506,-0.2604621536163701,-0.29297055188986815,0.8512132282387095,0.8514552723160064
0.15764778642117327,-0.8753145534909239,0.5056205841643344,2.38357386819144,-0.010684955963028146,-0.6865507261215884,-0.6874206446824462,-0.07998424742150408,0.36083783691698385,-0.20259704558317854,-0.5210903296215551,-0.055392273830829376,-0.0027681567320580903,-0.8461521938315483,0.04923714983177912,-0.21527826821900012,-0.23489817903095261,0.9712957927873893,0.9645620039433043
0.15764778642117327,-0.8753145534909239,0.6500836077186906,-0.7030746009502787,-0.010684955963028146,1.2996930261089106,1.309149313677358,-0.07998424742150408,1.0784903518252564,-0.10563809022506783,-0.5467825346877776,-0.1592071118506854,0.14540316488420774,-0.41679108952700905,0.13585571468772076,-0.08217768247619815,-0.20065774847959042,0.8630927888544311,0.8611932686848608
0.15764778642117327,-0.8753145534909239,0.7945466312730467,1.4905907049296423,-0.010684955963028146,0.555297447461304,-0.6874206446824462,-0.16992108727710448,0.8392728468558323,-0.32144776488921306,-0.6359176345856462,-0.20994209764055508,-0.04249289741548203,0.41390077802624936,0.2600532179429942,0.011362253197503789,-0.05461837643361402,0.9181810787495599,0.9091797847777403
0.15764778642117327,-0.8753145534909239,0.9390096548274028,-0.7030746009502787,-0.010684955963028146,1.1101327046994247,1.5303235352507698,-0.22987888521372726,0.7196640943711202,-0.38276222834000057,-0.704979612126354,-0.18908115788627572,-0.3075509951910165,0.41390077802624936,0.3502362107958042,0.033445526126338145,0.08754005684617346,0.8258587099845531,0.8232634269285163
0.15764778642117327,-0.8753145534909239,1.083472678381759,1.6584967184298411,-0.010684955963028146,0.4530587278594404,-0.6874206446824462,-0.22987888521372726,0.7196640943711202,-0.46006181863062634,-0.7430183529370415,-0.1455241655115387,-0.330068218687975,0.41390077802624936,0.40424757440295833,0.030188564879858975,0.11239168994016217,0.9061118894881687,0.899324919353301
0.15764778642117327,-0.8753145534909239,1.227935701936115,-0.7030746009502787,-0.010684955963028146,1.0331762676093756,1.5267899656407333,-0.2448684061732161,0.7794684706134762,-0.5033523093982223,-0.7703191908937235,-0.10704730265658788,-0.3806508001837988,0.41390077802624936,0.45228311626730683,0.027266885434355754,0.1479334817521571,0.8193748482449942,0.8125170000222424
0.15764778642117327,-0.8753145534909239,1.3723987254904713,1.7086604728494528,-0.010684955963028146,0.39772840875522014,-0.6874206446824462,-0.22987888521372726,0.7196640943711202,-0.5569017650267454,-0.7878499496774677,-0.05891993433600313,-0.37634932776122926,0.41390077802624936,0.48492526525154267,0.014873603546534567,0.15371755218741892,0.9062626936907437,0.8994757643514902
0.15764778642117327,-0.8753145534909239,1.5168617490448273,-0.7030746009502787,-0.010684955963028146,1.0174099079605117,1.5385744579436818,-0.22987888521372726,0.7196640943711202,-0.5811763237960865,-0.8028710463349632,-0.041359545364524956,-0.4197570923161155,0.41390077802624936,0.5193760197999479,0.017129924282209708,0.18294686848852595,0.8159004200736285,0.8090397874384754
0.15764778642117327,-0.8753145534909239,1.6613247725991833,1.735507511064402,-0.010684955963028146,0.3692917246410092,-0.6874206446824462,-0.2748473051415275,0.7794684706134762,-0.6226954119371129,-0.8185517381395847,-0.019697919508742338,-0.41436112870770486,0.41390077802624936,0.5476942903431926,0.011598425177622034,0.184063943020304,0.9078935000435011,0.9011078376426174
0.15764778642117327,-0.7650696215902829,-1.6613247691510074,-0.7030746009502787,-0.010684955963028146,1.0105547825230927,1.5426111198407262,-0.22987888521372726,0.36083783691698385,-0.6313314084262621,-0.8259867948296582,-0.0057629974192261,-0.4399811736854159,0.41390077802624936,0.5574073506091871,-0.00533026958459114,0.1835237470876185,0.8148356237732058,0.8079740480822051
0.15764778642117327,-0.7650696215902829,-1.5168617455966513,2.383375708622653,-0.010684955963028146,-0.6865507261215884,-0.6874206446824462,-0.37977352300595046,0.7196640943711202,-0.6569732624677175,-0.8415401597229675,-0.018793624957251606,-0.42573651330761025,0.41390077802624936,0.5665390733724129,-0.017387402189415743,0.15870967005685613,0.970940081801816,0.9642060752433708
0.15764778642117327,-0.7650696215902829,-1.372398722042295,-0.7030746009502787,-0.010684955963028146,1.1190280398146877,1.2925535437855604,-0.34979462403763906,0.7196640943711202,-0.6376794249263501,-0.8535443739353797,-0.11921425015551775,-0.46267091177820957,0.41390077802624936,0.5726850544340224,0.008645733249881065,0.1593660277664974,0.8249808461879183,0.8181275333877271
0.15764778642117327,-0.7650696215902829,-1.227935698487939,1.5871490611028896,-0.010684955963028146,0.4451092843676967,-0.6874206446824462,-0.37977352300595046,0.7196640943711202,-0.6484105022628708,-0.8656146868175989,-0.1641910927288832,-0.46798712807345116,0.41390077802624936,0.5784993935371702,0.013868842496132516,0.14782234200691177,0.8894454188331397,0.8826447782780948
0.15764778642117327,-0.7650696215902829,-1.083472674933583,-0.7030746009502787,-0.010684955963028146,1.0003905530934527,1.4826456570191142,-0.37977352300595046,0.7196640943711202,-0.6572505141154346,-0.8816731847033276,-0.18197693368753412,-0.5214902514770696,0.41390077802624936,0.5873524984922697,0.009347092463565552,0.15906361411784364,0.8032867898949551,0.7964158826917814
0.15764778642117327,-0.7650696215902829,-0.9390096513792268,1.6734068822226766,-0.010684955963028146,0.3768375193684976,-0.6874206446824462,-0.39476304396543926,0.8990772230981884,-0.6914734374328122,-0.8947579382232155,-0.1635528646769603,-0.5181400505758742,0.41390077802624936,0.5969816841931881,-0.004095408928215298,0.15131723937900696,0.8938377934437792,0.8870405693582977
0.15764778642117327,-0.7650696215902829,-0.7945466278248707,-0.7030746009502787,-0.010684955963028146,0.9897525933571756,1.5054046735022275,-0.37977352300595046,0.7196640943711202,-0.7042381294495218,-0.9072290177771062,-0.15891783705832035,-0.5572048415554192,0.41390077802624936,0.6094736919744907,-0.010139806777504213,0.16423019300191935,0.8043248045193543,0.7974548097078037
0.15764778642117327,-0.7650696215902829,-0.6500836042705146,1.7081215361560433,-0.010684955963028146,0.3546643469548235,-0.6874206446824462,-0.5296681607981737,0.7196640943711202,-0.7390234028070802,-0.9250186050363051,-0.1396392055522498,-0.5453867779926159,0.41390077802624936,0.6156992092616034,-0.032588072766521314,0.14341408991112087,0.9009428462728488,0.894151570405906
0.15764778642117327,-0.7650696215902829,-0.5056205807161585,-0.7030746009502787,-0.010684955963028146,0.9901487109706077,1.5175399706971977,-0.5296681607981737,1.0784903518252564,-0.735431555399274,-0.9225082471345846,-0.1205727641517536,-0.5602043170282893,0.41390077802624936,0.6121798517925202,-0.04810472366964367,0.14158454192406691,0.8083738703970756,0.8015069525492552
0.15764778642117327,-0.7650696215902829,-0.3611575571618023,1.7299425597022675,-0.010684955963028146,0.3455060491566536,-0.6874206446824462,-0.5296681607981737,0.7196640943711202,-0.7194189649528223,-0.8788893870412479,-0.04995490237548638,-0.49284631858368155,0.41390077802624936,0.5709723743781873,-0.08730298312462285,0.10020911440731964,0.9079476026239244,0.9011618716718195
0.15764778642117327,-0.7650696215902829,-0.2166945336074462,-0.7030746009502787,-0.010684955963028146,0.9864847014958478,1.519502553581484,-0.5296681607981737,1.0784903518252564,-0.6726072474801404,-0.8233031888354964,0.00020236269725310425,-0.4712893178371264,0.41390077802624936,0.5269300330718287,-0.11247579326995356,0.0850093895624934,0.8056486101831984,0.7987796667950203
0.15764778642117327,-0.7650696215902829,-0.07223151005309006,1.737032945574937,-0.010684955963028146,0.3372222016485004,-0.6874206446824462,-0.5446576817576625,0.7794684706134762,-0.6441575666101542,-0.7714226907917635,0.06204748979618034,-0.403287644650511,0.41390077802624936,0.477041056134391,-0.15126503495220273,0.039965040357422044,0.9053285704001806,0.8985408119068115
0.15764778642117327,-0.7650696215902829,0.07223151350126605,-0.7030746009502787,-0.010684955963028146,0.984595428632417,1.5195310028750528,-0.6795627985903968,0.6598597181287641,-0.6097528603728112,-0.7435568831521001,0.0774752024331162,-0.4038328558731976,0.41390077802624936,0.4248816814871351,-0.1973478485934571,-0.0029589197197962495,0.8015884002523666,0.7947160621897987
0.15764778642117327,-0.7650696215902829,0.2166945370556222,1.7397799460348289,-0.010684955963028146,0.3341936330244403,-0.6874206446824462,-0.6795627985903968,0.6598597181287641,-0.5915869923887833,-0.7086783545336561,0.12345165933196085,-0.3410822991343388,0.41390077802624936,0.3633201609099426,-0.25905401342637213,-0.07670854713444471,0.9012496672189699,0.8944585819354633
0.15764778642117327,-0.7650696215902829,0.3611575606099783,-0.7030746009502787,-0.010684955963028146,0.9913846565001337,1.5262768324265834,-0.7545101174865084,0.7794684706134762,-0.5828483343225312,-0.7111796673542451,0.12008314140596787,-0.3549721653433513,0.41390077802624936,0.3337640174752302,-0.29757043201313116,-0.11374297411048076,0.8039674758486519,0.7970970389386928
0.15764778642117327,-0.7650696215902829,0.5056205841643344,1.7496927620043334,-0.010684955963028146,0.3380848322156975,-0.6874206446824462,-0.82945743638262,0.6598597181287641,-0.6217204539023342,-0.7457798857840283,0.09575836395170705,-0.3596927180341054,0.41390077802624936,0.31656105495548764,-0.34026290904723355,-0.16710533627256607,0.9046514793023257,0.8978631351239018
0.15764778642117327,-0.7650696215902829,0.6500836077186906,-0.7030746009502787,-0.010684955963028146,1.0527023451080435,1.5858287345615367,-0.6795627985903968,0.3010334606746278,-0.4942670867723239,-0.750309384104483,0.11300958530842257,-0.118749231263192,0.41390077802624936,0.2897727721682859,-0.38142861772501596,-0.2969233275444376,0.8070932030033363,0.8050050419170321
0.15764778642117327,-0.7650696215902829,0.7945466312730467,1.7624385789699126,-0.010684955963028146,0.3436486790849041,-0.6874206446824462,-0.82945743638262,0.3010334606746278,-0.5822369421276834,-0.8120782431513344,0.07826179778542115,-0.19784066346887255,0.41390077802624936,0.3170209189502151,-0.39037452606282835,-0.2892651658843418,0.9074989646148334,0.9007130208156066
0.15764778642117327,-0.7650696215902829,0.9390096548274028,-0.7030746009502787,-0.010684955963028146,1.0140363707890263,1.533690802005018,-0.82945743638262,0.6598597181287641,-0.6347604358805742,-0.8637423550233834,0.05387236865836814,-0.3042333442135635,0.41390077802624936,0.3435802338155137,-0.39526755840022765,-0.2630968870853841,0.8095571171974947,0.8026911983559345
0.15764778642117327,-0.7650696215902829,1.083472678381759,1.7702633735880227,-0.010684955963028146,0.3471055819120286,-0.6874206446824462,-0.82945743638262,0.3010334606746278,-0.7010778530027845,-0.912958033010689,0.012185301589005201,-0.37039431921254135,0.41390077802624936,0.3571009101133242,-0.40628349570978345,-0.2650185784368654,0.915477387670735,0.9086979813506882
0.15764778642117327,-0.7650696215902829,1.227935701936115,-0.7030746009502787,-0.010684955963028146,1.0120530631396236,1.5374994511815472,-0.9643625532153545,0.5402509656440521,-0.7319534857902951,-0.9557837090663424,-0.03521680758166719,-0.45982035220646134,0.41390077802624936,0.3625002147306644,-0.420708420489935,-0.2638298853659116,0.8110705515070084,0.8042057885684177
0.15764778642117327,-0.7650696215902829,1.3723987254904713,1.1583432209862206,-0.010684955963028146,0.17613888738992425,0.3141130973928308,-1.1292467119670664,1.0784903518252564,-0.7902626460030928,-1.0013368249708718,-0.0732013230822775,-0.46695448174272075,0.41390077802624936,0.3646361239137225,-0.4405316858845065,-0.2962953552314209,0.9188250971736677,0.9120485005099246
0.15764778642117327,-0.7650696215902829,1.5168617490448273,-0.7030746009502787,-0.010684955963028146,1.2025777902517356,1.3257097311381767,-1.2791413497592896,1.0784903518252564,-0.8426736697479474,-1.0361944803251664,-0.1405874300865352,-0.4625154858923392,0.41390077802624936,0.3522419697916753,-0.4569368552472656,-0.3399199979068557,0.7809300219275052,0.7740406777432857
0.15764778642117327,-0.7650696215902829,1.6613247725991833,1.2468331143555076,-0.010684955963028146,0.18148197740062844,0.2379740019913471,-1.204194030863178,0.8990772230981884,-0.9063016151082232,-1.0604297315537494,-0.1629088345518381,-0.41065938863009055,0.41390077802624936,0.3321371401353924,-0.48776347946209375,-0.39926141634409296,0.9213015933632732,0.9145271069252179
0.15764778642117327,-0.654824689689642,-1.6613247691510074,-0.7030746009502787,-0.010684955963028146,1.23480232943202,1.2894224480051304,-1.4290359875515128,1.0784903518252564,-0.9485563355692535,-1.0878558090953288,-0.20016726203493618,-0.3852378981872087,0.41390077802624936,0.3150725224442523,-0.5113110620417622,-0.4459276634424495,0.7724459823974156,0.7655497622074934
0.15764778642117327,-0.654824689689642,-1.5168617455966513,1.2632696084977966,-0.010684955963028146,0.1540662872195338,0.18053942807095633,-1.1292467119670664,0.6598597181287641,-0.9993659694903837,-1.1048560390819384,-0.21654071260335775,-0.35185957888547603,0.41390077802624936,0.2888540082542916,-0.5423133513657692,-0.4952887764264988,0.8867456820957412,0.8799428721436368
0.15764778642117327,-0.654824689689642,-1.372398722042295,-0.7030746009502787,-0.010684955963028146,1.2248785738321346,1.25112551514182,-1.1442361614512222,0.8990772230981884,-1.0230781782195442,-1.1169722731452867,-0.24600695577979734,-0.3438702001028828,0.41390077802624936,0.2609734279701795,-0.5634679847915124,-0.5297453726906172,0.7527896701385326,0.7458774867652209
0.15764778642117327,-0.654824689689642,-1.227935698487939,1.2793078126568909,-0.010684955963028146,0.1513243730236783,0.16406090692213915,-1.1292467119670664,0.6598597181287641,-1.0582427109065269,-1.1261547699324141,-0.2430876840929501,-0.31372734322115325,0.41390077802624936,0.2340477644298359,-0.5914603283744164,-0.5676191340099204,0.8901065128224973,0.8833062857871146
0.15764778642117327,-0.654824689689642,-1.083472674933583,-0.7030746009502787,-0.010684955963028146,1.237145772529811,1.2498588940200597,-1.1292467119670664,1.0784903518252564,-1.0741774878009072,-1.137536265097698,-0.2743774359891693,-0.3245819290411789,0.41390077802624936,0.21189764868379546,-0.6009037376510636,-0.5839481609419936,0.7595967094182942,0.7526900726060994
0.15764778642117327,-0.654824689689642,-0.9390096513792268,1.2961904345806259,-0.010684955963028146,0.15272270899282755,0.1587176170842535,-1.1442361614512222,0.8990772230981884,-1.1078701019524864,-1.1510029993515227,-0.287431271819992,-0.32292676541887344,0.41390077802624936,0.18578807502088754,-0.6186812635704695,-0.6068599797005023,0.8990294842509042,0.89223663715888
0.15764778642117327,-0.654824689689642,-0.7945466278248707,-0.7030746009502787,-0.010684955963028146,1.247100071130257,1.253069271287715,-1.1292467119670664,0.6598597181287641,-1.1136439982952733,-1.1572454968831847,-0.30292446499732,-0.32786947133917005,0.41390077802624936,0.155129511296928,-0.6370144117240929,-0.6288549501480384,0.7659770393096013,0.7590757077465402
0.15764778642117327,-0.654824689689642,-0.6500836042705146,1.3094402505217904,-0.010684955963028146,0.15452971449344755,0.15712968629395116,-1.1292467119670664,0.6598597181287641,-1.1370658774688054,-1.164656549319486,-0.29884477867061293,-0.3164428206093702,0.41390077802624936,0.12904644970918783,-0.6602202063876307,-0.6547778044407963,0.9072011308083174,0.9004150149575828
0.15764778642117327,-0.654824689689642,-0.5056205807161585,-0.7030746009502787,-0.010684955963028146,1.3058723353592725,1.3139490860371903,-0.8444469573421088,0.8990772230981884,-0.9053560823662447,-1.1155647193661347,0.2793260135663265,-0.2780990104407212,0.11972717543963864,0.08370381162528491,-0.8159141444874012,-0.6466135093239643,0.7637760888202908,0.7635128430460566
0.15764778642117327,-0.654824689689642,-0.3611575571618023,1.7940267550774827,-0.010684955963028146,0.12059016491183379,-0.6874206446824462,-0.6795627985903968,0.6598597181287641,-0.20162601092077326,-1.0064299014233646,1.0493092014340892,-0.175100472994278,-1.3412135948570116,0.010175945411706225,-1.0068879257549366,-0.6558370164333012,0.9335753299220785,0.9198629673089254
0.15764778642117327,-0.654824689689642,-0.2166945336074462,-0.7030746009502787,-0.010684955963028146,-0.6865507261215884,2.8605572774307726,-0.5296681607981737,0.7196640943711202,0.2524533374541818,-0.8566746677823421,1.1118058184665378,-0.048715629086951866,-2.0543354684748807,-0.06750588094292496,-0.9744200255570644,-0.6393435725500103,0.6573656597529833,0.6666855001107159
0.15764778642117327,-0.654824689689642,-0.07223151005309006,-0.7030746009502787,-0.010684955963028146,-0.6865507261215884,-0.6874206446824462,-0.19989998624541588,-0.1175971730218646,0.859312729419943,-0.7022473018491765,0.921809471747095,0.16271891056711693,-2.750893694085688,-0.15360167588033208,-0.8811019484101402,-0.6602336960212374,-1.2676136780735823,-1.2761757670616813
0.15764778642117327,-0.654824689689642,0.07223151350126605,-0.7030746009502787,-0.010684955963028146,-0.6865507261215884,-0.6874206446824462,-0.07998424742150408,-0.596032182960713,0.7625290180278421,-0.5346906527659372,0.576060614330472,0.2358724229340744,-2.115432552275957,-0.2678749863437298,-0.7769629005377983,-0.6783420506232597,-1.2676136780735823,-1.2761757670616813
0.15764778642117327,-0.654824689689642,0.2166945370556222,2.3147906393527764,-0.010684955963028146,-0.6865507261215884,-0.6874206446824462,0.06991039037071911,-0.8950540641724933,0.7240309266142989,-0.39230228981876636,0.27621444459630246,0.22295742694114934,-1.3658937098641593,-0.3588612950741219,-0.6738678672772921,-0.6615121306153657,1.0188307513299417,0.9962421143296255
0.15764778642117327,-0.654824689689642,0.3611575606099783,-0.7030746009502787,-0.010684955963028146,1.3760471803317447,1.2004378689993658,-0.06499472646201526,-0.7156409354454252,0.7085721855678858,-0.3132225370372128,-0.09736944456015727,0.24807945808560034,-0.6294856109090281,-0.4143975850411507,-0.5508793025785429,-0.6663679985810051,0.9283593738380195,0.9261569083392049
0.15764778642117327,-0.654824689689642,0.5056205841643344,1.3616228675282835,-0.010684955963028146,0.707018965950511,-0.6874206446824462,-0.07998424742150408,-0.596032182960713,0.7176469458674553,-0.3092475717676648,-0.04681432303946585,0.413221496193105,-0.12407192987915114,-0.4161999241148258,-0.5605812214973398,-0.7120075677183726,0.9354266806807472,0.928205903287471
0.15764778642117327,-0.654824689689642,0.6500836077186906,-0.7030746009502787,-0.010684955963028146,1.1324535713486854,1.5083449916669607,-0.22987888521372726,0.0020115794628475024,0.5488621585749441,-0.3637949771942398,0.03945836109610979,0.48128745547911184,0.41390077802624936,-0.37446003602735184,-0.5729762383492022,-0.7182185108490265,0.8450791459725844,0.8424624952665644
0.15764778642117327,-0.654824689689642,0.7945466312730467,1.506061305549933,-0.010684955963028146,0.49723729538234035,-0.6874206446824462,-0.37977352300595046,0.36083783691698385,0.022658801965213707,-0.46377999979705,0.09443300465946719,0.2166085643151774,0.41390077802624936,-0.3138804263068259,-0.5929582529535502,-0.6360231361925537,0.9021890030505041,0.8923031563236175
0.15764778642117327,-0.654824689689642,0.9390096548274028,-0.7030746009502787,-0.010684955963028146,1.0859734004547894,1.53557222072824,-0.6795627985903968,0.6598597181287641,-0.13027490704354877,-0.5742872348576535,0.09019500462117927,-0.034218706800141996,0.41390077802624936,-0.24418379597384893,-0.5913015791646399,-0.5525698517672042,0.8131589830084619,0.8109461243626737
0.15764778642117327,-0.654824689689642,1.083472678381759,1.6248221334809299,-0.010684955963028146,0.426403265514212,-0.6874206446824462,-0.6795627985903968,1.0784903518252564,-0.3091237983691103,-0.6554160464032224,0.0976059098318838,-0.094995110664019,0.41390077802624936,-0.18787552258170895,-0.5849240682194267,-0.5228363671522044,0.9096830192816862,0.8992866452492829
0.15764778642117327,-0.654824689689642,1.227935701936115,-0.7030746009502787,-0.010684955963028146,1.028501514934564,1.5313039899489844,-0.6795627985903968,0.8990772230981884,-0.36592965306751774,-0.7039978729358529,0.09443051805666748,-0.1899147570375771,0.41390077802624936,-0.15045011319948481,-0.5765478786986672,-0.4823432887720706,0.8081272632863092,0.801260115279491
0.15764778642117327,-0.654824689689642,1.3723987254904713,1.7271348213636966,-0.010684955963028146,0.4174881611280383,-0.6874206446824462,-0.6795627985903968,1.0784903518252564,-0.44115835664040776,-0.7417798725975009,0.12121040134183167,-0.2089938948392355,0.41390077802624936,-0.12397443188039711,-0.5814480677627368,-0.4716574970381605,0.9140768318346626,0.9072963713810822
0.15764778642117327,-0.654824689689642,1.5168617490448273,-0.7030746009502787,-0.010684955963028146,1.014251217786119,1.5465559490916183,-0.6795627985903968,1.0784903518252564,-0.48364128659448824,-0.7734167832935183,0.12451095212463285,-0.26991595961186016,0.41390077802624936,-0.10260835050272589,-0.5815025022595317,-0.44909001497562795,0.8052990104525566,0.7984296736513249
0.15764778642117327,-0.654824689689642,1.6613247725991833,1.7565018544565731,-0.010684955963028146,0.38696576663309384,-0.6874206446824462,-0.8144679154231312,0.8990772230981884,-0.5492086856979923,-0.8130022329776883,0.11847513826216216,-0.2927481036210272,0.41390077802624936,-0.076971414834399,-0.5799308417086438,-0.44139058531582415,0.9176648574506379,0.9108871782307855
0.15764778642117327,-0.5445797577890011,-1.6613247691510074,-0.7030746009502787,-0.010684955963028146,1.0077878167908185,1.5500060534947873,-0.82945743638262,0.6598597181287641,-0.5877486264168512,-0.8532104017089868,0.0818226129945909,-0.3678131102597622,0.41390077802624936,-0.055255374064513786,-0.5733904610140561,-0.4202925934016235,0.805840215999581,0.7989712419894641
0.15764778642117327,-0.5445797577890011,-1.5168617455966513,1.7323197578565752,-0.010684955963028146,0.33415503587647183,-0.6874206446824462,-0.9793520741748433,1.0784903518252564,-0.6458943127807593,-0.8948351693005688,0.055629567970155815,-0.39163965443926224,0.41390077802624936,-0.034736956035614344,-0.5725130029501824,-0.4199131024836739,0.8810778526323333,0.8742703224491813
0.15764778642117327,-0.5445797577890011,-1.372398722042295,-0.7030746009502787,-0.010684955963028146,0.9879650956291738,1.520978360685368,-0.9793520741748433,1.0784903518252564,-0.6676546437541757,-0.9216489644270943,0.038891415657778296,-0.43405708756428335,0.41390077802624936,-0.020422845633693357,-0.5709530534065731,-0.4088006564035765,0.7912264080303769,0.7843456220700561
0.15764778642117327,-0.5445797577890011,-1.227935698487939,1.1225712979611617,-0.010684955963028146,0.1575801966744166,0.3001991963848523,-1.1292467119670664,1.0784903518252564,-0.7214054991645309,-0.95336519352688,0.0181896184826797,-0.41171156491506644,0.41390077802624936,0.00013172522498025612,-0.5652682268548379,-0.4180237268145036,0.882617349646702,0.8758111109788534
0.15764778642117327,-0.5445797577890011,-1.083472674933583,-0.7030746009502787,-0.010684955963028146,1.177887539874071,1.306048759050318,-0.9793520741748433,0.6598597181287641,-0.763083483886678,-0.9764440659215775,-0.02502753817609836,-0.3746087205890998,0.41390077802624936,0.01598281293003393,-0.551036316824278,-0.4313183548474137,0.7633761611078599,0.7564724546502465
0.15764778642117327,-0.5445797577890011,-0.9390096513792268,1.2121356605293774,-0.010684955963028146,0.16293191612877225,0.2221504421525598,-1.0842782920392662,0.8990772230981884,-0.8349446261724386,-1.0118659951833817,-0.07258133011755243,-0.3392831020994729,0.41390077802624936,0.030158337484487256,-0.5474160974816574,-0.4565704403830132,0.8865619849622112,0.8797590745746084
0.15764778642117327,-0.5445797577890011,-0.7945466278248707,-0.7030746009502787,-0.010684955963028146,1.2177241897488138,1.2751837857599044,-1.1292467119670664,0.6598597181287641,-0.8781612267603365,-1.0307688231972238,-0.11813755114324785,-0.31666741508319335,0.41390077802624936,0.03085415894820751,-0.5496316465623626,-0.48247058635847145,0.7615986846367458,0.754693629847991
0.15764778642117327,-0.5445797577890011,-0.6500836042705146,1.2582487896947994,-0.010684955963028146,0.1617713867067944,0.18972007786141787,-1.1292467119670664,0.6598597181287641,-0.9253267016420157,-1.040895835187119,-0.10942532380070055,-0.25611560569313946,0.41390077802624936,0.02934755002208513,-0.5628065297507772,-0.5141235788329045,0.8933690242419726,0.886571660415487
0.15764778642117327,-0.5445797577890011,-0.5056205807161585,-0.7030746009502787,-0.010684955963028146,1.2373677322804588,1.2661306348255474,-0.8744258563104202,0.8990772230981884,-0.8668076410072434,-1.0134433181776168,0.010974326025551524,-0.19370031316882827,0.41390077802624936,0.011868379882867855,-0.6026773046422547,-0.5362275055336378,0.7638828560388004,0.7569796376970753
0.15764778642117327,-0.5445797577890011,-0.3611575571618023,1.2256406113945497,-0.010684955963028146,0.09910222262374577,0.12000513626745393,-0.5296681607981737,0.7196640943711202,-0.5707028812454161,-0.8665755527439504,0.44826415004271364,0.018568318281141735,0.33264062017833146,-0.08206534854958002,-0.7279265274867822,-0.5957182748269612,0.8983788153434886,0.8867650776791082
0.15764778642117327,-0.5445797577890011,-0.2166945336074462,-0.7030746009502787,-0.010684955963028146,1.2601268700678976,1.2996731886871464,-0.5296681607981737,0.7196640943711202,-0.29798272861957403,-0.7022215581567254,0.662860458259584,0.17418055246493994,0.3635577218788018,-0.17905760638092294,-0.7711655181938855,-0.62456089468636,0.7319294406581387,0.7314794647263914
0.15764778642117327,-0.5445797577890011,-0.07223151005309006,1.7752637672636766,-0.010684955963028146,0.16180124981179436,-0.6874206446824462,-0.15493156631761568,-0.1175971730218646,0.19545327582329333,-0.5061207203489619,0.8628811297322153,0.3139963086565095,-0.13243759687034432,-0.29510192346552483,-0.8136216063773645,-0.6527047970903856,0.9056526466543436,0.8922026612162757
0.15764778642117327,-0.5445797577890011,0.07223151350126605,-0.7030746009502787,-0.010684955963028146,1.0855483088305515,1.4591636937817807,-0.22987888521372726,0.0020115794628475024,0.3830382096335247,-0.347778921612282,0.872476101068656,0.42500700983216577,0.26056709190913335,-0.38570525321917587,-0.8038537588249992,-0.674763088807315,0.7429074114286679,0.7426029017909618
0.15764778642117327,-0.5445797577890011,0.2166945370556222,2.2900873436699567,-0.010684955963028146,-0.6865507261215884,-0.6874206446824462,0.2198050281629423,-0.8352496879301373,0.7035123429970493,-0.2082995959120883,0.8918351327319168,0.5630984338134771,0.24707302883926327,-0.4645005867308516,-0.7972522206479566,-0.7054132033840825,0.9776035065906865,0.9605767896152964
0.15764778642117327,-0.5445797577890011,0.3611575606099783,-0.7030746009502787,-0.010684955963028146,1.2107783767035665,1.3282774890687472,0.2347945491224311,-1.0146628166572054,0.7759606833480219,-0.12050038491979162,0.8141271375061063,0.7324027934195523,0.41390077802624936,-0.5151017744148406,-0.772123218344668,-0.7552843801105543,0.7747348271120649,0.7752273796422016
0.15764778642117327,-0.5445797577890011,0.5056205841643344,2.2851647088124345,-0.010684955963028146,-0.6865507261215884,-0.6874206446824462,0.06991039037071911,-0.596032182960713,0.560683279535862,-0.13974414291474319,0.7414138984372923,0.7451997959389107,0.41390077802624936,-0.5032482256073498,-0.7494071172817794,-0.7580100332341245,0.9178277044202838,0.905107174500985
0.15764778642117327,-0.5445797577890011,0.6500836077186906,-0.7030746009502787,-0.010684955963028146,1.2542659611384461,1.2914766543495868,-0.07998424742150408,0.0020115794628475024,0.34213378316432397,-0.2473103350566737,0.46002661015289237,0.44734195375616637,0.41390077802624936,-0.43930013622733155,-0.6632151880638777,-0.6646474068471484,0.7979031337858632,0.7968346464180978
0.15764778642117327,-0.5445797577890011,0.7945466312730467,1.4903975620587995,-0.010684955963028146,0.5189964636993774,-0.6874206446824462,-0.2748473051415275,0.7794684706134762,0.0034074676245576634,-0.3632703624886142,0.3529899637722257,0.3411608475158015,0.41390077802624936,-0.36911279148488646,-0.6296223805557455,-0.6304740095016611,0.8746928494284315,0.8651932195662876
0.15764778642117327,-0.5445797577890011,0.9390096548274028,-0.7030746009502787,-0.010684955963028146,1.1014699984651424,1.5391990872863037,-0.37977352300595046,1.0784903518252564,-0.0761382533498137,-0.4619320201443422,0.3190569530999258,0.1276992613606694,0.41390077802624936,-0.30811911135401365,-0.6188369765931737,-0.5599009263185034,0.79425633227687,0.7914269453364738
0.15764778642117327,-0.5445797577890011,1.083472678381759,1.6304750562248678,-0.010684955963028146,0.4051239988635143,-0.6874206446824462,-0.37977352300595046,1.0784903518252564,-0.26074927090104216,-0.5442568697256808,0.2687654114760025,0.04665401998234611,0.41390077802624936,-0.22715701824453913,-0.5587868349376535,-0.4868963063906467,0.8882398839264998,0.8777129450672849
0.15764778642117327,-0.5445797577890011,1.227935701936115,-0.7030746009502787,-0.010684955963028146,1.0299092125425837,1.5283843811964815,-0.2748473051415275,0.8392728468558323,-0.2972732521153924,-0.5879279129793914,0.2620316910944162,-0.046205216218312604,0.41390077802624936,-0.17806653680738027,-0.5262946452432036,-0.42264814462305067,0.7945597381099412,0.7876816093502267
0.15764778642117327,-0.5445797577890011,1.3723987254904713,1.7240052976855766,-0.010684955963028146,0.39629361992410067,-0.6874206446824462,-0.22987888521372726,0.7196640943711202,-0.36002236206403665,-0.6231070166015892,0.26762074532054086,-0.0777485335690626,0.41390077802624936,-0.12096964968843299,-0.4812569305663108,-0.36191453165598214,0.8898120941290314,0.8830117593930925
0.15764778642117327,-0.5445797577890011,1.5168617490448273,-0.7030746009502787,-0.010684955963028146,1.016078986251161,1.542147982076304,-0.37977352300595046,0.7196640943711202,-0.403914436595547,-0.662702902917834,0.243031559101912,-0.1578237872198598,0.41390077802624936,-0.06642828559678944,-0.43783078061325525,-0.2951173612715025,0.7954787630059676,0.7886014158927807
0.15764778642117327,-0.5445797577890011,1.6613247725991833,1.7555422318070046,-0.010684955963028146,0.3759727968149607,-0.6874206446824462,-0.48469974087037343,0.8392728468558323,-0.4650569255573025,-0.7009733369605816,0.23654815673549537,-0.17699813354846494,0.41390077802624936,-0.023146840847744727,-0.41682904089364925,-0.2678900888292447,0.9025592732022378,0.8957693164923204
0.15764778642117327,-0.4343348258883602,-1.6613247691510074,-0.7030746009502787,-0.010684955963028146,1.0094134993754404,1.5469159581668535,-0.5296681607981737,0.7196640943711202,-0.4960816464950005,-0.7338953449527402,0.21430881016258255,-0.23652136534825624,0.41390077802624936,0.007200567521291768,-0.4035726143952949,-0.23922804376221882,0.7980906055180275,0.7912153120554323
0.15764778642117327,-0.4343348258883602,-1.5168617455966513,2.3967642004284118,-0.010684955963028146,-0.6865507261215884,-0.6874206446824462,-0.5296681607981737,0.7196640943711202,-0.5363910281542424,-0.7608329881132198,0.1787636520084775,-0.2426871346531767,0.41390077802624936,0.02521118425818939,-0.3934905214809541,-0.23935053766611394,0.9629636359166274,0.9562229567774664
0.15764778642117327,-0.4343348258883602,-1.372398722042295,-0.7030746009502787,-0.010684955963028146,1.125455667843578,1.3014998006830523,-0.7395205965270196,0.8990772230981884,-0.5327939495832716,-0.7904319724527683,0.06318469614324293,-0.29389223344057563,0.41390077802624936,0.046330221299070426,-0.3535219379916498,-0.2205727244021622,0.8179717760098322,0.8111127292860468
0.15764778642117327,-0.4343348258883602,-1.227935698487939,1.6062164549812243,-0.010684955963028146,0.4534454315343437,-0.6874206446824462,-0.82945743638262,1.0784903518252564,-0.5628574442894978,-0.8249062555221826,-0.005263190256486491,-0.3208704239864419,0.41390077802624936,0.07005009291390549,-0.32957813299905564,-0.21075683590019179,0.8911822734332383,0.8843830775584488
0.15764778642117327,-0.4343348258883602,-1.083472674933583,-0.7030746009502787,-0.010684955963028146,1.0134573089701826,1.5001988711510927,-0.82945743638262,1.0784903518252564,-0.5851147357635391,-0.857152665531367,-0.03998113854589151,-0.3915501421489704,0.41390077802624936,0.09229034971551621,-0.31724383988863775,-0.18334593177669367,0.8049429399813991,0.7980731309283322
0.15764778642117327,-0.4343348258883602,-0.9390096513792268,1.0826743950516722,-0.010684955963028146,0.18981378369562046,0.30846591261941464,-0.7844890164548198,0.8990772230981884,-0.6394109399337906,-0.8834731558484913,-0.04366379729224654,-0.37641117261633994,0.41390077802624936,0.10663844377742493,-0.3185003875955295,-0.1920316447945978,0.8872196638385188,0.8804171026196265
0.15764778642117327,-0.4343348258883602,-0.7945466278248707,-0.7030746009502787,-0.010684955963028146,1.1836953123504927,1.2888605744571455,-0.82945743638262,1.0784903518252564,-0.6872858913196516,-0.9075045448638804,-0.06597525534635064,-0.3414973106620555,0.41390077802624936,0.12351627184806512,-0.3103720810621669,-0.2056599104124486,0.7633720270236415,0.7564683611631857
0.15764778642117327,-0.4343348258883602,-0.6500836042705146,1.1882766034434147,-0.010684955963028146,0.1805275086331162,0.2284825018314495,-0.82945743638262,1.0784903518252564,-0.7523896785877042,-0.9275915827304743,-0.06005465408026602,-0.2739301789574023,0.41390077802624936,0.14172597016758587,-0.3099376894403333,-0.22917611976985516,0.8884438919955375,0.8816424879712665
0.15764778642117327,-0.4343348258883602,-0.5056205807161585,-0.7030746009502787,-0.010684955963028146,1.2625504362425013,1.312524947870891,-0.6046154796942852,0.8990772230981884,-0.6112653204227394,-0.8755837577754291,0.3925393813014469,-0.137712003087471,0.41390077802624936,0.10504289889005808,-0.46893695090923343,-0.2811873370526124,0.7506843428146213,0.7499155070763128
0.15764778642117327,-0.4343348258883602,-0.3611575571618023,1.7306986477495374,-0.010684955963028146,0.1818291425337104,-0.6874206446824462,-0.37977352300595046,0.7196640943711202,0.011449073199143718,-0.7512229372987621,1.1532566582699293,-0.03467684697681749,-0.5214539213061643,0.029335740097692235,-0.7026841019092954,-0.30865741381061246,0.9121325540524763,0.8992049801824207
0.15764778642117327,-0.4343348258883602,-0.2166945336074462,-0.7030746009502787,-0.010684955963028146,-0.6865507261215884,2.833214996079325,-0.07998424742150408,0.36083783691698385,0.5195820305525979,-0.5962243397033701,1.2768582236345944,0.15261053174888778,-1.2562375623753386,-0.05512088553775386,-0.7177733010467492,-0.3519071509013985,0.650383910479297,0.6585611563412151
0.15764778642117327,-0.4343348258883602,-0.07223151005309006,-0.7030746009502787,-0.010684955963028146,-0.6865507261215884,-0.6874206446824462,0.06991039037071911,-0.596032182960713,1.1789309137106807,-0.4613914026028686,1.1450757350589178,0.36135075146517226,-2.1487589753857788,-0.15249491725151204,-0.6900782869264184,-0.4405305077981006,-1.2676136780735823,-1.2761757670616813
0.15764778642117327,-0.4343348258883602,0.07223151350126605,-0.7030746009502787,-0.010684955963028146,-0.6865507261215884,-0.6874206446824462,0.06991039037071911,-0.35681467799128885,1.4736670704096029,-0.3617869691830521,0.8016767172880107,0.40474956479102936,-2.2004574931670997,-0.21084510246929733,-0.5768783893485296,-0.4494810784014322,-1.2676136780735823,-1.2761757670616813
0.15764778642117327,-0.4343348258883602,0.2166945370556222,-0.7030746009502787,-0.010684955963028146,-0.6865507261215884,-0.6874206446824462,0.06991039037071911,-0.2970103017489328,1.7318190875177832,-0.2963701593383292,0.49323684827807956,0.3907807650169413,-2.1930490336183843,-0.25015118205637393,-0.4719529690244808,-0.4412128490631136,-1.2676136780735823,-1.2761757670616813
0.15764778642117327,-0.4343348258883602,0.3611575606099783,2.3145165126436953,-0.010684955963028146,-0.6865507261215884,-0.6874206446824462,0.06991039037071911,-0.2970103017489328,2.0073993786038007,-0.259424481793607,0.2048381689661269,0.5177881262158425,-1.8494406739173344,-0.2645764021551342,-0.3629681665848642,-0.476410740877542,0.9711173081948302,0.9510579994785459
0.15764778642117327,-0.4343348258883602,0.5056205841643344,-0.7030746009502787,-0.010684955963028146,1.3620248050950157,1.1883536131840338,0.06991039037071911,-0.2970103017489328,2.0509828145086075,-0.22393297498463752,-0.09330384898264851,1.2120356847422118,-1.3335279876546349,-0.27718458102944454,-0.24553712545132172,-0.6959628314509543,0.9615848289583995,0.9562808796193762
0.15764778642117327,-0.4343348258883602,0.6500836077186906,1.1663993212131045,-0.010684955963028146,0.8899498872486371,-0.6874206446824462,-0.07998424742150408,0.36083783691698385,1.7319485588061039,-0.22423424576386283,-0.08369230029420988,1.4683801679318826,0.41390077802624936,-0.25758179366929235,-0.22549850764512724,-0.7547057547178234,0.9004900741795394,0.895168597266153
0.15764778642117327,-0.4343348258883602,0.7945466312730467,-0.7030746009502787,-0.010684955963028146,1.0843435338974878,1.4449578737357485,-0.28983668315035005,0.8392728468558323,1.1753462591522257,-0.309017270086548,0.031152278877513415,0.5808373285050387,0.41390077802624936,-0.1977770596002595,-0.26160853110664106,-0.4615315526653682,0.8451185096440551,0.841685346748078
0.15764778642117327,-0.4343348258883602,0.9390096548274028,1.3937919055906518,-0.010684955963028146,0.6303453654135965,-0.6874206446824462,-0.22987888521372726,0.7196640943711202,0.3720985396658206,-0.387014396234211,0.10274571781886276,0.35126108885309504,0.41390077802624936,-0.13974019890718373,-0.2791978134275688,-0.37178151387187675,0.8844385036162974,0.8756283367815902
0.15764778642117327,-0.4343348258883602,1.083472678381759,-0.7030746009502787,-0.010684955963028146,1.0643046059476298,1.5310485738648112,-0.37977352300595046,1.0784903518252564,0.21401409662623896,-0.462290344512243,0.17100628014101482,0.08344275754419778,0.41390077802624936,-0.0948550146293567,-0.30921442630562773,-0.2780378681225174,0.8123305484796557,0.809246303860691
0.15764778642117327,-0.4343348258883602,1.227935701936115,1.5543124438784055,-0.010684955963028146,0.4954385009281039,-0.6874206446824462,-0.37977352300595046,0.7196640943711202,-0.029601171943266703,-0.5217742769101891,0.2292806456195735,0.05276526816499793,0.41390077802624936,-0.05501507825594811,-0.3299257764188257,-0.26612211531794555,0.8824207110321405,0.872668745636657
0.15764778642117327,-0.4343348258883602,1.3723987254904713,-0.7030746009502787,-0.010684955963028146,1.0596870690992102,1.5819970749269736,-0.37977352300595046,0.7196640943711202,-0.1108803696112653,-0.5694773390221232,0.2526944975815444,-0.09098821505131893,0.41390077802624936,-0.022987768396738367,-0.33834772561617366,-0.2111000808501439,0.7973946414270017,0.7942563635928748
0.15764778642117327,-0.4343348258883602,1.5168617490448273,1.6335390044941485,-0.010684955963028146,0.40120591764779123,-0.6874206446824462,-0.6795627985903968,1.0784903518252564,-0.29091215770739326,-0.628646085131411,0.26667003418345575,-0.09267104610880549,0.41390077802624936,0.01717031287868294,-0.34335700054433826,-0.21046031768006776,0.8884264569447035,0.8780011265563629
0.15764778642117327,-0.4343348258883602,1.6613247725991833,-0.7030746009502787,-0.010684955963028146,1.0506091035764868,1.5900093164142823,-0.6795627985903968,0.6598597181287641,-0.3382182200991178,-0.6881703725067128,0.20626299237035473,-0.24053639844189192,0.41390077802624936,0.05248150477571342,-0.3348680383608961,-0.1665710357684103,0.7936547331516988,0.7908364598279585
0.15764778642117327,-0.32408989398771926,-1.6613247691510074,1.6837905511277798,-0.010684955963028146,0.3561782128695856,-0.6874206446824462,-0.6795627985903968,0.6598597181287641,-0.46312728024500754,-0.7317739255396732,0.19905350198642585,-0.2282089285725188,0.41390077802624936,0.0748933670093189,-0.3500851910963938,-0.19040013953630122,0.9036048370239055,0.8927978542349109
0.15764778642117327,-0.32408989398771926,-1.5168617455966513,-0.7030746009502787,-0.010684955963028146,0.9724382684162114,1.51611499578697,-0.6795627985903968,0.6598597181287641,-0.477195839680462,-0.7553287083569806,0.19911069385081895,-0.2640415121244349,0.41390077802624936,0.08910480337468123,-0.35515497289549774,-0.18174477705786488,0.7691130118034356,0.7622141842760288
0.15764778642117327,-0.32408989398771926,-1.372398722042295,1.7068130738315852,-0.010684955963028146,0.3442510665514359,-0.6874206446824462,-0.7095416975587082,0.8990772230981884,-0.5234275519372829,-0.7817020776099505,0.19581926061161664,-0.2640520908496512,0.41390077802624936,0.10628511012109867,-0.35682530952623304,-0.18478223284589534,0.8666880041820906,0.8598688209463502
0.15764778642117327,-0.32408989398771926,-1.227935698487939,-0.7030746009502787,-0.010684955963028146,0.9792112833897951,1.5175263736083597,-0.6795627985903968,1.0784903518252564,-0.5488503510212259,-0.8056903285460971,0.16926980251922463,-0.31396251642019274,0.41390077802624936,0.11908634510640309,-0.34998456318199994,-0.16795012934595333,0.7807642990731856,0.7738748915173247
0.15764778642117327,-0.32408989398771926,-1.083472674933583,1.7257215458857662,-0.010684955963028146,0.3377412234593931,-0.6874206446824462,-0.6795627985903968,1.0784903518252564,-0.601748526835772,-0.8352830509064009,0.1330681812259989,-0.33609239582461564,0.41390077802624936,0.14078551455572702,-0.3385004024518057,-0.16077277263483622,0.8808316050071512,0.8740238945281233
0.15764778642117327,-0.32408989398771926,-0.9390096513792268,-0.7030746009502787,-0.010684955963028146,0.9857360841841671,1.5229294383406373,-0.664573277630908,0.8990772230981884,-0.6193265428591922,-0.8532187510146466,0.11131703766942708,-0.37682048790740175,0.41390077802624936,0.15403287546044475,-0.331608474668355,-0.14557457623444361,0.79080203529822,0.7839209227875017
0.15764778642117327,-0.32408989398771926,-0.7945466278248707,1.7339105886081654,-0.010684955963028146,0.32973686532623087,-0.6874206446824462,-0.82945743638262,1.0784903518252564,-0.6621861165611147,-0.8790153224016168,0.09568791020571556,-0.37803541381109,0.41390077802624936,0.17258554362508982,-0.3262975328675142,-0.14543439604495936,0.8860673327983416,0.8792639673146089
0.15764778642117327,-0.32408989398771926,-0.6500836042705146,-0.7030746009502787,-0.010684955963028146,0.9928927694524615,1.5277072461723464,-0.82945743638262,1.0784903518252564,-0.6802741709930711,-0.9046323837169009,0.06254398148852035,-0.42721834858598695,0.41390077802624936,0.19093527390526918,-0.31434710055122783,-0.12578078412053814,0.8002365547129542,0.7933631647162158
0.15764778642117327,-0.32408989398771926,-0.5056205807161585,1.0801219708048928,-0.010684955963028146,0.10823735167320288,0.25638770266079225,-0.5596470597664851,0.8990772230981884,-0.389508467135984,-0.8515433236789085,0.6835116945110886,-0.2940492868226331,0.41390077802624936,0.15709670727437336,-0.5265195399570536,-0.17602315449517703,0.8897211442762268,0.8793695792807766
0.15764778642117327,-0.32408989398771926,-0.3611575571618023,-0.7030746009502787,-0.010684955963028146,1.1934111245082066,1.35133585069228,-0.37977352300595046,1.0784903518252564,-0.22738229665645143,-0.7403410089221245,0.7456436097995812,-0.1637006759515657,0.4114483706371273,0.09656674744007059,-0.527898402628855,-0.2052863149230287,0.7357865412338933,0.7341860783709694
0.15764778642117327,-0.32408989398771926,-0.2166945336074462,2.302442574867041,-0.010684955963028146,-0.6865507261215884,-0.6874206446824462,-0.07998424742150408,0.36083783691698385,0.055995697021608754,-0.5775803401649826,0.8304922993985289,0.020194186972078927,0.41390077802624936,0.0017065424899432421,-0.5374760547481958,-0.25543151990152974,1.0062918941527834,0.9889681924969987
0.15764778642117327,-0.32408989398771926,-0.07223151005309006,-0.7030746009502787,-0.010684955963028146,1.1957549860032657,1.3418934046451902,0.06991039037071911,0.0020115794628475024,0.14651182104727548,-0.4215088567923032,0.7218957241948507,0.1588340771684512,0.41390077802624936,-0.08430393176919682,-0.4839311607654275,-0.288349627668598,0.7861222519630064,0.7871686954215128
0.15764778642117327,-0.32408989398771926,0.07223151350126605,2.2859383553025086,-0.010684955963028146,-0.6865507261215884,-0.6874206446824462,0.06991039037071911,0.0020115794628475024,0.13532955588781895,-0.32385120314216903,0.6613013583041722,0.22927373964337883,0.41390077802624936,-0.13950472347592127,-0.45296920935538015,-0.3033414840704507,0.951747865432145,0.9382138651279829
0.15764778642117327,-0.32408989398771926,0.2166945370556222,-0.7030746009502787,-0.010684955963028146,1.230748059905579,1.3287916682128078,-0.22987888521372726,0.7196640943711202,0.05864920453678766,-0.3260401127759863,0.41954886091178334,0.15542365890833218,0.41390077802624936,-0.12181875915039574,-0.35232502967367685,-0.2580060753753754,0.8107820643256818,0.8098365846948533
0.15764778642117327,-0.32408989398771926,0.3611575606099783,1.564804688460439,-0.010684955963028146,0.5105087521224152,-0.6874206446824462,0.06991039037071911,0.36083783691698385,-0.0032537647700030896,-0.3226871707780952,0.39871361605310085,0.1608358974786141,0.41390077802624936,-0.10541573824412302,-0.32168339599974943,-0.23592791388080897,0.8805102248948696,0.8737023511195002
0.15764778642117327,-0.32408989398771926,0.5056205841643344,-0.7030746009502787,-0.010684955963028146,1.015079121380076,1.4879635830566673,-0.22987888521372726,1.0784903518252564,-0.08396538123465636,-0.3628542887565663,0.3767569133317539,0.08583680443545766,0.41390077802624936,-0.04583466968195972,-0.2768543107488197,-0.16845735454871336,0.7841661111565412,0.7772794447057632
0.15764778642117327,-0.32408989398771926,0.6500836077186906,1.6194591042110402,-0.010684955963028146,0.37315123023921914,-0.6874206446824462,-0.22987888521372726,0.7196640943711202,-0.2547765903580052,-0.4469199685679782,0.33990463097260676,0.02613373430698913,0.41390077802624936,0.03503848746627032,-0.24106330380039492,-0.12152734161095338,0.8790264481460531,0.8686333860921547
0.15764778642117327,-0.32408989398771926,0.7945466312730467,-0.7030746009502787,-0.010684955963028146,1.0070666045001888,1.5173161416963252,-0.30482620410983885,0.8990772230981884,-0.31274310938353006,-0.5236229523383685,0.2914482022148618,-0.08138598754728545,0.41390077802624936,0.10223816235617772,-0.21322927568625707,-0.06784138592734833,0.7901427387367834,0.7832610526733064
0.15764778642117327,-0.32408989398771926,0.9390096548274028,1.712508996843614,-0.010684955963028146,0.3786222975142577,-0.6874206446824462,-0.22987888521372726,0.7196640943711202,-0.38900758326298573,-0.5874798335756475,0.26995732308465853,-0.12004227698386227,0.41390077802624936,0.16840820465411668,-0.191080941605875,-0.037070524240324004,0.8834829909334737,0.8766774975152644
0.15764778642117327,-0.32408989398771926,1.083472678381759,-0.7030746009502787,-0.010684955963028146,1.005227434709595,1.5357487736971525,-0.22987888521372726,0.7196640943711202,-0.4289095880907943,-0.6317165422878113,0.24167553170847583,-0.18981547977016253,0.41390077802624936,0.2210293714470213,-0.16709918427487797,0.006044928089507527,0.7950953716304103,0.7882176514808339
0.15764778642117327,-0.32408989398771926,1.227935701936115,1.7356254034660852,-0.010684955963028146,0.35576922954016393,-0.6874206446824462,-0.30482620410983885,0.8990772230981884,-0.47658967864877866,-0.6617768257650651,0.2566258166078694,-0.18017175111335737,0.41390077802624936,0.25226059599460376,-0.16694737492126663,0.008272963375329036,0.887452071268709,0.8806498173590309
0.15764778642117327,-0.32408989398771926,1.3723987254904713,-0.7030746009502787,-0.010684955963028146,1.0016159340919628,1.536875867768836,-0.37977352300595046,0.7196640943711202,-0.5001783011481784,-0.6921905631819182,0.24332166276187692,-0.2240124296540187,0.41390077802624936,0.2765904863571617,-0.16053885149381558,0.028144487806144782,0.7964871200696698,0.7896104604532592
0.15764778642117327,-0.32408989398771926,1.5168617490448273,1.7544656125946716,-0.010684955963028146,0.34911566698658014,-0.6874206446824462,-0.37977352300595046,1.0784903518252564,-0.5487385349085853,-0.7251904980269018,0.21683768520987698,-0.24174155936845748,0.41390077802624936,0.30746355687111465,-0.14680596049562672,0.03948489045605773,0.8984507124603301,0.8916574087397817
0.15764778642117327,-0.32408989398771926,1.6613247725991833,-0.7030746009502787,-0.010684955963028146,1.0065069981543049,1.5447362402331226,-0.31981572506932765,0.8990772230981884,-0.5662021192377826,-0.749137698210221,0.18490556092373536,-0.2946897065722665,0.41390077802624936,0.33551670666268213,-0.12940296993863062,0.06752398524177737,0.8044966386286054,0.7976265314900027
0.15764778642117327,-0.21384496208707834,-1.6613247691510074,1.7694615977559058,-0.010684955963028146,0.3471584045671074,-0.6874206446824462,-0.22987888521372726,0.7196640943711202,-0.5927633502053942,-0.7589223886680634,0.1965660703191264,-0.2735298148953697,0.41390077802624936,0.34393935192460384,-0.13409756576380938,0.058279734957984226,0.9086178634956793,0.9018329988754319
0.15764778642117327,-0.21384496208707834,-1.5168617455966513,-0.7030746009502787,-0.010684955963028146,0.957148881652811,1.4972227821834163,-0.22987888521372726,1.0784903518252564,-0.6024050378129133,-0.7736616962595397,0.1617295939629357,-0.32509540408821663,0.41390077802624936,0.3730741943830146,-0.10436830630508626,0.09784679436054358,0.7620473226458367,0.7551426853785569
0.15764778642117327,-0.21384496208707834,-1.372398722042295,2.3826221289243548,-0.010684955963028146,-0.6865507261215884,-0.6874206446824462,-0.19989998624541588,0.8990772230981884,-0.623549399323713,-0.7858537698492981,0.11823559552579112,-0.32582533612814185,0.41390077802624936,0.4024939211400458,-0.06892515964693666,0.11781111720340108,0.969427905691847,0.9626927130770059
0.15764778642117327,-0.21384496208707834,-1.227935698487939,-0.7030746009502787,-0.010684955963028146,1.113277796962609,1.2943303695177206,-0.07998424742150408,0.7196640943711202,-0.5962028399860351,-0.7877838510076608,0.0073886447883847834,-0.36354744275330936,0.41390077802624936,0.4259831377009216,-0.004460185117892882,0.15564295547538187,0.8200174287267651,0.8131600868394886
0.15764778642117327,-0.21384496208707834,-1.083472674933583,2.3606450502385163,-0.010684955963028146,-0.6865507261215884,-0.6874206446824462,-0.22987888521372726,0.7196640943711202,-0.6026358628875457,-0.804337045253734,-0.10077857699854534,-0.39316299087041057,0.41390077802624936,0.4596862517295969,0.05056962121369966,0.18002994146154738,0.9637056141624317,0.9569655153302893
0.15764778642117327,-0.21384496208707834,-0.9390096513792268,-0.7030746009502787,-0.010684955963028146,1.183454315524153,1.2758148998679721,-0.16992108727710448,0.7794684706134762,-0.5742293391136665,-0.8134913631342596,-0.22575357597624457,-0.45062906748967674,0.41390077802624936,0.49089433846612385,0.11596909074947394,0.2193686075958816,0.8490615272744353,0.8422277337836295
0.15764778642117327,-0.21384496208707834,-0.7945466278248707,1.5453657005986827,-0.010684955963028146,0.5140126200428672,-0.6874206446824462,-0.07998424742150408,0.7196640943711202,-0.5817988322126588,-0.8170217278774219,-0.2603165260244683,-0.46313149319916574,0.41390077802624936,0.53161302962191,0.15853578289058406,0.25391167014510235,0.9067577053401975,0.8999710762858428
0.15764778642117327,-0.21384496208707834,-0.6500836042705146,-0.7030746009502787,-0.010684955963028146,1.0176299849234536,1.4858658660279291,-0.07998424742150408,0.7196640943711202,-0.5831210087024794,-0.818253250462246,-0.23285614243978636,-0.4973235605944606,0.41390077802624936,0.5662175542062879,0.17252002680425232,0.2965607285734722,0.816305021098654,0.809444633308785
0.15764778642117327,-0.21384496208707834,-0.5056205807161585,1.6542395127210299,-0.010684955963028146,0.4099365088387986,-0.6874206446824462,-0.07998424742150408,0.7196640943711202,-0.6027064835902661,-0.8060521317913562,-0.16143013475361678,-0.4641576295451476,0.41390077802624936,0.5835280111398925,0.16162250079051335,0.30210548828026873,0.9006442934951644,0.8938527458504701
0.15764778642117327,-0.21384496208707834,-0.3611575571618023,-0.7030746009502787,-0.010684955963028146,0.9926969595310607,1.5058719949862922,-0.07998424742150408,0.7196640943711202,-0.5764381977598652,-0.760034933647235,-0.07664858343026097,-0.44385298711458465,0.41390077802624936,0.5715734754278992,0.14166412507122772,0.3100149698750941,0.8060391912704399,0.7991705948093234
0.15764778642117327,-0.21384496208707834,-0.2166945336074462,1.68624747894584,-0.010684955963028146,0.3628724645574776,-0.6874206446824462,-0.07998424742150408,0.7196640943711202,-0.557246367900205,-0.6999463723644233,0.02018387392803873,-0.371731307330264,0.41390077802624936,0.5516388050904201,0.1170506239587023,0.29420430395522584,0.8905003292799967,0.8837006932654193
0.15764778642117327,-0.21384496208707834,-0.07223151005309006,-0.7030746009502787,-0.010684955963028146,0.9834658606082675,1.5092936500958924,-0.18491046528592706,0.8990772230981884,-0.5175634180299087,-0.6477534711339187,0.08298800084005009,-0.3504859721035431,0.41390077802624936,0.5395550832667004,0.1036820754091807,0.2984247757348852,0.7990897956993323,0.7922153509443772
0.15764778642117327,-0.21384496208707834,0.07223151350126605,1.7043765711408683,-0.010684955963028146,0.3433252579967783,-0.6874206446824462,-0.07998424742150408,0.7196640943711202,-0.5058469203322804,-0.6057717707253791,0.1264198342072022,-0.3042748453663352,0.41390077802624936,0.5442925500803081,0.10214706597366469,0.2950076106797003,0.8861081344121492,0.8793046975108635
0.15764778642117327,-0.21384496208707834,0.2166945370556222,-0.7030746009502787,-0.010684955963028146,0.9800437893536997,1.5103778610412406,-0.07998424742150408,1.0784903518252564,-0.4776901845995047,-0.5720858012653466,0.15755790333263978,-0.2937351800585181,0.41390077802624936,0.5747337147878923,0.13264057709256843,0.3367924429554554,0.7929600272602177,0.7860806465607614
0.15764778642117327,-0.21384496208707834,0.3611575606099783,1.7132279971596556,-0.010684955963028146,0.33442406531976404,-0.6874206446824462,0.06991039037071911,1.0784903518252564,-0.4736857291971006,-0.5422627772239261,0.2108159620966046,-0.22845223925249386,0.41390077802624936,0.6353798457152027,0.1895632291931895,0.3913181696807372,0.8818092260534035,0.8750024426099993
0.15764778642117327,-0.21384496208707834,0.5056205841643344,-0.7030746009502787,-0.010684955963028146,0.9725948535937419,1.5032098941777838,0.3696996659551655,0.36083783691698385,-0.45427026711215923,-0.5158448783407705,0.2502907815418348,-0.2081117919058141,0.41390077802624936,0.6953149709902877,0.24875369616625911,0.46331554472683234,0.78199158285767,0.7751033469842603
0.15764778642117327,-0.21384496208707834,0.6500836077186906,2.3902822683492326,-0.010684955963028146,-0.6865507261215884,-0.6874206446824462,0.3696996659551655,0.36083783691698385,-0.47507983418043265,-0.526831173038156,0.2445334671929305,-0.1784531151397541,0.41390077802624936,0.7669371010370372,0.30610640247861065,0.5074578933668578,0.9744216996848658,0.9676904514294942
0.15764778642117327,-0.21384496208707834,0.7945466312730467,-0.7030746009502787,-0.010684955963028146,1.1173086362420448,1.293442584209587,0.2198050281629423,0.5402509656440521,-0.47350263848634405,-0.5751604330745769,0.11868318402973703,-0.2361804048970537,0.41390077802624936,0.8502187597048226,0.39250652738146513,0.5671370980239271,0.8196232527836815,0.8127654746868308
0.15764778642117327,-0.21384496208707834,0.9390096548274028,1.5933910875196766,-0.010684955963028146,0.4506196809859226,-0.6874206446824462,0.2198050281629423,0.7196640943711202,-0.4935379934062755,-0.6150144520908045,0.06342921208521339,-0.24972198692202158,0.41390077802624936,0.9204328575413006,0.44115491909875154,0.598226094502351,0.8889545412679043,0.882153559830803
0.15764778642117327,-0.21384496208707834,1.083472678381759,-0.7030746009502787,-0.010684955963028146,1.0056477147652514,1.4913804268886788,0.2198050281629423,0.7196640943711202,-0.4994322065018454,-0.6396998700495465,0.051835840965414215,-0.29714966705910495,0.41390077802624936,0.971724082236246,0.4656268037714081,0.6424005404754827,0.8016678465664765,0.7947954758387775
0.15764778642117327,-0.21384496208707834,1.227935701936115,1.6827601572036446,-0.010684955963028146,0.3804026824887043,-0.6874206446824462,0.08489991133020793,0.8990772230981884,-0.5349151862464655,-0.6638070985913457,0.06635843018325945,-0.29685671774542255,0.41390077802624936,1.017879194914607,0.471303172373442,0.6555552066681133,0.891370643879363,0.884571377963244
0.15764778642117327,-0.21384496208707834,1.3723987254904713,-0.7030746009502787,-0.010684955963028146,0.9955373539838601,1.5138248276546777,-0.22987888521372726,1.0784903518252564,-0.5582514051231794,-0.7036242415075759,0.05495984294943674,-0.3515291971594898,0.41390077802624936,1.0602705569946116,0.4633466272801654,0.6696096899337417,0.8011338307311362,0.7942610711029946
0.15764778642117327,-0.21384496208707834,1.5168617490448273,1.7185025175443909,-0.010684955963028146,0.35760149577583644,-0.6874206446824462,-0.22987888521372726,0.7196640943711202,-0.6018590351576215,-0.7386753224429896,0.049067423181748726,-0.36214779603238245,0.41390077802624936,1.0755877879133333,0.41588495096710953,0.6217150102091571,0.8976199412752266,0.8908260215177403
0.15764778642117327,-0.21384496208707834,1.6613247725991833,-0.7030746009502787,-0.010684955963028146,0.9964016581401289,1.5259002976587606,-0.33480510307815026,0.8392728468558323,-0.6166324938294887,-0.7679681655750112,0.04077791831515035,-0.40335925448274446,0.41390077802624936,1.0765875341660218,0.3620034739603344,0.5810889571632976,0.8048264666521159,0.7979566712214535
0.15764778642117327,-0.10360003018643743,-1.6613247691510074,1.7405976677996962,-0.010684955963028146,0.3487164113936383,-0.6874206446824462,-0.5296681607981737,1.0784903518252564,-0.6582104325561153,-0.8061926784366299,0.03313575904407375,-0.4072562941028136,0.41390077802624936,1.078623179501173,0.3050892798094145,0.5185402072566923,0.9051046108812192,0.8983166934902346
0.15764778642117327,-0.10360003018643743,-1.5168617455966513,-0.7030746009502787,-0.010684955963028146,0.9591864763477302,1.4937714226643546,-0.5296681607981737,1.0784903518252564,-0.6763115648959829,-0.8412778523701546,-0.003904676260250641,-0.4671066526362169,0.41390077802624936,1.0636669948424626,0.24964785325903002,0.4709313466411962,0.77229427948088,0.7653980985118921
0.15764778642117327,-0.10360003018643743,-1.372398722042295,2.3801890304215285,-0.010684955963028146,-0.6865507261215884,-0.6874206446824462,-0.5446576817576625,0.8990772230981884,-0.7061174248163586,-0.8709533720115848,-0.05397491023500064,-0.478484478480403,0.41390077802624936,1.0374002768794697,0.1923608587097417,0.3916766990750256,0.9764432668676568,0.9697136574092774
0.15764778642117327,-0.10360003018643743,-1.227935698487939,-0.7030746009502787,-0.010684955963028146,1.116435231945198,1.2939678502107,-0.6795627985903968,0.6598597181287641,-0.6930081299261894,-0.9008473651511139,-0.1776436138752577,-0.5326215116489064,0.41390077802624936,0.9945938803136576,0.15296784954112966,0.3186081028301613,0.828853584386586,0.8220034516112127
0.15764778642117327,-0.10360003018643743,-1.083472674933583,1.0053633172116079,-0.010684955963028146,0.23456738596365995,0.30372826849627316,-0.6795627985903968,0.6598597181287641,-0.7150836384802653,-0.926082445732461,-0.24214028842626456,-0.5203225229628079,0.41390077802624936,0.9531227282608383,0.09709094701638574,0.22524525809398038,0.8919267680781321,0.8851280922035081
0.15764778642117327,-0.10360003018643743,-0.9390096513792268,-0.7030746009502787,-0.010684955963028146,1.1890905451207152,1.2548538369012137,-0.6795627985903968,0.6598597181287641,-0.7462875267563465,-0.9471108678122,-0.2799880407728914,-0.48965317106454365,0.41390077802624936,0.912164464353082,0.0410147404974006,0.13658652862610002,0.7690997108368199,0.7622006757687283
0.15764778642117327,-0.10360003018643743,-0.7945466278248707,1.148210386978316,-0.010684955963028146,0.1944561628818244,0.2259950713180145,-0.6795627985903968,0.6598597181287641,-0.808403012066694,-0.9697701875974913,-0.28420283251838213,-0.4380818856350418,0.41390077802624936,0.8607932213949031,-0.03250284265799379,0.03646402920759236,0.8874373323597564,0.8806350808056123
0.15764778642117327,-0.10360003018643743,-0.6500836042705146,-0.7030746009502787,-0.010684955963028146,1.2174817285320365,1.248585997318836,-0.82945743638262,0.6598597181287641,-0.8583030774926015,-1.0026504490613508,-0.315826618057361,-0.42669510856182646,0.41390077802624936,0.7996814420201013,-0.1125302277667485,-0.0634481999266889,0.7651843735964237,0.7582821852798108
0.15764778642117327,-0.10360003018643743,-0.5056205807161585,1.1667773652367395,-0.010684955963028146,0.12864849629256164,0.1464901734641577,-0.7095416975587082,0.12162033194755961,-0.6928740813700998,-0.9687160877579385,0.16964113520397978,-0.26544929632629743,0.2735441232217526,0.6834500942961343,-0.3812284462487541,-0.21959037132974832,0.9031854970899273,0.8918999478481321
0.15764778642117327,-0.10360003018643743,-0.3611575571618023,-0.7030746009502787,-0.010684955963028146,1.2623811945476153,1.2969027295398978,-0.6795627985903968,0.0020115794628475024,-0.5299148481566249,-0.8582234639822396,0.32036324843736796,-0.16602229926249853,-0.032509564922229055,0.5361774448903319,-0.4884284044309115,-0.31662104600822927,0.7413902025205201,0.7400520453290459
0.15764778642117327,-0.10360003018643743,-0.2166945336074462,2.3019742302804143,-0.010684955963028146,-0.6865507261215884,-0.6874206446824462,-0.6795627985903968,-0.35681467799128885,-0.17168741023509895,-0.722504804706325,0.4583680460854928,-0.04592040438556585,-0.7645776247798968,0.35221834994288953,-0.6113701251005463,-0.44388893691719317,1.0397112917458433,1.0203412913537626
0.15764778642117327,-0.10360003018643743,-0.07223151005309006,-0.7030746009502787,-0.010684955963028146,1.2507114671485722,1.3154723783590163,-0.6945523195498856,-0.41661905423364487,-0.2992905194106923,-0.6765258742131446,0.2391640628807793,-0.07760775514887634,-0.1933308956319637,0.26186664388446673,-0.5931085442136255,-0.4882122970480013,0.8020052237872553,0.8038214101334118
0.15764778642117327,-0.10360003018643743,0.07223151350126605,2.322262294269188,-0.010684955963028146,-0.6865507261215884,-0.6874206446824462,-0.82945743638262,-0.057792796779508555,-0.42375885405997515,-0.6647985786384498,0.13218377949690574,-0.0972939490283321,0.3269113493547415,0.13660287316972036,-0.6560513046669576,-0.5829976868534812,0.9972019416705121,0.9828582537101006
0.15764778642117327,-0.10360003018643743,0.2166945370556222,-0.7030746009502787,-0.010684955963028146,1.2790869606623454,1.326080199512518,-0.82945743638262,0.6598597181287641,-0.05124380174548245,-0.5671778010883133,0.04071575324515786,-0.025020912098608905,-0.5306242480817276,0.023290504921720148,-0.6359391677595142,-0.6161845824916634,0.8453372566220454,0.8459444153604512
0.15764778642117327,-0.10360003018643743,0.3611575606099783,1.5872581742831708,-0.010684955963028146,0.5322869575151439,-0.6874206446824462,-0.82945743638262,0.18142470818991568,-0.13421658848797915,-0.5957776518505695,-0.004340660617797961,-0.08700329063714504,-0.3167140033786053,-0.0075259261589199575,-0.6516475321891971,-0.6263987399431965,0.9136305304818689,0.9068495672683997
0.15764778642117327,-0.10360003018643743,0.5056205841643344,-0.7030746009502787,-0.010684955963028146,1.0968224416127474,1.5433863630904774,-0.9044047552787317,0.48044658940169593,-0.30952790572356587,-0.677044922714997,-0.05486925837529257,-0.26854642157039504,0.2247102408522263,-0.027594602985428682,-0.6733246066618686,-0.6052184303787848,0.8122158725782935,0.8096515590797067
0.15764778642117327,-0.10360003018643743,0.6500836077186906,1.6465395980481679,-0.010684955963028146,0.4004843915592105,-0.6874206446824462,-0.9793520741748433,0.6598597181287641,-0.4951916948616445,-0.769470344818308,-0.0780957862596861,-0.32398382419241073,0.41390077802624936,-0.03850311682262255,-0.6992213305534203,-0.6214090239150122,0.9155253789962268,0.9049499845978516
0.15764778642117327,-0.10360003018643743,0.7945466312730467,-0.7030746009502787,-0.010684955963028146,1.0270919345388387,1.5298756680630425,-0.9793520741748433,0.8990772230981884,-0.5496082157846789,-0.8451345358095218,-0.10088964525693192,-0.42187853359603206,0.41390077802624936,-0.02421334932608284,-0.7012967812877927,-0.5985386915054163,0.8109017730252229,0.8040369322271611
0.15764778642117327,-0.10360003018643743,0.9390096548274028,1.1196453088853402,-0.010684955963028146,0.21117584070571385,0.3345679302828496,-0.9793520741748433,0.6598597181287641,-0.6350285329927534,-0.9144476882954959,-0.11847738685920678,-0.4355381090945665,0.41390077802624936,-0.0186250859184563,-0.7075519772680963,-0.6063595233230912,0.9176905606699087,0.9109129671992683
0.15764778642117327,-0.10360003018643743,1.083472678381759,-0.7030746009502787,-0.010684955963028146,1.2131291417535468,1.3215266390536455,-0.9793520741748433,0.6598597181287641,-0.7057329343237699,-0.9658954139958612,-0.15956849812424173,-0.4254606527038927,0.41390077802624936,-0.019496369116013875,-0.7058074709245966,-0.621234126201964,0.7784429209131655,0.7715516329359874
0.15764778642117327,-0.10360003018643743,1.227935701936115,1.220490075116144,-0.010684955963028146,0.1996765055940436,0.24868348753216102,-0.9793520741748433,0.8990772230981884,-0.7899121580710732,-0.9933597591883814,-0.17787818340602937,-0.38404250223776587,0.41390077802624936,-0.034334936568525536,-0.7044186322095578,-0.6393820020100559,0.9143433903953525,0.9075630620630911
0.15764778642117327,-0.10360003018643743,1.3723987254904713,-0.7030746009502787,-0.010684955963028146,1.240479561960841,1.2875100697565538,-0.9793520741748433,1.0784903518252564,-0.8398678046056033,-1.0117602373116907,-0.20012747639014097,-0.3546784022815754,0.41390077802624936,-0.041368590110523525,-0.6887978834639591,-0.640070893751213,0.7695963401714025,0.7626978297722583
0.15764778642117327,-0.10360003018643743,1.5168617490448273,1.2693975050363582,-0.010684955963028146,0.18731208183122705,0.20990124319032313,-0.82945743638262,0.6598597181287641,-0.8917014387161791,-1.0209117720903296,-0.1771487799181175,-0.2914428516789535,0.41390077802624936,-0.047710760528374155,-0.6855849469300273,-0.6501322067593832,0.915165354183643,0.9083856482879519
0.15764778642117327,-0.10360003018643743,1.6613247725991833,-0.7030746009502787,-0.010684955963028146,1.2503966232044395,1.2726963552464696,-0.7994785374143086,0.8990772230981884,-0.916210745932526,-1.0273936163842399,-0.18087785525006692,-0.2642929602853456,0.41390077802624936,-0.04706025061130419,-0.6671813158622271,-0.6414366680272628,0.7660685283907821,0.7591669925079952
0.15764778642117327,0.00664490171420348,-1.6613247691510074,1.2975840016023479,-0.010684955963028146,0.1781502799559381,0.1888673312052899,-0.82945743638262,1.0784903518252564,-0.9521704154205087,-1.0327587410461485,-0.1576446964248742,-0.21859042610661406,0.41390077802624936,-0.04151223735415957,-0.6547257921394253,-0.6362982561906069,0.9164866434483977,0.909708049282932
0.15764778642117327,0.00664490171420348,-1.5168617455966513,-0.7030746009502787,-0.010684955963028146,1.234031432465821,1.2446928370055286,-0.82945743638262,1.0784903518252564,-0.9647029745717948,-1.03807446564957,-0.16129668707003292,-0.205550926655374,0.41390077802624936,-0.03434337222880618,-0.6357283696284995,-0.6225090672088155,0.7459935951690895,0.7390757486650534
0.15764778642117327,0.00664490171420348,-1.372398722042295,1.2874776844264328,-0.010684955963028146,0.15114289320870475,0.15609060722424634,-0.82945743638262,0.8990772230981884,-0.9962900455496736,-1.0470228339904866,-0.15346969032417865,-0.18572720934810624,0.41390077802624936,-0.02712702638701604,-0.6253604413883591,-0.6160343582387581,0.8846130338674301,0.8778085279901539
0.15764778642117327,0.00664490171420348,-1.227935698487939,-0.7030746009502787,-0.010684955963028146,1.2338755794835095,1.238784588126422,-0.82945743638262,1.0784903518252564,-1.0056577509864535,-1.0541051325164326,-0.17185397368995728,-0.19507961618741615,0.41390077802624936,-0.016501950735251687,-0.6039379728887444,-0.5972766331016484,0.7480613562494511,0.7411452110486233
0.15764778642117327,0.00664490171420348,-1.083472674933583,1.2994726092104696,-0.010684955963028146,0.15267532550223217,0.15473455909512832,-0.9793520741748433,1.0784903518252564,-1.027391272248652,-1.0592156033557167,-0.1439203067057325,-0.16146937867901826,0.41390077802624936,-0.008081233624251258,-0.6045894518862424,-0.6000001027331704,0.8942887681091676,0.8874920809811
0.15764778642117327,0.00664490171420348,-0.9390096513792268,-0.7030746009502787,-0.010684955963028146,1.2418157136360413,1.2438288988993569,-0.8894152343192429,0.8392728468558323,-1.025614638458918,-1.0610976760065354,-0.1434039221909949,-0.15654050647631226,0.41390077802624936,-0.0025515378008588814,-0.6009742205652404,-0.5978242529072971,0.7549602440959776,0.748049695674016
0.15764778642117327,0.00664490171420348,-0.7945466278248707,1.3066158495793343,-0.010684955963028146,0.14970046862744518,0.1503013851689681,-0.6795627985903968,1.0784903518252564,-1.0502978818504836,-1.066839215198608,-0.16394326131651313,-0.17341926943297858,0.41390077802624936,0.013354743224316698,-0.5701423914582885,-0.5678455621353022,0.8953470936690745,0.888551270758073
0.15764778642117327,0.00664490171420348,-0.6500836042705146,-0.7030746009502787,-0.010684955963028146,1.2421671673411196,1.2427118457548154,-0.5296681607981737,0.7196640943711202,-1.0482498814715924,-1.0645361983874397,-0.19072646007207691,-0.19739066077313266,0.41390077802624936,0.03613488228388841,-0.5199047726791962,-0.5180178369005864,0.7552223090868649,0.748312088194611
0.15764778642117327,0.00664490171420348,-0.5056205807161585,1.3100074957250267,-0.010684955963028146,0.14827143275876,0.14812773362871892,-0.5296681607981737,0.7794684706134762,-1.0520699383724488,-1.0516302591637663,-0.17411180903208445,-0.17942473036346732,0.41390077802624936,0.05648482812604021,-0.47875597990081625,-0.4771467960469367,0.8963290285423373,0.8895339123270097
0.15764778642117327,0.00664490171420348,-0.3611575571618023,-0.7030746009502787,-0.010684955963028146,1.2421426911009446,1.2419640058687227,-0.5296681607981737,0.7196640943711202,-1.0208091611969539,-1.0210843244072993,-0.17140472745081156,-0.1775710122063327,0.41390077802624936,0.06796045935295827,-0.43211689341382875,-0.42988860425435615,0.755421643843308,0.7485114410144703
0.15764778642117327,0.00664490171420348,-0.2166945336074462,1.3109698058913508,-0.010684955963028146,0.14752380914059085,0.14716903427264522,-0.6795627985903968,1.0784903518252564,-0.990570422524718,-0.9681441603202405,-0.12311241447784674,-0.13373847114660697,0.41390077802624936,0.06188774802635781,-0.40946563663198277,-0.40579267775819455,0.8958730210787701,0.8890776931940875
0.15764778642117327,0.00664490171420348,-0.07223151005309006,-0.7030746009502787,-0.010684955963028146,1.3019617852943726,1.3028998824614073,-0.25985778418203864,0.7196640943711202,-0.7307902058815954,-0.7689582540711721,0.16423526071743297,0.08428986930959599,0.10834432537854269,-0.011749299733138874,-0.4282503091773474,-0.4018933976588021,0.7519725594056289,0.7516908524145667
0.15764778642117327,0.00664490171420348,0.07223151350126605,1.7887896807595434,-0.010684955963028146,0.1425310745421368,-0.6874206446824462,-0.37977352300595046,0.36083783691698385,-0.16516022639662783,-0.6220028209280775,0.3446184010132372,0.1785918808801404,-1.1450081943819101,-0.11165161934243759,-0.4992081697603491,-0.44518352935247696,0.9277478888592825,0.913853932978075
0.15764778642117327,0.00664490171420348,0.2166945370556222,-0.7030746009502787,-0.010684955963028146,1.0716997776586559,1.3821250986571645,-0.37977352300595046,0.7196640943711202,0.5931230301095498,-0.511613171922183,0.4576900323887747,0.38886438825660247,-2.446318903085194,-0.15708512153850623,-0.5041640945442446,-0.484954963610733,0.7680065151752449,0.7680707362138657
0.15764778642117327,0.00664490171420348,0.3611575606099783,2.3114982521592613,-0.010684955963028146,-0.6865507261215884,-0.6874206446824462,-0.22987888521372726,-0.2970103017489328,1.4110899349499906,-0.4747015873755717,0.4703518138448448,0.6746787586546269,-3.6646250540028085,-0.19774910141190083,-0.5393979611649157,-0.6117357174437789,0.9862203760441408,0.970064878599091
0.15764778642117327,0.00664490171420348,0.5056205841643344,-0.7030746009502787,-0.010684955963028146,-0.6865507261215884,2.855587855239438,-0.22987888521372726,-0.2970103017489328,1.4962800809788281,-0.43638314482528007,0.3707832645392757,1.3758936283580754,-3.2799697294113677,-0.22471549714045663,-0.5126085982741291,-0.8333898558118408,0.6511898771590903,0.6636945937897678
0.15764778642117327,0.00664490171420348,0.6500836077186906,2.2773348974963805,-0.010684955963028146,-0.6865507261215884,-0.6874206446824462,-0.37977352300595046,0.7196640943711202,0.8742817028150823,-0.4582068382691173,0.1036102267255583,1.3596919038152528,-1.038341282300438,-0.1832224123709077,-0.39013271544957595,-0.801785555210079,0.8849491528886642,0.8668304097162406
0.15764778642117327,0.00664490171420348,0.7945466312730467,-0.7030746009502787,-0.010684955963028146,1.6827311225477035,0.8716981235580366,-0.4397313209425732,0.7196640943711202,0.5242083404761786,-0.5548528343834694,-0.3757006980037264,0.7713609833988406,0.15070599489491593,-0.10533668405635016,-0.2018201521508478,-0.6083995599435763,0.838726136985677,0.8360146391227999
0.15764778642117327,0.00664490171420348,0.9390096548274028,1.356433451840812,-0.010684955963028146,0.7355863992109565,-0.6874206446824462,-0.37977352300595046,0.7196640943711202,0.02080043125103469,-0.6233721070562886,-0.32984525577446716,0.5831345393731646,0.41390077802624936,-0.03680080057798932,-0.19330646672981752,-0.523147733118255,0.9178104491122419,0.9084261738098535
0.15764778642117327,0.00664490171420348,1.083472678381759,-0.7030746009502787,-0.010684955963028146,1.2335234981825292,1.3879344025667266,-0.5296681607981737,0.7196640943711202,-0.06306819218337802,-0.6929072119177198,-0.24968298358535318,0.1868025991441826,0.41390077802624936,0.007840954646024956,-0.23370879122943997,-0.3940952741584268,0.7957370533982208,0.7935909672711474
0.15764778642117327,0.00664490171420348,1.227935701936115,1.568574020294199,-0.010684955963028146,0.5094838880145703,-0.6874206446824462,-0.4547208419020621,0.7794684706134762,-0.2342481983098222,-0.7315171843906336,-0.14091980599409507,0.09666860530886356,0.41390077802624936,0.051968616630650485,-0.25733531467298637,-0.3450014206010578,0.9049841832105097,0.8944201031570922
0.15764778642117327,0.00664490171420348,1.3723987254904713,-0.7030746009502787,-0.010684955963028146,1.1340238162953038,1.5060797166665412,-0.5296681607981737,1.0784903518252564,-0.29891452955824577,-0.7614299634678973,-0.04977835357670771,-0.09859269098565732,0.41390077802624936,0.09070010724318292,-0.2736791096827855,-0.2546943729861109,0.7906025207989849,0.7879413411042322
0.15764778642117327,0.00664490171420348,1.5168617490448273,1.0618524110674332,-0.010684955963028146,0.21558208693381822,0.27896378600253824,-0.6795627985903968,1.0784903518252564,-0.4688933298430478,-0.80927148489869,-0.031025224128973655,-0.1333893732144688,0.41390077802624936,0.13076636033097783,-0.28243634068110945,-0.24331554087615245,0.8970280482608289,0.8869093730980001
0.15764778642117327,0.00664490171420348,1.6613247725991833,-0.7030746009502787,-0.010684955963028146,1.2419108990145,1.292677800258942,-0.6795627985903968,1.0784903518252564,-0.5145914634570925,-0.8311786713991256,-0.022546737449598116,-0.1184334970028899,0.41390077802624936,0.1489893146880824,-0.2873916148534894,-0.2509341813301787,0.767499281015928,0.7605988942818509
0.15764778642117327,0.1168898336148444,-1.6613247691510074,1.2077159496407381,-0.010684955963028146,0.22069511074680806,0.24169155067266157,-0.5296681607981737,0.7196640943711202,-0.5820394657182245,-0.8406676572815158,0.01856178003503473,-0.06189346571409748,0.41390077802624936,0.15715744402839396,-0.3066108958911929,-0.27670637467162174,0.8999959612440461,0.8932039281513388
0.15764778642117327,0.1168898336148444,-1.5168617455966513,-0.7030746009502787,-0.010684955963028146,1.2138236812183447,1.2332717007535292,-0.5296681607981737,0.7196640943711202,-0.6322998275070851,-0.8508447651053699,0.01889581367779437,-0.04498622157415649,0.41390077802624936,0.1657753145710962,-0.31032068275244423,-0.2867445426640827,0.721466972215363,0.7145291535051748
0.15764778642117327,0.1168898336148444,-1.372398722042295,1.8055309393019285,-0.010684955963028146,0.28296695432427915,-0.6874206446824462,-0.5896259587347964,0.8990772230981884,-0.689855700224199,-0.8641862597742973,0.039266892680532926,-0.037247477204380354,0.41390077802624936,0.1772391358736214,-0.3197801404464733,-0.2917715964062886,0.886502849583609,0.8796999236865803
0.15764778642117327,0.1168898336148444,-1.227935698487939,-0.7030746009502787,-0.010684955963028146,1.0585845922981605,1.4085450790134277,-0.5296681607981737,0.7196640943711202,-0.7062678207573373,-0.8762850994508543,0.03526429104061656,-0.11296592356224573,0.41390077802624936,0.18755281515159752,-0.3198324062382166,-0.2647200950738981,0.7650545993005248,0.7581524217399845
0.15764778642117327,0.1168898336148444,-1.083472674933583,1.7735817401101763,-0.010684955963028146,0.2994435433354893,-0.6874206446824462,-0.5296681607981737,0.7196640943711202,-0.737482825255143,-0.8908567251536625,0.033991979274770295,-0.16223348813887312,0.41390077802624936,0.19947987471296244,-0.3208792401666195,-0.2474991116401999,0.8895311561449731,0.882730536832018
0.15764778642117327,0.1168898336148444,-0.9390096513792268,-0.7030746009502787,-0.010684955963028146,1.0287537038878214,1.462495817291032,-0.5296681607981737,0.7196640943711202,-0.7383590450851921,-0.9030474071924776,0.016453140860889517,-0.25128682450594164,0.41390077802624936,0.21368504458783058,-0.31358848752418134,-0.2122051461756577,0.7831897483098337,0.7763023293443585
0.15764778642117327,0.1168898336148444,-0.7945466278248707,1.7626924597194342,-0.010684955963028146,0.3060253507576196,-0.6874206446824462,-0.6795627985903968,1.0784903518252564,-0.7621680303328953,-0.9205440729781109,0.013683065342024226,-0.28641388846073934,0.41390077802624936,0.22706737605703856,-0.3143603296520425,-0.20039682117984944,0.8925411289415427,0.8857431386343881
0.15764778642117327,0.1168898336148444,-0.6500836042705146,-0.7030746009502787,-0.010684955963028146,1.0178061301732608,1.4922855746333288,-0.6795627985903968,1.0784903518252564,-0.7678196482367128,-0.9403569753088739,-0.02571632715161513,-0.37687338153348326,0.41390077802624936,0.24200572531972694,-0.30264541870435896,-0.1676175835070366,0.7967141352160968,0.7898378536594848
0.15764778642117327,0.1168898336148444,-0.5056205807161585,1.154672968936854,-0.010684955963028146,0.1581921026787943,0.27925549585460996,-0.5146786398386849,0.8990772230981884,-0.7453518024453014,-0.9225973063949561,0.039698732700080744,-0.35177983157230697,0.41390077802624936,0.23480504570417227,-0.3223656706089799,-0.1732743563558976,0.892704335396773,0.8859062640937596
0.15764778642117327,0.1168898336148444,-0.3611575571618023,-0.7030746009502787,-0.010684955963028146,1.2155675610311627,1.3342204628208865,-0.37977352300595046,1.0784903518252564,-0.3531839240172794,-0.7785356034384622,0.8066582115634088,-0.13864293090650612,-0.08744535361606666,0.16466952001773683,-0.5459357394134414,-0.21290386363103095,0.7550488572924848,0.7544969377947213
0.15764778642117327,0.1168898336148444,-0.2166945336074462,2.2875836530603473,-0.010684955963028146,-0.6865507261215884,-0.6874206446824462,-0.37977352300595046,0.7196640943711202,0.8451813960265149,-0.685108960431444,1.0493423561380852,-0.04938778501223421,-2.6383670887553734,0.11111681531098434,-0.6167899358949771,-0.2393531578565716,1.0099697911648107,0.9916942502051154
0.15764778642117327,0.1168898336148444,-0.07223151005309006,-0.7030746009502787,-0.010684955963028146,-0.6865507261215884,2.832927992911851,-0.37977352300595046,0.7196640943711202,1.098970623055525,-0.5805492141025218,0.939627638542142,0.10563773679610568,-2.7460168269699983,0.05181749780219444,-0.5709157516796858,-0.2855768111167902,0.6551713597469807,0.669018378386646
0.15764778642117327,0.1168898336148444,0.07223151350126605,-0.7030746009502787,-0.010684955963028146,-0.6865507261215884,-0.6874206446824462,-0.37977352300595046,0.7196640943711202,1.3415612375401893,-0.46362901651970145,0.6068729384891489,0.305886495156069,-2.881830822123514,-0.018130515207145613,-0.4530420778451136,-0.3511446754782224,-1.2676136780735823,-1.2761757670616813
0.15764778642117327,0.1168898336148444,0.2166945370556222,1.4173813151621262,-0.010684955963028146,-0.6865507261215884,0.5923647601186524,-0.5296681607981737,0.7196640943711202,1.0983003802750768,-0.37721718181787894,0.29632774577547216,0.4980604311836151,-1.622703616587821,-0.07482224961375698,-0.3542870571338511,-0.42935255695656194,0.9041192608949065,0.8881451968416452
0.15764778642117327,0.1168898336148444,0.3611575606099783,-0.7030746009502787,-0.010684955963028146,1.7029748559602236,0.858952630853211,-0.39476304396543926,0.7794684706134762,1.273231130390448,-0.3307804310643515,-0.12884983600435349,0.864679987272362,-1.4629932054646118,-0.0890418806205348,-0.18317275863524887,-0.5418198653670816,0.8275646488244098,0.8244116500490609
0.15764778642117327,0.1168898336148444,0.5056205841643344,1.362817916645651,-0.010684955963028146,0.7018255052627576,-0.6874206446824462,-0.37977352300595046,0.36083783691698385,1.3939474132600127,-0.3693222175410435,-0.028953883996823936,1.1167539204670185,-1.2697444347905458,-0.06373586385407418,-0.23332709914035998,-0.635047333596284,0.9069852597150009,0.8977540436937324
0.15764778642117327,0.1168898336148444,0.6500836077186906,-0.7030746009502787,-0.010684955963028146,1.2429598209652521,1.38053695868088,-0.5296681607981737,0.7196640943711202,1.2404892801440117,-0.4174698801793632,0.06042705363837614,1.4328389061974618,-0.5001263613195687,-0.027599664381597066,-0.26963967965369234,-0.7362775185307631,0.7883395590463985,0.7861471657254988
0.15764778642117327,0.1168898336148444,0.7945466312730467,1.4612982056347907,-0.010684955963028146,0.5195861946485536,-0.6874206446824462,-0.6495838996220854,0.8392728468558323,0.2795527243323384,-0.5081433396450544,0.12881111723291327,0.9129417592053465,0.41390077802624936,0.025907969797370287,-0.3095384308403354,-0.5849818260775365,0.8672576090902674,0.8567696418926448
0.15764778642117327,0.1168898336148444,0.9390096548274028,-0.7030746009502787,-0.010684955963028146,1.1449299686803371,1.4502937897677641,-0.5296681607981737,0.7196640943711202,0.12508497672559424,-0.5932088488092303,0.13310713800319418,0.354573043593893,0.41390077802624936,0.08908335269568189,-0.3095811543298517,-0.391944534491106,0.7776225748100039,0.77539030042722
0.15764778642117327,0.1168898336148444,1.083472678381759,1.598086895963018,-0.010684955963028146,0.444793394430394,-0.6874206446824462,-0.6795627985903968,1.0784903518252564,-0.13438137012766005,-0.6695924716381323,0.148220709819768,0.2236124941564669,0.41390077802624936,0.1436931661450312,-0.31868299256087346,-0.34807424896026656,0.8752329765187032,0.8645167708294961
0.15764778642117327,0.1168898336148444,1.227935701936115,-0.7030746009502787,-0.010684955963028146,1.1064464155701463,1.5336295105122555,-0.7095416975587082,0.8990772230981884,-0.22882675158524152,-0.7247069340741037,0.14205144827371344,-0.026222004284706654,0.41390077802624936,0.17689496093417126,-0.33098714067107426,-0.26978186633966783,0.7773811802402085,0.7746422156668651
0.15764778642117327,0.1168898336148444,1.3723987254904713,1.666874066492923,-0.010684955963028146,0.37708395535932043,-0.6874206446824462,-0.6795627985903968,1.0784903518252564,-0.39412758421021366,-0.7628089904527116,0.16464472131178348,-0.05621106277675292,0.41390077802624936,0.1984700056679372,-0.3484413126672879,-0.2680641131454736,0.8922260398269848,0.8812423496110767
0.15764778642117327,0.1168898336148444,1.5168617490448273,-0.7030746009502787,-0.010684955963028146,1.035238861541055,1.5206131219605796,-0.5296681607981737,0.7196640943711202,-0.42167096606195487,-0.7807760004571817,0.16078800036944949,-0.13772014056840665,0.41390077802624936,0.21212131419066502,-0.34978178925967623,-0.23979946363119128,0.7887535066966134,0.7818706997931174
0.15764778642117327,0.1168898336148444,1.6613247725991833,1.7479899513879225,-0.010684955963028146,0.3870263296376297,-0.6874206446824462,-0.7844890164548198,0.8990772230981884,-0.4904228357418319,-0.8176548835566253,0.14513898008334036,-0.18783725815471292,0.41390077802624936,0.2289762454691149,-0.3583273546449649,-0.23535976924990856,0.8976632592881236,0.8908692078062314
0.15764778642117327,0.2271347655154853,-1.6613247691510074,-0.7030746009502787,-0.010684955963028146,1.0195521019724185,1.5379613338300768,-0.6795627985903968,0.6598597181287641,-0.5317653721260572,-0.8497558764922345,0.1144990603854426,-0.2745600199818194,0.41390077802624936,0.24323540356977916,-0.3630863610101759,-0.21839556448106004,0.7946805252662349,0.7878023672185193
0.15764778642117327,0.2271347655154853,-1.5168617455966513,1.7249851662947047,-0.010684955963028146,0.33115816084545896,-0.6874206446824462,-0.6795627985903968,0.6598597181287641,-0.590749352387072,-0.8768987734168514,0.09638913219523082,-0.30422520673262793,0.41390077802624936,0.24893742788176174,-0.37519142199664063,-0.22656772016926482,0.8651749293581611,0.8583544354082201
0.15764778642117327,0.2271347655154853,-1.372398722042295,-0.7030746009502787,-0.010684955963028146,0.9879441757657763,1.5067014174054134,-0.7844890164548198,0.8990772230981884,-0.6116746589403594,-0.8928299443912677,0.09041382566755282,-0.3475312527758189,0.41390077802624936,0.253983880880506,-0.38156459553175076,-0.21882789590657226,0.7774572114412684,0.770565102554343
0.15764778642117327,0.2271347655154853,-1.227935698487939,1.117678225787952,-0.010684955963028146,0.15626156538481192,0.293092625607149,-0.9793520741748433,1.0784903518252564,-0.674626476461627,-0.9279401662417719,0.050307409111198895,-0.3517676253509035,0.41390077802624936,0.27309523077459463,-0.37864551853230943,-0.22916367386518133,0.8691513791478725,0.8623341235286961
0.15764778642117327,0.2271347655154853,-1.083472674933583,-0.7030746009502787,-0.010684955963028146,1.1738723904921833,1.296328514018968,-0.9793520741748433,1.0784903518252564,-0.728015727718238,-0.9610764730791993,-0.014907064781321219,-0.3424005710459095,0.41390077802624936,0.2812055155872675,-0.3759671677935947,-0.2543513463853636,0.7524821302212431,0.7455696565382514
0.15764778642117327,0.2271347655154853,-0.9390096513792268,1.2102246569482915,-0.010684955963028146,0.1653867574991552,0.22172412112099135,-0.9193942762382205,0.8990772230981884,-0.7932888738937405,-0.9825432337060791,-0.03710745457703874,-0.2889039576270396,0.41390077802624936,0.27979362707515343,-0.38919128058668034,-0.2967265949109091,0.882355644141399,0.8755493324813175
0.15764778642117327,0.2271347655154853,-0.7945466278248707,-0.7030746009502787,-0.010684955963028146,1.2125649330377155,1.2671282427742963,-1.1292467119670664,1.0784903518252564,-0.8398691123963944,-1.0106393430268592,-0.0802516708870256,-0.26844633055488687,0.41390077802624936,0.2865464936392387,-0.3936486200792151,-0.3247822842361938,0.7521537401400695,0.7452409495272719
0.15764778642117327,0.2271347655154853,-0.6500836042705146,1.2560127757540576,-0.010684955963028146,0.1635527653747524,0.19003359535212602,-0.9793520741748433,1.0784903518252564,-0.8866684058565606,-1.0167774742377733,-0.06851159020204417,-0.20789777615720728,0.41390077802624936,0.2826766947402112,-0.40805511086642804,-0.35775279581241515,0.8902833797299274,0.8834835337768457
0.15764778642117327,0.2271347655154853,-0.5056205807161585,-0.7030746009502787,-0.010684955963028146,1.2792262869525728,1.3107136064516804,-0.8444469573421088,0.8990772230981884,-0.6784079535341454,-0.9760036400480218,0.5188173601461887,-0.10458838693902331,0.41390077802624936,0.25544059890154003,-0.6040197330691894,-0.39476516951876595,0.7476684385059124,0.7470938664453273
0.15764778642117327,0.2271347655154853,-0.3611575571618023,1.792799097423479,-0.010684955963028146,0.16923470487283804,-0.6874206446824462,-0.6795627985903968,1.0784903518252564,-0.483859687656605,-0.8583598359746833,0.6348588241321673,-0.03448968491529819,0.380909726867077,0.17101361858650876,-0.6355375235839595,-0.41421790017476734,0.912915154169296,0.8998269855413039
0.15764778642117327,0.2271347655154853,-0.2166945336074462,-0.7030746009502787,-0.010684955963028146,1.0963563470562505,1.47858933163975,-0.5296681607981737,1.0784903518252564,-0.21592931880323343,-0.6904504287273164,0.7662078149530964,0.025806607573377143,0.12254756038572298,0.07082737875405021,-0.6501994878262499,-0.4066101771809813,0.7631915652603694,0.7630429107314808
0.15764778642117327,0.2271347655154853,-0.07223151005309006,2.300076126779756,-0.010684955963028146,-0.6865507261215884,-0.6874206446824462,-0.22987888521372726,-0.1175971730218646,0.2873661204138743,-0.5218174149894315,0.8076768898436857,0.14003486871097817,-0.7731202936339325,-0.052500287416856625,-0.6706529789088137,-0.45551996235870046,1.0086233379091614,0.9908532432884811
0.15764778642117327,0.2271347655154853,0.07223151350126605,-0.7030746009502787,-0.010684955963028146,1.192756751181132,1.3510551231042696,-0.22987888521372726,-0.2970103017489328,0.45060064358887963,-0.371892412133326,0.6777303430017871,0.2282166808698416,-0.8074854382020147,-0.1611376127373259,-0.6397790769238609,-0.4965532366715196,0.7901768898672831,0.792246461446039
0.15764778642117327,0.2271347655154853,0.2166945370556222,2.289636736693918,-0.010684955963028146,-0.6865507261215884,-0.6874206446824462,-0.22987888521372726,-0.596032182960713,0.7118580099305704,-0.27241530562482186,0.6517113601733311,0.34837716560951076,-0.7537292737651479,-0.2455780901088062,-0.65476634692389,-0.5618134470033829,0.944836215847379,0.9311814590319413
0.15764778642117327,0.2271347655154853,0.3611575606099783,-0.7030746009502787,-0.010684955963028146,1.2276395774033404,1.3075007189522398,-0.34979462403763906,-0.41661905423364487,1.0963602726364527,-0.250288949850816,0.4868122955112559,0.7243304123314156,-1.3317637914559073,-0.28163162011053305,-0.6279503089609689,-0.7085412740921068,0.8146598353225283,0.8143183390033321
0.15764778642117327,0.2271347655154853,0.5056205841643344,2.312251473521992,-0.010684955963028146,-0.6865507261215884,-0.6874206446824462,-0.37977352300595046,-0.35681467799128885,1.705095690492073,-0.2739098313379304,0.45687194006767357,1.08107839029716,-2.0120494905445914,-0.2896780349239382,-0.642881843241172,-0.8392789522146133,0.9044278792689485,0.8936943279012185
0.15764778642117327,0.2271347655154853,0.6500836077186906,-0.7030746009502787,-0.010684955963028146,1.3025086305235838,1.2479488168172868,-0.5296681607981737,0.0020115794628475024,1.5690069807683091,-0.31539822693706865,0.31950205500107204,1.6403910536971456,-0.7147842059960131,-0.27588356119530466,-0.6112330629412858,-1.0055066733875764,0.8215837074171572,0.8190727195500579
0.15764778642117327,0.2271347655154853,0.7945466312730467,1.3522957510437374,-0.010684955963028146,0.6499893263425094,-0.6874206446824462,-0.8444469573421088,0.7794684706134762,0.5816602438253985,-0.42124724521496204,0.24238587124159,1.1190275326404313,0.41390077802624936,-0.2114905509901989,-0.58888195493858,-0.8633718218219076,0.8590575631717017,0.8504939168797857
0.15764778642117327,0.2271347655154853,0.9390096548274028,-0.7030746009502787,-0.010684955963028146,1.1062570908063987,1.4627968359193082,-0.82945743638262,0.6598597181287641,0.36534968528825496,-0.5225932046403235,0.230368948778242,0.29618254914034026,0.41390077802624936,-0.14389897942553945,-0.5831858511205765,-0.6084827509906067,0.788612408604812,0.7856653622984467
0.15764778642117327,0.2271347655154853,1.083472678381759,1.5440174630262404,-0.010684955963028146,0.4993654730857709,-0.6874206446824462,-1.1292467119670664,0.6598597181287641,-0.03483756627090413,-0.6239120288222906,0.23171668749567914,0.2582130630947299,0.41390077802624936,-0.07334408091372362,-0.581412934740901,-0.593764049443964,0.873668135770648,0.8633257707691664
0.15764778642117327,0.2271347655154853,1.227935701936115,-0.7030746009502787,-0.010684955963028146,1.091231608119758,1.5502922199183329,-1.0842782920392662,0.8990772230981884,-0.12707278129149577,-0.7112262843108458,0.1807802868790338,0.013349751757127604,0.41390077802624936,-0.02887417214056925,-0.5808657704563847,-0.5276821910544227,0.7797059735132785,0.7765454824757679
0.15764778642117327,0.2271347655154853,1.3723987254904713,1.0438637864148361,-0.010684955963028146,0.2095437775627557,0.3067595825632302,-0.9793520741748433,1.0784903518252564,-0.33043032593800864,-0.7677643033618172,0.16161769683694924,-0.040582216891798084,0.41390077802624936,-0.004691303285759615,-0.5880389792850266,-0.52303069794448,0.8819652427969497,0.8719546368189065
0.15764778642117327,0.2271347655154853,1.5168617490448273,-0.7030746009502787,-0.010684955963028146,1.2779905506216809,1.3597348770605355,-1.1292467119670664,0.6598597181287641,-0.41292903851872503,-0.8286036063785415,0.08747383229070807,-0.07557338491497094,0.41390077802624936,0.015575250029046417,-0.5872857880206092,-0.5350586822403213,0.7508471897842673,0.7486825487736103
0.15764778642117327,0.2271347655154853,1.6613247725991833,1.1610991798352983,-0.010684955963028146,0.17796623745769832,0.21319111113118533,-1.099267812998755,0.8990772230981884,-0.5918361265344912,-0.8795517652902606,0.06585696528532003,-0.05368925743480379,0.41390077802624936,0.02417793638324352,-0.607688965145976,-0.570540428020995,0.893461591779906,0.8824286421612865
0.15764778642117327,0.3373796974161262,-1.6613247691510074,-0.7030746009502787,-0.010684955963028146,1.2479075778574014,1.2806987649926183,-1.1292467119670664,1.0784903518252564,-0.640548064026668,-0.9150217030596088,0.0317905069294363,-0.06571401301337182,0.41390077802624936,0.029628095981132713,-0.6150369716017762,-0.5851824889967514,0.7522632035004607,0.7453506549805005
0.15764778642117327,0.3373796974161262,-1.5168617455966513,1.2313854472115322,-0.010684955963028146,0.17081190567403617,0.18601607397244593,-1.1292467119670664,0.6598597181287641,-0.7111328025002971,-0.9447786284312224,0.028479180867836407,-0.04766833529053737,0.41390077802624936,0.02569105281872525,-0.637856953636636,-0.6154723273855922,0.8544615399776085,0.8476323647499577
0.15764778642117327,0.3373796974161262,-1.372398722042295,-0.7030746009502787,-0.010684955963028146,1.2329691218024945,1.2477377481613237,-1.309120248727601,0.8990772230981884,-0.7591653426764878,-0.9666649416675084,0.013679749871624628,-0.044309996908406334,0.41390077802624936,0.029872489110406127,-0.6438054947226446,-0.6273808746664056,0.7354017119159991,0.7284752545724957
0.15764778642117327,0.3373796974161262,-1.227935698487939,1.2639662128408737,-0.010684955963028146,0.1632439358913464,0.17012688203176726,-1.2791413497592896,0.6598597181287641,-0.8229011807770308,-0.9883473926906002,0.010955262070753828,-0.03260748557488892,0.41390077802624936,0.0462863558656111,-0.6431340636386721,-0.6314057055585603,0.8693469393056814,0.8625297922102007
0.15764778642117327,0.3373796974161262,-1.083472674933583,-0.7030746009502787,-0.010684955963028146,1.241885376781155,1.2486740646173102,-1.2791413497592896,0.6598597181287641,-0.8710265740993909,-1.01796377141694,-0.050023698386278063,-0.08174485045654636,0.41390077802624936,0.051205550903550265,-0.6404158087270081,-0.6321511497437617,0.7443052711228588,0.7373859572063696
0.15764778642117327,0.3373796974161262,-0.9390096513792268,1.2881859346754514,-0.010684955963028146,0.15922591002824166,0.16221165054366857,-1.414046538067357,0.8990772230981884,-0.931921890601625,-1.0474743922715888,-0.07839583633084984,-0.10171504242065532,0.41390077802624936,0.0485950755749898,-0.6559107725796145,-0.6503693339958005,0.8818406810420217,0.8750337577860141
0.15764778642117327,0.3373796974161262,-0.7945466278248707,-0.7030746009502787,-0.010684955963028146,1.249917349134002,1.2528477433326457,-1.4290359875515128,1.0784903518252564,-0.9681490033063914,-1.0746993907018607,-0.13081176561331642,-0.14745256776741006,0.41390077802624936,0.04031848774535574,-0.6670132412207288,-0.6634218127605828,0.7530544312713014,0.7461423353780524
0.15764778642117327,0.3373796974161262,-0.6500836042705146,1.3101583549989133,-0.010684955963028146,0.16244657529794962,0.16350509976763603,-1.1292467119670664,0.6598597181287641,-1.0073127602326137,-1.0860881915095968,-0.1423147901647265,-0.15459239354032445,0.41390077802624936,0.021536610639942423,-0.6874261775188278,-0.6853453830181478,0.900193139086984,0.8934012342276677
0.15764778642117327,0.3373796974161262,-0.5056205807161585,-0.7030746009502787,-0.010684955963028146,1.2573031069064993,1.2589245961133442,-1.099267812998755,0.8990772230981884,-0.9636260088553089,-1.0659354028609318,-0.06901637057038318,-0.14257903043506628,0.41390077802624936,-0.006950373108915119,-0.7214878590591141,-0.7007350716711537,0.7610031967665061,0.7540976181319435
0.15764778642117327,0.3373796974161262,-0.3611575571618023,1.2594110511077474,-0.010684955963028146,0.10021332886844699,0.10807327244009918,-0.82945743638262,0.6598597181287641,-0.5076176690634545,-0.9665473556127991,0.5762827508472451,0.02560561179426729,-0.13221867351367056,-0.0815131743294958,-0.9088722165957613,-0.7527903954932814,0.9083520239061579,0.8966168729882518
0.15764778642117327,0.3373796974161262,-0.2166945336074462,-0.7030746009502787,-0.010684955963028146,1.2423556553103314,1.281724613048954,-0.37977352300595046,0.7196640943711202,-0.03851049670775971,-0.775724670532988,0.9834714191064444,0.19748711161265375,-0.7590754287145588,-0.18908664237914374,-0.9874303040320632,-0.770984124634382,0.7338609567020857,0.7336938365519123
0.15764778642117327,0.3373796974161262,-0.07223151005309006,2.2994513687179476,-0.010684955963028146,-0.6865507261215884,-0.6874206446824462,-0.21488936425423846,0.24122908443227173,0.9163919123936941,-0.6137697097720191,1.0264971073496456,0.2996336548051374,-2.468961167697772,-0.2817292327509233,-0.9774338749672602,-0.7783826690899658,1.0213581147297126,1.0018794600353584
0.15764778642117327,0.3373796974161262,0.07223151350126605,-0.7030746009502787,-0.010684955963028146,-0.6865507261215884,2.8451624442623484,0.06991039037071911,-0.2970103017489328,1.165280847328384,-0.4567304027182717,0.8498687372813877,0.47382945420161465,-2.432900531601408,-0.36891877129843176,-0.9059878388771455,-0.8053725959466015,0.6394526728347147,0.6543548937119259
0.15764778642117327,0.3373796974161262,0.2166945370556222,-0.7030746009502787,-0.010684955963028146,-0.6865507261215884,-0.6874206446824462,0.06991039037071911,-0.596032182960713,1.3880924338881764,-0.31758574501994263,0.6117234716837628,0.7303700506818339,-2.3957906936733258,-0.4537721139859331,-0.8313039261450055,-0.8729704528650979,-1.2676136780735823,-1.2761757670616813
0.15764778642117327,0.3373796974161262,0.3611575606099783,2.314562379596326,-0.010684955963028146,-0.6865507261215884,-0.6874206446824462,0.2198050281629423,-0.8352496879301373,1.7897967227650327,-0.25872383589365344,0.3455185512267284,1.0167654372186619,-2.6829284722119424,-0.48300890742430697,-0.7400877579340832,-0.9417561294577289,0.9472733483655139,0.9275184021356154
0.15764778642117327,0.3373796974161262,0.5056205841643344,-0.7030746009502787,-0.010684955963028146,1.5309420328997225,1.0308439947471217,0.06991039037071911,-0.596032182960713,1.8935078019776868,-0.2213954818395226,0.06548646146816481,1.553982398634154,-1.8798279345152167,-0.49991421164557553,-0.6354130399139982,-1.069593475092822,0.8716841348314066,0.8685873343627211
0.15764778642117327,0.3373796974161262,0.6500836077186906,1.248553125079155,-0.010684955963028146,0.8093417834032326,-0.6874206446824462,-0.22987888521372726,0.36083783691698385,1.6716737890342555,-0.24442982460403434,0.0437510663959911,1.8402719979188187,-0.2968362283870034,-0.4720345954369241,-0.599868180988929,-1.1189114641089226,0.8776030649753834,0.87031519525107
0.15764778642117327,0.3373796974161262,0.7945466312730467,-0.7030746009502787,-0.010684955963028146,1.170574374027563,1.3733292464808198,-0.37977352300595046,0.7196640943711202,1.119914238679888,-0.34101667980329603,0.1427286331028316,0.8539515324068384,0.41390077802624936,-0.39845105386549323,-0.6025447967636025,-0.8267409041763497,0.805973585151322,0.8034112427299231
0.15764778642117327,0.3373796974161262,0.9390096548274028,1.44938946055472,-0.010684955963028146,0.5784432889236462,-0.6874206446824462,-0.37977352300595046,0.7196640943711202,0.32718181104946914,-0.42935302945970805,0.1938507000618545,0.6732823669260742,0.41390077802624936,-0.3302318691759541,-0.594518853108675,-0.7497952994509829,0.8760624895042621,0.8661686975328678
0.15764778642117327,0.3373796974161262,1.083472678381759,-0.7030746009502787,-0.010684955963028146,1.1081101723061517,1.4871446199366525,-0.37977352300595046,1.0784903518252564,0.19169272340343285,-0.5031267984944433,0.22091737153658403,0.27202969197532184,0.41390077802624936,-0.26403820702922937,-0.5683902946471082,-0.5881330418012699,0.7846178047930981,0.7819253478453786
0.15764778642117327,0.3373796974161262,1.227935701936115,1.591135006787159,-0.010684955963028146,0.4672235673659067,-0.6874206446824462,-0.37977352300595046,0.7196640943711202,-0.023195612648369564,-0.5459413421425503,0.30594758313990983,0.23560063107082463,0.41390077802624936,-0.24495867162534204,-0.6083508539277216,-0.5886186504327543,0.8789748619647193,0.8686315440229773
0.15764778642117327,0.3373796974161262,1.3723987254904713,-0.7030746009502787,-0.010684955963028146,1.0838376916005357,1.5570148298258477,-0.37977352300595046,0.36083783691698385,-0.13024875122772642,-0.6110213966589936,0.24913202463717485,-0.010864950263001577,0.41390077802624936,-0.19364455013820636,-0.5745088622091615,-0.4891068737400838,0.7802752189358712,0.7773152627175448
0.15764778642117327,0.3373796974161262,1.5168617490448273,1.658535597838907,-0.010684955963028146,0.3866911934260013,-0.6874206446824462,-0.37977352300595046,0.7196640943711202,-0.28017192583533473,-0.6339910323046417,0.32456726490406,0.014108978728421099,0.41390077802624936,-0.17847048442539035,-0.5948957740466415,-0.4935978801844955,0.8884243000311982,0.8776666886634983
0.15764778642117327,0.3373796974161262,1.6613247725991833,-0.7030746009502787,-0.010684955963028146,1.023754065734446,1.5355697104964545,-0.4697103628615509,0.6598597181287641,-0.312023824448415,-0.6584725880501897,0.3218991400999824,-0.04746571201524039,0.41390077802624936,-0.16014606112605292,-0.5902963843732275,-0.46822199064977205,0.7883501638711325,0.781467081968926
0.15764778642117327,0.44762462931676716,-1.6613247691510074,1.7486894224155392,-0.010684955963028146,0.3970928633052032,-0.6874206446824462,-0.5296681607981737,0.7196640943711202,-0.3746447708995297,-0.6871614980728173,0.3206923088745282,-0.06885101191405395,0.41390077802624936,-0.14075127304653479,-0.5889502691477051,-0.45970549826559115,0.899756543844964,0.892964254483931
0.15764778642117327,0.44762462931676716,-1.5168617455966513,-0.7030746009502787,-0.010684955963028146,0.9776666652758387,1.5137049640869207,-0.5296681607981737,0.7196640943711202,-0.41188869094439046,-0.7134694644314519,0.299581879972679,-0.1358501474494008,0.41390077802624936,-0.12732748633251909,-0.5846317267784722,-0.43869069739842087,0.760523283511589,0.7536172474253627
0.15764778642117327,0.44762462931676716,-1.372398722042295,1.7146457518321787,-0.010684955963028146,0.33760252476506747,-0.6874206446824462,-0.4547208419020621,0.6598597181287641,-0.4662600930851313,-0.7336803503319997,0.28873283195758986,-0.15058387043143726,0.41390077802624936,-0.11417725603046132,-0.5814209589495919,-0.4337723815602075,0.8608943547642101,0.8540703965247762
0.15764778642117327,0.44762462931676716,-1.227935698487939,-0.7030746009502787,-0.010684955963028146,0.9826382708122612,1.5127084020680825,-0.5296681607981737,1.0784903518252564,-0.49666230560625696,-0.7570264005078116,0.25517032510244525,-0.21231317331287555,0.41390077802624936,-0.09879977039544932,-0.5706758929009798,-0.4118562351756057,0.7742196842698955,0.7673249028713942
0.15764778642117327,0.44762462931676716,-1.083472674933583,1.1135226082125063,-0.010684955963028146,0.15600231597765804,0.29715355307811975,-0.5296681607981737,1.0784903518252564,-0.5535400887981758,-0.7808427949024602,0.2287957580736321,-0.19778370110232318,0.41390077802624936,-0.08677027781639092,-0.5644423839711922,-0.4196093787397913,0.8640017481540998,0.8571802186448396
0.15764778642117327,0.44762462931676716,-0.9390096513792268,-0.7030746009502787,-0.010684955963028146,1.1715877322105392,1.2982971632967357,-0.5146786398386849,0.8990772230981884,-0.599608327206107,-0.80104185261999,0.18112012259499274,-0.166885685989768,0.41390077802624936,-0.07327225729190559,-0.54881014108882,-0.43065238977276105,0.7476238622934706,0.7407074126074744
0.15764778642117327,0.44762462931676716,-0.7945466278248707,1.204080456141412,-0.010684955963028146,0.16040683631703212,0.2189029343730777,-0.5296681607981737,1.0784903518252564,-0.6628256262579716,-0.8179248444396262,0.16385895482707843,-0.10462175061085935,0.41390077802624936,-0.06194388859160099,-0.543113169788796,-0.45273142466414673,0.8690203466524289,0.8622029272683985
0.15764778642117327,0.44762462931676716,-0.6500836042705146,-0.7030746009502787,-0.010684955963028146,1.210818124444022,1.2676012122798783,-0.5296681607981737,1.0784903518252564,-0.7018461800925665,-0.8325222138348856,0.13003121033996584,-0.07163158914975584,0.41390077802624936,-0.048281734219940926,-0.5295537751947343,-0.46189554078977674,0.7464510405749936,0.7395336051928
0.15764778642117327,0.44762462931676716,-0.5056205807161585,1.1963206994287898,-0.010684955963028146,0.10405337899369725,0.1354486574732177,-0.6196050006537741,0.8990772230981884,-0.4696577335604564,-0.7987562301956131,0.6980525188161316,0.060285114297605844,0.41390077802624936,-0.07097703463897592,-0.7100412169263123,-0.5077698353223087,0.8825328705344133,0.8710747417751951
0.15764778642117327,0.44762462931676716,-0.3611575571618023,-0.7030746009502787,-0.010684955963028146,1.2167645956147692,1.277390070313365,-0.07998424742150408,0.0020115794628475024,0.03214290078240318,-0.6481110997263478,1.4431713364220986,0.23982805241688004,-0.12903613344032272,-0.17414612394666892,-0.9258286707826349,-0.5710081320176855,0.7229777103829952,0.7225941417122944
0.15764778642117327,0.44762462931676716,-0.2166945336074462,-0.7030746009502787,-0.010684955963028146,-0.6865507261215884,-0.6874206446824462,0.06991039037071911,-0.8950540641724933,0.8011637735790571,-0.5118594764391478,1.634925711320929,0.3283150201108293,-1.3586203306844553,-0.2615270314731153,-0.9769396270860027,-0.600356230286206,-1.2676136780735823,-1.2761757670616813
0.15764778642117327,0.44762462931676716,-0.07223151005309006,-0.7030746009502787,-0.010684955963028146,-0.6865507261215884,-0.6874206446824462,0.2947523470590539,-1.7921197078078341,1.1503327985859026,-0.3981182769863056,1.474014328681972,0.2908386654099176,-1.7124936339444374,-0.35093755886308375,-0.9548628602723231,-0.6123178364237868,-1.2676136780735823,-1.2761757670616813
0.15764778642117327,0.44762462931676716,0.07223151350126605,-0.7030746009502787,-0.010684955963028146,-0.6865507261215884,-0.6874206446824462,0.5195943037473887,-2.2107503415043266,1.5213425836998182,-0.28499979658059194,1.1345889021849849,0.18806472243729752,-1.9676802472680823,-0.43183457687896476,-0.8754602790889318,-0.5936644822065733,-1.2676136780735823,-1.2761757670616813
0.15764778642117327,0.44762462931676716,0.2166945370556222,-0.7030746009502787,-0.010684955963028146,-0.6865507261215884,-0.6874206446824462,0.3696996659551655,-1.612706579080766,1.782046754536866,-0.21181534937034593,0.7891342927663262,0.12256532463838572,-2.018241062286264,-0.4783620637039999,-0.779680938578957,-0.5753973877326585,-1.2676136780735823,-1.2761757670616813
0.15764778642117327,0.44762462931676716,0.3611575606099783,-0.7030746009502787,-0.010684955963028146,-0.6865507261215884,-0.6874206446824462,0.2347945491224311,-1.55290220283841,1.9138007916834685,-0.1761185887972391,0.48448732189353677,0.33565502791475993,-1.3326814063764336,-0.5130073204765901,-0.7040907240057572,-0.6618920582317249,-1.2676136780735823,-1.2761757670616813
0.15764778642117327,0.44762462931676716,0.5056205841643344,-0.7030746009502787,-0.010684955963028146,-0.6865507261215884,-0.6874206446824462,0.06991039037071911,-1.3734890741113417,1.9050117836717584,-0.1662448390790253,0.16928803760642241,0.6716182520747396,-0.32065113034091375,-0.530436599710719,-0.6216166058577978,-0.7821474460791988,-1.2676136780735823,-1.2761757670616813
0.15764778642117327,0.44762462931676716,0.6500836077186906,0.4771063674697488,-0.010684955963028146,0.5545328264541244,0.5867190396471111,-0.07998424742150408,-1.3734890741113417,1.5174904859245795,-0.1987563395429092,-0.19330175170496572,1.2245218354898295,0.41390077802624936,-0.5249996961504138,-0.522651437627036,-0.9586017706083688,1.0971802749223865,1.0784143642387207
0.15764778642117327,0.44762462931676716,0.7945466312730467,-0.7030746009502787,-0.010684955963028146,2.889042619577898,-0.6874206446824462,-0.37977352300595046,0.7196640943711202,0.9370778932322068,-0.2939314663101889,-0.35481737882424974,0.6633025603066279,0.41390077802624936,-0.4653759672491169,-0.4624872220858022,-0.7929887024469295,0.7476301532911942,0.7610411955587666
0.15764778642117327,0.44762462931676716,0.9390096548274028,0.8204152224601693,-0.010684955963028146,-0.09021699736008361,0.7894646037533559,-0.5296681607981737,0.7196640943711202,0.04549609865511597,-0.40438512665947535,-0.02181567622648645,-0.2774610319353685,0.41390077802624936,-0.39897261868970196,-0.5742080628185059,-0.48824308428587865,0.9936119388838237,0.9792807506933449
0.15764778642117327,0.44762462931676716,1.083472678381759,-0.7030746009502787,-0.010684955963028146,1.1114540032716125,1.4837081126223213,-0.6795627985903968,1.0784903518252564,-0.11322131512736694,-0.5048815442339497,-0.005070892973309727,-0.48036260908034445,0.41390077802624936,-0.3372992653590747,-0.5796647415988136,-0.4162535698111564,0.8366882132088046,0.8360649890136473
0.15764778642117327,0.44762462931676716,1.227935701936115,1.0463160558705198,-0.010684955963028146,0.19536502634713002,0.3323756611901914,-0.82945743638262,0.8990772230981884,-0.36682679755022485,-0.5916913625055572,0.02672944136444783,-0.31064567919083336,0.41390077802624936,-0.2830497751131413,-0.5900003561336854,-0.47662188455858756,0.9461939928989308,0.936240395015988
0.15764778642117327,0.44762462931676716,1.3723987254904713,-0.7030746009502787,-0.010684955963028146,1.2592369390789668,1.3775248897242782,-0.9793520741748433,1.0784903518252564,-0.4993092741674803,-0.6791058096620303,-0.044190957085782835,-0.29104655635738874,0.41390077802624936,-0.23191906898239323,-0.5710944529759369,-0.4878989659391073,0.7915456312291532,0.7899606582713077
0.15764778642117327,0.44762462931676716,1.5168617490448273,1.1528683910192938,-0.010684955963028146,0.17365596110293013,0.22664312949063425,-0.82945743638262,0.6598597181287641,-0.6588859064997279,-0.7313495025019655,-0.014151966397812457,-0.19213140684444044,0.41390077802624936,-0.20484758902862715,-0.5870819297457596,-0.5285558062228441,0.9289812838986985,0.9181572112507045
0.15764778642117327,0.44762462931676716,1.6613247725991833,-0.7030746009502787,-0.010684955963028146,1.293206613263873,1.3428025269235007,-0.82945743638262,0.8392728468558323,-0.692842694391113,-0.7780249042422696,-0.04691295828385394,-0.17241591803361642,0.41390077802624936,-0.1790267559661823,-0.5788536459095186,-0.5378323721889483,0.7706803689505803,0.7691876441583955
0.15764778642117327,0.557869561217408,-1.6613247691510074,1.2139887929163238,-0.010684955963028146,0.15207863869847618,0.17504039926937942,-0.9793520741748433,1.0784903518252564,-0.7972070151039308,-0.8234785242543526,-0.016615360904714806,-0.10490167995504474,0.41390077802624936,-0.1573198739131732,-0.5939634477449626,-0.5661171098300726,0.9224395449800822,0.9111595997946794
0.15764778642117327,0.557869561217408,-1.5168617455966513,-0.7030746009502787,-0.010684955963028146,1.2767784537364282,1.2985921155315303,-0.82945743638262,0.6598597181287641,-0.8136694855825272,-0.8601194521424913,-0.06866161523762604,-0.1295077948081773,0.41390077802624936,-0.1413685223602125,-0.5840264411985732,-0.5649406443145879,0.7362837097968523,0.734682004328381
0.15764778642117327,0.557869561217408,-1.372398722042295,1.2663509360420975,-0.010684955963028146,0.1611832247473729,0.17120528806611138,-0.8594363353509314,0.8990772230981884,-0.8540462184675116,-0.8855730062219371,-0.052806206919141854,-0.1022765286052132,0.41390077802624936,-0.12810911051223672,-0.5907826080457942,-0.5757417244286346,0.8812238037795216,0.8744164599372507
0.15764778642117327,0.557869561217408,-1.227935698487939,-0.7030746009502787,-0.010684955963028146,1.2324180926006036,1.242089726643979,-0.9793520741748433,1.0784903518252564,-0.8785019062614228,-0.9161606875067032,-0.06895254776519089,-0.10713460472377931,0.41390077802624936,-0.11365183490441,-0.5892413093656286,-0.5778872237150401,0.7466514537881892,0.7397341860587775
0.15764778642117327,0.557869561217408,-1.083472674933583,1.2860498963580216,-0.010684955963028146,0.15855427781386403,0.16289333536291475,-0.9793520741748433,1.0784903518252564,-0.91631471530042,-0.9413018383993773,-0.05833309607527404,-0.087546060615551,0.41390077802624936,-0.10558059514789325,-0.5982535800780197,-0.5900837735969902,0.889704248453769,0.8829036913346883
0.15764778642117327,0.557869561217408,-0.9390096513792268,-0.7030746009502787,-0.010684955963028146,1.241345435106865,1.2455883621950008,-0.9193942762382205,0.8990772230981884,-0.9313274996870617,-0.9615384679923763,-0.07580811168396252,-0.09766583190709001,0.41390077802624936,-0.09641970910198291,-0.5956728210666264,-0.589834200455899,0.752047152664352,0.745134314189339
0.15764778642117327,0.557869561217408,-0.7945466278248707,1.2984425736219019,-0.010684955963028146,0.15356808067272168,0.15527216706918667,-0.82945743638262,0.6598597181287641,-0.9613909943932879,-0.977412585378117,-0.0753853892080136,-0.0919931939468682,0.41390077802624936,-0.09109343320078656,-0.5996298403037592,-0.5955940341294276,0.8905752820243039,0.8837756040786313
0.15764778642117327,0.557869561217408,-0.6500836042705146,-0.7030746009502787,-0.010684955963028146,1.2420949938123982,1.2437397856709722,-0.82945743638262,0.6598597181287641,-0.9709071340848597,-0.992284786084679,-0.10172265719483126,-0.11403600230527998,0.41390077802624936,-0.09127708957603935,-0.5977816698587934,-0.5950147536890822,0.7518575240186826,0.7449443763897194
0.15764778642117327,0.557869561217408,-0.5056205807161585,1.3100175291209146,-0.010684955963028146,0.15493906392047868,0.15534799698770657,-0.7994785374143086,0.8990772230981884,-0.9838379155320414,-0.9906079671979976,-0.08269848804192996,-0.09259699503229132,0.41390077802624936,-0.09455108984038847,-0.6022869377329683,-0.600493353586823,0.8986293767956813,0.891836089449984
0.15764778642117327,0.557869561217408,-0.3611575571618023,-0.7030746009502787,-0.010684955963028146,1.285819181902304,1.29374820492947,-0.5296681607981737,1.0784903518252564,-0.5876884680404598,-0.8294900243294261,0.673063818414351,0.06410810284116086,-0.11075370418618395,-0.16819247593945807,-0.7843106901230933,-0.5991939574690335,0.7502042498169121,0.7500338088523689
0.15764778642117327,0.557869561217408,-0.2166945336074462,2.3110711161628887,-0.010684955963028146,-0.6865507261215884,-0.6874206446824462,-0.22987888521372726,0.36083783691698385,0.638643958071398,-0.6921676025913537,0.9701763828040508,0.16209313828316763,-2.56163212326934,-0.24178373011457413,-0.8491593085757635,-0.608561575053541,1.0514165018532244,1.0311472784967706
0.15764778642117327,0.557869561217408,-0.07223151005309006,-0.7030746009502787,-0.010684955963028146,-0.6865507261215884,2.8299006533785547,-0.33480510307815026,0.12162033194755961,0.6058811831723038,-0.5253241233665576,0.8444487720456425,0.31162423296377584,-1.9877117344037316,-0.34620852770975674,-0.8121551280214787,-0.6560435747810458,0.6441879966926883,0.6583955747896072
0.15764778642117327,0.557869561217408,0.07223151350126605,-0.7030746009502787,-0.010684955963028146,-0.6865507261215884,-0.6874206446824462,-0.22987888521372726,0.0020115794628475024,0.6641471862889947,-0.36356189241123643,0.5778385353322572,0.5333518722533124,-1.67242483724344,-0.43834473744583274,-0.7212117829060466,-0.713681651071606,-1.2676136780735823,-1.2761757670616813
0.15764778642117327,0.557869561217408,0.2166945370556222,0.8455350832401224,-0.010684955963028146,0.588550616324845,0.12144323759806004,-0.07998424742150408,-0.596032182960713,0.7001003168230219,-0.2665290451346458,0.23288290420873825,0.6563482690990456,-1.0958831905274453,-0.49192274913342715,-0.6054890307416423,-0.7437644944142924,0.967335160363383,0.9503375457558513
0.15764778642117327,0.557869561217408,0.3611575606099783,-0.7030746009502787,-0.010684955963028146,2.8319707218458334,-0.6874206446824462,-0.22987888521372726,-0.2970103017489328,0.603267563276254,-0.24654846091521476,0.19573222951362718,0.6236746556463378,-0.3301347038342708,-0.5024861239557102,-0.5906665823255342,-0.7309513263779756,0.6799760448000917,0.6861410254131209
0.15764778642117327,0.557869561217408,0.5056205841643344,1.8103166899726941,-0.010684955963028146,0.17977413205251272,-0.6874206446824462,-0.07998424742150408,-0.2970103017489328,0.2803642085182273,-0.27091660525888345,0.4459300588813957,0.42295555088829556,0.41390077802624936,-0.4698888044803944,-0.6424723917274316,-0.6401420755919791,0.8825161544547476,0.8685973634060199
0.15764778642117327,0.557869561217408,0.6500836077186906,-0.7030746009502787,-0.010684955963028146,0.8782700137158462,1.7141729112198008,-0.22987888521372726,0.0020115794628475024,0.05391173239596184,-0.3746782971218207,0.43080405405082334,-0.0693506532435011,0.41390077802624936,-0.3859780865745383,-0.6097039090094091,-0.4444793531669836,0.8033245358812968,0.7995607041262144
0.15764778642117327,0.557869561217408,0.7945466312730467,1.642293321574163,-0.010684955963028146,0.3364279790346133,-0.6874206446824462,-0.22987888521372726,0.24122908443227173,-0.3022199707827971,-0.48938175405195766,0.3501162798033729,-0.13977322700846395,0.41390077802624936,-0.28185673173059356,-0.5421945063289421,-0.37473184832719036,0.8827016490161987,0.8723453601588566
0.15764778642117327,0.557869561217408,0.9390096548274028,-0.7030746009502787,-0.010684955963028146,0.9719789728153186,1.5896461695493151,-0.22987888521372726,0.36083783691698385,-0.33566606637025054,-0.5498175072951237,0.33253019593629785,-0.20736232991164338,0.41390077802624936,-0.22760169805076147,-0.5199756893343833,-0.33220375535828195,0.8073239927483976,0.8004563590951098
0.15764778642117327,0.557869561217408,1.083472678381759,1.7270085080761788,-0.010684955963028146,0.372661705435717,-0.6874206446824462,-0.22987888521372726,0.7196640943711202,-0.38991584396741735,-0.5943297430940616,0.3385767850775672,-0.19789030210257982,0.41390077802624936,-0.18866028000667368,-0.5102342999836474,-0.3230121272328466,0.8892133708885337,0.8824124728873964
0.15764778642117327,0.557869561217408,1.227935701936115,-0.7030746009502787,-0.010684955963028146,0.9888649635532185,1.5709087535725335,-0.37977352300595046,1.0784903518252564,-0.4239981797747498,-0.6347104641423299,0.31494576980442257,-0.23834253358164836,0.41390077802624936,-0.156737813353809,-0.4977779087788249,-0.3029615564540915,0.8036901327204359,0.796819500515973
0.15764778642117327,0.557869561217408,1.3723987254904713,1.1267896242609072,-0.010684955963028146,0.17504807341271864,0.33462033137137165,-0.37977352300595046,1.0784903518252564,-0.48418794314517566,-0.668847296107993,0.29640483046226285,-0.20004103831386463,0.41390077802624936,-0.13505141790433864,-0.49233337474680605,-0.3181335509499076,0.8978730191265086,0.8910792036924486
0.15764778642117327,0.557869561217408,1.5168617490448273,-0.7030746009502787,-0.010684955963028146,1.1928100968327957,1.3368564153816296,-0.37977352300595046,1.0784903518252564,-0.5334308436985463,-0.6954133951666104,0.2524773342703706,-0.14898566917568118,0.41390077802624936,-0.11452745644154048,-0.47596594085194455,-0.33544427590678033,0.7706794702366199,0.7637817851459489
0.15764778642117327,0.557869561217408,1.6613247725991833,1.2269725446986741,-0.010684955963028146,0.17976864058837086,0.24660104108011782,-0.37977352300595046,0.8392728468558323,-0.6056424739163265,-0.7259690707796804,0.21427731319378637,-0.09214861983273857,0.41390077802624936,-0.07633367891718258,-0.4447437448357063,-0.3372340843385599,0.8991013813677458,0.8923086825311495
0.15764778642117327,0.6681144931180489,-1.6613247691510074,-0.7030746009502787,-0.010684955963028146,1.2297131542633033,1.294645194420817,-0.37977352300595046,0.7196640943711202,-0.6454463944348013,-0.7461736947009834,0.18377830098787157,-0.04562175883522854,0.41390077802624936,-0.05525440998905314,-0.4227535093535852,-0.34242468163516404,0.7600622432498428,0.7531559114336145
0.15764778642117327,0.6681144931180489,-1.5168617455966513,1.8288501638555632,-0.010684955963028146,0.2461650444332986,-0.6874206446824462,-0.5296681607981737,1.0784903518252564,-0.7003226038209137,-0.7773388696272207,0.1602757601927114,-0.03551175252081227,0.41390077802624936,-0.01839732309087901,-0.3977279542812575,-0.32870077906560907,0.8804340139510177,0.873626007585817
0.15764778642117327,0.6681144931180489,-1.372398722042295,-0.7030746009502787,-0.010684955963028146,1.0479521763256838,1.4158816497784763,-0.5296681607981737,1.0186859755829005,-0.7102363119129855,-0.8020653383387901,0.1296681663312097,-0.10315212155388609,0.41390077802624936,0.012872223456264065,-0.37309168176569035,-0.2890701800444517,0.7640895602497197,0.7571865634679971
0.15764778642117327,0.6681144931180489,-1.227935698487939,1.1848785072575085,-0.010684955963028146,0.14653890197183522,0.23160188319688071,-0.5296681607981737,1.0784903518252564,-0.7400258244484724,-0.8227764868034558,0.11194863478055077,-0.11577823697359656,0.41390077802624936,0.044391947585444416,-0.35213787042772454,-0.2690549818368748,0.8679163664233276,0.861098095110698
0.15764778642117327,0.6681144931180489,-1.083472674933583,-0.7030746009502787,-0.010684955963028146,1.1871184295982302,1.261659702829614,-0.5296681607981737,1.0784903518252564,-0.7582191560391137,-0.838395950366572,0.0780288859898493,-0.1134720748764414,0.41390077802624936,0.07323829046225724,-0.32595899800896083,-0.25540597304456764,0.7386049082140802,0.7316810689641341
0.15764778642117327,0.6681144931180489,-0.9390096513792268,1.243024186441547,-0.010684955963028146,0.15181374092820496,0.18534463926632383,-0.40975242197426187,0.8392728468558323,-0.7952329049047377,-0.8477026430753893,0.06925283584210971,-0.08048516840771214,0.41390077802624936,0.09517028413532685,-0.31006867922544934,-0.25485988168335244,0.874028520068816,0.8672151974999526
0.15764778642117327,0.6681144931180489,-0.7945466278248707,-0.7030746009502787,-0.010684955963028146,1.2139178206036336,1.2461316181905766,-0.37977352300595046,0.7196640943711202,-0.8110264403936771,-0.8549908911409443,0.04806532225346981,-0.06548779104336154,0.41390077802624936,0.11772892685781547,-0.28917515788791776,-0.24706940040514533,0.7407697304021779,0.733847546991044
0.15764778642117327,0.6681144931180489,-0.6500836042705146,1.2678647246466912,-0.010684955963028146,0.1482150537269037,0.16360101154043982,-0.5296681607981737,1.0784903518252564,-0.8428142572579926,-0.8662471467213306,0.06374998384637462,-0.021783822182418634,0.41390077802624936,0.13545610540928357,-0.2878902001448502,-0.256551651322175,0.8742095210604645,0.8673965389767444
0.15764778642117327,0.6681144931180489,-0.5056205807161585,-0.7030746009502787,-0.010684955963028146,1.2281701051391016,1.24338500624529,-0.39476304396543926,0.8990772230981884,-0.8423722239705946,-0.8599761223953309,0.06482336738824493,0.0008025699024926659,0.41390077802624936,0.13628906660728052,-0.284776373431776,-0.2615664775089118,0.745150960959707,0.7382324903305357
0.15764778642117327,0.6681144931180489,-0.3611575571618023,1.2876806815253798,-0.010684955963028146,0.14882047457362815,0.15605007744020985,-0.22987888521372726,0.7196640943711202,-0.8292792764653144,-0.8117714061683358,0.11240451196049568,0.061912610484730166,0.41390077802624936,0.11256316952081644,-0.2916778435174536,-0.2740202427541211,0.8809976873470551,0.8741902947771434
0.15764778642117327,0.6681144931180489,-0.2166945336074462,-0.7030746009502787,-0.010684955963028146,1.224323779054832,1.2317115916988495,-0.22987888521372726,0.7196640943711202,-0.7742932126527481,-0.7363208182469192,0.16439440329661373,0.11978718864696451,0.41390077802624936,0.0781396501041745,-0.2922764061116927,-0.2772000622236839,0.7363090535305389,0.7293833946769266
0.15764778642117327,0.6681144931180489,-0.07223151005309006,1.8740068953915237,-0.010684955963028146,0.2255519708324952,-0.6874206446824462,-0.2448684061732161,0.8392728468558323,-0.7186794092604449,-0.6545672003278069,0.2511138470685354,0.18370710139627214,0.41390077802624936,0.04603666032130414,-0.2995266039696661,-0.2765736183551008,0.9083906686064601,0.9016054009948533
0.15764778642117327,0.6681144931180489,0.07223151350126605,-0.7030746009502787,-0.010684955963028146,1.0704747104580967,1.3941171034543798,-0.22987888521372726,0.7196640943711202,-0.6355457642506407,-0.582813963262749,0.3031783364886444,0.16508773126747636,0.41390077802624936,0.02105360883415947,-0.2948998886126022,-0.24548418517826723,0.7691083384908409,0.762209476765909
0.15764778642117327,0.6681144931180489,0.2166945370556222,1.8149544480541122,-0.010684955963028146,0.26903830007557095,-0.6874206446824462,-0.22987888521372726,1.0784903518252564,-0.5829934991003454,-0.5315735786529361,0.35989940408499077,0.17566645648378446,0.41390077802624936,0.01623973904029572,-0.28456015353813235,-0.21765470562915956,0.8997624753571034,0.8929701900401691
0.15764778642117327,0.6681144931180489,0.3611575606099783,-0.7030746009502787,-0.010684955963028146,1.0325786917114252,1.447544040032746,-0.21488936425423846,0.8990772230981884,-0.5352447495258272,-0.5093011100298833,0.3722470447206988,0.12261740451637371,0.41390077802624936,0.03254900360802075,-0.2580620477357745,-0.16490481298654988,0.7751694451833718,0.768275410566904
0.15764778642117327,0.6681144931180489,0.5056205841643344,1.7876238359909211,-0.010684955963028146,0.2921540169346206,-0.6874206446824462,-0.22987888521372726,0.7196640943711202,-0.5358025222982392,-0.520768881353652,0.3755102964615045,0.09608433417768593,0.41390077802624936,0.0724822142822467,-0.23409894126822117,-0.12816057210369855,0.8931971901327215,0.8863995292845818
0.15764778642117327,0.6681144931180489,0.6500836077186906,-0.7030746009502787,-0.010684955963028146,1.0208527944791599,1.4828332968450793,-0.22987888521372726,0.7196640943711202,-0.5558280687872372,-0.564798944750735,0.33508973908478856,-0.00037410984079821677,0.41390077802624936,0.12440659553597043,-0.20517969314626722,-0.07488707806796852,0.7841894777195147,0.7773029822563625
0.15764778642117327,0.6681144931180489,0.7945466312730467,1.7815640232101704,-0.010684955963028146,0.3103967654131671,-0.6874206446824462,-0.28983668315035005,0.8990772230981884,-0.5959242805475269,-0.6322321119123054,0.2857538818035498,-0.06613472077774346,0.41390077802624936,0.19196201427085569,-0.17519843016054923,-0.036030526977841856,0.8973271402668895,0.8905329278441895
0.15764778642117327,0.6681144931180489,0.9390096548274028,-0.7030746009502787,-0.010684955963028146,1.016941616818358,1.5082548325086653,-0.22987888521372726,0.7196640943711202,-0.6068005226618618,-0.6850094645389977,0.23179791652046933,-0.16131883528170926,0.41390077802624936,0.24911674591744165,-0.1446784608400161,0.014036072286929673,0.793639634757162,0.7867607794359075
0.15764778642117327,0.6681144931180489,1.083472678381759,1.7759906509622014,-0.010684955963028146,0.3161246240114103,-0.6874206446824462,-0.22987888521372726,0.7196640943711202,-0.6353829442971465,-0.7213846061969652,0.20502963738170377,-0.1927840328154773,0.41390077802624936,0.29424511823021626,-0.12545549300372494,0.036754651999186684,0.8981399371727827,0.8913463037231636
0.15764778642117327,0.6681144931180489,1.227935701936115,-0.7030746009502787,-0.010684955963028146,1.0105570837080664,1.5181363599322328,-0.31981572506932765,0.8990772230981884,-0.6439018935104907,-0.7561406783323986,0.1548566238245662,-0.2727534992141114,0.41390077802624936,0.3443331767502772,-0.09547488062952242,0.08201342012337572,0.7974699536568931,0.7905941253939611
0.15764778642117327,0.6681144931180489,1.3723987254904713,1.1563655669895934,-0.010684955963028146,0.15825036449835642,0.29182642285735316,-0.37977352300595046,1.0784903518252564,-0.6747618328085078,-0.7815636182910917,0.14243438510486717,-0.25109315245967384,0.41390077802624936,0.37828020187049555,-0.08539864321882092,0.07824318440402252,0.8923833147700756,0.8855851300338425
0.15764778642117327,0.6681144931180489,1.5168617490448273,-0.7030746009502787,-0.010684955963028146,1.195202074013669,1.3147312324243514,-0.37977352300595046,1.0784903518252564,-0.7115552189258283,-0.8138775185210264,0.06382043759236611,-0.25430420243687013,0.41390077802624936,0.43093366519133175,-0.04375777126423493,0.09067751657000424,0.7686794721888813,0.7617800699732347
0.15764778642117327,0.6681144931180489,1.6613247725991833,1.2430388781998114,-0.010684955963028146,0.16987103481773236,0.2247870222712491,-0.34979462403763906,0.8990772230981884,-0.753686353157098,-0.8272906780635341,0.06621006288287737,-0.17918467467586646,0.41390077802624936,0.46349001145957025,-0.038817461156710927,0.06461688392901496,0.9012617099860408,0.8944706577222926
0.15764778642117327,0.7783594250186899,-1.6613247691510074,-0.7030746009502787,-0.010684955963028146,1.233778511317345,1.286914308079465,-0.37977352300595046,0.7196640943711202,-0.7747385154171238,-0.8378476792949102,0.05119678404589143,-0.13328195846611862,0.41390077802624936,0.4830395336505218,-0.036549429413757197,0.04122164003106991,0.7658276730493631,0.7589260907944692
0.15764778642117327,0.7783594250186899,-1.5168617455966513,1.2479573921983085,-0.010684955963028146,0.13416710395717107,0.15992409723615295,-0.37977352300595046,0.7196640943711202,-0.8126160601002814,-0.8491498560564256,0.05502532348982883,-0.08155280590646569,0.41390077802624936,0.49721192495972805,-0.047595945464540455,0.009674110222557243,0.8505918574064067,0.8437595166417677
0.15764778642117327,0.7783594250186899,-1.372398722042295,-0.7030746009502787,-0.010684955963028146,1.1951411972111823,1.2206843526511892,-0.40975242197426187,0.8990772230981884,-0.8276353834408788,-0.8571143978804262,0.03391406572037971,-0.06632920657210481,0.41390077802624936,0.5046459108367587,-0.04976508425714164,-0.007511063941553092,0.7207710081243373,0.7138326466817855
0.15764778642117327,0.7783594250186899,-1.227935698487939,1.2609309314169872,-0.010684955963028146,0.1386311413079111,0.15101643515236304,-0.37977352300595046,0.7196640943711202,-0.8560831026246783,-0.863287317864923,0.04179742546302716,-0.032089941787383384,0.41390077802624936,0.509895783757699,-0.06225834344784117,-0.031205664599284633,0.8614720480980316,0.8546486015721093
0.15764778642117327,0.7783594250186899,-1.083472674933583,-0.7030746009502787,-0.010684955963028146,1.207686211694778,1.2200486364515148,-0.5296681607981737,1.0784903518252564,-0.8641717886677446,-0.873544439868017,0.036501790367267035,-0.018275754151072163,0.41390077802624936,0.517897128043319,-0.06416984008031336,-0.04096827589528282,0.7277426918016658,0.7208099953768599
0.15764778642117327,0.7783594250186899,-0.9390096513792268,1.2756273480438527,-0.010684955963028146,0.14113420296342535,0.14695848858163751,-0.6196050006537741,0.8392728468558323,-0.8926025065712596,-0.8897240026858131,0.043552138172015135,0.0025602657845869305,0.41390077802624936,0.5303939562019249,-0.06782909611386263,-0.05038567709848565,0.8699508750871501,0.8631341955747226
0.15764778642117327,0.7783594250186899,-0.7945466278248707,-0.7030746009502787,-0.010684955963028146,1.2176867431933323,1.2234966489948627,-0.82945743638262,1.0784903518252564,-0.907234723837686,-0.9151281567067716,0.014476291635128381,-0.01593460088589383,0.41390077802624936,0.5545792352453861,-0.05322221697988265,-0.03973438453893459,0.7338573618462436,0.7269295538583508
0.15764778642117327,0.7783594250186899,-0.6500836042705146,1.288406131881635,-0.010684955963028146,0.14328136544288914,0.145806762860559,-0.82945743638262,0.6598597181287641,-0.9451940054452884,-0.947172791829177,-0.01642555022433774,-0.03890752331524716,0.41390077802624936,0.5675094153235518,-0.06565735487519954,-0.05530268284147022,0.8777964682196872,0.8709863224546824
0.15764778642117327,0.7783594250186899,-0.5056205807161585,-0.7030746009502787,-0.010684955963028146,1.2261308368551105,1.2291837882908645,-0.5896259587347964,0.8392728468558323,-0.8985150287379051,-0.9265061729946971,0.0437444354551919,-0.031440570808720786,0.41390077802624936,0.5413000598504671,-0.11186898959651845,-0.08110806526204345,0.740030088812671,0.7331074445304577
0.15764778642117327,0.7783594250186899,-0.3611575571618023,1.2360989932654614,-0.010684955963028146,0.08468508956470527,0.09139978995594257,-0.37977352300595046,1.0784903518252564,-0.5566330140191705,-0.7904521499414463,0.5409928839139092,0.1555343286490566,0.3413288497748365,0.43416958447498544,-0.30318390816866897,-0.160350485272745,0.8840800964888424,0.8723774940322836
0.15764778642117327,0.7783594250186899,-0.2166945336074462,-0.7030746009502787,-0.010684955963028146,1.2109984536665086,1.2437274436980268,-0.22987888521372726,0.36083783691698385,0.06373324123725982,-0.6253126248467261,1.129952216831145,0.30840830049801815,-0.7697793834727782,0.3112480350918751,-0.5093733240781658,-0.22302522267052236,0.7194863863891717,0.7192284766509333
0.15764778642117327,0.7783594250186899,-0.07223151005309006,2.263758996188858,-0.010684955963028146,-0.6865507261215884,-0.6874206446824462,-0.07998424742150408,-0.8950540641724933,1.2768615576265923,-0.5103113760147221,1.1616439695133158,0.37954534508912857,-3.0026543897745763,0.206641509272361,-0.5494765841511738,-0.2831734414195109,0.9973705404095055,0.9783734292863262
0.15764778642117327,0.7783594250186899,0.07223151350126605,-0.7030746009502787,-0.010684955963028146,-0.6865507261215884,2.805175707035441,0.06991039037071911,-1.612706579080766,1.5861017680944112,-0.3910485024188494,0.9539264335080143,0.5308382043922989,-3.0449706443392994,0.09068612814900356,-0.5234423643593513,-0.38394400127787726,0.6238680740453583,0.6385325428503031
0.15764778642117327,0.7783594250186899,0.2166945370556222,-0.7030746009502787,-0.010684955963028146,-0.6865507261215884,-0.6874206446824462,-0.07998424742150408,-0.8950540641724933,1.8846880608823853,-0.29911638512493977,0.6880141033137446,0.775620140920545,-3.0244768562855673,0.02677636076854593,-0.4357566311019137,-0.4715321645946029,-1.2676136780735823,-1.2761757670616813
0.15764778642117327,0.7783594250186899,0.3611575606099783,-0.7030746009502787,-0.010684955963028146,-0.6865507261215884,-0.6874206446824462,-0.07998424742150408,-0.2970103017489328,1.919683888557314,-0.2112302021986866,0.4515970266619109,1.0411493988422518,-2.3320688585640434,-0.03216070538590676,-0.34938318127119383,-0.5574298683677349,-1.2676136780735823,-1.2761757670616813
0.15764778642117327,0.7783594250186899,0.5056205841643344,1.083507525245939,-0.010684955963028146,1.0350300813043476,-0.6874206446824462,-0.22987888521372726,0.0020115794628475024,1.7777696247545136,-0.19035624227365436,0.19136575499735478,1.1821336972961767,-1.2908460845048293,-0.046511209636467085,-0.2557528105968405,-0.6042328020682988,0.9752832068874191,0.956670374913208
0.15764778642117327,0.7783594250186899,0.6500836077186906,-0.7030746009502787,-0.010684955963028146,1.1675424582253593,1.382933393292091,-0.37977352300595046,0.7196640943711202,1.4374268797969252,-0.2246579730260989,0.07284349028487586,1.2570872204460937,0.41390077802624936,-0.01973690594344471,-0.2088289731365792,-0.6260865005803266,0.8442731792927912,0.8436412148657116
0.15764778642117327,0.7783594250186899,0.7945466312730467,1.3899444566031929,-0.010684955963028146,0.6047189511488925,-0.6874206446824462,-0.5296681607981737,1.0784903518252564,0.502323769377606,-0.32103539980839335,0.13428412999505196,0.8277675600002888,0.41390077802624936,0.04549388583696122,-0.2319042117560112,-0.483817800952113,0.8971757968359382,0.8881314836599916
0.15764778642117327,0.7783594250186899,0.9390096548274028,-0.7030746009502787,-0.010684955963028146,1.096925785737931,1.4721631382689047,-0.5296681607981737,0.7196640943711202,0.3065455262610189,-0.4201674016829581,0.15510942844253564,0.16366285835564903,0.41390077802624936,0.11387672233594473,-0.23967316386232518,-0.2437548594762184,0.8149280115683472,0.8125210935093031
0.15764778642117327,0.7783594250186899,1.083472678381759,1.5480827800386947,-0.010684955963028146,0.47948041073120146,-0.6874206446824462,-0.5296681607981737,0.7196640943711202,-0.039161776521736594,-0.4978305556042281,0.20672798709389856,0.16171149042728697,0.41390077802624936,0.16837735423937605,-0.2588180583167591,-0.24301159878306508,0.8918084973209278,0.8815387180742761
0.15764778642117327,0.7783594250186899,1.227935701936115,-0.7030746009502787,-0.010684955963028146,1.0864614608678536,1.5543025243816295,-0.6196050006537741,0.8990772230981884,-0.13130086891918105,-0.5664256678034574,0.21664455905910032,0.005401874127305992,0.41390077802624936,0.22132148631159662,-0.2598419039716151,-0.1799617374514342,0.7972742137562921,0.7944356583261363
0.15764778642117327,0.7783594250186899,1.3723987254904713,1.63806352853626,-0.010684955963028146,0.3960308664398277,-0.6874206446824462,-0.5296681607981737,0.7196640943711202,-0.3069214786768672,-0.618048728922679,0.2232746709906992,-0.03347819603500043,0.41390077802624936,0.25489637830400613,-0.26811573061393945,-0.17078102678623908,0.8929759267556417,0.8823975316596246
0.15764778642117327,0.7783594250186899,1.5168617490448273,-0.7030746009502787,-0.010684955963028146,1.0655163890349315,1.5745552836129169,-0.6795627985903968,0.6598597181287641,-0.3415733573737316,-0.6645133106950725,0.2233724773674874,-0.16224976310074438,0.41390077802624936,0.2871480767266809,-0.27057829520002086,-0.1222605582406857,0.7932271250492839,0.7905793888405424
0.15764778642117327,0.7783594250186899,1.6613247725991833,1.078590802925279,-0.010684955963028146,0.1664024168671052,0.2928284237117265,-0.7545101174865084,0.8990772230981884,-0.47024885499804187,-0.7050401445923876,0.2238084617250347,-0.1118356274602879,0.41390077802624936,0.31691679880046547,-0.27064617566813565,-0.14227531974985297,0.8949628035795567,0.8847740055727519
0.15764778642117327,0.8886043569193308,-1.6613247691510074,-0.7030746009502787,-0.010684955963028146,1.262865489385268,1.3739438348962998,-0.6795627985903968,0.0020115794628475024,-0.5192910096649759,-0.7478018093046491,0.13778775333982862,-0.11221564781998143,0.41390077802624936,0.32822443987836625,-0.26857354425033025,-0.17309662010318705,0.7611710765343309,0.759352427471848
0.15764778642117327,0.8886043569193308,-1.5168617455966513,2.423534375664148,-0.010684955963028146,-0.6865507261215884,-0.6874206446824462,-0.82945743638262,-0.057792796779508555,-0.5869443350803135,-0.791178539533851,0.09241554092131096,-0.11308147579153156,0.41390077802624936,0.3240866280012795,-0.30271698597106145,-0.2254397281772466,0.9762563343638688,0.9695265850506004
0.15764778642117327,0.8886043569193308,-1.372398722042295,-0.7030746009502787,-0.010684955963028146,1.1673395355504033,1.2327623328870576,-0.724531218518197,-0.41661905423364487,-0.5899287136656454,-0.8192002008791643,-0.013696918085467441,-0.1759150348359337,0.41390077802624936,0.29239650353443025,-0.3329623972320632,-0.27228545832195217,0.8049190341900493,0.7980491840290268
0.15764778642117327,0.8886043569193308,-1.227935698487939,1.051646834939341,-0.010684955963028146,0.24031616442530068,0.2668103942201143,-0.82945743638262,-0.057792796779508555,-0.6176689180314499,-0.8406850516683071,-0.05354307021545282,-0.17796649377980392,0.41390077802624936,0.2852112491262459,-0.350003647786454,-0.3036943363854142,0.8785725975959912,0.8717630616244627
0.15764778642117327,0.8886043569193308,-1.083472674933583,-0.7030746009502787,-0.010684955963028146,1.2227110667855166,1.2483464793693042,-0.6795627985903968,-0.35681467799128885,-0.6601204610065435,-0.8689891978551112,-0.1102425872542018,-0.20220235325036573,0.41390077802624936,0.26881810999344474,-0.37369566612255845,-0.3395619052109769,0.761768901060868,0.7548639189097188
0.15764778642117327,0.8886043569193308,-0.9390096513792268,1.1796362370738418,-0.010684955963028146,0.19585570174311906,0.2080542355611604,-0.5296681607981737,0.0020115794628475024,-0.7173376159087576,-0.8810588149618588,-0.09847018073282426,-0.16639174089697575,0.41390077802624936,0.25019265413152103,-0.4085207318410046,-0.38392413150024013,0.8783434255360588,0.8715336216747068
0.15764778642117327,0.8886043569193308,-0.7945466278248707,-0.7030746009502787,-0.010684955963028146,1.2270249518167209,1.239105897794964,-0.5296681607981737,0.0020115794628475024,-0.7510707715748615,-0.8877841806708473,-0.09184338427162497,-0.14198824931914017,0.41390077802624936,0.23255971395633096,-0.43140620876842245,-0.4136353444963499,0.7498174433283049,0.7429027497181628
0.15764778642117327,0.8886043569193308,-0.6500836042705146,1.2355557565452426,-0.010684955963028146,0.17709544814377623,0.1827392801554665,-0.5296681607981737,-0.6558365592030692,-0.8031646560528699,-0.9002316038587018,-0.07768218132733608,-0.11476918933757949,0.41390077802624936,0.20969184402984056,-0.47060598631693773,-0.4580953912293654,0.8839039485525808,0.8770987173338172
0.15764778642117327,0.8886043569193308,-0.5056205807161585,-0.7030746009502787,-0.010684955963028146,1.2352947830163978,1.2408994584056943,-0.36478400204646166,-0.8950540641724933,-0.8155958614178442,-0.8895591038990316,-0.06546881724281182,-0.09315766746875564,0.41390077802624936,0.15826950507224752,-0.519440886668661,-0.5108507426020952,0.750512328962578,0.7435982331697868
0.15764778642117327,0.8886043569193308,-0.3611575571618023,1.7582456944954543,-0.010684955963028146,0.179026874531953,-0.6874206446824462,-0.22987888521372726,-0.596032182960713,-0.2530745006433648,-0.7279506393229453,0.7423297971351817,0.031391360739494244,-0.6453889953882493,0.016686829035169663,-0.7903967271093727,-0.5722778326436216,0.9252638434724085,0.9120155479390853
0.15764778642117327,0.8886043569193308,-0.2166945336074462,-0.7030746009502787,-0.010684955963028146,-0.6865507261215884,2.8434354047939334,-0.22987888521372726,-0.2970103017489328,0.00949327207102639,-0.5768915224480471,0.7910522923924944,0.21271722093176312,-0.4856413207149679,-0.0922409240178188,-0.8027338395363577,-0.6301672288689113,0.6493085093541402,0.6578204398575698
0.15764778642117327,0.8886043569193308,-0.07223151005309006,-0.7030746009502787,-0.010684955963028146,-0.6865507261215884,-0.6874206446824462,-0.19989998624541588,0.0020115794628475024,0.2104255186954105,-0.41712895019825375,0.6503453863686961,0.4151183429991984,-0.6267420820349675,-0.19466598808875932,-0.7410951214305471,-0.6740375143997508,-1.2676136780735823,-1.2761757670616813
0.15764778642117327,0.8886043569193308,0.07223151350126605,0.8957194419548611,-0.010684955963028146,0.474592484648369,0.08886612934045819,-0.37977352300595046,1.0784903518252564,0.8783986282255226,-0.3678402157864247,0.25819734957727947,0.44922496684466917,-1.7462579037676065,-0.19743915115130356,-0.5660734670404937,-0.6322007150132523,0.9691608079027808,0.9513840457229359
0.15764778642117327,0.8886043569193308,0.2166945370556222,-0.7030746009502787,-0.010684955963028146,1.3956652006300447,1.1791494299705834,-0.22987888521372726,0.7196640943711202,0.9316145972023104,-0.34032020855617234,0.158507785602125,0.4949242460310265,-1.4400155689013847,-0.19373059387306887,-0.4883685481714876,-0.6037875880397031,0.7933293986979909,0.7941137055688071
0.15764778642117327,0.8886043569193308,0.3611575606099783,1.5563682150287317,-0.010684955963028146,0.42064821109355194,-0.6874206446824462,-0.21488936425423846,0.8392728468558323,0.06489259777358614,-0.39632248049397173,0.14812124570778,0.4017378830967558,0.41390077802624936,-0.13207435288186803,-0.4412297920406136,-0.5306290319224595,0.9201214021903199,0.9084331327378568
0.15764778642117327,0.8886043569193308,0.5056205841643344,-0.7030746009502787,-0.010684955963028146,1.1482357254944144,1.4319471332055898,-0.22987888521372726,0.7196640943711202,-0.08190037957548066,-0.4623905361801609,0.15877799643969237,0.1645262450829185,0.41390077802624936,-0.08717711766078294,-0.44210659949297176,-0.4459656562040854,0.792986449450657,0.792027050539582
0.15764778642117327,0.8886043569193308,0.6500836077186906,1.633353028334654,-0.010684955963028146,0.38754231806832967,-0.6874206446824462,-0.22987888521372726,0.7196640943711202,-0.3001471223788747,-0.5351317744149645,0.19270271843599324,0.11813853500940757,0.41390077802624936,-0.04186894527459808,-0.4590981867016811,-0.4349942637102915,0.8994969952531662,0.8885422650865393
0.15764778642117327,0.8886043569193308,0.7945466312730467,-0.7030746009502787,-0.010684955963028146,1.1066740236839114,1.5319012159279481,-0.30482620410983885,0.8990772230981884,-0.3708430230697489,-0.6164435749095778,0.1618804478661175,-0.07775992604237247,0.41390077802624936,0.012887166625904056,-0.4489790089309581,-0.3649810278882516,0.7931214362875268,0.7909451419094218
0.15764778642117327,0.8886043569193308,0.9390096548274028,1.1240924324448875,-0.010684955963028146,0.20466861259659572,0.29867213871534803,-0.22987888521372726,0.7196640943711202,-0.45356013671258205,-0.6629700806989484,0.16990057076274842,-0.06905526268553805,0.41390077802624936,0.04438375294402894,-0.4523565501783057,-0.36881174633733554,0.8854804725821228,0.8786767565957421
0.15764778642117327,0.8886043569193308,1.083472678381759,-0.7030746009502787,-0.010684955963028146,1.2176894627755739,1.298946476585248,-0.37977352300595046,1.0784903518252564,-0.5187875102103954,-0.7038594136169942,0.14569680797807297,-0.056047499409946924,0.41390077802624936,0.07989691865006447,-0.43621010732820137,-0.36545266217062855,0.7611597527384284,0.7542543986863709
0.15764778642117327,0.8886043569193308,1.227935701936115,1.2195874278217964,-0.010684955963028146,0.1922584266325971,0.22846200160520136,-0.34979462403763906,0.8990772230981884,-0.5933224307685971,-0.7322519232886981,0.1552727153597159,-0.00395867019293953,0.41390077802624936,0.10185687051149278,-0.4359583206717117,-0.38074540377670135,0.8895250448900417,0.8827243966014268
0.15764778642117327,0.8886043569193308,1.3723987254904713,-0.7030746009502787,-0.010684955963028146,1.2448695952948123,1.2795051497786196,-0.37977352300595046,1.0784903518252564,-0.6389080943746056,-0.7567460029927359,0.14432586096783862,0.02222286096932939,0.41390077802624936,0.119811570871673,-0.43089027383664896,-0.38890336676659387,0.7586449713341047,0.7517375181670594
0.15764778642117327,0.8886043569193308,1.5168617490448273,1.2716233064134284,-0.010684955963028146,0.18191752895656496,0.1984471601461393,-0.37977352300595046,1.0784903518252564,-0.6990455461133868,-0.7785369949894054,0.13880643162010553,0.04723829111352374,0.41390077802624936,0.1485111332596027,-0.4117935246343604,-0.38043098092178335,0.8961444326948468,0.8893490913862162
0.15764778642117327,0.8886043569193308,1.6613247725991833,-0.7030746009502787,-0.010684955963028146,1.2522802477047528,1.2685956824388953,-0.34979462403763906,0.8990772230981884,-0.7331004183141058,-0.7996329072898947,0.10545860147333495,0.037649897327080815,0.41390077802624936,0.1827555756594299,-0.3705289230062254,-0.34692092846049105,0.7544646932181476,0.7475539743909573
0.15764778642117327,0.9988492888199717,-1.6613247691510074,1.2985221241178706,-0.010684955963028146,0.17219413334836936,0.17993174279288646,-0.37977352300595046,0.7196640943711202,-0.777101039481279,-0.8169479756774268,0.1047175938390245,0.054082726328475064,0.41390077802624936,0.2130280271614013,-0.343837802454276,-0.3262126898768658,0.8971411064770621,0.8903466741829247
0.15764778642117327,0.9988492888199717,-1.5168617455966513,-0.7030746009502787,-0.010684955963028146,1.2140289050782744,1.2217162671010064,-0.37977352300595046,0.7196640943711202,-0.7935412775164263,-0.8285388992596778,0.08933712665528293,0.05136887643644526,0.41390077802624936,0.23467344940379428,-0.31979293580627766,-0.30650056036555706,0.7162565881578592,0.7093146650128189
0.15764778642117327,0.9988492888199717,-1.372398722042295,1.2731922786954055,-0.010684955963028146,0.13774131491829725,0.1411952578846382,-0.42474194293375067,0.8990772230981884,-0.8294022087996795,-0.8436497509530163,0.07870026874576817,0.05000422088354152,0.41390077802624936,0.2647526037759064,-0.29427790400380593,-0.28413832655554044,0.8529527789806897,0.8461222773732414
0.15764778642117327,0.9988492888199717,-1.227935698487939,-0.7030746009502787,-0.010684955963028146,1.2124205859802726,1.2158314470518976,-0.5296681607981737,1.0784903518252564,-0.8502601641272244,-0.8675378102212451,0.03118211811110981,0.009880743634272118,0.41390077802624936,0.29727713555394364,-0.25975537264005666,-0.2517756991654939,0.7206493222540831,0.7137108654417278
0.15764778642117327,0.9988492888199717,-1.083472674933583,1.28173428195172,-0.010684955963028146,0.1407046135685571,0.14200658571630564,-0.5296681607981737,1.0784903518252564,-0.8801497226582317,-0.8827704226221228,0.029942961049259538,0.013299299375326751,0.41390077802624936,0.3245889113162754,-0.24456684681123997,-0.23824481729298577,0.8644263006290489,0.857605122601747
0.15764778642117327,0.9988492888199717,-0.9390096513792268,-0.7030746009502787,-0.010684955963028146,1.2202548656240129,1.2215047800730792,-0.39476304396543926,0.9588815993405444,-0.8850944796394498,-0.8873298392878585,0.008360906483067304,-0.004564098774549777,0.41390077802624936,0.3434635806847757,-0.21971045073293638,-0.21447816139766884,0.7294764907742987,0.7225452245419183
0.15764778642117327,0.9988492888199717,-0.7945466278248707,1.2909610644773863,-0.010684955963028146,0.14339543099806415,0.14360764292698625,-0.37977352300595046,0.7196640943711202,-0.9079245834800008,-0.8925599835082667,0.004951774044679232,-0.005508046563081881,0.41390077802624936,0.36548981273412334,-0.20280539485578555,-0.1983873534480369,0.8740779493366445,0.8672647286933878
0.15764778642117327,0.9988492888199717,-0.6500836042705146,-0.7030746009502787,-0.010684955963028146,1.2277544274533927,1.2279073354279446,-0.5296681607981737,1.0784903518252564,-0.9119833122002363,-0.903360506154721,-0.01375659655266023,-0.02218499999254478,0.41390077802624936,0.3871337888633254,-0.18616470412442362,-0.18229108676828484,0.7370521102330958,0.7301269766015146
0.15764778642117327,0.9988492888199717,-0.5056205807161585,1.2949572227253274,-0.010684955963028146,0.14151776865881902,0.14160960301873005,-0.40975242197426187,0.8990772230981884,-0.8797789639689497,-0.8810949952863847,0.07352316171679373,0.008105959042213048,0.41390077802624936,0.384847965946137,-0.2086481031352765,-0.18341493012541177,0.8754549588669515,0.8686428011123944
0.15764778642117327,0.9988492888199717,-0.3611575571618023,-0.7030746009502787,-0.010684955963028146,1.2614983763122396,1.2731672328922303,-0.37977352300595046,0.7196640943711202,-0.46868539110726004,-0.7431992545596711,0.8698204092785768,0.15153801176157286,-0.09883751956468063,0.28968937964094016,-0.487660249101638,-0.23502613166496783,0.7296470666840051,0.7293715235644503
0.15764778642117327,0.9988492888199717,-0.2166945336074462,2.2755743948536136,-0.010684955963028146,-0.6865507261215884,-0.6874206446824462,-0.22987888521372726,0.7196640943711202,0.8329738228868216,-0.6396476868891726,1.145694070288443,0.21778524405846827,-2.7355038479058984,0.2382043757784052,-0.5544865096908539,-0.23378896507054756,1.0235977099193256,1.0036200107335957
0.15764778642117327,0.9988492888199717,-0.07223151005309006,-0.7030746009502787,-0.010684955963028146,-0.6865507261215884,2.8189633643032077,-0.05000534845319268,-0.35681467799128885,1.1545713485399167,-0.5132969485635809,1.0858581182516729,0.3620595260546649,-2.8313841267274285,0.1312151374579079,-0.5604038214241196,-0.316229982582425,0.6301150347849245,0.6457649157892631
0.15764778642117327,0.9988492888199717,0.07223151350126605,-0.7030746009502787,-0.010684955963028146,-0.6865507261215884,-0.6874206446824462,0.06991039037071911,-0.8950540641724933,1.558492996703114,-0.3950227719129258,0.7836604511365877,0.5429801396963398,-3.0906708950449473,0.039259209832972465,-0.47594837434102666,-0.39795699819459296,-1.2676136780735823,-1.2761757670616813
0.15764778642117327,0.9988492888199717,0.2166945370556222,-0.7030746009502787,-0.010684955963028146,-0.6865507261215884,-0.6874206446824462,0.2198050281629423,-2.031337212777258,1.850096994457308,-0.3076438093055069,0.4877613489131412,0.6574012591321151,-3.134867794402373,-0.05095945381188136,-0.4218927503186088,-0.4851739678631516,-1.2676136780735823,-1.2761757670616813
0.15764778642117327,0.9988492888199717,0.3611575606099783,-0.7030746009502787,-0.010684955963028146,-0.6865507261215884,-0.6874206446824462,0.06991039037071911,-1.3734890741113417,1.9527873429574942,-0.2694394739325662,0.21446463727136372,0.7957506412590857,-2.6278517807193946,-0.13222691782351506,-0.41073302786413246,-0.611362121954359,-1.2676136780735823,-1.2761757670616813
0.15764778642117327,0.9988492888199717,0.5056205841643344,-0.7030746009502787,-0.010684955963028146,-0.6865507261215884,-0.6874206446824462,0.06991039037071911,-1.3734890741113417,1.9451831934025374,-0.23820889611199364,-0.036366446942728274,1.0288536651485276,-1.931378562582189,-0.1690982248347337,-0.34693449639744256,-0.7077803271133642,-1.2676136780735823,-1.2761757670616813
0.15764778642117327,0.9988492888199717,0.6500836077186906,0.995880503923015,-0.010684955963028146,1.1308366751066903,-0.6874206446824462,-0.22987888521372726,-1.4332934503536978,1.580304331517384,-0.2715949863437441,-0.31608025154293035,1.3443202023278635,-0.34697084155123503,-0.17203407563126172,-0.282747983597023,-0.8341704542190156,1.032417688727857,1.010971504146024
0.15764778642117327,0.9988492888199717,0.7945466312730467,-0.7030746009502787,-0.010684955963028146,1.0902291282657484,1.4296653325125825,-0.7844890164548198,-0.1175971730218646,0.9513537375080535,-0.40179336302757157,-0.5419939179688331,0.25285290440243596,0.41390077802624936,-0.10801464466715575,-0.22849977856602385,-0.5154166428237547,0.9275456782181657,0.9261063537740045
0.15764778642117327,0.9988492888199717,0.9390096548274028,0.7969342989817334,-0.010684955963028146,0.36511172673554904,0.3626129719412422,-0.9793520741748433,0.6598597181287641,0.044840895468765726,-0.5312890064850304,-0.3969180508259627,-0.18257556298174,0.41390077802624936,-0.029333313078701254,-0.29212221118252457,-0.37030656499342474,0.966049999399841,0.9579616654065265
0.15764778642117327,0.9988492888199717,1.083472678381759,0.7378375972017449,-0.010684955963028146,0.43120426956462765,0.41283863084217554,-1.1292467119670664,0.6598597181287641,-0.24096762739458769,-0.6548663837806172,-0.44984124707956796,-0.253025804181884,0.41390077802624936,0.0270749831424806,-0.313074070685944,-0.3841389871177674,0.9616592424743304,0.9549242980074387
0.15764778642117327,0.9988492888199717,1.227935701936115,0.7536124247187806,-0.010684955963028146,0.4482743551004257,0.4280012675704425,-1.099267812998755,0.8990772230981884,-0.3135591708371878,-0.7473154622499644,-0.47283817863878924,-0.33663435205492803,0.41390077802624936,0.07184568345935609,-0.3269197343468156,-0.37549235860752317,0.9568872510867678,0.9502086009134372
0.15764778642117327,0.9988492888199717,1.3723987254904713,0.7605602826195061,-0.010684955963028146,0.4424315418528131,0.42544742050768314,-1.2791413497592896,0.6598597181287641,-0.4344206184845666,-0.8275056726842746,-0.5172729418018202,-0.4340969612208679,0.41390077802624936,0.08230927647146247,-0.36767382280580607,-0.3962722157303242,0.9551327816930429,0.9484162676038811
0.15764778642117327,0.9988492888199717,1.5168617490448273,0.7670799295171569,-0.010684955963028146,0.43659761954714443,0.4234492760064359,-1.1292467119670664,0.3010334606746278,-0.4916894311230299,-0.8791920493714165,-0.5329045558683314,-0.47709215549231815,0.41390077802624936,0.07714448320992408,-0.41227085661621554,-0.43073732761342987,0.9553491920147358,0.9485867613399619
0.15764778642117327,0.9988492888199717,1.6613247725991833,0.7722922786809436,-0.010684955963028146,0.43180519264072165,0.42195485135014293,-1.2191834803473338,0.24122908443227173,-0.5404386406527534,-0.9307476202698878,-0.5582032527524746,-0.5186575943633797,0.41390077802624936,0.07633610593617357,-0.4470165477297735,-0.4595046169971713,0.9564105732021085,0.949624869658572
0.15764778642117327,1.1090942207206127,-1.6613247691510074,0.7762106781107531,-0.010684955963028146,0.42816210302935914,0.4208535917472518,-1.2791413497592896,0.3010334606746278,-0.5841312770886182,-0.9660199578052869,-0.5914938910348521,-0.5623086695982411,0.41390077802624936,0.06445749116670604,-0.4777542550374864,-0.4864185583305352,0.9579245467399985,0.951127998107285
0.15764778642117327,1.1090942207206127,-1.5168617455966513,-0.7030746009502787,-0.010684955963028146,1.2695767907618292,1.262720484944964,-1.2791413497592896,0.6598597181287641,-0.6187609233420336,-0.9949294286524283,-0.5830021424738782,-0.5585914683068491,0.41390077802624936,0.057067129704269554,-0.5080673298960978,-0.5151978569205409,0.8185347304347012,0.8116761977799611
0.15764778642117327,1.1090942207206127,-1.372398722042295,1.0836845430162476,-0.010684955963028146,0.28229291632561077,0.2785009620170892,-1.3241097696870898,-0.17740154926422066,-0.7004723458664968,-1.025375867516449,-0.528041589659719,-0.5089267946605635,0.41390077802624936,0.039848259939426325,-0.5690738704793696,-0.5749526104024724,0.9206070672145843,0.913831828147947
0.15764778642117327,1.1090942207206127,-1.227935698487939,-0.7030746009502787,-0.010684955963028146,1.2628278336311525,1.258996974463159,-1.4290359875515128,1.0784903518252564,-0.7724439964741069,-1.0562182026238398,-0.49415748217581323,-0.47934461021529823,0.41390077802624936,0.0274466342325591,-0.6140311261988484,-0.6188552116156228,0.7898067994583414,0.7829247727112645
0.15764778642117327,1.1090942207206127,-1.083472674933583,1.1929075531490518,-0.010684955963028146,0.23229025883283902,0.22994115568479928,-1.578930625343736,1.0784903518252564,-0.8634034615779627,-1.0913339906781172,-0.4547473144033752,-0.44350470293054,0.41390077802624936,0.015483662860285179,-0.660870817903108,-0.6649677251305961,0.9217556236561273,0.9149814839889628
0.15764778642117327,1.1090942207206127,-0.9390096513792268,-0.7030746009502787,-0.010684955963028146,1.2652057945035495,1.2627884703891543,-1.578930625343736,0.8990772230981884,-0.9208860980107737,-1.1174102638046914,-0.4326753990856421,-0.4238844226466628,0.41390077802624936,0.0010193977053687896,-0.6979324691412598,-0.7015475490622299,0.7831897483098337,0.7763023293443585
0.15764778642117327,1.1090942207206127,-0.7945466278248707,1.2511360078491658,-0.010684955963028146,0.20180227751318341,0.20015840607290367,-1.578930625343736,1.0784903518252564,-0.9913760216520469,-1.1443527773934727,-0.4082238048885966,-0.40137777787492057,0.41390077802624936,-0.015101631128665378,-0.7358687591267183,-0.7392012143830906,0.9197347754445048,0.9129586873578857
0.15764778642117327,1.1090942207206127,-0.6500836042705146,-0.7030746009502787,-0.010684955963028146,1.2623376812317484,1.260622977102208,-1.4290359875515128,0.6598597181287641,-1.0266876808030305,-1.1598974450933863,-0.4002409810339612,-0.39461553121741905,0.41390077802624936,-0.03743805445747541,-0.7657929851695794,-0.7689432146170777,0.7769717261597961,0.7700792056402301
0.15764778642117327,1.1090942207206127,-0.5056205807161585,1.233867100183745,-0.010684955963028146,0.1332247164107709,0.13590844826192597,-1.204194030863178,0.8990772230981884,-0.7769787610423093,-1.1216590167223346,0.2271885837974263,-0.2774626594315556,0.3369492181554215,-0.07916589160169131,-0.95211858090004,-0.8112588538097116,0.9332949311663966,0.9216929606994405
0.15764778642117327,1.1090942207206127,-0.3611575571618023,-0.7030746009502787,-0.010684955963028146,1.2679469242045276,1.3005465401625136,-0.6795627985903968,0.6598597181287641,-0.2819923706165713,-1.003171584889618,1.0307052681543372,-0.10276070872088269,-0.497567985709929,-0.15240019683750372,-1.1354620987493105,-0.8370334489924075,0.7656881926426905,0.7656678593091965
0.15764778642117327,1.1090942207206127,-0.2166945336074462,2.31117539181301,-0.010684955963028146,-0.6865507261215884,-0.6874206446824462,-0.22987888521372726,-0.2970103017489328,0.7483944151574362,-0.8326919830499687,1.2030293287763152,-0.006037796571990848,-2.609951302853495,-0.25380334092016094,-1.1439070362202055,-0.8266950508433408,1.04112245240665,1.0216704466023931
0.15764778642117327,1.1090942207206127,-0.07223151005309006,-0.7030746009502787,-0.010684955963028146,-0.6865507261215884,2.8465627352266853,-0.07998424742150408,-1.1342715691419176,1.091115377668673,-0.6796332074695426,1.0650891828009825,0.1628849151782036,-2.737372847839204,-0.37255164865300583,-1.1059288902272513,-0.8715795684304956,0.6510000687706288,0.6661136399683271
0.15764778642117327,1.1090942207206127,0.07223151350126605,-0.7030746009502787,-0.010684955963028146,-0.6865507261215884,-0.6874206446824462,0.06991039037071911,-2.031337212777258,1.4770503251862257,-0.54762163990659,0.7131917855283023,0.3515914705790813,-3.1143216044813524,-0.4924802257685449,-1.0571407254693899,-0.9687277149811611,-1.2676136780735823,-1.2761757670616813
0.15764778642117327,1.1090942207206127,0.2166945370556222,-0.7030746009502787,-0.010684955963028146,-0.6865507261215884,-0.6874206446824462,-0.07998424742150408,-1.8519240840501903,1.7269730687412945,-0.47147318918710635,0.3759056663066567,0.4563428214190574,-3.1565016141911237,-0.5611638538112496,-0.9893266197291742,-1.018178569488385,-1.2676136780735823,-1.2761757670616813
0.15764778642117327,1.1090942207206127,0.3611575606099783,-0.7030746009502787,-0.010684955963028146,-0.6865507261215884,-0.6874206446824462,0.009952592434096328,-2.2107503415043266,1.847264319603746,-0.41510980977951956,0.09399950690471956,0.6281567801456782,-2.713166678609536,-0.6569167926379338,-0.9745529671767269,-1.1218977170084266,-1.2676136780735823,-1.2761757670616813
0.15764778642117327,1.1090942207206127,0.5056205841643344,-0.7030746009502787,-0.010684955963028146,-0.6865507261215884,-0.6874206446824462,-0.07998424742150408,-2.4499678464737507,1.8347572623728865,-0.388124158111496,-0.15790164538084314,0.8576003788583711,-2.187837959037985,-0.7138601507397734,-0.954226128469176,-1.2222143288700051,-1.2676136780735823,-1.2761757670616813
0.15764778642117327,1.1090942207206127,0.6500836077186906,0.4917445545669076,-0.010684955963028146,0.6891879203836278,0.45008220769250123,-0.37977352300595046,-2.0911415890196143,1.4213057427148108,-0.41550640179836124,-0.5161564571447551,1.2771151885248455,-0.7480861749010997,-0.7457476696571896,-0.905458241103547,-1.360549249224467,1.0706396339831374,1.0501881335599201
0.15764778642117327,1.1090942207206127,0.7945466312730467,1.102126103826072,-0.010684955963028146,0.9910088311541971,-0.6874206446824462,-0.82945743638262,-1.493097826596054,0.3765790309161917,-0.5173832379085932,-0.7443155258987866,0.6535994280389927,0.41390077802624936,-0.6962351641871336,-0.8472684146412813,-1.2239837216511353,0.993820260779872,0.9898726484630749
0.15764778642117327,1.1090942207206127,0.9390096548274028,0.5256856515940922,-0.010684955963028146,0.40527744606153515,0.6707455970975665,-0.9793520741748433,-0.9548584404148494,-0.024970938647312577,-0.6464739400415506,-0.6400705055945826,-0.3512216003801233,0.41390077802624936,-0.6503348084492478,-0.9018759740993292,-0.9863583215230719,0.9947888946865191,0.987851489226822
0.15764778642117327,1.1090942207206127,1.083472678381759,0.6374115460814791,-0.010684955963028146,0.4761728757287353,0.5143218630938594,-1.1292467119670664,-0.35681467799128885,-0.18287686824390662,-0.7552125138532148,-0.644196608506884,-0.4628507501068868,0.41390077802624936,-0.596313563068622,-0.9056198096298905,-0.9598142637426462,0.9753982422743656,0.9690990203271035
0.15764778642117327,1.1090942207206127,1.227935701936115,0.689122414313455,-0.010684955963028146,0.47339524086612844,0.4809221832580509,-1.1892045813790224,0.24122908443227173,-0.29706531337960457,-0.8330189975216451,-0.6272247155313346,-0.5229826654806626,0.41390077802624936,-0.5563938494508451,-0.9107071579399123,-0.9429906758616916,0.9671699767374397,0.9606056486990747
0.15764778642117327,1.1090942207206127,1.3723987254904713,0.7177621157883474,-0.010684955963028146,0.4603895709905192,0.4592977915419775,-1.4290359875515128,0.6598597181287641,-0.4198917166906385,-0.8988323993852096,-0.6119735516931775,-0.5627480935687647,0.41390077802624936,-0.5214210480405009,-0.9161566799935499,-0.93273568710886,0.9634613437079628,0.9568101674963332
0.15764778642117327,1.1090942207206127,1.5168617490448273,0.7376036936601071,-0.010684955963028146,0.4493863504393213,0.4463369418685554,-1.4290359875515128,0.6598597181287641,-0.4977752355694986,-0.9562575321625374,-0.6187934743051534,-0.5889971658227993,0.41390077802624936,-0.48683050255030225,-0.9140237585753103,-0.9249816701478552,0.9622081769614154,0.9554920646627668
0.15764778642117327,1.1090942207206127,1.6613247725991833,0.751713783714771,-0.010684955963028146,0.4408884927286114,0.4377710896795559,-1.4889938569634686,0.8392728468558323,-0.5603530249245063,-0.9933973310638505,-0.6358921840234874,-0.6149679362288355,0.41390077802624936,-0.4609098876776807,-0.9071600239575304,-0.9154441768820101,0.9622603023711254,0.9555080292623038
0.15764778642117327,1.2193391526212536,-1.6613247691510074,0.761805767467989,-0.010684955963028146,0.43458199070879255,0.43185719277893186,-1.578930625343736,0.6598597181287641,-0.6147074257849626,-1.0341057623592669,-0.6607830780484798,-0.6445159432541712,0.41390077802624936,-0.4396614235062081,-0.9020950133095399,-0.9088751410554774,0.9630801092459107,0.9563072826109182
0.15764778642117327,1.2193391526212536,-1.5168617455966513,0.7780331728066846,-0.010684955963028146,0.438750691888018,0.4364510215393632,-1.578930625343736,0.6598597181287641,-0.637993948611614,-1.064373386927073,-0.6708173492128674,-0.6562615832366473,0.41390077802624936,-0.4212121524347172,-0.8992572627495332,-0.9054726053970144,0.9635010668650177,0.956760840977251
0.15764778642117327,1.2193391526212536,-1.372398722042295,0.7838308631198626,-0.010684955963028146,0.4351586467433454,0.43320811585148783,-1.758804197841937,0.7196640943711202,-0.6791939357996074,-1.1094088458806932,-0.7161423161781907,-0.7023278628132011,0.41390077802624936,-0.41117010141777766,-0.9005344131544151,-0.9062636845660198,0.9642329795144642,0.957493370486775
0.15764778642117327,1.2193391526212536,-1.227935698487939,0.7876669349530558,-0.010684955963028146,0.4328898875578835,0.4312021268759109,-1.8787199009281823,1.0784903518252564,-0.7206888298109981,-1.1523267121863408,-0.7601344640428751,-0.7467951273859054,0.41390077802624936,-0.40755240825170874,-0.9072274706846348,-0.9125621857278001,0.9655066369393114,0.9587680823574972
0.15764778642117327,1.2193391526212536,-1.083472674933583,0.7902715866087876,-0.010684955963028146,0.4313168184297064,0.42982432340465204,-1.8787199009281823,1.0784903518252564,-0.7611204899092096,-1.1924538230751918,-0.8092672487621384,-0.7961489492604503,0.41390077802624936,-0.4146658390380751,-0.9190993958780536,-0.9240949540271456,0.9670905304233297,0.9603532852217785
0.15764778642117327,1.2193391526212536,-0.9390096513792268,0.791996703614271,-0.010684955963028146,0.4302681056775883,0.4289228364146892,-1.8787199009281823,0.8990772230981884,-0.7932411395298646,-1.2238458208051874,-0.8439735929051448,-0.8310164275734018,0.41390077802624936,-0.4289727188740412,-0.9364672534132139,-0.9412545813342938,0.9688928113997541,0.9621568756207517
0.15764778642117327,1.2193391526212536,-0.7945466278248707,0.7931662213224594,-0.010684955963028146,0.429508610036941,0.4282730001612214,-1.728825263135959,0.6598597181287641,-0.8045208351032594,-1.2333981222554982,-0.837442945085534,-0.8251550000554736,0.41390077802624936,-0.4352756032168706,-0.948917572243892,-0.9535849792787887,0.9707339168192729,0.9639995588211552
0.15764778642117327,1.2193391526212536,-0.6500836042705146,0.7941186772606792,-0.010684955963028146,0.428781226386609,0.42762630169748544,-1.8787199009281823,1.0784903518252564,-0.8222250529380226,-1.249666048558194,-0.8465140720988379,-0.8344569545129826,0.41390077802624936,-0.4291231146459018,-0.9494558448376967,-0.9540048647996271,0.972305048565052,0.9655720718755482
0.15764778642117327,1.2193391526212536,-0.5056205807161585,0.7852523803158438,-0.010684955963028146,0.41829211147840534,0.419438762357157,-1.3990570885832014,0.7196640943711202,-0.6557805572662176,-1.230713124710393,-0.5601311987898416,-0.8487976371658286,0.31645543010168975,-0.4607341849249782,-1.0281496932102283,-0.9506431604424624,0.9740196150589296,0.9673023888561336
0.15764778642117327,1.2193391526212536,-0.3611575571618023,0.7645266094314589,-0.010684955963028146,0.3969999791117182,0.4142220823349518,-0.9793520741748433,-0.057792796779508555,-0.02983265091329463,-1.1147510099520375,0.19294557664276388,-0.6841430341663676,-1.0186952400108473,-0.5456877914603866,-1.20711893297044,-0.9859690048909061,0.9725703489261971,0.9662233456669159
0.15764778642117327,1.2193391526212536,-0.2166945336074462,-0.7030746009502787,-0.010684955963028146,1.2396145256093534,1.3041008191847805,-0.6795627985903968,-1.9117284602925464,0.3948462526865313,-1.0070804514893592,0.5199918655352468,-0.5405067306755237,-2.3894640415626416,-0.7481376127241277,-1.3999070528841362,-1.161473510379178,0.8264141152121537,0.8255498441263067
0.15764778642117327,1.2193391526212536,-0.07223151005309006,-0.7030746009502787,-0.010684955963028146,-0.6865507261215884,-0.6874206446824462,-0.6795627985903968,-2.390163470231395,0.9228445521570715,-0.8987579514097429,0.48584666475737254,-0.44731711274887875,-3.6714955210473574,-0.984890202953065,-1.533907000611833,-1.3459996591369452,-1.2676136780735823,-1.2761757670616813
0.15764778642117327,1.2193391526212536,0.07223151350126605,-0.7030746009502787,-0.010684955963028146,-0.6865507261215884,2.870755512431276,-0.6795627985903968,-2.569576598958463,1.1501680169462216,-0.8064466364837829,0.22685206355186696,-0.3009246444651398,-4.07106092361141,-1.1299782573650468,-1.5622835302946263,-1.4641139146821098,0.7020534924686123,0.7010292425274771
0.15764778642117327,1.2193391526212536,0.2166945370556222,-0.7030746009502787,-0.010684955963028146,-0.6865507261215884,-0.6874206446824462,-0.6795627985903968,-2.7489897276855313,1.346672737847275,-0.735439270724336,-0.07168283763926099,-0.015613984137030341,-4.398274485766662,-1.3276137267971937,-1.6310660712756297,-1.6486878819157291,-1.2676136780735823,-1.2761757670616813
0.15764778642117327,1.2193391526212536,0.3611575606099783,-0.7030746009502787,-0.010684955963028146,-0.6865507261215884,2.9007849969090866,-0.7395205965270196,-2.509772222716107,1.4260183668306052,-0.7091090395506087,-0.33784963018669995,0.6200526628818926,-4.460944790072347,-1.4246901002124779,-1.6320176990522677,-1.8027626138731003,0.6474402627730138,0.6448485887107108
0.15764778642117327,1.2193391526212536,0.5056205841643344,1.045298562026812,-0.010684955963028146,1.0467797225815694,-0.6874206446824462,-0.9793520741748433,-2.390163470231395,1.4016928042204104,-0.7039554306320822,-0.7005040711708803,1.1023343042490972,-4.280543792771587,-1.499522842562039,-1.6162050199096032,-1.9168660128752175,1.0399643695971255,1.0174529268836867
0.15764778642117327,1.2193391526212536,0.6500836077186906,-0.7030746009502787,-0.010684955963028146,1.5934338488408186,1.0008291532880595,-0.9793520741748433,-2.2705547177466827,1.2043922926229618,-0.7115491241296923,-0.607914587056468,1.7400646164332938,-3.7196015997045375,-1.540586913751601,-1.6531479345461806,-2.0172038046096623,0.8006938203760662,0.804121667409319
0.15764778642117327,1.2193391526212536,0.7945466312730467,1.4469250076897437,-0.010684955963028146,0.5945278396947866,-0.6874206446824462,-1.099267812998755,-2.2107503415043266,0.09975699247400728,-0.790872398326324,-0.5128028588355603,1.1639382899241268,-1.2350415892999351,-1.5673443461240621,-1.7031207544384734,-1.9681401924171584,0.9357678325001602,0.9240522419669125
0.15764778642117327,1.2193391526212536,0.9390096548274028,-0.7030746009502787,-0.010684955963028146,1.271693253341757,1.2972495598982594,-1.1292467119670664,-2.2705547177466827,-0.0838960683227271,-0.8803484282053021,-0.4522963529104713,0.3176711950470362,-0.9192667725308865,-1.5813839360385646,-1.7423300742892158,-1.8733002153104774,0.7863034326974471,0.7851913364968102
0.15764778642117327,1.2193391526212536,1.083472678381759,1.5903833979344817,-0.010684955963028146,0.47306460242513054,-0.6874206446824462,-1.1292467119670664,-2.509772222716107,-0.4052987331479456,-0.9528468408004992,-0.3837846437055496,0.13170778446955658,-0.2843249914502858,-1.6165866694462727,-1.7965231942119047,-1.885400254843904,0.9221728066766002,0.9105140568851967
0.15764778642117327,1.2193391526212536,1.227935701936115,-0.7030746009502787,-0.010684955963028146,1.174799140440694,1.464061155995265,-1.1292467119670664,-2.509772222716107,-0.48808908307508136,-0.9921379774601604,-0.355825281825728,-0.17826920807060903,-0.2683633826740769,-1.6603783511328636,-1.8328963900314288,-1.8697430884150132,0.7868475141291451,0.7845793601812258
0.15764778642117327,1.2193391526212536,1.3723987254904713,1.0915951590027564,-0.010684955963028146,0.22176066398896116,0.25213850780590996,-1.2791413497592896,-2.569576598958463,-0.6772446736254457,-1.041975678719123,-0.36154115279463733,-0.332149786311307,-0.27369090584845174,-1.761813309705722,-1.9005437223531771,-1.914740601715654,0.9074328192673392,0.8970974483691856
0.15764778642117327,1.2193391526212536,1.5168617490448273,-0.7030746009502787,-0.010684955963028146,1.2578309150600189,1.2766407661253973,-1.2791413497592896,-2.330359093989039,-0.7297067012111539,-1.0688896655135662,-0.36720812057515256,-0.36121198572478597,-0.4401891055144874,-1.8278319921563397,-1.931227320469853,-1.9420696248873506,0.7695873530317974,0.7626888241007246
0.15764778642117327,1.2193391526212536,1.6613247725991833,1.221118058198059,-0.010684955963028146,0.2221115946974547,0.2275655350788095,-1.3241097696870898,-1.9715328365349023,-0.8193126028462023,-1.103261321700912,-0.3785171901081861,-0.3781940946893347,-0.6818059641821781,-1.8957773794150559,-1.9434785521767948,-1.953420726648299,0.9069822040875352,0.9001958087254789
0.15764778642117327,1.3295840845218945,-1.6613247691510074,-0.7030746009502787,-0.010684955963028146,1.2632014623914323,1.2672654687785694,-1.2791413497592896,-1.8519240840501903,-0.8774635203732748,-1.1242229493353724,-0.39063440555112194,-0.3926210346400982,-0.9214653219851422,-1.9420317918658634,-1.9302117158941927,-1.9395910338890163,0.7652345218354206,0.7583323304963052
0.15764778642117327,1.3295840845218945,-1.5168617455966513,1.2683792945215155,-0.010684955963028146,0.19938394130442916,0.20057008408572347,-1.4290359875515128,-1.0146628166572054,-0.9530047859452422,-1.1505448312034399,-0.3904470814735446,-0.3928765515414767,-0.9693722735466243,-1.949983245246395,-1.884772682347503,-1.8936747071345597,0.9121028964917791,0.9053206498512039
0.15764778642117327,1.3295840845218945,-1.372398722042295,-0.7030746009502787,-0.010684955963028146,1.262248562613675,1.2631683521326913,-1.4440254370356684,-0.6558365592030692,-1.001786036349348,-1.1756202313140427,-0.41966715097281393,-0.42089064341044763,-0.990017444772524,-1.9298711850241572,-1.812174955439741,-1.8205871145088772,0.7653668125304091,0.7584647548027209
0.15764778642117327,1.3295840845218945,-1.227935698487939,1.2950950027510029,-0.010684955963028146,0.1856433566276647,0.18560967790567479,-1.4290359875515128,-0.7156409354454252,-1.053560165978928,-1.1899528581423386,-0.4031884342192051,-0.4037734522623676,-0.8475437545295543,-1.9062544694836112,-1.7552369055332537,-1.7633485080885063,0.9172297001509546,0.9104518358818731
0.15764778642117327,1.3295840845218945,-1.083472674933583,-0.7030746009502787,-0.010684955963028146,1.2610992253186148,1.260964368625034,-1.578930625343736,-0.41661905423364487,-1.0870906140724086,-1.2119584968720127,-0.42646303642439276,-0.4257658082389785,-0.6389726778602044,-1.8799431630305634,-1.7070350501860898,-1.7149196370343684,0.7669623892959141,0.7600618287794785
0.15764778642117327,1.3295840845218945,-0.9390096513792268,1.3112154449228217,-0.010684955963028146,0.1770669971295556,0.17656311632975463,-1.578930625343736,-0.057792796779508555,-1.1315927730079756,-1.229595361415184,-0.42054077742310836,-0.4192541959942941,-0.3149335043767213,-1.8539868773658978,-1.6689788308112783,-1.6766972812095953,0.9216833670537016,0.9149090292679873
0.15764778642117327,1.3295840845218945,-0.7945466278248707,-0.7030746009502787,-0.010684955963028146,1.2602151518914353,1.2596387570563152,-1.578930625343736,-0.7754453116877812,-1.1536545497587447,-1.2462797093376636,-0.44511918836293857,-0.44285044946331603,-0.04799373446313881,-1.8411610584563471,-1.648740041528822,-1.6563983382103755,0.7689476484347001,0.7620486027244209
0.15764778642117327,1.3295840845218945,-0.6500836042705146,1.321250274153035,-0.010684955963028146,0.17164231965160107,0.17092733219236428,-1.728825263135959,-0.47642343047600094,-1.1973831504413652,-1.2702860504360731,-0.4584780474705244,-0.4555668909214119,0.24825847552593291,-1.834379992685038,-1.6447156839998374,-1.6524071330957604,0.9254904991332513,0.9187194516985007
0.15764778642117327,1.3295840845218945,-0.5056205807161585,-0.7030746009502787,-0.010684955963028146,1.3078061675317398,1.3120950706776264,-1.5489517263754247,-0.7754453116877812,-0.988795096525775,-1.2317119103999494,0.1003080182075573,-0.3954366030438233,0.05582833846751403,-1.8482973860349037,-1.738329247210041,-1.661455960841254,0.7631329691101435,0.7627320103892157
0.15764778642117327,1.3295840845218945,-0.3611575571618023,1.2533906552394136,-0.010684955963028146,0.08750968952063952,0.11197626449456644,-1.4290359875515128,-0.41661905423364487,-0.3355235171740186,-1.1526283308533019,0.7991884567531113,-0.2754128279838725,-1.6101399777838146,-1.8556491844789145,-1.8182511248180357,-1.6501247288579428,0.9306760786854448,0.9188809397630479
0.15764778642117327,1.3295840845218945,-0.2166945336074462,-0.7030746009502787,-0.010684955963028146,1.2318873556662084,1.311646994303917,-1.2791413497592896,-1.612706579080766,0.14821391076191584,-1.0643719953761297,1.0327724639484874,-0.17980881946362864,-2.611574596253512,-1.9151918105320844,-1.884879274200789,-1.7053762483399935,0.7581354005184906,0.7581309309329155
0.15764778642117327,1.3295840845218945,-0.07223151005309006,-0.7030746009502787,-0.010684955963028146,-0.6865507261215884,-0.6874206446824462,-1.2191834803473338,-1.612706579080766,0.7194771990796253,-0.9895900476829708,0.9379848229591405,-0.12080394519943646,-3.557866147532096,-1.9565073849074424,-1.885460812460373,-1.7318540371367612,-1.2676136780735823,-1.2761757670616813
0.15764778642117327,1.3295840845218945,0.07223151350126605,-0.7030746009502787,-0.010684955963028146,-0.6865507261215884,2.898733300796416,-1.1292467119670664,-1.7921197078078341,0.9652110887307425,-0.8885864097896621,0.5949936080473843,-0.06113667998708467,-3.889013343191838,-2.0028598920363705,-1.847441894812449,-1.7547334310383564,0.671736275724471,0.6693554770461001
0.15764778642117327,1.3295840845218945,0.2166945370556222,-0.7030746009502787,-0.010684955963028146,-0.6865507261215884,-0.6874206446824462,-1.1292467119670664,-0.35681467799128885,1.191492898154767,-0.8243127590448635,0.2124131899616116,0.1909144682609522,-3.9557337295959867,-1.9745586133231197,-1.7126491769531431,-1.7185496925642372,-1.2676136780735823,-1.2761757670616813
0.15764778642117327,1.3295840845218945,0.3611575606099783,0.8531061762764944,-0.010684955963028146,0.6043070390385952,0.12712127730383943,-1.2191834803473338,-2.031337212777258,1.3854892763184554,-0.8039488025405521,-0.2450976880227072,0.6544709522471978,-4.036566521104015,-2.0036609182347336,-1.669452150688788,-1.827235738620561,1.0038720169426905,0.9861727501832022
0.15764778642117327,1.3295840845218945,0.5056205841643344,-0.7030746009502787,-0.010684955963028146,1.4729159801980969,1.1468837473438684,-1.2791413497592896,-1.8519240840501903,1.3644135738241894,-0.7903797892923945,-0.3212399523523069,1.1082201442098323,-3.8051412433810516,-2.0476364973154424,-1.7108599952855807,-1.940325997312387,0.8102133581314656,0.8108687574572252
0.15764778642117327,1.3295840845218945,0.6500836077186906,1.5190454156678508,-0.010684955963028146,0.5586093756350837,-0.6874206446824462,-1.4290359875515128,-1.612706579080766,1.0117926350241875,-0.8049736798102956,-0.2070601249957033,1.3194756592833172,-2.744628759729811,-2.0683024188898202,-1.7600164061612023,-1.993507675507497,0.9296114621278142,0.9186512951389388
0.15764778642117327,1.3295840845218945,0.7945466312730467,-0.7030746009502787,-0.010684955963028146,1.1912413162766151,1.3525405527633312,-1.6838568789458255,-1.493097826596054,0.47312407048891353,-0.8816780551316291,-0.1853636867007249,0.5285019336156819,-0.9230595032366655,-2.0545931453300215,-1.7776478697953835,-1.8971265897133083,0.7878894830949706,0.7864971588691942
0.15764778642117327,1.3295840845218945,0.9390096548274028,1.0051119448110581,-0.010684955963028146,0.26928431766912586,0.22985371594427148,-2.0286145387204058,-0.8950540641724933,-0.2819537907882333,-0.9620519502904554,-0.1341620484521116,0.265204786714616,0.41390077802624936,-2.0216840679526196,-1.778216938000921,-1.8509264089926063,0.8934411011016062,0.8831865512905872
0.15764778642117327,1.3295840845218945,1.083472678381759,0.8725071805681034,-0.010684955963028146,0.3740546545400414,0.33244667983112247,-2.1785091765126285,-0.596032182960713,-0.4294830543526997,-1.078319858368602,-0.2959130739697672,-0.037283282120497085,0.41390077802624936,-1.993046808941334,-1.764002269175521,-1.8150968329286794,0.9091358822225224,0.901705282079136
0.15764778642117327,1.3295840845218945,1.227935701936115,0.8423174090124156,-0.010684955963028146,0.4023908187106272,0.36736693257098935,-2.313414346951863,-0.1175971730218646,-0.5450675661579164,-1.1307983754302198,-0.42729936383269174,-0.24502421917788725,0.41390077802624936,-1.9821880654997959,-1.7498563483002567,-1.788720904035953,0.9193312528762319,0.9121725331678657
0.15764778642117327,1.3295840845218945,1.3723987254904713,0.8233293864622657,-0.010684955963028146,0.4096931062281684,0.3827861359063312,-2.3284038143048518,0.18142470818991568,-0.635057304390158,-1.1637927440714302,-0.5084728544936835,-0.39403451507861564,0.41390077802624936,-1.9746655051898185,-1.740438529743218,-1.7680662701821073,0.9289075893539359,0.9218528113691633
0.15764778642117327,1.3295840845218945,1.5168617490448273,0.8121025539670079,-0.010684955963028146,0.4129809765590409,0.3930350985074994,-2.478298452097075,0.6000553418864081,-0.7345716829541138,-1.2329719597791113,-0.6822797592518823,-0.6021261775643311,0.41390077802624936,-1.9565090720394984,-1.7163256741918524,-1.7378195557612153,0.9377209176791595,0.930693106025592
0.15764778642117327,1.3295840845218945,1.6613247725991833,0.8044323811462424,-0.010684955963028146,0.41487380579924926,0.4003387224803634,-2.478298452097075,0.18142470818991568,-0.7765073024621112,-1.2664867684731174,-0.7254911138374611,-0.6674449232864721,0.41390077802624936,-1.9472291226741985,-1.7110317567256665,-1.7285987780169385,0.9460011288830035,0.9390057501998879
0.15764778642117327,1.4398290164225354,-1.6613247691510074,0.8096364885919782,-0.010684955963028146,0.42587859534020195,0.41527470619699913,-2.6281930898892982,0.6000553418864081,-0.8068480488160544,-1.299280753778492,-0.7695222184793409,-0.720437826635427,0.41390077802624936,-1.9371965919024328,-1.7047187647557382,-1.7205927860735897,0.9521774507052729,0.9454280220495225
0.15764778642117327,1.4398290164225354,-1.5168617455966513,0.8067013619591873,-0.010684955963028146,0.4260274401682754,0.4181907587878059,-2.6281930898892982,0.6000553418864081,-0.8645883200347158,-1.351678908773134,-0.8805838459251212,-0.8389488439894457,0.41390077802624936,-1.9283689144376077,-1.6956966264353623,-1.7098812291335126,0.9577492975176973,0.9510045794724029
0.15764778642117327,1.4398290164225354,-1.372398722042295,0.8040907081827011,-0.010684955963028146,0.426538617030394,0.42064618384597596,-2.568235220477342,0.6598597181287641,-0.9097005633743395,-1.3918366337827377,-0.9585181220057044,-0.9232100178335266,0.41390077802624936,-1.926266747895672,-1.694106315021031,-1.706879800964275,0.9631041947800526,0.9563635680580037
0.15764778642117327,1.4398290164225354,-1.227935698487939,0.8019374697580349,-0.010684955963028146,0.42696517304506953,0.42245323695255305,-2.613203640405142,0.6598597181287641,-0.9500413320125682,-1.4279894751775124,-1.0228216704059345,-0.9922817697631763,0.41390077802624936,-1.9282684095708356,-1.696339430612654,-1.7080250425434726,0.9680009276653353,0.9612644954415049
0.15764778642117327,1.4398290164225354,-1.083472674933583,0.8002262382557893,-0.010684955963028146,0.42732509929482404,0.42380248653725205,-2.6281930898892982,0.6000553418864081,-0.9898459064264385,-1.4636034384694927,-1.0871401384229629,-1.0598415777349874,0.41390077802624936,-1.9300636385879884,-1.698714704820409,-1.7095828549451477,0.9724501009982797,0.9657171859918523
0.15764778642117327,1.4398290164225354,-0.9390096513792268,0.7988358962541743,-0.010684955963028146,0.42765552853718797,0.4248458016230949,-2.6281930898892982,0.6000553418864081,-1.0216507245710384,-1.492426981045885,-1.1334265918041702,-1.1085151062033145,0.41390077802624936,-1.9337163999989384,-1.7033742760590045,-1.7136513556782635,0.9765187588403403,0.9697891822455484
0.15764778642117327,1.4398290164225354,-0.7945466278248707,0.7977470040486568,-0.010684955963028146,0.42788303205163614,0.4255885164526257,-2.478298452097075,0.6000553418864081,-1.047671837941918,-1.5148424315283624,-1.1739930298784684,-1.1507079448545126,0.41390077802624936,-1.938411929530008,-1.704771681158997,-1.7145947334176197,0.9801520796399258,0.9734256314759793
0.15764778642117327,1.4398290164225354,-0.6500836042705146,0.7968572568347367,-0.010684955963028146,0.42806388427070774,0.4261423363402987,-2.478298452097075,0.6000553418864081,-1.0680629119570337,-1.532534262333794,-1.2015719415299362,-1.1795040486413966,0.41390077802624936,-1.9401166559632927,-1.7034989765994708,-1.7129705428576842,0.9833545569668385,0.9766306271702054
0.15764778642117327,1.4398290164225354,-0.5056205807161585,0.7960742040360178,-0.010684955963028146,0.4279527997960669,0.42672910302015615,-2.2684459627617293,0.5402509656440521,-1.036625583024738,-1.5239299549636094,-1.1550343412659594,-1.1893202918940369,0.41390077802624936,-1.94559754546649,-1.705415135947804,-1.7050347501836798,0.9859455493150141,0.9792236465488471
0.15764778642117327,1.4398290164225354,-0.3611575571618023,0.7845560447244421,-0.010684955963028146,0.417330425358021,0.4210233461717453,-1.728825263135959,-0.47642343047600094,-0.7594236313577336,-1.4363346061845068,-0.8395209161584829,-1.119446184344135,-0.35781569910816463,-1.9673873380091145,-1.731791468961515,-1.6895223492775742,0.9872574919545795,0.9806000815730295
0.15764778642117327,1.4398290164225354,-0.2166945336074462,0.7419184122274904,-0.010684955963028146,0.3858165339373506,0.4075580445024315,-1.1292467119670664,-2.689185351443175,0.20282986978059578,-1.2737012643386771,-0.07691547879742872,-0.8581329552951736,-2.6999253089885924,-2.071203924498063,-1.907379046934781,-1.7976873049566329,0.9842074365153708,0.9779855713873187
0.15764778642117327,1.4398290164225354,-0.07223151005309006,-0.7030746009502787,-0.010684955963028146,-0.6865507261215884,2.902710344688555,-0.82945743638262,-1.9715328365349023,0.2329070962901286,-1.1028800367424465,-0.12892360522074456,-0.5346282144476306,-2.3872212416426755,-2.1018309147506864,-1.8598157667900583,-1.8063928877521742,0.6899149224894691,0.6987262467070906
0.15764778642117327,1.4398290164225354,0.07223151350126605,1.2318960753951151,-0.010684955963028146,0.8552643353382675,-0.6874206446824462,-0.9793520741748433,-1.7921197078078341,1.0002723059452268,-0.9445177126293529,-0.3016737037890711,-0.25823704697305605,-3.765683801798425,-2.145401100100194,-1.818418440412766,-1.834223240698101,1.0072894666489594,0.9881546119436717
0.15764778642117327,1.4398290164225354,0.2166945370556222,-0.7030746009502787,-0.010684955963028146,1.3598093915612173,1.2596123996225674,-0.82945743638262,-1.9715328365349023,0.836009205313007,-0.8089841296288978,-0.22089641184083145,0.06380376105416863,-3.180956983411899,-2.1792791938249763,-1.8142011765694424,-1.8672211550995252,0.8128228639872279,0.8141238983679457
0.15764778642117327,1.4398290164225354,0.3611575606099783,2.3832273576977383,-0.010684955963028146,-0.6865507261215884,-0.6874206446824462,-0.9793520741748433,-1.672510955323122,1.1417340741343,-0.7514400192459175,-0.16120882710444354,0.3401477311393166,-3.44511013847165,-2.1822744557717666,-1.7944276829558048,-1.880730202051553,0.9761963002713062,0.963131739564273
0.15764778642117327,1.4398290164225354,0.5056205841643344,-0.7030746009502787,-0.010684955963028146,1.3818882153909686,1.2392368482197735,-0.82945743638262,-1.2538803216266297,1.3023477845639044,-0.7393147401014378,-0.18717890674450555,0.9484154798480018,-3.3799722884596273,-2.136962186064874,-1.7176638736439367,-1.9037664798568,0.8480177608806888,0.8463216301931007
0.15764778642117327,1.4398290164225354,0.6500836077186906,1.3846548861246257,-0.010684955963028146,0.701805003796628,-0.6874206446824462,-0.9793520741748433,-0.9548584404148494,0.6472583760124938,-0.7738627753708471,-0.1521542774431376,0.766096846981587,-1.700081378312599,-2.0922678887282546,-1.6774928415380663,-1.836430205285659,0.896340532081032,0.887764707219347
0.15764778642117327,1.4398290164225354,0.7945466312730467,-0.7030746009502787,-0.010684955963028146,1.121149313963197,1.4478559363320926,-1.099267812998755,-1.2538803216266297,0.29348265794393436,-0.858808611153899,-0.16099249266086968,0.14307828658090063,-0.5944136233755153,-2.0641637634467056,-1.6800238287685256,-1.7402495640614806,0.7964671686197463,0.7934904721638056
0.15764778642117327,1.4398290164225354,0.9390096548274028,0.9461102019564376,-0.010684955963028146,0.2838749809950488,0.30921092849474885,-1.1292467119670664,-2.031337212777258,-0.1726237884415396,-0.9437621004671388,-0.17245324496468487,-0.04803045319217253,0.41390077802624936,-2.0588943679976874,-1.7144502864984894,-1.7436741529896287,0.8885855293157153,0.878740205645184
0.15764778642117327,1.4398290164225354,1.083472678381759,-0.7030746009502787,-0.010684955963028146,1.305546194688905,1.315453342434643,-1.2791413497592896,-1.3136846978689858,-0.30018962557958606,-1.0001477446898184,-0.17405295943249158,-0.11328247157064142,0.41390077802624936,-2.0312158820320128,-1.7032792867777446,-1.7217431588591003,0.7592686788227048,0.7573994247951568
0.15764778642117327,1.4398290164225354,1.227935701936115,1.1064157389037352,-0.010684955963028146,0.2287153679761524,0.2283376405388287,-1.6238990095338697,-0.1175971730218646,-0.5255559814498278,-1.0479537815715572,-0.17052944326531733,-0.13581271503709694,0.41390077802624936,-2.0069649253477952,-1.6934487636493885,-1.7074423776904528,0.892191529210901,0.8814224630417504
0.15764778642117327,1.4398290164225354,1.3723987254904713,0.9289364323841686,-0.010684955963028146,0.333459973415089,0.3315523051645518,-1.2791413497592896,-0.41661905423364487,-0.6405840282734236,-1.0761615628555374,-0.2769204017856621,-0.2598816318701451,0.41390077802624936,-1.9658372251778307,-1.636695921154307,-1.6470734078954072,0.9135796632717036,0.9061829429005541
0.15764778642117327,1.4398290164225354,1.5168617490448273,0.8867730570107059,-0.010684955963028146,0.3767931692580948,0.3745947266253335,-1.4290359875515128,-0.057792796779508555,-0.6636331870714871,-1.0995013510521043,-0.33815879780146263,-0.32497252812608873,0.41390077802624936,-1.937636692350217,-1.6014278974290734,-1.610748179136575,0.9248276077159727,0.9180556927715975
0.15764778642117327,1.4398290164225354,1.6613247725991833,0.8583885800437131,-0.010684955963028146,0.3929765663837886,0.3909129067188527,-1.474004407479313,-0.2970103017489328,-0.6837045062381742,-1.1275929378323188,-0.42562753788369373,-0.4141292105010396,0.41390077802624936,-1.9043161957699852,-1.559861628928262,-1.5683738040078488,0.9335266196254184,0.9267619257267861
0.15764778642117327,1.5500739483231762,-1.6613247691510074,0.8404857767595146,-0.010684955963028146,0.40315575351575783,0.4013054754967489,-2.0286145387204058,0.6598597181287641,-0.7191266737110074,-1.1737788615283158,-0.5256867768084036,-0.5148256545907955,0.41390077802624936,-1.8752960782913912,-1.5309502965797466,-1.5388434933279191,0.9407181287374898,0.9339592993513766
0.15764778642117327,1.5500739483231762,-1.5168617455966513,0.8283865763253568,-0.010684955963028146,0.41004037596056736,0.40839667110476613,-2.0286145387204058,0.6598597181287641,-0.7523125189310282,-1.2137323764369896,-0.6138094934269557,-0.6030717528490503,0.41390077802624936,-1.8548465916579278,-1.5123291443952718,-1.5197859747326132,0.9469961849800899,0.9402423926409451
0.15764778642117327,1.5500739483231762,-1.372398722042295,0.8198422438878542,-0.010684955963028146,0.4148556055180934,0.41338575677842054,-2.2684459627617293,0.8990772230981884,-0.7903044953084086,-1.2569184641869589,-0.6995036279778012,-0.6883728967567037,0.41390077802624936,-1.838457067808104,-1.5004890991661115,-1.5076513268502252,0.9525509562272645,0.9458017574181703
0.15764778642117327,1.5500739483231762,-1.227935698487939,0.8136885471884379,-0.010684955963028146,0.41831167155068205,0.4169787352073802,-2.1035618576165174,0.8990772230981884,-0.8281434601632283,-1.2953012659683782,-0.7887154766226216,-0.7767670971679869,0.41390077802624936,-1.823697072505635,-1.4866966772142565,-1.4936231546637757,0.9575772836656541,0.9508322436671447
0.15764778642117327,1.5500739483231762,-1.083472674933583,0.809035559845404,-0.010684955963028146,0.42090709440309637,0.4196789078646352,-2.1785091765126285,0.6000553418864081,-0.8617804932061849,-1.3278736467860317,-0.8591161750877152,-0.8464499739159017,0.41390077802624936,-1.8114509039667968,-1.478873724352158,-1.4856514435455812,0.9621643197201419,0.9554230894057929
0.15764778642117327,1.5500739483231762,-0.9390096513792268,0.8055319338348907,-0.010684955963028146,0.422822830893725,0.42167286864624,-2.1785091765126285,1.0784903518252564,-0.894840136614863,-1.3544995825352113,-0.9251437680957371,-0.911675138607283,0.41390077802624936,-1.798879600978856,-1.4681011157493904,-1.474743263146578,0.966323567929423,0.9595857563978851
0.15764778642117327,1.5500739483231762,-0.7945466278248707,0.802835996193357,-0.010684955963028146,0.42426891645107917,0.42317681126471957,-1.728825263135959,-0.8352496879301373,-0.9232630077736311,-1.37347685852452,-0.9993614018583693,-0.984829464722334,0.41390077802624936,-1.7999721394946315,-1.4757134873509796,-1.4823734761084588,0.9700801922843916,0.9633454195888449
0.15764778642117327,1.5500739483231762,-0.6500836042705146,0.8005028733138426,-0.010684955963028146,0.42551051034372245,0.42446110860196906,-1.728825263135959,-0.8352496879301373,-0.9437809374954852,-1.3876358893726386,-1.049286584003137,-1.0340522731538155,0.3801784296969115,-1.8127714463290145,-1.5002548790205397,-1.5070671335527719,0.9734516278358818,0.9667196809730336
0.15764778642117327,1.5500739483231762,-0.5056205807161585,0.7799035948847594,-0.010684955963028146,0.4073509183221811,0.41017977241639003,-1.6688673937240033,-0.17740154926422066,-0.6514720405048786,-1.3544592275578553,-0.5212291268561422,-0.995765425351716,-0.2881142286982455,-1.818295116680778,-1.5959929056992814,-1.5085780008754142,0.9771670910914586,0.9704963321352956
0.15764778642117327,1.5500739483231762,-0.3611575571618023,0.7569204890933708,-0.010684955963028146,0.3862768755314132,0.41090951771502915,-1.2791413497592896,-0.41661905423364487,0.019861437463011795,-1.2433873707020062,0.2605637665749935,-0.8421436190047707,-1.8256385813087614,-1.8250424398109646,-1.6931323495823614,-1.4939409619313682,0.9759040384913455,0.9695705900365036
0.15764778642117327,1.5500739483231762,-0.2166945336074462,-0.7030746009502787,-0.010684955963028146,1.2312103888866643,1.3124998455530361,-0.82945743638262,-0.9548584404148494,0.4394621894209256,-1.1215198616280042,0.5695432283924595,-0.6390101236531296,-2.63232340672805,-1.8246958546828629,-1.6942527026120133,-1.4761661357396842,0.8288498097879518,0.8280345907721912
0.15764778642117327,1.5500739483231762,-0.07223151005309006,-0.7030746009502787,-0.010684955963028146,-0.6865507261215884,-0.6874206446824462,-0.5596470597664851,-1.55290220283841,0.8498815961297937,-1.0066421129422185,0.5568590675111921,-0.4980388451687017,-3.2194187895160358,-1.8510732003049648,-1.6785692782904236,-1.4894898042168332,-1.2676136780735823,-1.2761757670616813
0.15764778642117327,1.5500739483231762,0.07223151350126605,-0.7030746009502787,-0.010684955963028146,-0.6865507261215884,2.8977451062168624,-0.37977352300595046,-1.9117284602925464,1.1561465825478188,-0.8488061429734295,0.2986858740971872,-0.3037988027316013,-3.7426316381350535,-1.8890782600579015,-1.6178477055509308,-1.511600936441325,0.7166236229393351,0.7157694800845866
0.15764778642117327,1.5500739483231762,0.2166945370556222,-0.7030746009502787,-0.010684955963028146,-0.6865507261215884,-0.6874206446824462,-0.37977352300595046,-2.0911415890196143,1.3880283521394114,-0.7383775305411225,0.011499828083888029,0.008903432173903965,-3.9039292435941477,-1.9080569290667189,-1.5547716781721783,-1.5628879985863493,-1.2676136780735823,-1.2761757670616813
0.15764778642117327,1.5500739483231762,0.3611575606099783,-0.7030746009502787,-0.010684955963028146,-0.6865507261215884,2.914197165338941,-0.37977352300595046,-2.2705547177466827,1.5039718525167902,-0.6773281033319594,-0.23033224059809132,0.7224677429452518,-3.7824663731621606,-1.9303518971507212,-1.5196438612285301,-1.7039758657149822,0.6537891376757028,0.6513064738977741
0.15764778642117327,1.5500739483231762,0.5056205841643344,1.047531350947447,-0.010684955963028146,1.0440968547001535,-0.6874206446824462,-0.5296681607981737,-2.330359093989039,1.558344562448322,-0.6436344803417388,-0.5584303624748471,1.2365059036637196,-3.678405580613858,-1.9553083160532656,-1.483986771817041,-1.8125489160578199,1.0378256101138827,1.0154207152323698
0.15764778642117327,1.5500739483231762,0.6500836077186906,-0.7030746009502787,-0.010684955963028146,1.591384120625129,1.0028251013364946,-0.6795627985903968,-2.1509459652619705,1.3532456943634352,-0.6276309487182706,-0.43908088789766814,1.9250442055656567,-2.8852159827503794,-1.9651667106949522,-1.518489025788558,-1.9216332310637065,0.7983048589262152,0.8017615674444347
0.15764778642117327,1.5500739483231762,0.7945466312730467,1.4476269870663325,-0.010684955963028146,0.5937188685772042,-0.6874206446824462,-1.1292467119670664,-1.55290220283841,0.24317260010501124,-0.7060921571055255,-0.33790847978629285,1.263671256271105,0.2516506230684365,-1.9421618215436178,-1.546193256905358,-1.8317980360803414,0.9319624978485315,0.9202974909604256
0.15764778642117327,1.5500739483231762,0.9390096548274028,0.7385501474775726,-0.010684955963028146,0.4008066620548494,0.4192982939701608,-1.4290359875515128,-0.057792796779508555,-0.14056329719727598,-0.817617311681156,-0.33909210271894985,0.45170771227812734,0.41390077802624936,-1.8881322610121438,-1.5243183965319815,-1.6801272196932613,0.9141176334484702,0.9076439084325412
0.15764778642117327,1.5500739483231762,1.083472678381759,0.76564318305956,-0.010684955963028146,0.4484806249535253,0.3622769146609602,-1.578930625343736,-0.057792796779508555,-0.2606328775206327,-0.9148839395162217,-0.396849254815171,0.08813482905167719,0.41390077802624936,-1.8529066308122457,-1.5141376275377934,-1.61528569396161,0.9169023885265337,0.9098715840910097
0.15764778642117327,1.5500739483231762,1.227935701936115,0.7828815426178578,-0.010684955963028146,0.45745922112511045,0.3841438575233062,-1.7138358136518035,0.4206422131593399,-0.36562166833620935,-1.0054495537838068,-0.46296802325918185,-0.11432244163421386,0.41390077802624936,-1.8120098267151055,-1.4932632992399684,-1.569386616794333,0.9222195398025471,0.91521235665919
0.15764778642117327,1.5500739483231762,1.3723987254904713,0.7841785382041583,-0.010684955963028146,0.4477420491762756,0.3921182363478504,-1.728825263135959,0.6598597181287641,-0.48220925567821377,-1.0458003564867941,-0.5388375901484145,-0.3210575860479612,0.41390077802624936,-1.7860031681076214,-1.4656908169550524,-1.5165569175173672,0.9287260491339111,0.921754567679705
0.15764778642117327,1.5500739483231762,1.5168617490448273,0.7847128165351912,-0.010684955963028146,0.43981519913700123,0.3993494819708996,-1.728825263135959,0.6598597181287641,-0.559951533151633,-1.08807741358305,-0.6022517636139522,-0.4537611839017975,0.41390077802624936,-1.758916262946485,-1.4403551370603471,-1.477228841319466,0.9356141524129115,0.9286457484721502
0.15764778642117327,1.5500739483231762,1.6613247725991833,0.7849850619825436,-0.010684955963028146,0.4338606738188458,0.40491717607110866,-1.8937093682811714,0.8990772230981884,-0.6364324464070188,-1.138790052497615,-0.6844629965100185,-0.5797269475409391,0.41390077802624936,-1.7280916372244293,-1.4131835399042179,-1.4407775158948595,0.9422382135303112,0.9352810863232977
0.15764778642117327,1.6603188802238171,-1.6613247691510074,0.785062910384567,-0.010684955963028146,0.42960076203520714,0.4090068666146215,-1.8787199009281823,1.0784903518252564,-0.6908993172755112,-1.1762586053092836,-0.7359514229481972,-0.6605028383002933,0.41390077802624936,-1.7036472629009198,-1.3926778914651632,-1.413817830403089,0.948482657870788,0.9415449402236805
0.15764778642117327,1.6603188802238171,-1.5168617455966513,0.7950731936284117,-0.010684955963028146,0.4362246183827665,0.42148658852915866,-1.8787199009281823,1.0784903518252564,-0.7197007938683082,-1.207275232172323,-0.7695794103437339,-0.7066187565105544,0.41390077802624936,-1.6854486514491964,-1.3792271489941863,-1.3974919695344854,0.9531139106521335,0.9463652259120846
0.15764778642117327,1.6603188802238171,-1.372398722042295,0.7956472472074291,-0.010684955963028146,0.4336930011137146,0.42299628376214665,-1.8787199009281823,1.0784903518252564,-0.7549444478981537,-1.2388815287475876,-0.8134265063784358,-0.7621700838656689,0.41390077802624936,-1.6606863732425394,-1.358276807584303,-1.3737244402423492,0.9573684225412294,0.9506232711526926
0.15764778642117327,1.6603188802238171,-1.227935698487939,0.7957619145890056,-0.010684955963028146,0.43209482814946043,0.4241933505448505,-1.8787199009281823,1.0784903518252564,-0.7869428190798392,-1.2640445965676188,-0.8486268556109826,-0.8071117635769198,0.41390077802624936,-1.6387707688523008,-1.3399400810673445,-1.3529780997224858,0.9613227639675122,0.9545808544430404
0.15764778642117327,1.6603188802238171,-1.083472674933583,0.7957517916092257,-0.010684955963028146,0.430947896638691,0.42500907128214255,-1.8787199009281823,1.0784903518252564,-0.8191661302775971,-1.289185399572557,-0.8885094779153636,-0.8543392616829868,0.41390077802624936,-1.6167440547652228,-1.321072563989009,-1.3321738966633492,0.9648620792868273,0.9581229487967207
0.15764778642117327,1.6603188802238171,-0.9390096513792268,0.7956713452743385,-0.010684955963028146,0.4301591131892872,0.4256158152232929,-1.9986356040144275,0.8990772230981884,-0.85007968899805,-1.3112947088475073,-0.9246447898005973,-0.8958241394927857,0.41390077802624936,-1.6016651915041455,-1.3116008531114385,-1.3212458464867087,0.96806455661374,0.9613279444909467
0.15764778642117327,1.6603188802238171,-0.7945466278248707,0.7955952885501522,-0.010684955963028146,0.42958883771307055,0.42604506485861104,-2.0286145387204058,1.0784903518252564,-0.8791224529918084,-1.3344069784648442,-0.9598426524303444,-0.9348116244034423,0.41390077802624936,-1.589016280441623,-1.3062141150690445,-1.3147775788181932,0.9709871744133471,0.9642531503445696
0.15764778642117327,1.6603188802238171,-0.6500836042705146,0.7955127817857522,-0.010684955963028146,0.4291775531986752,0.4263534049962617,-2.0286145387204058,1.0784903518252564,-0.9052351117180663,-1.3564268805916873,-0.9923715613884139,-0.969996464472883,0.41390077802624936,-1.575344003277626,-1.300643904579286,-1.3083956682601776,0.97366677995803,0.9669347937180769
0.15764778642117327,1.6603188802238171,-0.5056205807161585,0.7769263638227958,-0.010684955963028146,0.4097116203072752,0.4114128191880192,-1.6089095600497139,0.8990772230981884,-0.6146923861908647,-1.3212074219921337,-0.4294196071532355,-0.9238838012549961,0.10145522655895767,-1.5725464973097005,-1.4055253001907875,-1.2992888688008086,0.9768097624207563,0.9701620989167842
0.15764778642117327,1.6603188802238171,-0.3611575571618023,0.7556422165404685,-0.010684955963028146,0.38703637117206047,0.4116912457302261,-1.1292467119670664,0.3010334606746278,0.044404093344532235,-1.2019508103755059,0.3883610597303518,-0.7565983506690487,-1.2248325410661112,-1.586644413789572,-1.5304749164324378,-1.2939234829657587,0.9749817782250612,0.9686706369061944
0.15764778642117327,1.6603188802238171,-0.2166945336074462,-0.7030746009502787,-0.010684955963028146,1.2426096224519774,1.3262356246972362,-0.82945743638262,-0.6558365592030692,0.451151877407336,-1.0868542403038857,0.7084523205920751,-0.5722746425000969,-1.758476854733446,-1.592065651123642,-1.5522931736039678,-1.2912567841274858,0.8261549261059401,0.8253236789661994
0.15764778642117327,1.6603188802238171,-0.07223151005309006,-0.7030746009502787,-0.010684955963028146,-0.6865507261215884,-0.6874206446824462,-0.4397313209425732,-1.612706579080766,0.8717995158935399,-0.9275971489342475,0.694466008711365,-0.43470483104675883,-2.3062638501390937,-1.631969216477453,-1.5359877646735818,-1.307109591443881,-1.2676136780735823,-1.2761757670616813
0.15764778642117327,1.6603188802238171,0.07223151350126605,-0.7030746009502787,-0.010684955963028146,-0.6865507261215884,2.887221796200139,-0.07998424742150408,-2.4499678464737507,1.2052109696582016,-0.7715347106426995,0.462397171488606,-0.18574429805807105,-2.7963598831174457,-1.7041495462159157,-1.515317077780101,-1.3902296749826994,0.7085497564608263,0.7078991371872063
0.15764778642117327,1.6603188802238171,0.2166945370556222,-0.7030746009502787,-0.010684955963028146,-0.6865507261215884,-0.6874206446824462,-0.07998424742150408,-2.629380975200819,1.4597005186558556,-0.6481431053980438,0.16739656174345097,0.11403968586213498,-3.1681697633074597,-1.7671176528901886,-1.4883804598163115,-1.4862783241125739,-1.2676136780735823,-1.2761757670616813
0.15764778642117327,1.6603188802238171,0.3611575606099783,-0.7030746009502787,-0.010684955963028146,-0.6865507261215884,2.9007306085537343,0.06991039037071911,-3.2872291138667356,1.5616768133840915,-0.5707276475446819,-0.08759295121933856,0.7990536447708545,-3.3981569008948265,-1.8594011251528781,-1.539197773455694,-1.710365200145961,0.646415009886854,0.6438772042311912
0.15764778642117327,1.6603188802238171,0.5056205841643344,-0.7030746009502787,-0.010684955963028146,-0.6865507261215884,-0.6874206446824462,0.06991039037071911,-3.2274247376243794,1.5643035111880523,-0.5040820982170215,-0.3303201969092098,1.317894546737526,-3.1940225156559396,-1.9092411752606882,-1.5329479992380195,-1.828765493149419,-1.2676136780735823,-1.2761757670616813
0.15764778642117327,1.6603188802238171,0.6500836077186906,0.7447195213580639,-0.010684955963028146,0.8897953940574463,-0.02674615170181848,-0.22987888521372726,-2.9882072326549554,1.2066423466790805,-0.511011326139204,-0.6627027354098478,1.7791725360617976,-2.333734073457892,-1.9334385052474075,-1.5078385152801952,-1.9263565610620297,1.0131445881017394,0.9940873027408387
0.15764778642117327,1.6603188802238171,0.7945466312730467,1.1420918071645074,-0.010684955963028146,0.9586432920946134,-0.6874206446824462,-0.664573277630908,-2.808794103927887,0.24544161712760137,-0.596750345959939,-0.7166255459889324,1.150443091540492,0.41390077802624936,-1.926731673286568,-1.5317476209919638,-1.8622406097379427,0.986679798620758,0.9805984441782052
0.15764778642117327,1.6603188802238171,0.9390096548274028,0.6396513225456788,-0.010684955963028146,0.4892245693038191,0.4497366324500326,-0.9793520741748433,-2.0911415890196143,-0.11704267981901444,-0.7112081941485828,-0.6770562356373135,0.2979614024728672,0.41390077802624936,-1.8885962223275792,-1.5399096508888788,-1.727016401329723,0.9573517064615639,0.9512460952089881
0.15764778642117327,1.6603188802238171,1.083472678381759,0.7106260421308311,-0.010684955963028146,0.5174731838460863,0.3846012426732201,-0.994341523658999,-1.7921197078078341,-0.23142271630561123,-0.8038124305481084,-0.6548823696047928,-0.013515327803733532,0.41390077802624936,-1.8600805573337673,-1.547354598460485,-1.6755405762971454,0.9483460533487892,0.9417166620058797
0.15764778642117327,1.6603188802238171,1.227935701936115,0.7406097707352486,-0.010684955963028146,0.4987939424177504,0.3935167492313396,-1.0542993930709548,-1.493097826596054,-0.3362074917577735,-0.8806030820279268,-0.6532660777849881,-0.19655412773295078,0.41390077802624936,-1.833266003490263,-1.5458314084675002,-1.6405454217193776,0.9462595990180487,0.9394928751601189
0.15764778642117327,1.6603188802238171,1.3723987254904713,0.7542544724717172,-0.010684955963028146,0.47672338193404123,0.3990222105018668,-1.099267812998755,-1.1342715691419176,-0.4449293713865972,-0.9407466095729989,-0.6567970537605614,-0.3688799340104222,0.41390077802624936,-1.809828847004262,-1.5344985149146544,-1.5978378457041202,0.9472021702198408,0.9404053134259636
0.15764778642117327,1.6603188802238171,1.5168617490448273,0.7724875715651911,-0.010684955963028146,0.46940927469368043,0.4134055248537312,-1.099267812998755,-0.7156409354454252,-0.4818103794869227,-0.9704757039257464,-0.6488714217703191,-0.4214496883507248,0.41390077802624936,-1.7917056744573343,-1.517836245568029,-1.5698074848865928,0.9486154877941527,0.9418632088426551
0.15764778642117327,1.6603188802238171,1.6613247725991833,0.7794455524456964,-0.010684955963028146,0.45746392809437486,0.41722787571208975,-1.0093309731431546,-0.17740154926422066,-0.5119994221090961,-0.9908062632074185,-0.6331693539578164,-0.45739701038383324,0.41390077802624936,-1.759170778868095,-1.4783311143482498,-1.5206934340277793,0.9505132121931842,0.943762382164497
0.48543435034820953,-1.5367841448947694,-1.6613247691510074,0.7849990370696732,-0.010684955963028146,0.4498979456987079,0.42075673863752844,-0.8444469573421088,0.3010334606746278,-0.5327625626042849,-0.998479275108797,-0.6095532583014699,-0.477129587904622,0.41390077802624936,-1.7186661124645721,-1.4246037238353901,-1.458682914911016,0.9560584570723772,0.9493123319214826
0.48543435034820953,-1.5367841448947694,-1.5168617455966513,0.7905871906597985,-0.010684955963028146,0.44585246251489385,0.42457825275195843,-0.664573277630908,0.6598597181287641,-0.5609709560733097,-1.0127865061323773,-0.617009751230169,-0.518387429996317,0.41390077802624936,-1.628939368323512,-1.3007923524400673,-1.3282846606273777,0.9704977347904487,0.963763364617749
0.48543435034820953,-1.5367841448947694,-1.372398722042295,0.7923599662957497,-0.010684955963028146,0.44063504858355035,0.4250048875625001,-0.5146786398386849,0.8990772230981884,-0.5840704648168312,-1.0208157550752417,-0.6143399686908916,-0.540439189583758,0.41390077802624936,-1.524808372724961,-1.1618630465653572,-1.183900157204612,0.9816311830761476,0.974905836397152
0.48543435034820953,-1.5367841448947694,-1.227935698487939,0.7934712544742313,-0.010684955963028146,0.43670064987437723,0.4251230776424001,-0.42474194293375067,0.9588815993405444,-0.6138148585700244,-1.0344828726649022,-0.6366754639053928,-0.5808157424901252,0.41390077802624936,-1.3767430122716435,-0.9699629029350348,-0.9872528982151545,0.9895982823361468,0.9828795398428165
0.48543435034820953,-1.5367841448947694,-1.083472674933583,0.794333141097784,-0.010684955963028146,0.4340150624107196,0.4253720089611275,-0.42474194293375067,1.0186859755829005,-0.6389656371694149,-1.0495561524827717,-0.6497400750150142,-0.6069549587515289,0.41390077802624936,-1.2302936833092317,-0.7956410896651297,-0.8088000234144122,0.995788264610616,0.9890744184862256
0.48543435034820953,-1.5367841448947694,-0.9390096513792268,0.7950502601520963,-0.010684955963028146,0.43204127329916275,0.42551802077664996,-0.4397313209425732,1.0784903518252564,-0.6641876903669213,-1.0688110428852697,-0.6680862304711974,-0.6346346001540458,0.41390077802624936,-1.0984346723682155,-0.650747519592787,-0.6604337038928381,1.0007541984708588,0.9940443211267007
0.48543435034820953,-1.5367841448947694,-0.7945466278248707,0.7956249408183568,-0.010684955963028146,0.4305872381937176,0.4255989757517319,-0.5296681607981737,0.3010334606746278,-0.6904062801472597,-1.0950563894514556,-0.6895737941310011,-0.6627390180614021,0.41390077802624936,-1.0018451570605567,-0.5660936359974734,-0.5731040660346005,1.004865275611856,0.9981588896458289
0.48543435034820953,-1.5367841448947694,-0.6500836042705146,0.7961025125458445,-0.010684955963028146,0.42949846390319324,0.42562219539574764,-0.5296681607981737,0.3010334606746278,-0.716507822651793,-1.1225850938751034,-0.7166951708673239,-0.6944800761988877,0.41390077802624936,-0.9265660477727171,-0.5152665631853588,-0.52027141904337,1.0083657664880765,1.0016620958724318
0.48543435034820953,-1.5367841448947694,-0.5056205807161585,0.7963457328122353,-0.010684955963028146,0.4284874069051907,0.42584978974429843,-0.4996892618298623,-0.057792796779508555,-0.6927504951403392,-1.121298257140283,-0.6662544330754188,-0.7043207318943349,0.41390077802624936,-0.8786242622469163,-0.5143676349414744,-0.49865593951378356,1.0112409321905684,1.0045398172761497
0.48543435034820953,-1.5367841448947694,-0.3611575571618023,0.785740254190895,-0.010684955963028146,0.4170223803694924,0.4197145740745873,-0.37977352300595046,-0.6558365592030692,-0.4387487521077724,-1.0215157051997237,-0.33690057678481466,-0.6202345138903699,0.06248803355696751,-0.8936568498858827,-0.6282851570209345,-0.5332625416816024,1.012899778418894,1.0062551930289634
0.48543435034820953,-1.5367841448947694,-0.2166945336074462,-0.7030746009502787,-0.010684955963028146,1.3002020063853725,1.320458535428921,-0.22987888521372726,-1.1940759453842735,-0.2301659293553466,-0.8666249528024377,-0.018238283665318707,-0.4173003868216514,-0.14259074977905997,-0.9681979594085989,-0.7534137998645936,-0.6290287561150625,0.8634028451708101,0.8626038843260005
0.48543435034820953,-1.5367841448947694,-0.07223151005309006,1.601661830751449,-0.010684955963028146,0.4143402446832953,-0.6874206446824462,-0.22987888521372726,-1.55290220283841,0.23698478797683528,-0.7101533985335584,0.251050853130943,-0.2621617540283063,-0.820760577915211,-1.0519917831648518,-0.8790351724959741,-0.729220472231493,0.9746683067956321,0.9633593374448515
0.48543435034820953,-1.5367841448947694,0.07223151350126605,-0.7030746009502787,-0.010684955963028146,1.0806725162684896,1.5253570416631848,-0.07998424742150408,-2.0911415890196143,0.3615440140861009,-0.5652999030903244,0.33020936665657824,-0.1177149574362745,-0.8166499425478791,-1.1524101241644606,-0.9873557005782885,-0.8660634124695283,0.8485639992258921,0.8473376336815827
0.48543435034820953,-1.5367841448947694,0.2166945370556222,2.3334065304161538,-0.010684955963028146,-0.6865507261215884,-0.6874206446824462,-0.07998424742150408,-1.8519240840501903,0.5110316943602669,-0.47196718977197927,0.35210141770513304,0.018018224569893715,-0.9456540239257135,-1.2021123114813985,-1.0244928227522356,-0.9384996694172799,1.0256399475232085,1.0115374287321748
0.48543435034820953,-1.5367841448947694,0.3611575606099783,-0.7030746009502787,-0.010684955963028146,1.2445304843091385,1.3764134846012541,-0.25985778418203864,-1.672510955323122,0.5615026104664975,-0.4377412985459448,0.25522171489363904,0.20106760322432726,-0.645565997251092,-1.232401393285066,-1.0463492491326736,-1.0376306450967718,0.8830302188401644,0.8822411604539034
0.48543435034820953,-1.5367841448947694,0.5056205841643344,2.3534134801522812,-0.010684955963028146,-0.6865507261215884,-0.6874206446824462,-0.37977352300595046,-1.1940759453842735,0.4792549937176758,-0.47156920620219434,0.18980168183634377,0.28685455474383725,0.0031644618421366104,-1.219213564040043,-1.052861870402601,-1.0839202398168413,0.9984917759466487,0.9871742217926184
0.48543435034820953,-1.5367841448947694,0.6500836077186906,-0.7030746009502787,-0.010684955963028146,1.2673956858040027,1.3002045210817412,-0.37977352300595046,-1.1940759453842735,0.3964790294892424,-0.5353050225074059,0.06721216381115629,0.3299360063132051,0.41390077802624936,-1.1875010248187337,-1.0279020270933366,-1.102027939371249,0.9048022835049007,0.898014184796444
0.48543435034820953,-1.5367841448947694,0.7945466312730467,1.4640658103898097,-0.010684955963028146,0.6094312549785027,-0.6874206446824462,-0.5896259587347964,-0.8352496879301373,-0.09359464482965996,-0.6897407377462315,-0.1107465387549409,0.09203024117555925,0.41390077802624936,-1.1126516521674765,-0.9899872072878888,-1.0487594673672296,0.9539347959836714,0.9450714793265298
0.48543435034820953,-1.5367841448947694,0.9390096548274028,-0.7030746009502787,-0.010684955963028146,1.088420606075032,1.533515294966016,-0.5296681607981737,-0.9548584404148494,-0.23017116051851108,-0.8106574696382209,-0.18085630469246952,-0.30815805126881385,0.41390077802624936,-1.0520927700693543,-0.9817266097463793,-0.9494276104193178,0.8533769719700545,0.8507906946916912
0.48543435034820953,-1.5367841448947694,1.083472678381759,1.6148937299142423,-0.010684955963028146,0.4673833951222638,-0.6874206446824462,-0.6795627985903968,-0.35681467799128885,-0.4451503880302962,-0.902176992077441,-0.17624945857222615,-0.3636760149520922,0.41390077802624936,-0.9934545673077014,-0.9735345432844998,-0.9239135058379533,0.9643465769590738,0.9539868894705235
0.48543435034820953,-1.5367841448947694,1.227935701936115,-0.7030746009502787,-0.010684955963028146,1.0644872363550901,1.5769023503323467,-0.8594363353509314,-0.1175971730218646,-0.5317961052096485,-0.9822280474174206,-0.20900381951746844,-0.5476066827918535,0.41390077802624936,-0.943775517801819,-0.9613388304268786,-0.8668894275113025,0.8476877531143863,0.8449118332493731
0.48543435034820953,-1.5367841448947694,1.3723987254904713,1.677260960418133,-0.010684955963028146,0.3929762525858376,-0.6874206446824462,-0.82945743638262,-0.057792796779508555,-0.699407150267131,-1.0433345282152593,-0.22470920280037077,-0.5652397902312519,0.41390077802624936,-0.90145959462661,-0.9517989137754356,-0.8561564723491547,0.9750046055596583,0.9641604328626433
0.48543435034820953,-1.5367841448947694,1.5168617490448273,-0.7030746009502787,-0.010684955963028146,1.0142219299773623,1.5489398325439019,-0.9793520741748433,0.3010334606746278,-0.7360436014895173,-1.0908316407875844,-0.2457732151166256,-0.6410990150093036,0.41390077802624936,-0.8694766322385898,-0.9424550480606563,-0.8296696220603876,0.8559685035466065,0.8491404053831436
0.48543435034820953,-1.5367841448947694,1.6613247725991833,1.1261725704137988,-0.010684955963028146,0.20171064851150225,0.33861473770002704,-1.099267812998755,0.24122908443227173,-0.8132764944497961,-1.1435707257633358,-0.2726873749529735,-0.6471020346955116,0.41390077802624936,-0.8339053809860505,-0.9352382482604773,-0.8281134472777485,0.9706666930150262,0.9639324256333587
0.48543435034820953,-1.4265392129941283,-1.6613247691510074,0.9408844152088723,-0.010684955963028146,0.29887264026337074,0.39245941868469447,-0.9793520741748433,0.6598597181287641,-0.8564859021883428,-1.1763431420290893,-0.3265289565072678,-0.6366095667771212,0.41390077802624936,-0.8111459695488826,-0.9182490466273248,-0.8292034465081308,0.9907890783338341,0.9840711539262054
0.48543435034820953,-1.4265392129941283,-1.5168617455966513,-0.7030746009502787,-0.010684955963028146,1.2705198582037895,1.3521884927554169,-1.1292467119670664,1.0784903518252564,-0.9244132097744197,-1.2503569536015444,-0.5202891909978558,-0.7270723148422393,0.41390077802624936,-0.7415192346868024,-0.8338217927099025,-0.7713138319336363,0.830265643761353,0.8286373567418889
0.48543435034820953,-1.4265392129941283,-1.372398722042295,1.1835438864366283,-0.010684955963028146,0.2188347072948659,0.2569466476050272,-1.0393099435867992,0.48044658940169593,-0.999214265758614,-1.285800104015234,-0.5332609689362884,-0.6936907405481324,0.41390077802624936,-0.7109520171127389,-0.8231814751152822,-0.7746336132434786,0.9700541295795365,0.963319221271656
0.48543435034820953,-1.4265392129941283,-1.227935698487939,-0.7030746009502787,-0.010684955963028146,1.2469534228878403,1.283903285052774,-1.1292467119670664,0.3010334606746278,-1.0560626236577328,-1.3139080415190325,-0.5504417365470123,-0.6689991821451758,0.41390077802624936,-0.6881393405063705,-0.8192665287561504,-0.7834686771174688,0.8285654566908436,0.8217150654477818
0.48543435034820953,-1.4265392129941283,-1.083472674933583,1.2480994722507932,-0.010684955963028146,0.19418859782897002,0.21195304389598515,-0.9793520741748433,0.3010334606746278,-1.1273823405559704,-1.3360559663326594,-0.5644968444385141,-0.6496173300527123,0.41390077802624936,-0.6669699305226707,-0.8162659084467693,-0.7906239805589006,0.9718060825741719,0.9650726664541348
0.48543435034820953,-1.4265392129941283,-0.9390096513792268,-0.7030746009502787,-0.010684955963028146,1.2536270685102857,1.271197537684552,-0.8894152343192429,-0.2970103017489328,-1.1682154924270551,-1.3502981423496405,-0.5945830805796788,-0.6538984587729428,0.41390077802624936,-0.6612980335688332,-0.8254790012469376,-0.8077274921204142,0.8245935004709347,0.8177398801630728
0.48543435034820953,-1.4265392129941283,-0.7945466278248707,1.2871535699056955,-0.010684955963028146,0.18495749890617677,0.19332189439812228,-0.9793520741748433,-0.6558365592030692,-1.222471155082782,-1.3673195934881355,-0.5991120131455315,-0.6397595856473003,0.41390077802624936,-0.6778044515682601,-0.875108948870574,-0.8636855896292113,0.9815691718128718,0.9748438200681814
0.48543435034820953,-1.4265392129941283,-0.6500836042705146,-0.7030746009502787,-0.010684955963028146,1.256788896664188,1.265093072354213,-0.9793520741748433,-0.6558365592030692,-1.250397719636321,-1.3823100760248783,-0.6235602918721774,-0.6503977144744384,0.3979612944828958,-0.7085314646499254,-0.9298949927543677,-0.9230660925741084,0.8232957575119456,0.816441221393045
0.48543435034820953,-1.4265392129941283,-0.5056205807161585,1.261558376995551,-0.010684955963028146,0.13162874003217348,0.13761807299732887,-0.9493731752065319,-0.8950540641724933,-1.1246974460618047,-1.3634723030176357,-0.28305070655452136,-0.5979711797986027,-0.09091552171653376,-0.7704574057512416,-1.0896079750557464,-1.0085524264453893,0.990705677678298,0.979035755492758
0.48543435034820953,-1.4265392129941283,-0.3611575571618023,-0.7030746009502787,-0.010684955963028146,1.2831839067101172,1.3114177264675093,-0.82945743638262,-1.2538803216266297,-0.7447201394931913,-1.2828284469758084,0.45590465157859045,-0.4907956733879049,-1.1689488608173138,-0.8632766629511843,-1.3186326623707167,-1.0957481070664796,0.814998830228436,0.8153212433332195
0.48543435034820953,-1.4265392129941283,-0.2166945336074462,2.346002383946765,-0.010684955963028146,-0.6865507261215884,-0.6874206446824462,-0.82945743638262,-0.9548584404148494,0.2525128419351777,-1.145623959180181,0.6385099859097262,-0.3983132025545655,-3.258778414279723,-0.9438803610081642,-1.3614875754131832,-1.1235157937906277,1.1373285236806427,1.1168526170880122
0.48543435034820953,-1.4265392129941283,-0.07223151005309006,-0.7030746009502787,-0.010684955963028146,-0.6865507261215884,2.9010870614672735,-0.7694996384459972,-1.1940759453842735,0.5608212514643248,-1.0322090784235436,0.5120761799562032,-0.27909178311486704,-3.610408917619739,-1.0275016152569616,-1.3574440248444921,-1.1801603811993289,0.7212016718542179,0.7383608211498908
0.48543435034820953,-1.4265392129941283,0.07223151350126605,-0.7030746009502787,-0.010684955963028146,-0.6865507261215884,-0.6874206446824462,-0.6795627985903968,-1.1940759453842735,0.9643571013441422,-0.9323680813433654,0.1482696130081621,-0.11708511641185738,-4.216960531489136,-1.090232318349051,-1.2827082800616192,-1.2262834846507351,-1.2676136780735823,-1.2761757670616813
0.48543435034820953,-1.4265392129941283,0.2166945370556222,2.3726747335725937,-0.010684955963028146,-0.6865507261215884,-0.6874206446824462,-0.82945743638262,-0.9548584404148494,1.0128355981801043,-0.8521347328298128,-0.19061704954889014,-0.039087361643924394,-4.01130299864105,-1.1435712393224056,-1.2138515693678513,-1.2551395329862294,1.0611107496025487,1.0403529168733725
0.48543435034820953,-1.4265392129941283,0.3611575606099783,-0.7030746009502787,-0.010684955963028146,1.5132837854045031,1.1085633856505601,-0.7994785374143086,-0.9548584404148494,0.8192380962077067,-0.8048025190442691,-0.6203849000969611,-0.027252209371156348,-3.334414105038629,-1.1911225742866451,-1.121510168540911,-1.2705616464961487,0.9755071664063804,0.9724849481494154
0.48543435034820953,-1.4265392129941283,0.5056205841643344,1.3192998536595324,-0.010684955963028146,0.8171798286223845,-0.6874206446824462,-0.8144679154231312,-1.0744671928995615,0.806016985204897,-0.8113789888023241,-0.5746720230948846,0.19122043754413157,-3.1411909530552373,-1.2103308137645286,-1.1519994506849642,-1.3384678124918286,0.989702712898359,0.9825313887682985
0.48543435034820953,-1.4265392129941283,0.6500836077186906,-0.7030746009502787,-0.010684955963028146,1.1581557155188884,1.4634080773590743,-0.82945743638262,-0.9548584404148494,0.7049764147877062,-0.8646990462969049,-0.4878837833121713,0.5380854449135635,-2.747699509152943,-1.1994126591727283,-1.1790898298369115,-1.4195141244580196,0.8811828224229219,0.8788091809021579
0.48543435034820953,-1.4265392129941283,0.7945466312730467,1.4666813016964562,-0.010684955963028146,0.5862581130944268,-0.6874206446824462,-0.9044047552787317,-1.1940759453842735,-0.10878267318231163,-0.956120464394622,-0.43914802617326004,0.07680908308547905,-0.572762336297668,-1.1843928455336155,-1.223023565207292,-1.3479313945518474,0.9640440698399632,0.9542754803083073
0.48543435034820953,-1.4265392129941283,0.9390096548274028,-0.7030746009502787,-0.010684955963028146,1.0939083046414717,1.5015182071403481,-0.82945743638262,-1.2538803216266297,-0.2555749966359829,-1.0426839781492647,-0.42509623375215794,-0.36769999927475705,-0.08363981356495039,-1.155398758092459,-1.236043602855023,-1.2541566340408037,0.8558020617211184,0.8532439214872077
0.48543435034820953,-1.4265392129941283,1.083472678381759,1.6000937543083904,-0.010684955963028146,0.48527437609778085,-0.6874206446824462,-0.9793520741748433,-1.493097826596054,-0.5161876221176523,-1.1255518804862277,-0.4236515175255325,-0.47591628949712084,0.41390077802624936,-1.1522963632601044,-1.2784358226747325,-1.2706463659876128,0.9674546893201319,0.9570627356479824
0.48543435034820953,-1.4265392129941283,1.227935701936115,-0.7030746009502787,-0.010684955963028146,1.0765536043641504,1.564948417383878,-1.2491624507909782,-1.0744671928995615,-0.6229648168400832,-1.2028761917528032,-0.4465663911923637,-0.7043280556271769,0.4077837333847213,-1.1612740749684922,-1.3210309248520185,-1.2652867664064902,0.8515094443600965,0.8487140687057649
0.48543435034820953,-1.4265392129941283,1.3723987254904713,1.0583109806545565,-0.010684955963028146,0.20123325722877064,0.31217446630349777,-1.728825263135959,-0.2970103017489328,-0.8410199682925784,-1.2911885371554432,-0.4709135480718218,-0.721032676491821,0.41390077802624936,-1.153614977471401,-1.3489165681463842,-1.2960410335539494,0.9700228543337105,0.9598217459269381
0.48543435034820953,-1.4265392129941283,1.5168617490448273,0.9036434955251484,-0.010684955963028146,0.3108443458905572,0.3842287870320485,-1.728825263135959,-0.536227806718357,-0.9294965925794962,-1.3407183577681996,-0.5941089683125361,-0.7849875804091517,0.41390077802624936,-1.1664248891358513,-1.3560064987010452,-1.3165795056308394,0.9898058852610266,0.9825195176558222
0.48543435034820953,-1.4265392129941283,1.6613247725991833,0.8592005684395017,-0.010684955963028146,0.35031406136130755,0.3981687316948014,-1.8487409662222045,-0.41661905423364487,-0.9826321324226304,-1.395039288278752,-0.7502444158408702,-0.8852795916964072,0.41390077802624936,-1.1768851078838456,-1.3568377633473199,-1.3295773970944207,1.0011519692697843,0.994110226268379
0.48543435034820953,-1.3162942810934875,-1.6613247691510074,0.8352805943070765,-0.010684955963028146,0.3725878583179237,0.40474323792697264,-2.0286145387204058,-0.47642343047600094,-1.032554430291987,-1.4529747723645365,-0.9031025208792003,-0.9939418158740431,0.41390077802624936,-1.1917675407698165,-1.3659857949959404,-1.3483731149931664,1.0101587008393116,1.0031895805691562
0.48543435034820953,-1.3162942810934875,-1.5168617455966513,0.8201487999657876,-0.010684955963028146,0.3868942207002743,0.4086831513072848,-2.1785091765126285,0.18142470818991568,-1.0823407179190672,-1.5104399122314842,-1.0399054605074702,-1.0977622388949841,0.41390077802624936,-1.2038710261404795,-1.3725691160505498,-1.3619820567063918,1.017949472420257,1.0110216493625184
0.48543435034820953,-1.3162942810934875,-1.372398722042295,0.8097563518392825,-0.010684955963028146,0.3966689222734523,0.41142725302078575,-2.2684459627617293,-0.536227806718357,-1.1304791891493384,-1.5644814888901681,-1.1574969069052616,-1.1914287132044565,0.41390077802624936,-1.2266588778037362,-1.3955706186982277,-1.3902250896493986,1.0249281660664775,1.0180296992105484
0.48543435034820953,-1.3162942810934875,-1.227935698487939,0.802359230720896,-0.010684955963028146,0.4035284408821848,0.41346252803386,-2.3284038143048518,0.18142470818991568,-1.1756483213883757,-1.6136404611765343,-1.2570347881096344,-1.2738272176623737,0.41390077802624936,-1.2508002914137382,-1.4167382643542803,-1.4150596915054126,1.0312522364638563,1.0243780836187362
0.48543435034820953,-1.3162942810934875,-1.083472674933583,0.8069636635945435,-0.010684955963028146,0.4178997594403847,0.4245362063695515,-2.3284038143048518,0.18142470818991568,-1.1961799829135364,-1.6491371863015412,-1.3026266504421256,-1.3117796149980192,0.41390077802624936,-1.2664978501016841,-1.4351192324542914,-1.4351438880617076,1.0358881625577965,1.0292071703043209
0.48543435034820953,-1.3162942810934875,-0.9390096513792268,0.8037775228967703,-0.010684955963028146,0.4207899431680702,0.4251832186122607,-2.2684459627617293,-0.1175971730218646,-1.223312064561471,-1.6847208833605045,-1.3623589940289083,-1.3638188055813194,0.41390077802624936,-1.2957927290865618,-1.459270799390828,-1.4609823503868087,1.040100075405164,1.033422438605144
0.48543435034820953,-1.3162942810934875,-0.7945466278248707,0.8011885484221134,-0.010684955963028146,0.42300734408889124,0.4258617133452795,-2.3284038143048518,0.18142470818991568,-1.2575323722972664,-1.717001038480064,-1.4337841728474778,-1.4283775105840733,0.41390077802624936,-1.33127986475516,-1.480303985333682,-1.4834128183233266,1.0440037293640734,1.0373292626559383
0.48543435034820953,-1.3162942810934875,-0.6500836042705146,0.7991036625069338,-0.010684955963028146,0.42470059783228714,0.4264798579224555,-2.3284038143048518,-0.23720592550657674,-1.2852712688722798,-1.7447621319112439,-1.4849244748936985,-1.4742777855495404,0.41390077802624936,-1.3728587522407063,-1.509252619409085,-1.5135338727768537,1.0476359717069061,1.0409644838402508
0.48543435034820953,-1.3162942810934875,-0.5056205807161585,0.7788236610684276,-0.010684955963028146,0.4066306474254043,0.411635393072999,-2.0286145387204058,-0.35681467799128885,-0.9977828887377351,-1.7171523696451483,-0.935646349454068,-1.4351031385773645,-0.1481593215429639,-1.4228400394035008,-1.6321544359057705,-1.540254356714761,1.0517066067196799,1.0450962450050343
0.48543435034820953,-1.3162942810934875,-0.3611575571618023,0.7565191532578531,-0.010684955963028146,0.38522314201207974,0.4118893448552974,-1.4290359875515128,-1.0146628166572054,-0.37839878436543456,-1.6094442393070008,-0.19916847657705686,-1.2991461758454668,-1.7764367213822727,-1.4873844094559279,-1.7443304878288033,-1.5510634065747833,1.050574047386634,1.0442898280540636
0.48543435034820953,-1.3162942810934875,-0.2166945336074462,-0.7030746009502787,-0.010684955963028146,1.2424644385999986,1.3263190899041035,-1.1292467119670664,-1.7921197078078341,0.03443872751621125,-1.4936150176637308,0.15221999598928476,-1.0960069842571705,-2.627672449884672,-1.5765100525472757,-1.8075821803167345,-1.599895677784797,0.8943358607206988,0.8938920433262534
0.48543435034820953,-1.3162942810934875,-0.07223151005309006,2.3812643954593757,-0.010684955963028146,-0.6865507261215884,-0.6874206446824462,-0.82945743638262,-1.9715328365349023,0.8272385063723726,-1.3853088683076984,0.13156544426738045,-0.9582142058261965,-4.128875321548319,-1.6485460119855069,-1.795190524957702,-1.6154234723098413,1.080556223566294,1.066722137147057
0.48543435034820953,-1.3162942810934875,0.07223151350126605,-0.7030746009502787,-0.010684955963028146,-0.6865507261215884,2.911667270071135,-0.6795627985903968,-2.1509459652619705,1.085196316548072,-1.2249722812937922,-0.10971791406346519,-0.7138497220699478,-4.381169351797615,-1.7266137095432612,-1.7518814850774322,-1.6553677299637,0.7813035274494968,0.7915149553082803
0.48543435034820953,-1.3162942810934875,0.2166945370556222,-0.7030746009502787,-0.010684955963028146,-0.6865507261215884,-0.6874206446824462,-0.5296681607981737,-2.330359093989039,1.3518954003716057,-1.0930163757685718,-0.3739774822635346,-0.3935015100773324,-4.493743701051459,-1.787300813677649,-1.706809830166482,-1.7112663273141877,-1.2676136780735823,-1.2761757670616813
0.48543435034820953,-1.3162942810934875,0.3611575606099783,0.5867375218138519,-0.010684955963028146,0.7579337294874149,0.29510593609210023,-0.4397313209425732,-2.390163470231395,1.563928829126397,-1.0197185171564465,-0.6815445536907712,0.19576928938714405,-4.384916667551743,-1.8278924878914953,-1.642509243480349,-1.7994461078013302,1.060970909710292,1.045175044630954
0.48543435034820953,-1.3162942810934875,0.5056205841643344,-0.7030746009502787,-0.010684955963028146,2.9051689054765166,-0.6874206446824462,-0.37977352300595046,-2.2705547177466827,1.541105918135197,-0.9445949437067063,-0.5457006138755852,0.5133092567088764,-3.820173592377337,-1.856296320131872,-1.6423902900082692,-1.8278051933466903,0.7673691472344449,0.7763455156328496
0.48543435034820953,-1.3162942810934875,0.6500836077186906,1.6038301192699471,-0.010684955963028146,0.45690066077239644,-0.6874206446824462,-0.6795627985903968,-1.9117284602925464,1.1805421119653383,-0.9372238983600247,-0.1886103610895326,0.7619971840862209,-2.5837806458434622,-1.8563211450749837,-1.68262356394912,-1.8462410717559188,0.9114545642406608,0.8995852651303657
0.48543435034820953,-1.3162942810934875,0.7945466312730467,-0.7030746009502787,-0.010684955963028146,0.8615155043193998,1.6824573877260716,-1.0093309731431546,-1.3136846978689858,0.6097084329225113,-1.0167148544453246,-0.16332078174898834,-0.23023109258502075,-0.9477687303923069,-1.823262033454019,-1.6709969192970362,-1.6669832526116661,0.8756463849405419,0.8701927999879532
0.48543435034820953,-1.3162942810934875,0.9390096548274028,1.5078019205687074,-0.010684955963028146,0.5371984184442986,-0.6874206446824462,-1.1292467119670664,-0.9548584404148494,-0.2192635314251894,-1.1080680865468198,-0.22327609072014393,-0.3655224093763847,0.41390077802624936,-1.7794587828619004,-1.640495817710452,-1.621823833375663,0.9396580057496619,0.930501121482442
0.48543435034820953,-1.3162942810934875,1.083472678381759,-0.7030746009502787,-0.010684955963028146,0.9864646184269861,1.6090833126363013,-1.2791413497592896,-1.0146628166572054,-0.3325345613209179,-1.2030814455169405,-0.32277750175012115,-0.7229417295193178,0.3024082362104365,-1.7487216469878983,-1.6238254157198833,-1.5543422474087247,0.855525976792447,0.8520046182795611
0.48543435034820953,-1.3162942810934875,1.227935701936115,0.9911794996139459,-0.010684955963028146,0.21917026190376224,0.37510806902546545,-1.3990570885832014,-0.7754453116877812,-0.5864892238850044,-1.2841852091455297,-0.38201501137976346,-0.7390059306343284,0.41390077802624936,-1.7189914879325396,-1.6080579540775444,-1.5458900588653586,0.958237119455467,0.9484387817827152
0.48543435034820953,-1.3162942810934875,1.3723987254904713,0.8601336742570804,-0.010684955963028146,0.3218787370382174,0.4261295759953891,-1.4290359875515128,-1.0146628166572054,-0.747851644542524,-1.3436468767283831,-0.5306351163798056,-0.8028989896965485,0.3735129121777593,-1.705256786882466,-1.5848904370581671,-1.5377212875898283,0.977495121687048,0.9702065132513935
0.48543435034820953,-1.3162942810934875,1.5168617490448273,0.8282294461790403,-0.010684955963028146,0.35888294200825205,0.42735258183987634,-1.578930625343736,-1.0744671928995615,-0.8343901228770045,-1.3836045662898868,-0.6911022259852163,-0.8858256166671875,0.41390077802624936,-1.7118368429202306,-1.5778084222769446,-1.5451275834421825,0.989499963028866,0.9824302796378975
0.48543435034820953,-1.3162942810934875,1.6613247725991833,0.8127710289680421,-0.010684955963028146,0.3793337820684076,0.4254849693914744,-1.578930625343736,-1.1342715691419176,-0.9015647968627929,-1.4262225533672521,-0.8467378663508108,-0.9798517676340144,0.3710570113308179,-1.7237595641420227,-1.5779962321344123,-1.5569223707872928,0.9994575339686221,0.9924529780318282
0.48543435034820953,-1.2060493491928466,-1.6613247691510074,0.8141226707283751,-0.010684955963028146,0.40229563333216845,0.43379310445049724,-1.578930625343736,-1.1342715691419176,-0.9299713206366722,-1.456744831757683,-0.916966989222725,-1.0214619626502217,0.36131026401507643,-1.7331518282984877,-1.5852248513771225,-1.5697115204110814,1.006925128009365,1.0002203697296301
0.48543435034820953,-1.2060493491928466,-1.5168617455966513,0.8086152322248126,-0.010684955963028146,0.41019078977839557,0.43191649700486395,-1.728825263135959,-0.7754453116877812,-0.9617964095385345,-1.4872177100896264,-0.9815672722237193,-1.0584118223345989,0.41390077802624936,-1.7432199093528646,-1.59139698595395,-1.5811974528059962,1.0135490093839727,1.0068497720245395
0.48543435034820953,-1.2060493491928466,-1.372398722042295,0.8046867993991151,-0.010684955963028146,0.41558487195613125,0.4306901441846628,-2.0885723902635283,0.24122908443227173,-1.0113937213962982,-1.5352310880619173,-1.0731579708802523,-1.1257657520387387,0.41390077802624936,-1.7377919234905703,-1.5800993338581926,-1.5741053614593552,1.019413117976358,1.0127186044235585
0.48543435034820953,-1.2060493491928466,-1.227935698487939,0.8018679526579542,-0.010684955963028146,0.4193936468856022,0.4299127044820994,-2.1785091765126285,-1.3136846978689858,-1.0574273033482646,-1.578056416229835,-1.1498041867105913,-1.18334493964301,0.41390077802624936,-1.7510373562443668,-1.597741098841369,-1.595457511847948,1.0248018068836287,1.0181115689517637
0.48543435034820953,-1.2060493491928466,-1.083472674933583,0.7998367274939967,-0.010684955963028146,0.4220538167152319,0.4293453920985794,-2.1785091765126285,-0.17740154926422066,-1.0903842851798398,-1.605823075864788,-1.1939488462136572,-1.2134658253262134,0.41390077802624936,-1.7653170009485697,-1.614954544576856,-1.615437228309744,1.0297339490989559,1.0230479049983405
0.48543435034820953,-1.2060493491928466,-0.9390096513792268,0.7984640335190774,-0.010684955963028146,0.4238124450317451,0.4288101897633155,-2.3284038143048518,0.12162033194755961,-1.1340442268459268,-1.6453149437480208,-1.2628625562045304,-1.271215086282039,0.41390077802624936,-1.7681359575954945,-1.6185727036496775,-1.6209836256355765,1.0341054735457114,1.0274230239688864
0.48543435034820953,-1.2060493491928466,-0.7945466278248707,0.7974510188699625,-0.010684955963028146,0.4251232836722342,0.42847706108678324,-2.3284038143048518,0.18142470818991568,-1.1743601474591243,-1.680908729551323,-1.3255779942833523,-1.325481505397419,0.41390077802624936,-1.7696777552759304,-1.6182897960756975,-1.6220908744531384,1.0381766477868615,1.031497476314819
0.48543435034820953,-1.2060493491928466,-0.6500836042705146,0.7966481680311432,-0.010684955963028146,0.42607722944316145,0.42824727028542015,-2.163519712510046,-0.1175971730218646,-1.2079030195651204,-1.707397597532587,-1.3820454283941295,-1.375552239342392,0.41390077802624936,-1.7734617514589606,-1.615259356071857,-1.6200619736420983,1.0419449554233169,1.0352688059439021
0.48543435034820953,-1.2060493491928466,-0.5056205807161585,0.7772416991221311,-0.010684955963028146,0.40745876021799543,0.41277733934941324,-1.9986356040144275,-0.23720592550657674,-0.9316302532552057,-1.6770882264364817,-0.8404591942815695,-1.346088862118787,-0.0006678613855940054,-1.7920869663020191,-1.710295372925399,-1.6244100705319657,1.0461778981773604,1.0395514121068747
0.48543435034820953,-1.2060493491928466,-0.3611575571618023,0.7556310185539864,-0.010684955963028146,0.3856159124473683,0.41260580684407167,-1.4290359875515128,-0.7754453116877812,-0.31221803138089604,-1.5682672032314269,-0.09264324150552833,-1.2035633247756554,-1.4564883870051457,-1.8188581367497945,-1.802940392459562,-1.6190834416807685,1.0452613896804233,1.0389668621545973
0.48543435034820953,-1.2060493491928466,-0.2166945336074462,-0.7030746009502787,-0.010684955963028146,1.2425253154024853,1.326294405958213,-0.9793520741748433,-1.2538803216266297,0.07050171247669226,-1.451582177758025,0.1878289769485821,-1.0341190004974876,-2.3457096468623226,-1.8241954995187883,-1.7836925929504301,-1.577423177626354,0.8899194005759173,0.8894203180610735
0.48543435034820953,-1.2060493491928466,-0.07223151005309006,2.3826425540516984,-0.010684955963028146,-0.6865507261215884,-0.6874206446824462,-1.0093309731431546,-0.596032182960713,0.5057384111332157,-1.3095858842891301,0.09442968918906759,-0.9193642443433518,-3.3113700927768357,-1.8036209240943062,-1.6736617156291786,-1.4894599995503774,1.0787564589889589,1.064887640920775
0.48543435034820953,-1.2060493491928466,0.07223151350126605,-0.7030746009502787,-0.010684955963028146,1.2327659899289045,1.3881011237944794,-1.1292467119670664,-0.057792796779508555,0.670835882290169,-1.193455043978899,-0.23879746539586846,-0.8118868373899425,-3.5947197985534327,-1.7366984208993341,-1.4808843308054878,-1.3656836216008341,0.9235979872751908,0.9229205974689639
0.48543435034820953,-1.2060493491928466,0.2166945370556222,2.3856651145629413,-0.010684955963028146,-0.6865507261215884,-0.6874206446824462,-0.9793520741748433,-0.35681467799128885,0.7461456688921083,-1.0816741919174364,-0.27479518525951885,-0.6508802670939208,-3.577614664584385,-1.7207304390446774,-1.4096547314795218,-1.3334916341143421,1.0029673714700322,0.9935375474285779
0.48543435034820953,-1.2060493491928466,0.3611575606099783,-0.7030746009502787,-0.010684955963028146,1.273757416263191,1.3725768045031201,-1.0692888425551106,0.48044658940169593,0.5834963820961284,-1.0493912536959902,-0.44017830859993556,-0.5013369661919092,-2.8857597976842446,-1.6257702112655081,-1.258226744651483,-1.2491478124571989,0.9327544445905406,0.9284850791050152
0.48543435034820953,-1.2060493491928466,0.5056205841643344,1.3821904332596495,-0.010684955963028146,0.7420019983183934,-0.6874206446824462,-1.0243204941026434,0.12162033194755961,0.28493232175160327,-1.0407232828701494,-0.44678935657673674,-0.39497927661524135,-1.9761565404235522,-1.5295713875382757,-1.166097009437578,-1.1836487280952799,0.9524317867560997,0.9450608362601718
0.48543435034820953,-1.2060493491928466,0.6500836077186906,-0.7030746009502787,-0.010684955963028146,1.0617518596165463,1.5833157833582825,-0.9793520741748433,-0.6558365592030692,0.11622207853418592,-1.1009941373265337,-0.46952270823918985,-0.37224803736967593,-1.6129673496455375,-1.4572107756886725,-1.1547289828628964,-1.1833250253991578,0.8706308420696787,0.8667020788968856
0.48543435034820953,-1.2060493491928466,0.7945466312730467,1.5170471573760964,-0.010684955963028146,0.5425659323955194,-0.6874206446824462,-1.2491624507909782,0.24122908443227173,-0.4180536167337218,-1.2349124775695488,-0.5524467672711701,-0.5772970957335625,-0.2551511252016273,-1.3542602904916807,-1.1118666962232544,-1.1086313651975386,0.9541673831566536,0.9442865531826281
0.48543435034820953,-1.2060493491928466,0.9390096548274028,-0.7030746009502787,-0.010684955963028146,1.0386038215685474,1.583667634180215,-0.9793520741748433,-0.6558365592030692,-0.5528463057834877,-1.3235633177391475,-0.6330665743754288,-0.9258237767100483,-0.513770643075667,-1.2986531409782944,-1.1160292002640255,-1.0406947394877886,0.8590687072248122,0.8559261788837742
0.48543435034820953,-1.2060493491928466,1.083472678381759,1.007698410936743,-0.010684955963028146,0.2231561234768933,0.3512906760657964,-0.9793520741748433,-0.9548584404148494,-0.7677339879398946,-1.3612399074168402,-0.6618166759455549,-0.9335104412018365,-0.45598535728725126,-1.288545291811166,-1.1532655406940828,-1.0851128631734817,0.967797818310258,0.9578404981895278
0.48543435034820953,-1.2060493491928466,1.227935701936115,-0.7030746009502787,-0.010684955963028146,1.2641664956899603,1.3744571772964318,-1.0393099435867992,-0.8950540641724933,-0.8780206392502912,-1.396908836971081,-0.7557174286030088,-0.9635214708924089,-1.0982098334350738,-1.282147205016598,-1.1882929465938425,-1.137728034356727,0.8261689460437242,0.8242022681859028
0.48543435034820953,-1.2060493491928466,1.3723987254904713,1.1334193697616497,-0.010684955963028146,0.18775061446769772,0.236220918868158,-0.9793520741748433,-0.9548584404148494,-1.031019083903214,-1.4029704328801134,-0.682886490335009,-0.8317764682927888,-1.199180080299269,-1.2860584591604332,-1.2337501972629656,-1.2000878030265745,0.9738202803024866,0.9627371274116152
0.48543435034820953,-1.2060493491928466,1.5168617490448273,-0.7030746009502787,-0.010684955963028146,1.243552480695304,1.2889568000089224,-1.1292467119670664,-0.7156409354454252,-1.0741526397758758,-1.416347759985831,-0.6856540792510747,-0.804725040418502,-1.2226968738526023,-1.2826740722558403,-1.245576796520806,-1.2196172834280645,0.8266646766643463,0.8198128220106442
0.48543435034820953,-1.2060493491928466,1.6613247725991833,1.2388173268799592,-0.010684955963028146,0.20490626224479164,0.2261838616668813,-1.1592256109353778,-0.8352496879301373,-1.1458391919910222,-1.4341223880723892,-0.6818338284831362,-0.7710895767192036,-1.101125706228218,-1.2861625793101827,-1.2668842152174338,-1.2487242149998787,0.9756879876552368,0.9689577950235071
0.48543435034820953,-1.0958044172922057,-1.6613247691510074,1.0019860044886124,-0.010684955963028146,0.3023022426687615,0.318102169478942,-1.1292467119670664,-0.9548584404148494,-1.177574697223693,-1.450992160158064,-0.7365888221325202,-0.7996814297346037,-1.0935111326681661,-1.2938481888824418,-1.2783510263072153,-1.2664527511601442,1.0007301129367168,0.9940203742273952
0.48543435034820953,-1.0958044172922057,-1.5168617455966513,-0.7030746009502787,-0.010684955963028146,1.2572148250829618,1.27184936120485,-1.2791413497592896,-0.057792796779508555,-1.2007729441719437,-1.4752715931290972,-0.8142760956683333,-0.8564867429018974,-1.125344684803223,-1.2784986614357885,-1.252835343893228,-1.24521960108817,0.8474282045225885,0.8405932044002659
0.48543435034820953,-1.0958044172922057,-1.372398722042295,1.2203162823659421,-0.010684955963028146,0.22007807937589796,0.22686852738637273,-1.309120248727601,-0.23720592550657674,-1.2593312385304496,-1.5006583527632642,-0.8479877986914598,-0.8748994210149283,-1.1218756811886956,-1.2553396407201833,-1.2306162015929116,-1.2262960397300113,0.9900760386775586,0.983357659131514
0.48543435034820953,-1.0958044172922057,-1.227935698487939,-0.7030746009502787,-0.010684955963028146,1.2606465194746923,1.267325295969457,-1.2791413497592896,-0.41661905423364487,-1.3023307458470217,-1.5212609602543523,-0.8888824683353185,-0.9042887471620193,-1.2736361468012039,-1.2437136137214047,-1.2195424682937308,-1.2177462490920978,0.8364394491845331,0.829595642062814
0.48543435034820953,-1.0958044172922057,-1.083472674933583,1.2713961216636798,-0.010684955963028146,0.19610370672369676,0.1990163552034984,-1.2791413497592896,-0.41661905423364487,-1.3555722167442363,-1.5345575774053581,-0.8834600164967736,-0.8911849616113878,-1.3880305875788839,-1.240253305874286,-1.2263331175512722,-1.226527053188694,0.9918382370113438,0.9851211333572916
0.48543435034820953,-1.0958044172922057,-0.9390096513792268,-0.7030746009502787,-0.010684955963028146,1.260480206560682,1.2633277518510697,-1.2791413497592896,-0.41661905423364487,-1.3876562482227401,-1.5490328382053427,-0.9088971342701001,-0.9105855299100033,-1.5575366544273044,-1.2354175033636927,-1.2255983602797933,-1.227154807152506,0.8341270581641181,0.8272813891530104
0.48543435034820953,-1.0958044172922057,-0.7945466278248707,1.296795305018442,-0.010684955963028146,0.1835980215832884,0.18460464385456063,-1.2791413497592896,-0.41661905423364487,-1.4348132224642773,-1.5639467854402036,-0.9161903402816188,-0.9137314800397146,-1.748036073797611,-1.2330408163343385,-1.229594524643107,-1.2321712709582788,0.9947213113966881,0.988006632386425
0.48543435034820953,-1.0958044172922057,-0.6500836042705146,-0.7030746009502787,-0.010684955963028146,1.2601032306222584,1.2610467879019909,-1.2791413497592896,-0.057792796779508555,-1.4564270808690885,-1.5757106092271602,-0.9418976688925127,-0.9361282688188259,-1.9717419742259443,-1.2136990524051559,-1.2035720158585632,-1.206642646154795,0.8342183675025069,0.8273726739144655
0.48543435034820953,-1.0958044172922057,-0.5056205807161585,1.3109011846301886,-0.010684955963028146,0.1762263847185844,0.17674212723395716,-1.309120248727601,-0.23720592550657674,-1.438681667624405,-1.5623638962421953,-0.8483234900694192,-0.9020680286146882,-2.2123468946119886,-1.2064798143369837,-1.2114007157890485,-1.2001610591847862,0.9975062462175438,0.9907938877261
0.48543435034820953,-1.0958044172922057,-0.3611575571618023,-0.7030746009502787,-0.010684955963028146,1.3141467689288968,1.3209892402655694,-1.1292467119670664,-0.7156409354454252,-1.2524398349566521,-1.4939611659608778,-0.5485113039068457,-0.8199868859132603,-2.7930562365063634,-1.2393687666391446,-1.2876727712304683,-1.2264824007763118,0.8253967710088465,0.8245624950472501
0.48543435034820953,-1.0958044172922057,-0.2166945336074462,1.8315457431615296,-0.010684955963028146,0.1820501085908468,-0.6874206446824462,-1.1292467119670664,-0.35681467799128885,-0.9055620594158458,-1.3807073572259279,-0.24915831039461656,-0.7088622600045054,-3.5061408465741604,-1.2717841168712638,-1.3295769239783175,-1.2266633030924918,1.0395527586032078,1.025425811631939
0.48543435034820953,-1.0958044172922057,-0.07223151005309006,-0.7030746009502787,-0.010684955963028146,1.1297095128668315,1.490403319166178,-0.994341523658999,-0.9548584404148494,-0.650066819299822,-1.2088904749297633,-0.1303699791825698,-0.6182611747634816,-3.9903934891068267,-1.3518717935379336,-1.3651794704577591,-1.2588935016898248,0.8505104339215838,0.851041625448516
0.48543435034820953,-1.0958044172922057,0.07223151350126605,2.371577151729566,-0.010684955963028146,-0.6865507261215884,-0.6874206446824462,-0.82945743638262,-1.2538803216266297,-0.2038786805584744,-1.0609327772197539,-0.11846080950720879,-0.5205202637495435,-4.72148454526104,-1.425357481450109,-1.3826697513930817,-1.298031504904944,1.133924734426574,1.11565875158674
0.48543435034820953,-1.0958044172922057,0.2166945370556222,-0.7030746009502787,-0.010684955963028146,1.252650110889621,1.3769362403705818,-0.82945743638262,-1.2538803216266297,-0.08355408103084967,-0.9566040283474201,-0.21109588133961565,-0.43259722348443286,-4.772919889219978,-1.4758562361164047,-1.3707153069724498,-1.3267840557173611,0.8958239512965258,0.8973387594314177
0.48543435034820953,-1.0958044172922057,0.3611575606099783,2.453866406440104,-0.010684955963028146,-0.6865507261215884,-0.6874206446824462,-1.099267812998755,-0.596032182960713,-0.09854463297404249,-0.9755708677046542,-0.29971011644490836,-0.3837495529240835,-4.572139223487582,-1.4644223011531594,-1.345999768287247,-1.3324240156774523,1.0635194827595311,1.0568609268176734
0.48543435034820953,-1.0958044172922057,0.5056205841643344,-0.7030746009502787,-0.010684955963028146,1.296151711632977,1.3416591163452116,-1.1292467119670664,-0.7156409354454252,-0.022500521842890222,-1.0211872991771038,-0.49082874989461545,-0.22039043688957355,-4.374573703434848,-1.4467756229026552,-1.3076772319321004,-1.3734906974186065,0.9144325428202359,0.9131619289904527
0.48543435034820953,-1.0958044172922057,0.6500836077186906,1.544642579423616,-0.010684955963028146,0.6138862444883233,-0.6874206446824462,-0.9793520741748433,-0.6558365592030692,-0.09270076982393065,-1.0716052771794242,-0.5331979749986959,-0.1345294342935494,-4.062164251031689,-1.4147381902511087,-1.2832148895616708,-1.3782488541150961,0.9829082556140448,0.9761838230575228
0.48543435034820953,-1.0958044172922057,0.7945466312730467,-0.7030746009502787,-0.010684955963028146,1.0978171811172999,1.5240584150861598,-0.9793520741748433,-0.9548584404148494,-0.41476844626643283,-1.176267650390415,-0.5840655796045496,-0.5467270211027129,-3.053069644050289,-1.3683075930098683,-1.2741999079679653,-1.286795909873337,0.8670133386357983,0.8647134628827658
0.48543435034820953,-1.0958044172922057,0.9390096548274028,1.6066455618232176,-0.010684955963028146,0.45276804635753176,-0.6874206446824462,-1.1292467119670664,-0.7156409354454252,-0.7438223411150886,-1.2730555847009841,-0.6139205616853423,-0.6687127428162419,-2.0613293710290437,-1.3314835256962212,-1.2771262501293295,-1.2677532390239579,0.9835134495950582,0.9726761139951532
0.48543435034820953,-1.0958044172922057,1.083472678381759,-0.7030746009502787,-0.010684955963028146,1.0760588495947987,1.565067025835742,-1.1292467119670664,-0.35681467799128885,-0.8005765380772468,-1.312587111786101,-0.589483058237495,-0.8318090182165313,-1.5500711350675411,-1.302518360518884,-1.269051293740236,-1.2139659693093237,0.8620438099197136,0.8594269290181406
0.48543435034820953,-1.0958044172922057,1.227935701936115,1.1020080322566048,-0.010684955963028146,0.22845449727958522,0.3411850058623831,-1.0692888425551106,-0.47642343047600094,-0.8909586135468239,-1.3405593730729273,-0.5899778921946353,-0.8393003831658645,-1.12843639497327,-1.281410169326935,-1.2577824854216646,-1.2004793031507883,0.9771126290254512,0.9703835565667716
0.48543435034820953,-1.0958044172922057,1.3723987254904713,-0.7030746009502787,-0.010684955963028146,1.2211029568861487,1.318317098529919,-1.1292467119670664,-0.35681467799128885,-0.978315115021149,-1.3726634969981588,-0.6352266033407679,-0.8482874171111651,-0.70930646413541,-1.2530261006335015,-1.230351185835607,-1.1807685929093108,0.8355038879516329,0.828659256897664
0.48543435034820953,-1.0958044172922057,1.5168617490448273,1.2078472796262,-0.010684955963028146,0.20988539893203734,0.25310118169564405,-1.1292467119670664,-0.35681467799128885,-1.0752851866009843,-1.3980634763662874,-0.6486459697831464,-0.8137763604631939,-0.34309892580155277,-1.2252366254804203,-1.2110143609841075,-1.1728034322672602,0.9777792950413641,0.9710507949576763
0.48543435034820953,-1.0958044172922057,1.6613247725991833,0.9829212981270334,-0.010684955963028146,0.30553488456026456,0.337089771890344,-1.1592256109353778,-0.35681467799128885,-1.1159751353804417,-1.414963862572715,-0.6860958656818212,-0.8090891714442758,-0.07683222876114813,-1.2082725126560523,-1.1942006075896288,-1.1660007627915872,1.0014967159450394,0.9947874937025826
0.48543435034820953,-0.9855594853915648,-1.6613247691510074,0.9145340300903765,-0.010684955963028146,0.3469057972165822,0.3690690789075313,-1.2791413497592896,-0.41661905423364487,-1.1183710081097702,-1.4321383843149735,-0.7525088821237965,-0.8412810460255948,0.243054387861172,-1.2005982309704561,-1.1829525104043,-1.1628495470678537,1.0120722426040483,1.0053718185212501
0.48543435034820953,-0.9855594853915648,-1.5168617455966513,0.8773954152111528,-0.010684955963028146,0.3714590224889931,0.3870504967449175,-1.1292467119670664,-0.35681467799128885,-1.1076811261831696,-1.445257926608444,-0.8357354778297402,-0.8972823760764491,0.41390077802624936,-1.1922835621601264,-1.1629340615550854,-1.148989940467513,1.0190725053853213,1.01237782162575
0.48543435034820953,-0.9855594853915648,-1.372398722042295,0.8538339558139378,-0.010684955963028146,0.38744796948440685,0.3983910963937991,-1.0093309731431546,-0.35681467799128885,-1.088653424067795,-1.4491219156902635,-0.8967144382867721,-0.937890033441388,0.41390077802624936,-1.180958326705069,-1.1368246961332251,-1.1274311225565732,1.0242557482812173,1.0175652931035046
0.48543435034820953,-0.9855594853915648,-1.227935698487939,0.8377814182321464,-0.010684955963028146,0.3984124882883193,0.4060451068867206,-1.1292467119670664,-0.35681467799128885,-1.0822511342498755,-1.4632767718855522,-0.9673621392966357,-0.9928896395890673,0.41390077802624936,-1.1651496583202836,-1.109476349515391,-1.103465332186475,1.0281948115701713,1.0215073211430215
0.48543435034820953,-0.9855594853915648,-1.083472674933583,0.8263868846913329,-0.010684955963028146,0.40626172563438884,0.4115190856669381,-1.1292467119670664,-0.35681467799128885,-1.0730619422560832,-1.4715596309878336,-1.0081465695497078,-1.0224758927748003,0.41390077802624936,-1.155116525001355,-1.093726996560233,-1.0902966916447367,1.0314001647817577,1.0247153869525432
0.48543435034820953,-0.9855594853915648,-0.9390096513792268,0.818219521270763,-0.010684955963028146,0.41184910734991764,0.4153976029614969,-1.1292467119670664,0.24122908443227173,-1.0560704704024795,-1.4698814205502089,-1.009485190723546,-1.016252347355237,0.41390077802624936,-1.153747778866105,-1.0917548846215688,-1.0903106659938442,1.0339640159683257,1.027281184642231
0.48543435034820953,-0.9855594853915648,-0.7945466278248707,0.8124879438697752,-0.010684955963028146,0.4157019185918404,0.418020376805366,-0.9793520741748433,-0.6558365592030692,-1.0632515496365098,-1.482301708494669,-1.0734571920838163,-1.073311549927722,0.41390077802624936,-1.1412714373110378,-1.0714611186660548,-1.071356208223206,1.0358446648021074,1.0291635746671237
0.48543435034820953,-0.9855594853915648,-0.6500836042705146,0.8080718163368102,-0.010684955963028146,0.4187599842232911,0.4201850333483839,-0.9793520741748433,-0.9548584404148494,-1.0653714785089123,-1.4886454413574564,-1.110461986081345,-1.105503424509041,0.41390077802624936,-1.1415220969308053,-1.0713344662910418,-1.0723365961527767,1.0375254396510696,1.0308455885003922
0.48543435034820953,-0.9855594853915648,-0.5056205807161585,0.8046876952380337,-0.010684955963028146,0.4210379481486479,0.42181490592810206,-0.9493731752065319,-0.8950540641724933,-1.0519607378413904,-1.477655319894977,-1.1120923686503479,-1.1041306314752015,0.41390077802624936,-1.1513392773465496,-1.081171712405058,-1.0830492448388775,1.038922580374092,1.0322439236803496
0.48543435034820953,-0.9855594853915648,-0.3611575571618023,0.8019188363085287,-0.010684955963028146,0.42252053886763075,0.4231409358687853,-0.82945743638262,-0.9548584404148494,-0.9718082019399402,-1.4157633085896433,-1.0254209991992205,-1.047182098643441,0.3945283899325008,-1.1786139362036465,-1.1041977214198189,-1.0988130748543152,1.039540895578929,1.0328628589239373
0.48543435034820953,-0.9855594853915648,-0.2166945336074462,0.7801120566011097,-0.010684955963028146,0.4063239622279965,0.410416047983199,-0.82945743638262,-0.9548584404148494,-0.5847498621328171,-1.2957361256381608,-0.6633799202389661,-0.873500588042095,-0.3531484394616303,-1.2301541333863033,-1.1903537585691168,-1.1397813902787053,1.038879082618403,1.032418101554785
0.48543435034820953,-0.9855594853915648,-0.07223151005309006,-0.7030746009502787,-0.010684955963028146,1.2887282981063641,1.3061372447207564,-0.7994785374143086,-1.1940759453842735,-0.3395678601955518,-1.109825267500477,-0.39932259573327217,-0.6561444035111744,-0.6873093247334557,-1.3216162133565235,-1.2616754194245228,-1.2037569430641033,0.8854265497444918,0.88493487961424
0.48543435034820953,-0.9855594853915648,0.07223151350126605,1.5988757717147075,-0.010684955963028146,0.44361822110403787,-0.6874206446824462,-0.6795627985903968,-1.1940759453842735,0.14865594404931382,-0.9386947677070971,-0.17023436639975298,-0.503429926288551,-1.3848364026461384,-1.3954631885475757,-1.310837902674289,-1.2379846001869845,1.0150680157200416,1.0039071688509085
0.48543435034820953,-0.9855594853915648,0.2166945370556222,-0.7030746009502787,-0.010684955963028146,1.1021356685184516,1.5366286099379656,-0.82945743638262,-1.2538803216266297,0.22216490273188338,-0.8257606678013713,-0.07805682948249082,-0.3430523832688528,-1.201888674595137,-1.4519266780888793,-1.34253103299248,-1.2880494526581177,0.8719672297289701,0.8701698764604129
0.48543435034820953,-0.9855594853915648,0.3611575606099783,1.6394780581886763,-0.010684955963028146,0.4373569059891577,-0.6874206446824462,-0.7994785374143086,-1.0744671928995615,0.2727450193691724,-0.764337609163931,0.06405998032873716,-0.14855601018228035,-0.7170514601207143,-1.4821506847989534,-1.3773772435851792,-1.3371494199932212,0.9837456772824562,0.9734540812110516
0.48543435034820953,-0.9855594853915648,0.5056205841643344,-0.7030746009502787,-0.010684955963028146,1.0680047021867505,1.571936484302708,-0.82945743638262,-0.9548584404148494,0.21455944538613525,-0.7657834305940239,0.0802253851295839,0.017158906583092073,0.014005825941246922,-1.478610358688601,-1.376652353921685,-1.370019054236823,0.8529134153092189,0.8506406683909141
0.48543435034820953,-0.9855594853915648,0.6500836077186906,1.6548216288503144,-0.010684955963028146,0.4193138376067406,-0.6874206446824462,-0.82945743638262,-1.2538803216266297,0.003936468999564991,-0.8270854242993967,0.06264676107090793,0.11371337287661655,0.41390077802624936,-1.455732365969774,-1.3778994677616023,-1.3962603708447876,0.9674900986501764,0.9570715366451631
0.48543435034820953,-0.9855594853915648,0.7945466312730467,-0.7030746009502787,-0.010684955963028146,1.0581369072214535,1.5635077535249906,-0.9793520741748433,-0.7754453116877812,-0.27658007842752846,-0.9532489990231141,-0.06476013544489746,-0.26725988583447324,0.41390077802624936,-1.399751396196523,-1.3486961192778901,-1.3091085784138632,0.8412810010326399,0.8393086681605978
0.48543435034820953,-0.9855594853915648,0.9390096548274028,1.6702701918332081,-0.010684955963028146,0.3764606480293911,-0.6874206446824462,-1.1292467119670664,-0.35681467799128885,-0.6595757661420427,-1.0557951711370752,-0.1260258840914947,-0.353370709095221,0.41390077802624936,-1.3526109983973829,-1.3330314542549966,-1.28674787304828,0.9704242199884782,0.9591293325906097
0.48543435034820953,-0.9855594853915648,1.083472678381759,-0.7030746009502787,-0.010684955963028146,1.0608577446549359,1.579574492067997,-1.2791413497592896,-0.41661905423364487,-0.7019344559709669,-1.1445455071991202,-0.20247482943305734,-0.5614404003824103,0.41390077802624936,-1.3150658026391737,-1.3198964752395312,-1.241106229593467,0.8429932308702203,0.8405275039329406
0.48543435034820953,-0.9855594853915648,1.227935701936115,1.1337832595303714,-0.010684955963028146,0.2030219055492593,0.33319629779806337,-1.2191834803473338,-0.23720592550657674,-0.779778087230698,-1.1865682583604873,-0.21214025451548946,-0.5549027481987319,0.41390077802624936,-1.2961518471956521,-1.3182517293284048,-1.2432318591022353,0.9631953243756491,0.9564550574938119
0.48543435034820953,-0.9855594853915648,1.3723987254904713,0.9448875610003782,-0.010684955963028146,0.2996096470508657,0.38790428933095605,-1.1292467119670664,-0.057792796779508555,-0.8341625672793499,-1.22162942804024,-0.27977502179971714,-0.5660209884010716,0.41390077802624936,-1.2803817418292924,-1.3036760795471678,-1.2411800316246908,0.9845631475009441,0.9778402525966615
0.48543435034820953,-0.9855594853915648,1.5168617490448273,0.8909877999547771,-0.010684955963028146,0.3426876205604216,0.4018671398587515,-0.9793520741748433,-0.35681467799128885,-0.8554645175804794,-1.2441158476208258,-0.37765599667189015,-0.6003318630180265,0.41390077802624936,-1.2700147973821156,-1.2815252514559763,-1.2329550354289234,0.9946876994945647,0.9879728611181737
0.48543435034820953,-0.9855594853915648,1.6613247725991833,0.8621562993674197,-0.010684955963028146,0.3682055653334095,0.40916574336804457,-0.9793520741748433,-0.17740154926422066,-0.8701307374074749,-1.2714052052822256,-0.4976984045625854,-0.6639588264536518,0.41390077802624936,-1.252136982039922,-1.2462785894755009,-1.2096676560381516,1.0018161188866077,0.9951073997163814
0.48543435034820953,-0.8753145534909239,-1.6613247691510074,0.8438915771601204,-0.010684955963028146,0.38486562154661597,0.413619522113444,-0.9793520741748433,-0.057792796779508555,-0.8828006145918283,-1.2992118720067984,-0.6090584243443298,-0.7297593110471816,0.41390077802624936,-1.2269013427820883,-1.2024879886385254,-1.1754503705024986,1.0074819711793024,1.0007776979929535
0.48543435034820953,-0.8753145534909239,-1.5168617455966513,0.8313075487032344,-0.010684955963028146,0.3964057503919114,0.4167128598241008,-1.4290359875515128,0.3010334606746278,-0.9056797605870465,-1.3455940043858012,-0.7111152341847982,-0.7967250829106923,0.41390077802624936,-1.1973206154231295,-1.1674131965333885,-1.1479931763475821,1.0122616915069256,1.0055613469721636
0.48543435034820953,-0.8753145534909239,-1.372398722042295,0.8223711971549671,-0.010684955963028146,0.4046262107139701,0.41898022668434143,-1.578930625343736,1.0784903518252564,-0.9247839684637017,-1.3772333502959693,-0.7816444071278761,-0.841210249941455,0.41390077802624936,-1.1795423408722472,-1.1465749771746725,-1.1331300368019614,1.0165519722116503,1.0098550055502002
0.48543435034820953,-0.8753145534909239,-1.227935698487939,0.8159804614776981,-0.010684955963028146,0.41045082368042685,0.420565124277903,-1.578930625343736,0.6598597181287641,-0.9576598672662275,-1.4167485266575024,-0.8805349427367272,-0.919562798878181,0.41390077802624936,-1.159401117367325,-1.1212662976578596,-1.1122874042827793,1.0203758203708657,1.0136820066033096
0.48543435034820953,-0.8753145534909239,-1.083472674933583,0.8111388104584142,-0.010684955963028146,0.41484169380893404,0.42190747072519186,-1.728825263135959,0.6598597181287641,-0.9920528033864505,-1.456768836011455,-0.9676315212666032,-0.9913093407913696,0.41390077802624936,-1.1426965818607357,-1.104726343276144,-1.0991373234234494,1.0240190270240168,1.0173282802026864
0.48543435034820953,-0.8753145534909239,-0.9390096513792268,0.8074318290133864,-0.010684955963028146,0.41813102853024436,0.4229961791691556,-1.728825263135959,1.0784903518252564,-1.0178836331972225,-1.4858282464727373,-1.0254972550184114,-1.038123454865907,0.41390077802624936,-1.129787129404974,-1.093053613641714,-1.0899750632660603,1.027517001501148,1.0208292350114059
0.48543435034820953,-0.8753145534909239,-0.7945466278248707,0.8046377074263777,-0.010684955963028146,0.42051536996097766,0.4237892032273872,-1.728825263135959,1.0784903518252564,-1.0417403528088014,-1.5111085524597418,-1.075304737963993,-1.0797181886683367,0.41390077802624936,-1.114348424978211,-1.078907367460692,-1.0776309093216627,1.0307430251338263,1.0240577682562313
0.48543435034820953,-0.8753145534909239,-0.6500836042705146,0.802522273404075,-0.010684955963028146,0.42226207395535426,0.42438308223063687,-1.578930625343736,0.6598597181287641,-1.060329291113756,-1.5282907277321884,-1.1166478249793976,-1.114964873592888,0.41390077802624936,-1.104784073352021,-1.0674327490327247,-1.0674837850760044,1.033678584414465,1.0269956639197426
0.48543435034820953,-0.8753145534909239,-0.5056205807161585,0.8008545796732718,-0.010684955963028146,0.4235459259720606,0.4248306356393909,-1.3990570885832014,0.6598597181287641,-1.062862481876152,-1.5260604194578078,-1.134926013292389,-1.1290134206801452,0.41390077802624936,-1.0997496712965347,-1.05445543487451,-1.0554492503040191,1.036228775148833,1.0295479531021297
0.48543435034820953,-0.8753145534909239,-0.3611575571618023,0.7992901761697794,-0.010684955963028146,0.42433920719209484,0.4253009903201964,-1.1292467119670664,0.6598597181287641,-0.9885688487189116,-1.4618946139111153,-1.0474324071821608,-1.0683883739616709,0.41390077802624936,-1.1168738206473696,-1.056723683487969,-1.0508767996062154,1.0379081120554585,1.0312287388892798
0.48543435034820953,-0.8753145534909239,-0.2166945336074462,0.7782441428720069,-0.010684955963028146,0.4073904568640025,0.4116011911649218,-0.82945743638262,0.3010334606746278,-0.587403369647996,-1.3227273435099576,-0.6558753529894729,-0.869036366000813,-0.05923451723958476,-1.1565240751738963,-1.1178670693599961,-1.0637458650389622,1.0380830017921754,1.0316098425346372
0.48543435034820953,-0.8753145534909239,-0.07223151005309006,0.7586927272259708,-0.010684955963028146,0.40228621939363957,0.41561567934786103,-0.6495838996220854,-0.23720592550657674,-0.14815567663511292,-1.1140795866218933,-0.4013284553250298,-0.6645227538824904,-0.6953209879989637,-1.2383560053677374,-1.1597950778634127,-1.0956933014160737,1.0330372621322388,1.026757832321512
0.48543435034820953,-0.8753145534909239,0.07223151350126605,-0.7030746009502787,-0.010684955963028146,1.2593823321295796,1.2843402745694308,-0.5296681607981737,-0.6558365592030692,0.3826589503041004,-0.9590837721283879,-0.2747462820711248,-0.4564131889387166,-1.6260212370301803,-1.2934346005098252,-1.1688638433423977,-1.1271628805584712,0.8828015860086084,0.8821349344646766
0.48543435034820953,-0.8753145534909239,0.2166945370556222,1.51773104080653,-0.010684955963028146,0.49471184947299074,-0.6874206446824462,-0.5296681607981737,-0.6558365592030692,1.3907681738468043,-0.882574213939117,-0.08931450922433054,-0.2762518022683351,-3.2582322703739783,-1.3236730683518088,-1.2068065310077583,-1.166049891362668,0.9936069060856448,0.9832874558284218
0.48543435034820953,-0.8753145534909239,0.3611575606099783,-0.7030746009502787,-0.010684955963028146,1.0823241394837244,1.5125833088507725,-0.4996892618298623,-0.596032182960713,1.4888479059129034,-0.8276364784729451,0.034906220237459824,0.2744920937064409,-2.9349733024701306,-1.330065370693613,-1.2140789580925107,-1.2773302534958724,0.8662275031487207,0.8647470294766642
0.48543435034820953,-0.8753145534909239,0.5056205841643344,2.370481003228808,-0.010684955963028146,-0.6865507261215884,-0.6874206446824462,-0.5296681607981737,-0.35681467799128885,1.6458835007380082,-0.7848455911908743,0.07251442984771561,0.6755405178857092,-2.3847781501410714,-1.3163692326619651,-1.1840762249267818,-1.3320377559341536,0.9877825206503146,0.976066544653232
0.48543435034820953,-0.8753145534909239,0.6500836077186906,-0.7030746009502787,-0.010684955963028146,1.296092090022294,1.2990562992258632,-0.6795627985903968,0.0020115794628475024,1.5111575090185894,-0.7721156831615289,0.007363778760387788,1.3284439770224659,-1.1222494811753567,-1.295742115124878,-1.1380431830664615,-1.4457030372568314,0.8900867411153659,0.8876539783943533
0.48543435034820953,-0.8753145534909239,0.7945466312730467,1.3628919129403245,-0.010684955963028146,0.6950506075014681,-0.6874206446824462,-0.82945743638262,0.3010334606746278,0.49611568649216775,-0.8230596674204181,-0.023574533273473926,0.8447887288733286,0.41390077802624936,-1.279474787839691,-1.138302234884874,-1.3493757745416268,0.9301368503091335,0.9217926371093701
0.48543435034820953,-0.8753145534909239,0.9390096548274028,0.6215397887934544,-0.010684955963028146,0.32999198306036376,0.6308616747808733,-0.82945743638262,0.3010334606746278,0.06800840933342533,-0.9151309398086582,-0.14207939176635495,-0.09171326460268282,0.41390077802624936,-1.2143218451527322,-1.0841332960235104,-1.101465253470469,0.9520784124268237,0.9444580702904741
0.48543435034820953,-0.8753145534909239,1.083472678381759,0.7002532128766426,-0.010684955963028146,0.420630952206249,0.4940606318302962,-0.82945743638262,0.6598597181287641,-0.09317222840412877,-0.9861995338096105,-0.23752515363002222,-0.19331785156485407,0.41390077802624936,-1.1657338880494343,-1.0415585796737095,-1.0568281255323573,0.9539259885868583,0.9469636937203685
0.48543435034820953,-0.8753145534909239,1.227935701936115,0.7327324799565105,-0.010684955963028146,0.43478052021243513,0.4675611608008258,-0.8594363353509314,0.6000553418864081,-0.22944075936167152,-1.0390485513098828,-0.31035609189802205,-0.3052106556739317,0.41390077802624936,-1.1345243551997164,-1.016294683916212,-1.0205825942332787,0.9609453041040943,0.9539271245594363
0.48543435034820953,-0.8753145534909239,1.3723987254904713,0.7486741126801834,-0.010684955963028146,0.43305567747530893,0.4497607934309679,-0.82945743638262,0.3010334606746278,-0.38557986359946483,-1.0866608147227663,-0.427901121710219,-0.4410121925199591,0.41390077802624936,-1.0929375140916198,-0.9659991607122422,-0.964253958123929,0.9691327680272127,0.9621466419030998
0.48543435034820953,-0.8753145534909239,1.5168617490448273,0.7700208791029185,-0.010684955963028146,0.44028056149827927,0.44964940189548697,-0.82945743638262,0.3010334606746278,-0.44836036052709594,-1.1210655202450155,-0.4795727278879755,-0.4928910747288275,0.41390077802624936,-1.06190488908893,-0.9372820359010966,-0.9349562985217182,0.9762931816362501,0.9695634264341473
0.48543435034820953,-0.8753145534909239,1.6613247725991833,0.7782107280803444,-0.010684955963028146,0.4370791948025555,0.4426079925512152,-0.9793520741748433,0.6000553418864081,-0.5130397696834307,-1.1593557838887052,-0.532155259558022,-0.5424052049778042,0.41390077802624936,-1.024195318464681,-0.9054126982974635,-0.9034170659829881,0.9831922492255687,0.976468320408246
0.48543435034820953,-0.7650696215902829,-1.6613247691510074,0.7837734398451826,-0.010684955963028146,0.4346059439523827,0.4379095707997219,-1.728825263135959,1.0784903518252564,-0.6010874385908618,-1.2365405921732144,-0.6219514598607718,-0.6278585197789537,0.41390077802624936,-0.9798092842566026,-0.8821318664391408,-0.8807279634133797,0.9896522051737778,0.9829333691976656
0.48543435034820953,-0.7650696215902829,-1.5168617455966513,0.7775443135088229,-0.010684955963028146,0.42283255863020486,0.4247574205456476,-1.8787199009281823,1.0784903518252564,-0.7117088843437847,-1.3156168660774097,-0.7217960220771076,-0.7221263539295685,0.41390077802624936,-0.9372549934237492,-0.8539371826749232,-0.8534063641146464,0.9970818734853868,0.9901121174561296
0.48543435034820953,-0.7650696215902829,-1.372398722042295,0.7798780634755802,-0.010684955963028146,0.42177976650472426,0.4228020545777446,-1.6388884947556919,1.0784903518252564,-0.8141723311417121,-1.3662164414778313,-0.8671669660855423,-0.8618639903041562,0.41390077802624936,-0.916364683285906,-0.8265822215066818,-0.8267365371922536,1.0040404359388917,0.9971185299093354
0.48543435034820953,-0.7650696215902829,-1.227935698487939,0.7815234508173111,-0.010684955963028146,0.42103052159714177,0.4214427640659037,-1.578930625343736,1.0784903518252564,-0.866962614215991,-1.3979796354219534,-0.9244616100610195,-0.9162728153359092,0.41390077802624936,-0.9011026456873062,-0.8215360785926402,-0.8222234774781567,1.010580377429587,1.00368632522398
0.48543435034820953,-0.7650696215902829,-1.083472674933583,0.7926904412728087,-0.010684955963028146,0.4300964581984116,0.4300950100655203,-2.0286145387204058,1.0784903518252564,-0.9175374996901154,-1.4520159937646,-1.0012570220593402,-0.9908658480803781,0.41390077802624936,-0.8856562286568581,-0.8317669446735202,-0.832786338609762,1.015427321561457,1.008729501282843
0.48543435034820953,-0.7650696215902829,-0.9390096513792268,0.7940139536910987,-0.010684955963028146,0.4293844506476767,0.4291039914752085,-2.0286145387204058,0.6598597181287641,-0.9664089876588086,-1.497357941813483,-1.0670724249617878,-1.0546986897836745,0.41390077802624936,-0.8886892100560462,-0.8645629699456979,-0.8660732381837446,1.0202167479998538,1.013522974630999
0.48543435034820953,-0.7650696215902829,-0.7945466278248707,0.7946250950013448,-0.010684955963028146,0.42902170021636354,0.42855100833146403,-2.0286145387204058,0.6598597181287641,-1.0042486064090237,-1.5272394109945222,-1.1068547542865808,-1.0930953935784051,0.41390077802624936,-0.896835406679628,-0.8960245909996318,-0.8979692533231246,1.0248355985285442,1.0181455448943681
0.48543435034820953,-0.7650696215902829,-0.6500836042705146,0.7950124557497329,-0.010684955963028146,0.4286717109017229,0.4280688346426685,-2.0286145387204058,1.0784903518252564,-1.0429121333576434,-1.5575613060491171,-1.154681243668402,-1.139529487293249,0.41390077802624936,-0.8998814030975347,-0.9150742793023009,-0.9173167396624105,1.029015337416125,1.022328679321764
0.48543435034820953,-0.7650696215902829,-0.5056205807161585,0.79522172372111,-0.010684955963028146,0.42841481497920125,0.42771886649457524,-1.758804197841937,1.0784903518252564,-1.0468780089317093,-1.550619554168445,-1.1436788551473314,-1.1283404510067694,0.41390077802624936,-0.9114358474933605,-0.9311912277637036,-0.9336645446260968,1.0327595595184385,1.0260758573771886
0.48543435034820953,-0.7650696215902829,-0.3611575571618023,0.7952081069695478,-0.010684955963028146,0.4278676559520389,0.4273950465942475,-1.4290359875515128,1.0784903518252564,-0.9854955403597837,-1.493304701803374,-1.06730119241936,-1.081808707520698,0.41390077802624936,-0.9393786106446841,-0.9498154161352506,-0.9442568829003508,1.0353074135965092,1.0286258951416922
0.48543435034820953,-0.7650696215902829,-0.2166945336074462,0.7751108566704291,-0.010684955963028146,0.4098037723055413,0.4130181124148378,-1.1292467119670664,1.0784903518252564,-0.6008461511899004,-1.3602529499103018,-0.6868244403021332,-0.8977746936730542,0.043338062277711975,-0.9959982804106123,-1.0335139851553383,-0.9763170966417436,1.0363330259682533,1.029823444781319
0.48543435034820953,-0.7650696215902829,-0.07223151005309006,0.7564105775809229,-0.010684955963028146,0.4039956860311686,0.41668273704267494,-1.0692888425551106,0.8990772230981884,-0.1735117783887089,-1.1742158085245131,-0.4453189454545144,-0.7094554823647121,-0.5253875548106536,-1.0796911172623627,-1.082411127342042,-1.0140231657717573,1.0320759976800677,1.0257602495248035
0.48543435034820953,-0.7650696215902829,0.07223151350126605,0.7103718926296338,-0.010684955963028146,0.39588944816326044,0.41465467894598396,-0.5296681607981737,0.3010334606746278,0.9072432619144265,-0.9864152242058225,-0.2706483606572199,-0.46024512871130074,-2.3566849268445047,-1.1797527503415328,-1.1360665168471888,-1.0909871118303276,1.0233243211325358,1.017143868610599
0.48543435034820953,-0.7650696215902829,0.2166945370556222,-0.7030746009502787,-0.010684955963028146,1.2610525740232383,1.282689169612527,-0.37977352300595046,0.0020115794628475024,1.2129236658488216,-0.8967241997061041,-0.20737095034566574,-0.19861209666156948,-2.502157168382341,-1.1869854854661541,-1.100260871139666,-1.1067475574330907,0.877626611281149,0.8767788113200183
0.48543435034820953,-0.7650696215902829,0.3611575606099783,1.484922552924089,-0.010684955963028146,0.5987417277789507,-0.6874206446824462,-0.5596470597664851,0.24122908443227173,1.5880680315488576,-0.8455874856415673,-0.06043924864661955,0.14621854047395702,-2.8658063311065587,-1.1882416757913739,-1.1053898585866784,-1.1628740021787918,0.9657611527329303,0.9561259411341263
0.48543435034820953,-0.7650696215902829,0.5056205841643344,-0.7030746009502787,-0.010684955963028146,1.0898257932994442,1.505099680340291,-0.6795627985903968,0.3010334606746278,1.6322510895313915,-0.7997010932861166,0.09836183708299247,0.8933548425933053,-2.3769411597665266,-1.1878533943995992,-1.1184185710546157,-1.3152372038943059,0.8521728750057515,0.8501899754655239
0.48543435034820953,-0.7650696215902829,0.6500836077186906,1.4775050066783593,-0.010684955963028146,0.5900809043323741,-0.6874206446824462,-0.82945743638262,0.6598597181287641,1.3245148384733587,-0.7878715187170889,0.19335503723711442,1.1963580139716432,-0.7441432255090925,-1.1624338577476478,-1.1048227422156873,-1.3493556864147849,0.926013011429897,0.9166616557530539
0.48543435034820953,-0.7650696215902829,0.7945466312730467,-0.7030746009502787,-0.010684955963028146,1.057606484085009,1.4863377896036005,-0.8594363353509314,0.8990772230981884,0.7697055199941034,-0.8571596232860836,0.1231839350971932,0.29831456914547316,0.41390077802624936,-1.1092776290740853,-1.064256897355175,-1.11488128366125,0.8261121473214194,0.823176030979769
0.48543435034820953,-0.7650696215902829,0.9390096548274028,1.5384928244154414,-0.010684955963028146,0.5005419016039309,-0.6874206446824462,-0.9793520741748433,1.0784903518252564,-0.03968423894278833,-0.9428652458841793,0.048958841526161846,0.1654783303523862,0.41390077802624936,-1.0486213753544382,-1.025935662223059,-1.0615625913401256,0.9265434324093952,0.9160752637315993
0.48543435034820953,-0.7650696215902829,1.083472678381759,-0.7030746009502787,-0.010684955963028146,1.0571600542001058,1.538270719897638,-0.9793520741748433,1.0784903518252564,-0.1691869142424809,-1.0216082433374534,-0.04502645562648188,-0.22992512330184137,0.41390077802624936,-0.9797456552762002,-0.9713274521534958,-0.9228953434959516,0.8232411157031461,0.820437488136117
0.48543435034820953,-0.7650696215902829,1.227935701936115,1.0323361312107238,-0.010684955963028146,0.2206373719238309,0.3245298271516623,-0.8894152343192429,1.0784903518252564,-0.4077724194293458,-1.0676351823381778,-0.05658832977748486,-0.24842812745325776,0.41390077802624936,-0.9350125539022898,-0.9456471650260929,-0.8943250050949435,0.9358873614569091,0.9257735532759643
0.48543435034820953,-0.7650696215902829,1.3723987254904713,0.8873023186437949,-0.010684955963028146,0.32411977740467757,0.391136317347761,-0.82945743638262,1.0784903518252564,-0.5507643028440274,-1.1021940021273977,-0.17020369829855667,-0.3326526826331284,0.41390077802624936,-0.8790966592226321,-0.8745880259171819,-0.8290283304458779,0.9569271539866148,0.9495730870472533
0.48543435034820953,-0.7650696215902829,1.5168617490448273,0.8596115793353399,-0.010684955963028146,0.3706814311665069,0.41362349664710435,-0.82945743638262,1.0784903518252564,-0.5833511798817161,-1.1220215157430653,-0.22639346176336725,-0.3636271900664784,0.41390077802624936,-0.8578587998812267,-0.8472163657200432,-0.8081644088792274,0.9686699303375454,0.961933985250293
0.48543435034820953,-0.7650696215902829,1.6613247725991833,0.8400806784005389,-0.010684955963028146,0.3887203155762445,0.4175216774239827,-1.2491624507909782,1.0784903518252564,-0.6268044906028063,-1.1678873827221021,-0.32526659115262035,-0.43249875996511183,0.41390077802624936,-0.8276184038883218,-0.8125463624127858,-0.7812041775144449,0.9780889918721588,0.9713606719281762
0.48543435034820953,-0.654824689689642,-1.6613247691510074,0.817458416525549,-0.010684955963028146,0.3898425616482049,0.4095014868693534,-1.4290359875515128,0.6598597181287641,-0.7220731263633967,-1.2549375914191656,-0.5428907527119248,-0.6096012675517931,0.41390077802624936,-0.7851077374700624,-0.7682585859427331,-0.7472858120401689,0.9874005672170941,0.9803501741879698
0.48543435034820953,-0.654824689689642,-1.5168617455966513,0.8084364227766667,-0.010684955963028146,0.3983171983105436,0.41171896287285753,-1.578930625343736,1.0784903518252564,-0.7977896359013739,-1.3222931796156467,-0.6957828413218508,-0.7348387266471966,0.41390077802624936,-0.7582881222303898,-0.7483899946125834,-0.7348966781595816,0.9958233144550762,0.9888558262771807
0.48543435034820953,-0.654824689689642,-1.372398722042295,0.8125363191713777,-0.010684955963028146,0.4141091847920696,0.4231980436419051,-1.4290359875515128,0.8990772230981884,-0.8291851155283539,-1.3548422519549999,-0.7680534650923183,-0.7960740844358426,0.41390077802624936,-0.7447459952535799,-0.7461544934454035,-0.7357028234237185,1.0022469623592805,0.99553844390388
0.48543435034820953,-0.654824689689642,-1.227935698487939,0.8085838778626627,-0.010684955963028146,0.4177711022804899,0.4238936916254581,-1.4290359875515128,0.6598597181287641,-0.8656764019729262,-1.3874602060660466,-0.8466400599740227,-0.8645981838985249,0.41390077802624936,-0.7356058368300734,-0.7524309427352126,-0.7447874604387998,1.0081335388006785,1.0014297904817333
0.48543435034820953,-0.654824689689642,-1.083472674933583,0.8053760578630602,-0.010684955963028146,0.4205263528892614,0.424612977624991,-1.4290359875515128,1.0784903518252564,-0.8994115193252167,-1.4142051194208785,-0.9112668667382138,-0.9207516848428754,0.41390077802624936,-0.7243999057132707,-0.7529859143579147,-0.7476661763549377,1.0135058711138678,1.0068065857360484
0.48543435034820953,-0.654824689689642,-0.9390096513792268,0.802909096649112,-0.010684955963028146,0.42249219245272707,0.4251562336205667,-1.3690781181395568,0.7794684706134762,-0.9306402556263291,-1.437245724164635,-0.9694658052651816,-0.9721642893941326,0.41390077802624936,-0.7135839431202987,-0.7512784928707972,-0.7477688004811957,1.018266179219944,1.01157079065172
0.48543435034820953,-0.654824689689642,-0.7945466278248707,0.8010122473229395,-0.010684955963028146,0.4239332572428658,0.4255893531965542,-1.578930625343736,1.0784903518252564,-0.9673584437731604,-1.4685354429002981,-1.032078463761616,-1.029354505409681,0.41390077802624936,-0.7024522458139656,-0.753023216084802,-0.7508986179828583,1.0224849222934111,1.0157928132061933
0.48543435034820953,-0.654824689689642,-0.6500836042705146,0.7995613466104293,-0.010684955963028146,0.4250284120917264,0.42596431906951127,-1.578930625343736,1.0784903518252564,-1.000149990069659,-1.4958616766616952,-1.0856009312899488,-1.0787449459484364,0.41390077802624936,-0.6963626631668038,-0.7597865396586934,-0.758730803959183,1.026345977210592,1.0196570649915557
0.48543435034820953,-0.654824689689642,-0.5056205807161585,0.779670676765932,-0.010684955963028146,0.4064695644772433,0.41098105932091555,-1.3990570885832014,0.8990772230981884,-0.7412178757545766,-1.4777694270723278,-0.5885580419960068,-1.1027562109451752,-0.10107799051276745,-0.7057443224932018,-0.9159627977619377,-0.7617265550490959,1.0306946743227503,1.024029113846806
0.48543435034820953,-0.654824689689642,-0.3611575571618023,0.7573891920155648,-0.010684955963028146,0.38457745042831504,0.41163894923469513,-1.1292467119670664,0.6598597181287641,-0.11151137866797985,-1.3817197105371815,0.18272812573879846,-0.9643417289707196,-1.4720610574774766,-0.7434984816075058,-1.1021673797505194,-0.7832001075955597,1.0300416687590375,1.0237264004786624
0.48543435034820953,-0.654824689689642,-0.2166945336074462,-0.7030746009502787,-0.010684955963028146,1.2288652721998015,1.314843565296752,-0.6795627985903968,0.6598597181287641,0.32666196420999966,-1.2138753582964141,0.5558097211297189,-0.7263073916342909,-1.9450973714384316,-0.7912956558142099,-1.1401523571643861,-0.7919779639778911,0.8774096617310798,0.8769022299549004
0.48543435034820953,-0.654824689689642,-0.07223151005309006,2.358150318018093,-0.010684955963028146,-0.6865507261215884,-0.6874206446824462,-0.22987888521372726,-0.17740154926422066,1.1284318801024409,-1.0540647775390768,0.5435607157383989,-0.5827313055023706,-3.3149112945196277,-0.8261884389613207,-1.078718039509688,-0.7672370339307382,1.0476909730012898,1.0340098539983638
0.48543435034820953,-0.654824689689642,0.07223151350126605,-0.7030746009502787,-0.010684955963028146,-0.6865507261215884,2.900704669491951,0.06991039037071911,-1.1342715691419176,1.4426652358107492,-0.8926566962988264,0.3291956615819007,-0.2939833732270546,-3.1593487823138227,-0.8767554019664567,-0.9873390015493912,-0.8153448224792117,0.7600446284562167,0.7702368048920696
0.48543435034820953,-0.654824689689642,0.2166945370556222,-0.7030746009502787,-0.010684955963028146,-0.6865507261215884,-0.6874206446824462,0.3696996659551655,-1.612706579080766,1.7444935419699057,-0.7450138369897394,0.0671375657271653,0.025381831068537697,-3.2369908823469244,-0.934866255451137,-0.8965908398886022,-0.8899204649356343,-1.2676136780735823,-1.2761757670616813
0.48543435034820953,-0.654824689689642,0.3611575606099783,-0.7030746009502787,-0.010684955963028146,-0.6865507261215884,-0.6874206446824462,0.2198050281629423,-1.493097826596054,1.838555086830294,-0.6725321230058621,-0.16712859950292824,0.35302936346040564,-2.610613895353215,-0.9516464708813869,-0.8132943487850794,-0.9671387878178014,-1.2676136780735823,-1.2761757670616813
0.48543435034820953,-0.654824689689642,0.5056205841643344,0.9815990398832294,-0.010684955963028146,1.1911934097894348,-0.6874206446824462,0.06991039037071911,-1.1342715691419176,1.844107966529382,-0.6313728292048152,-0.4209709597074564,0.6715661721967516,-1.6651980375013262,-0.9542232035688248,-0.7204963271095267,-1.0387317801365992,1.0686741465514826,1.0505819270151657
0.48543435034820953,-0.654824689689642,0.6500836077186906,-0.7030746009502787,-0.010684955963028146,1.1545922259877535,1.4140546194106063,-0.22987888521372726,0.0020115794628475024,1.6485428933117472,-0.6288165501219657,-0.42064604360829566,1.5068395303298174,-0.5427628495177239,-0.9282498055647329,-0.6854743429723961,-1.2192228355895858,0.9414112169438419,0.9402497609176544
0.48543435034820953,-0.654824689689642,0.7945466312730467,1.3307691001661544,-0.010684955963028146,0.7331301980494527,-0.6874206446824462,-0.4397313209425732,0.36083783691698385,0.5026644488786923,-0.6979425390060654,-0.3339829628331672,0.8347950885362916,0.41390077802624936,-0.8664482301978399,-0.6838554046513835,-1.026911227585322,0.9730186274497038,0.9649930481308029
0.48543435034820953,-0.654824689689642,0.9390096548274028,0.5869078207922713,-0.010684955963028146,0.33920132532522357,0.6406742754233311,-0.5296681607981737,0.7196640943711202,0.04904544286221087,-0.7915368639017517,-0.3227882770289198,-0.1622424393679023,0.41390077802624936,-0.7885410512042831,-0.6575177830228434,-0.7095146748471236,0.9888144240197823,0.9815223442078198
0.48543435034820953,-0.654824689689642,1.083472678381759,0.6791474271230018,-0.010684955963028146,0.4356797605405779,0.5042856426365112,-0.6795627985903968,0.6598597181287641,-0.1383779787853174,-0.8836457081654611,-0.38694345812876796,-0.3046988081230811,0.41390077802624936,-0.7255155820401017,-0.6270101753211043,-0.653812482606357,0.9827707523780854,0.9760890588320662
0.48543435034820953,-0.654824689689642,1.227935701936115,0.7175593874410757,-0.010684955963028146,0.4458911642621793,0.4743658762063244,-0.7395205965270196,0.3010334606746278,-0.2782710519204444,-0.9602345847585003,-0.452713273313221,-0.4230177809270191,0.41390077802624936,-0.6756750498945613,-0.6063636694889488,-0.6155424174803343,0.9837339940009695,0.976906528198101
0.48543435034820953,-0.654824689689642,1.3723987254904713,0.7376997275921775,-0.010684955963028146,0.44117729144281426,0.45458137979602153,-0.82945743638262,0.3010334606746278,-0.43368890953693595,-1.0297815178029497,-0.5519991787672242,-0.5505947657914138,0.41390077802624936,-0.6263934404973296,-0.580417715992726,-0.5794106461169587,0.9873980508180046,0.9805534158205367
0.48543435034820953,-0.654824689689642,1.5168617490448273,0.7515308534075998,-0.010684955963028146,0.4359840399536949,0.44298525946997563,-0.82945743638262,0.3010334606746278,-0.5323316455386115,-1.086084016856767,-0.6234268441885936,-0.6261488350343796,0.41390077802624936,-0.5851223341025942,-0.5662823133369619,-0.5633375244529158,0.9923075454415268,0.9854410393710904
0.48543435034820953,-0.654824689689642,1.6613247725991833,0.7612856433918693,-0.010684955963028146,0.4316193196544346,0.43547548271172853,-0.8594363353509314,0.6000553418864081,-0.6066808598044744,-1.1330721696715784,-0.6770752995921112,-0.6783475202440179,0.41390077802624936,-0.5439095542732276,-0.5477613553258707,-0.5448367963298605,0.9975139751576042,0.9906444754483821
0.48543435034820953,-0.5445797577890011,-1.6613247691510074,0.7780215269007432,-0.010684955963028146,0.4377402624859174,0.4398673424064193,-1.1292467119670664,0.3010334606746278,-0.6497758358487983,-1.1815572834136494,-0.7144862387135908,-0.7139074981845908,0.41390077802624936,-0.5205765179369762,-0.5564402960718322,-0.5539919601380936,1.0015420111286495,0.9948329314089571
0.48543435034820953,-0.5445797577890011,-1.5168617455966513,0.7835617531087252,-0.010684955963028146,0.43483794523746133,0.4359376791392312,-0.9793520741748433,0.6598597181287641,-0.6913661985879405,-1.218086191450852,-0.7492323685013924,-0.7465575129425852,0.41390077802624936,-0.4984673753980131,-0.5593732527836036,-0.5574558519231065,1.0055130686345979,0.998807093321901
0.48543435034820953,-0.5445797577890011,-1.372398722042295,0.7872590594934326,-0.010684955963028146,0.43282681416973995,0.4332830044330882,-1.2191834803473338,0.7794684706134762,-0.737278155996333,-1.2595523222348974,-0.7893271809113478,-0.7844952628125467,0.41390077802624936,-0.4793909732393729,-0.5635957215190511,-0.5622036370323679,1.0093167856010976,1.0026140362884126
0.48543435034820953,-0.5445797577890011,-1.227935698487939,0.7898960509341246,-0.010684955963028146,0.4313361693033491,0.4313717767074134,-1.2791413497592896,1.0784903518252564,-0.7840388696281612,-1.3038492155253592,-0.8384019448986181,-0.8314412040782412,0.41390077802624936,-0.4558870545277222,-0.5622025453939091,-0.5612267426900741,1.0129114617003807,1.0062115973917662
0.48543435034820953,-0.5445797577890011,-1.083472674933583,0.7917569771196625,-0.010684955963028146,0.43026224811583696,0.4300138459044563,-1.1292467119670664,0.6598597181287641,-0.8184893485431934,-1.3314353214254184,-0.8716353913166025,-0.8630837986964058,0.41390077802624936,-0.4423748138901924,-0.5644068172083461,-0.5637890706084508,1.0163269342359365,1.0096298637618581
0.48543435034820953,-0.5445797577890011,-0.9390096513792268,0.7930743978333064,-0.010684955963028146,0.4294303697478343,0.4289856968023174,-1.1592256109353778,0.8990772230981884,-0.8562661933354349,-1.3563468664124474,-0.9215804662837676,-0.9113528943622324,0.41390077802624936,-0.43142990620435917,-0.5607612240166218,-0.560385224854759,1.0194337883974498,1.0127392765332155
0.48543435034820953,-0.5445797577890011,-0.7945466278248707,0.7939346719468057,-0.010684955963028146,0.42890423518338644,0.42832121753010094,-1.4290359875515128,1.0784903518252564,-0.8957281265620322,-1.3891039756178245,-0.9696489850047595,-0.9579733363905021,0.41390077802624936,-0.415468913896792,-0.5624387173740274,-0.5622761289683629,1.0223830081302883,1.0156908853783801
0.48543435034820953,-0.5445797577890011,-0.6500836042705146,0.7945330027605162,-0.010684955963028146,0.42854012496095245,0.4278588119166161,-1.2791413497592896,0.6598597181287641,-0.9249324027184935,-1.411434889380496,-1.0039292912014173,-0.9912059947834871,0.41390077802624936,-0.41398255055534317,-0.576355297690086,-0.5764404418840079,1.0252349870125987,1.0185452739058518
0.48543435034820953,-0.5445797577890011,-0.5056205807161585,0.7764464629141198,-0.010684955963028146,0.40911498580317773,0.4122193357420978,-0.9793520741748433,0.7794684706134762,-0.6581587748198662,-1.3743552750574808,-0.47414530284383133,-0.953860653525639,0.1962734942034321,-0.4259983050590874,-0.7372016452514261,-0.5806397337908011,1.0286439888076386,1.0220228958383248
0.48543435034820953,-0.5445797577890011,-0.3611575571618023,-0.7030746009502787,-0.010684955963028146,1.2683701330410597,1.3003591095225306,-0.6795627985903968,0.3010334606746278,-0.31276468793158346,-1.2732382257622927,0.30026155140459687,-0.7717845175911058,-0.37375401816557846,-0.47248674682796643,-0.9422711418722813,-0.62041356989031,0.87990107657243,0.8793358080125253
0.48543435034820953,-0.5445797577890011,-0.2166945336074462,2.3579084415100797,-0.010684955963028146,-0.6865507261215884,-0.6874206446824462,-0.37977352300595046,0.0020115794628475024,0.6216485628454209,-1.1036032953452288,0.5383139838310329,-0.6301158569904951,-2.1851410096015145,-0.5497942708850023,-0.9786396749759447,-0.634595787440749,1.0787609525587616,1.0639537118478615
0.48543435034820953,-0.5445797577890011,-0.07223151005309006,-0.7030746009502787,-0.010684955963028146,-0.6865507261215884,2.901506688547414,-0.020026449484881293,-0.536227806718357,0.9586956750093913,-0.9242247252231501,0.48585578230097143,-0.34958840795634405,-2.1659421299127897,-0.6102765089840032,-0.9150439174315786,-0.6694189920197334,0.7602150246231311,0.772153989556979
0.48543435034820953,-0.5445797577890011,0.07223151350126605,-0.7030746009502787,-0.010684955963028146,-0.6865507261215884,-0.6874206446824462,0.2198050281629423,-0.8352496879301373,1.3416024329501095,-0.7648100407091828,0.21653017533031416,-0.10821526219202986,-2.3793982250994077,-0.6877845607368532,-0.822840337810667,-0.7289844367410997,-1.2676136780735823,-1.2761757670616813
0.48543435034820953,-0.5445797577890011,0.2166945370556222,1.3569138006689474,-0.010684955963028146,-0.6865507261215884,0.7087120161091213,0.2198050281629423,-0.8352496879301373,1.758228614753625,-0.6544760537410205,-0.036807404505875,0.1983163209199936,-2.7698491962130047,-0.7285018057794485,-0.7208734649179984,-0.796573559691404,0.9788609871642444,0.963864883096856
0.48543435034820953,-0.5445797577890011,0.3611575606099783,-0.7030746009502787,-0.010684955963028146,2.888450587443748,-0.6874206446824462,0.009952592434096328,-0.1175971730218646,1.8599681993486683,-0.5843203171588757,-0.26711075374084736,0.4811247058603994,-2.3053695249373627,-0.7461969288218501,-0.6187335293622128,-0.8525032718035764,0.8594416735184275,0.8602390768509964
0.48543435034820953,-0.5445797577890011,0.5056205841643344,2.3827880382920736,-0.010684955963028146,-0.6865507261215884,-0.6874206446824462,-0.07998424742150408,0.0020115794628475024,1.8995360636293463,-0.5385535981845492,-0.19599640027224013,0.8546692582253602,-1.8641050453566572,-0.7480175853292774,-0.6124011274820726,-0.933226317772055,0.9651298960470619,0.9549459934888608
0.48543435034820953,-0.5445797577890011,0.6500836077186906,-0.7030746009502787,-0.010684955963028146,1.221286214889511,1.4016806410100329,-0.22987888521372726,0.0020115794628475024,1.6892334959866,-0.536882345501641,-0.03775894451056002,1.3871355582706366,-0.36808064266709667,-0.7208805482441876,-0.6319472323710509,-1.0503547266575288,0.9308297587726936,0.9254992896428931
0.48543435034820953,-0.5445797577890011,0.7945466312730467,1.2774559344444305,-0.010684955963028146,0.7827933261592825,-0.6874206446824462,-0.34979462403763906,0.5402509656440521,0.6628008156695385,-0.6101488942175419,-0.04804104708731763,0.8179448067629,0.41390077802624936,-0.6611175104388276,-0.6065063702813435,-0.87533168116585,0.9220620851166642,0.9151196391772637
0.48543435034820953,-0.5445797577890011,0.9390096548274028,-0.7030746009502787,-0.010684955963028146,1.0524536079322468,1.5167548957062869,-0.37977352300595046,0.36083783691698385,0.41040569362386053,-0.705675387598006,-0.047314130202205464,-0.034874587763553094,0.41390077802624936,-0.5935637788359984,-0.5951896335811321,-0.6008614903461228,0.8568625441945306,0.852886560066803
0.48543435034820953,-0.5445797577890011,1.083472678381759,1.499153670816651,-0.010684955963028146,0.5821991365987214,-0.6874206446824462,-0.5296681607981737,0.7196640943711202,-0.029576977813631014,-0.7903610033546599,-0.018511809973285658,-0.08068209544635419,0.41390077802624936,-0.5345025879659877,-0.5954585530075293,-0.5764635868997171,0.934177288532834,0.9246662650260273
0.48543435034820953,-0.5445797577890011,1.227935701936115,-0.7030746009502787,-0.010684955963028146,1.0468584858672612,1.575278439553119,-0.6795627985903968,0.6598597181287641,-0.1463659649374676,-0.8709116254832858,-0.042769449151954596,-0.3305857624754805,0.41390077802624936,-0.47122212084246584,-0.5788248021323324,-0.4818426140454547,0.8410742968217205,0.8379103329806403
0.48543435034820953,-0.5445797577890011,1.3723987254904713,1.0023346649957185,-0.010684955963028146,0.2305401030610018,0.3503573928065507,-0.6795627985903968,0.6598597181287641,-0.3610012434711886,-0.9272450865455916,-0.03141644963612639,-0.30265385916395937,0.41390077802624936,-0.43017106467162247,-0.5782119260847529,-0.48710526657964426,0.9456317574452303,0.9357964563442479
0.48543435034820953,-0.5445797577890011,1.5168617490448273,-0.7030746009502787,-0.010684955963028146,1.2678584331823561,1.3706401606806173,-0.6795627985903968,0.6598597181287641,-0.4763850093899687,-0.9808935500627921,-0.11650799744184474,-0.32631358498427915,0.41390077802624936,-0.38206876058162437,-0.5442040284297461,-0.47257216185708506,0.805668561633122,0.8036204199187282
0.48543435034820953,-0.5445797577890011,1.6613247725991833,1.1340905322794397,-0.010684955963028146,0.18908985182274898,0.23418240147236083,-0.7694996384459972,0.8990772230981884,-0.6799092973623492,-1.027321255735188,-0.11798918384286577,-0.26993060707754424,0.41390077802624936,-0.33518480685501584,-0.535781862361893,-0.48417196336230534,0.9496881927774279,0.9386809320016162
0.48543435034820953,-0.4343348258883602,-1.6613247691510074,-0.7030746009502787,-0.010684955963028146,1.2975025072125554,1.3396103488362903,-0.82945743638262,1.0784903518252564,-0.7410799038261137,-1.0715708362935774,-0.18056205669450506,-0.2869159710344672,0.41390077802624936,-0.2975125941548667,-0.5117547790953177,-0.47507138685527334,0.7975015883883034,0.7958454552698638
0.48543435034820953,-0.4343348258883602,-1.5168617455966513,1.2294133474162001,-0.010684955963028146,0.18563912035532673,0.2051875508621348,-0.82945743638262,0.6598597181287641,-0.8236420442601993,-1.1020941583472157,-0.17858935180674343,-0.2641407893918495,0.41390077802624936,-0.2738809354446806,-0.5162012750625945,-0.48691180918418775,0.9225375048017787,0.9157637493662751
0.48543435034820953,-0.4343348258883602,-1.372398722042295,-0.7030746009502787,-0.010684955963028146,1.239770587790299,1.258643868525334,-0.7994785374143086,0.8990772230981884,-0.8894487690784779,-1.1352589919789808,-0.22316668019695715,-0.2877549453189298,0.41390077802624936,-0.24092739008665656,-0.501614131144584,-0.4791093186997164,0.7910080205379709,0.7841270298610112
0.48543435034820953,-0.4343348258883602,-1.227935698487939,1.2665761499462251,-0.010684955963028146,0.17520366489673775,0.18404841832809324,-0.82945743638262,1.0784903518252564,-0.9709143269342109,-1.1710604667605713,-0.2615681161003171,-0.3084257743915958,0.41390077802624936,-0.19624417961783455,-0.48169457524572185,-0.4648877982924127,0.9382576296563814,0.9314968622099732
0.48543435034820953,-0.4343348258883602,-1.083472674933583,-0.7030746009502787,-0.010684955963028146,1.2495518791204472,1.258247251903227,-0.82945743638262,0.6598597181287641,-1.0193254725444303,-1.198673707904025,-0.30638250062410216,-0.339487352870957,0.41390077802624936,-0.16486400541158253,-0.4716864351736403,-0.45932491560161753,0.8001139701287394,0.7932403601043928
0.48543435034820953,-0.4343348258883602,-0.9390096513792268,1.2892387245725507,-0.010684955963028146,0.16563664526743868,0.16955617037603782,-0.9193942762382205,0.8990772230981884,-1.081786214623633,-1.2288362703756117,-0.32899400874937,-0.352088242099767,0.41390077802624936,-0.14224679510485974,-0.47913485267332917,-0.4702515465084266,0.944777260211569,0.9380218805848329
0.48543435034820953,-0.4343348258883602,-0.7945466278248707,-0.7030746009502787,-0.010684955963028146,1.257391179531403,1.26124760644483,-0.9793520741748433,1.0784903518252564,-1.1146987315683101,-1.2531595372013589,-0.3589791230433469,-0.37463882926856157,0.41390077802624936,-0.11936036672575195,-0.4780817295002766,-0.4716175391336813,0.8095639474235946,0.8026979526095848
0.48543435034820953,-0.4343348258883602,-0.6500836042705146,1.3129666308408352,-0.010684955963028146,0.16795315404110547,0.1694739079885676,-1.1292467119670664,1.0784903518252564,-1.1686581796098487,-1.2868388967944107,-0.38049984140714654,-0.390733139063034,0.41390077802624936,-0.09816155244050258,-0.4879068308660039,-0.48330380692400404,0.9641017672762284,0.9573621742264774
0.48543435034820953,-0.4343348258883602,-0.5056205807161585,-0.7030746009502787,-0.010684955963028146,1.2580298629609294,1.260124905278771,-0.9193942762382205,1.0186859755829005,-1.1384671753014886,-1.2748190276338862,-0.32125404310150524,-0.39294653387752304,0.41390077802624936,-0.10651430223152757,-0.5185042229568788,-0.4932085635523297,0.8117134914743634,0.804849489408723
0.48543435034820953,-0.4343348258883602,-0.3611575571618023,1.2741846890493933,-0.010684955963028146,0.11658892723910556,0.12245135714241052,-0.6795627985903968,1.0784903518252564,-0.8992912025724338,-1.1536859095702128,0.04350572158642074,-0.26847562548625514,0.1801395415081396,-0.1594070972854688,-0.6110007946302605,-0.508188629097123,0.9733669689808009,0.9616699553348736
0.48543435034820953,-0.4343348258883602,-0.2166945336074462,-0.7030746009502787,-0.010684955963028146,1.298124036354096,1.321792514436925,-0.5296681607981737,0.7196640943711202,-0.6058647983508166,-0.9866900555171251,0.2990223943427466,-0.12018712414451635,-0.19571459835064026,-0.24240652286215056,-0.6656354629014531,-0.5314292817580667,0.8023940074465756,0.8025585693751658
0.48543435034820953,-0.4343348258883602,-0.07223151005309006,1.8043638403588202,-0.010684955963028146,0.15312023869703908,-0.6874206446824462,-0.10996314638981547,-0.057792796779508555,-0.06181794418706897,-0.7913552665036506,0.5222488720097741,0.016440367016476685,-1.1283164529214753,-0.3406749755845218,-0.7072960700720086,-0.5487598764925766,0.9880246341912783,0.9740114094743748
0.48543435034820953,-0.4343348258883602,0.07223151350126605,-0.7030746009502787,-0.010684955963028146,1.1144662544022226,1.4755676401279707,0.2198050281629423,-0.596032182960713,0.13657195713938128,-0.596006561980743,0.5699999344400043,0.15000572410139532,-1.1230308512409317,-0.4393266483024993,-0.699038291847066,-0.5692709457442637,0.8114636489933392,0.8118063706684935
0.48543435034820953,-0.4343348258883602,0.2166945370556222,2.3016137446995835,-0.010684955963028146,-0.6865507261215884,-0.6874206446824462,0.5195943037473887,-1.3734890741113417,0.5080780488585263,-0.4412013899664703,0.5995747592720307,0.2904203988898266,-1.3365079071744654,-0.507142849449489,-0.686885085608456,-0.5935537791597376,1.053570719216588,1.0357086511285813
0.48543435034820953,-0.4343348258883602,0.3611575606099783,-0.7030746009502787,-0.010684955963028146,-0.6865507261215884,2.7960020649753807,0.42965746389178827,-1.55290220283841,0.5473791238178161,-0.35258812167234077,0.4687595591854372,0.49167169490105855,-1.039709553279649,-0.5587980126308276,-0.6561734027613622,-0.6689510696738381,0.7000026272107084,0.7089196435114551
0.48543435034820953,-0.4343348258883602,0.5056205841643344,-0.7030746009502787,-0.010684955963028146,-0.6865507261215884,-0.6874206446824462,0.3696996659551655,-1.1342715691419176,0.49481181907342286,-0.33951867521282925,0.2232232811995054,0.7413247275173678,-0.3196170668264121,-0.550294626049077,-0.5621439903575162,-0.7321339056711947,-1.2676136780735823,-1.2761757670616813
0.48543435034820953,-0.4343348258883602,0.6500836077186906,0.8130680891534388,-0.010684955963028146,0.6170001661550454,0.10253721771968637,0.06991039037071911,-0.2970103017489328,0.21088651494927968,-0.4339667166122326,-0.2353444029746857,0.7889672371511515,0.41390077802624936,-0.4636406314199566,-0.3716713968274035,-0.7160946281338966,1.0320032018492657,1.0143537478299813
0.48543435034820953,-0.4343348258883602,0.7945466312730467,0.8128819338261607,-0.010684955963028146,0.5185648869174863,0.2589854787797976,-0.19989998624541588,0.3010334606746278,-0.25283517492859015,-0.5853069267776783,-0.45774864398261256,0.2835222563007002,0.41390077802624936,-0.34357395049468015,-0.25952223684701065,-0.5240610878419508,1.0209470429641714,1.0154102768403648
0.48543435034820953,-0.4343348258883602,0.9390096548274028,0.7993904205447669,-0.010684955963028146,0.48136037425542033,0.3127008828275125,-0.37977352300595046,0.7196640943711202,-0.4728631287894873,-0.7194691363235073,-0.5602563577974264,-0.026238279246577897,0.41390077802624936,-0.23950971712177865,-0.1992181398299491,-0.39563310760786247,1.0119032843794706,1.0054180749250368
0.48543435034820953,-0.4343348258883602,1.083472678381759,0.8008660464114294,-0.010684955963028146,0.4669346640523868,0.3516453508984874,-0.37977352300595046,1.0784903518252564,-0.5333634924728037,-0.8130272808946677,-0.5899016363754445,-0.18398904342025746,0.41390077802624936,-0.15647462075305305,-0.16121180067132423,-0.31262831244918066,1.0085129758348097,1.0018438466979298
0.48543435034820953,-0.4343348258883602,1.227935701936115,0.8058850735365897,-0.010684955963028146,0.4602448055358083,0.37949511744256736,-0.36478400204646166,0.5402509656440521,-0.5660883414389554,-0.8686280903853238,-0.6017677049356107,-0.2753827193044107,0.41390077802624936,-0.10829735979598978,-0.1469178656762888,-0.2689274659012692,1.007275266968383,1.0005707722220316
0.48543435034820953,-0.4343348258883602,1.3723987254904713,0.8042605592416613,-0.010684955963028146,0.4501440678915798,0.39257656283468384,-0.5296681607981737,0.7196640943711202,-0.6090211514251805,-0.9322351882282798,-0.6340554134221094,-0.38592063283770733,0.41390077802624936,-0.047318140797026634,-0.12427159691606147,-0.2167976850003033,1.0074089956057084,1.0007048339232718
0.48543435034820953,-0.4343348258883602,1.5168617490448273,0.8028270378041713,-0.010684955963028146,0.4433185440608683,0.40184862689933354,-0.5296681607981737,0.7196640943711202,-0.638989177403655,-0.9795952330326895,-0.6474059838536962,-0.4607301225750638,0.41390077802624936,-0.0010128733656700685,-0.11460047360899714,-0.18326143063443445,1.0085115378924727,1.001808028686148
0.48543435034820953,-0.4343348258883602,1.6613247725991833,0.8016952349144545,-0.010684955963028146,0.4384560356120638,0.4083283718816027,-0.5296681607981737,0.7794684706134762,-0.6641013761747074,-1.0184800368169058,-0.6615663579303852,-0.5220680126234987,0.41390077802624936,0.03795963611202352,-0.10535463336254978,-0.15541186295848483,1.0099561307126106,1.0032538483160103
0.48543435034820953,-0.32408989398771926,-1.6613247691510074,0.8008158794319897,-0.010684955963028146,0.434984488880561,0.4129530555743973,-0.5296681607981737,0.7196640943711202,-0.6886080678094721,-1.0539638900956871,-0.6841248185292594,-0.5798034398617339,0.41390077802624936,0.07131134463529382,-0.09594961016531565,-0.13190089398199356,1.0115310370570239,1.004830045508758
0.48543435034820953,-0.32408989398771926,-1.5168617455966513,-0.7030746009502787,-0.010684955963028146,1.268874510947574,1.2480858336355778,-0.5296681607981737,0.7196640943711202,-0.7268426393786049,-1.0846065376427139,-0.6830406597085904,-0.6050035908231669,0.41390077802624936,0.10568208092046547,-0.09350786514772949,-0.11891217318501413,0.8587557750237595,0.8519301168150551
0.48543435034820953,-0.32408989398771926,-1.372398722042295,1.0889456258172043,-0.010684955963028146,0.2758208335870005,0.26504224970621226,-0.5896259587347964,0.6598597181287641,-0.8043737086392587,-1.11202704898052,-0.6242631715968925,-0.566713488028693,0.41390077802624936,0.13316546211479197,-0.11907234342537752,-0.136611778075643,0.9674295253292374,0.960692635299116
0.48543435034820953,-0.32408989398771926,-1.227935698487939,-0.7030746009502787,-0.010684955963028146,1.2653995124386106,1.2545486345532948,-0.6795627985903968,0.6598597181287641,-0.8729699512149925,-1.1429991462133737,-0.5931947273498466,-0.5503856325313683,0.41390077802624936,0.15276945456926996,-0.1460900709580966,-0.15799777259098033,0.8373518235972517,0.8305084896773647
0.48543435034820953,-0.32408989398771926,-1.083472674933583,1.190075447991896,-0.010684955963028146,0.22167531094629925,0.21577853254407553,-0.6795627985903968,0.6598597181287641,-0.9528295419792323,-1.169131777153152,-0.5418190269052543,-0.5102678515187539,0.41390077802624936,0.16974152101618817,-0.18236448226252094,-0.19028943648946553,0.961942696857478,0.9552012224070995
0.48543435034820953,-0.32408989398771926,-0.9390096513792268,-0.7030746009502787,-0.010684955963028146,1.2589957330539934,1.2530044236332565,-0.6196050006537741,0.6598597181287641,-1.0063999222604132,-1.1910142636243437,-0.531120832793347,-0.507200834954118,0.41390077802624936,0.18643545169271042,-0.20066011181875185,-0.20576231618950175,0.825042677708402,0.8181895497166978
0.48543435034820953,-0.32408989398771926,-0.7945466278248707,1.243970371507337,-0.010684955963028146,0.19222736063545176,0.18877643989605705,-0.6795627985903968,0.6598597181287641,-1.0696577628268025,-1.2127405485021496,-0.5033280733011052,-0.4852686963364307,0.41390077802624936,0.2011790577123486,-0.22811873708845934,-0.23128711988190165,0.9605347715669293,0.953792039486431
0.48543435034820953,-0.32408989398771926,-0.6500836042705146,-0.7030746009502787,-0.010684955963028146,1.2621414529130797,1.2586072609784622,-0.6795627985903968,0.6598597181287641,-1.102517968139835,-1.2285050812511054,-0.4949225269705208,-0.48079145432565173,0.41390077802624936,0.210344523116697,-0.24713415985131326,-0.24896619994727895,0.8255252871052006,0.818672376515515
0.48543435034820953,-0.32408989398771926,-0.5056205807161585,1.2365062416378416,-0.010684955963028146,0.13543610287086513,0.13398791176004668,-0.4547208419020621,0.36083783691698385,-1.07430368961225,-1.1867018472510444,-0.3010827211903425,-0.3906558329941456,0.41390077802624936,0.18519565065032143,-0.321470212293178,-0.28608687485921264,0.9739876208419352,0.9624196774900529
0.48543435034820953,-0.32408989398771926,-0.3611575571618023,-0.7030746009502787,-0.010684955963028146,1.2853932534835302,1.2943853854310192,-0.22987888521372726,0.36083783691698385,-0.7779955683824038,-1.0479064688394848,0.3261661505042668,-0.23200343593279912,0.2154956636109524,0.10759986803055277,-0.515071813471726,-0.3196774981770777,0.8088056125837089,0.8089988525678677
0.48543435034820953,-0.32408989398771926,-0.2166945336074462,1.759536240041541,-0.010684955963028146,0.14720974969133546,-0.6874206446824462,-0.07998424742150408,0.7196640943711202,0.15526878818460318,-0.8956380941948553,0.7712249505352902,-0.13258620384612296,-1.7286636857038624,0.060120356688131066,-0.5905349419289025,-0.2796532155396585,0.9825408613469847,0.9688568905674592
0.48543435034820953,-0.32408989398771926,-0.07223151005309006,-0.7030746009502787,-0.010684955963028146,-0.6865507261215884,2.860707891337902,0.24978407008191994,-0.6558365592030692,0.5082604856738873,-0.7254402814212249,0.7721391914979797,0.0674062238643683,-1.8150615555179752,-0.026814183900036863,-0.5672870743873639,-0.3279878689119235,0.6998640455179963,0.7096990434478248
0.48543435034820953,-0.32408989398771926,0.07223151350126605,-0.7030746009502787,-0.010684955963028146,-0.6865507261215884,-0.6874206446824462,0.3696996659551655,-0.8352496879301373,1.0825081525769285,-0.5943951459883969,0.5475790658627134,0.2580494997279239,-2.2924518824076707,-0.09326260298723694,-0.4774636485605732,-0.38065500720591244,-1.2676136780735823,-1.2761757670616813
0.48543435034820953,-0.32408989398771926,0.2166945370556222,-0.7030746009502787,-0.010684955963028146,-0.6865507261215884,-0.6874206446824462,0.5195943037473887,-1.3734890741113417,1.3455329981728155,-0.5027385557812615,0.29437327597490837,0.3702271156697483,-2.246234599944772,-0.16033863519931668,-0.4019580134843855,-0.4322035425236897,-1.2676136780735823,-1.2761757670616813
0.48543435034820953,-0.32408989398771926,0.3611575606099783,-0.7030746009502787,-0.010684955963028146,-0.6865507261215884,-0.6874206446824462,0.33972062403618786,-0.7156409354454252,1.5011653334790505,-0.4681835627571356,0.023832549102797862,0.5148179456743406,-2.2084947751232824,-0.16547884453660863,-0.28690105377081954,-0.4650578923229552,-1.2676136780735823,-1.2761757670616813
0.48543435034820953,-0.32408989398771926,0.5056205841643344,1.1386508898782939,-0.010684955963028146,0.9995439262217547,-0.6874206446824462,0.06991039037071911,0.0020115794628475024,1.56899063338342,-0.469020580649533,-0.28578099642859145,0.7278710302865046,-1.465871814707684,-0.13613841298621543,-0.13998473249685797,-0.5109503098394859,1.0884805440417724,1.0681859681199866
0.48543435034820953,-0.32408989398771926,0.6500836077186906,-0.7030746009502787,-0.010684955963028146,1.1254280536238934,1.4430839857078828,0.06991039037071911,0.0020115794628475024,1.448506483379279,-0.46204334421980653,-0.25962525044615187,1.5953859016345966,-0.15555730071822146,-0.14505177265760527,-0.15498219541062946,-0.7900335643091102,0.9562306506672127,0.9562622542532497
0.48543435034820953,-0.32408989398771926,0.7945466312730467,1.3869027251390924,-0.010684955963028146,0.6223323255371244,-0.6874206446824462,-0.07998424742150408,0.36083783691698385,0.4605189289487204,-0.5272799482173716,-0.1967813378893453,1.0007044910960254,0.41390077802624936,-0.10190192420893854,-0.17885898741712947,-0.6054507539326963,0.9823222941117865,0.9737389879104809
0.48543435034820953,-0.32408989398771926,0.9390096548274028,-0.7030746009502787,-0.010684955963028146,1.091434112397446,1.4776892043586711,-0.15493156631761568,0.24122908443227173,0.20660219231757634,-0.6257370478844339,-0.19220433100269835,0.04675899348641563,0.41390077802624936,-0.02767992366369573,-0.17414574072850703,-0.2647362529150536,0.8861521713962146,0.8840555985935876
0.48543435034820953,-0.32408989398771926,1.083472678381759,1.5510318817586153,-0.010684955963028146,0.5048723133272192,-0.6874206446824462,-0.22987888521372726,0.36083783691698385,-0.21030058723826053,-0.7117919497692988,-0.1580881405908206,-0.06311327410634715,0.41390077802624936,0.041344987092077096,-0.18096653498626547,-0.21653959624022479,0.9752069959435671,0.9650638654569541
0.48543435034820953,-0.32408989398771926,1.227935701936115,-0.7030746009502787,-0.010684955963028146,1.0863880321473283,1.5546474720661518,-0.28983668315035005,0.5402509656440521,-0.3353469654172177,-0.7785105555214826,-0.12724017512534797,-0.26799307286677276,0.41390077802624936,0.09125204044440197,-0.1900260834687812,-0.1332668866072483,0.8605106039030685,0.8579141808748348
0.48543435034820953,-0.32408989398771926,1.3723987254904713,1.6451727270262193,-0.010684955963028146,0.4163960396593704,-0.6874206446824462,-0.5296681607981737,1.0784903518252564,-0.5375301139333064,-0.8418003797493653,-0.08268191068993196,-0.30532539415512394,0.41390077802624936,0.13827120575436586,-0.20524301933377367,-0.11652212278922794,0.9729125792023626,0.9623314628438934
0.48543435034820953,-0.32408989398771926,1.5168617490448273,-0.7030746009502787,-0.010684955963028146,1.0648582501324453,1.5755079165755088,-0.5296681607981737,1.0784903518252564,-0.5813175652015273,-0.9062987659715075,-0.13096013291369848,-0.4922075263302353,0.41390077802624936,0.19232739887044,-0.18273511395583783,-0.03577527675742581,0.8532630150398607,0.8508504596027784
0.48543435034820953,-0.32408989398771926,1.6613247725991833,1.084343522124745,-0.010684955963028146,0.17825534996985218,0.3036020247560614,-0.8894152343192429,0.8990772230981884,-0.7356774200680042,-0.9808949416137355,-0.15546560350473748,-0.47338065043758115,0.41390077802624936,0.24179170056746382,-0.18854507478904978,-0.05954193265274272,0.9737338240194847,0.963479481290085
0.48543435034820953,-0.21384496208707834,-1.6613247691510074,-0.7030746009502787,-0.010684955963028146,1.2637014471266332,1.3734489008625945,-0.6795627985903968,1.0784903518252564,-0.7841644175441085,-1.0296778472576735,-0.23271357721260358,-0.46940630474862355,0.41390077802624936,0.2715151110945981,-0.17552373591828788,-0.07846538483629886,0.8185336519779486,0.8170036665151941
0.48543435034820953,-0.21384496208707834,-1.5168617455966513,1.1536932794955097,-0.010684955963028146,0.12996540169343604,0.17896007390592106,-0.82945743638262,1.0784903518252564,-0.9046747233640721,-1.0664836739325936,-0.19391594259649153,-0.36397303300624234,0.41390077802624936,0.29931037070044314,-0.19291111179891252,-0.12383900464221488,0.9300897576976024,0.9187507668745155
0.48543435034820953,-0.21384496208707834,-1.372398722042295,-0.7030746009502787,-0.010684955963028146,1.215599777620795,1.2619121903100374,-0.82945743638262,0.8990772230981884,-0.934974274308095,-1.0951364036306954,-0.21808323520677136,-0.3553717156572903,0.41390077802624936,0.3215491813888629,-0.18392768486370764,-0.1275470108381989,0.8004837010520969,0.793610411334686
0.48543435034820953,-0.21384496208707834,-1.227935698487939,1.2430146905490103,-0.010684955963028146,0.16576817890855064,0.18767418665975083,-1.4290359875515128,1.0784903518252564,-1.0193084712641458,-1.1690451531069312,-0.2812843896991348,-0.38485462283514094,0.41390077802624936,0.35406166222364205,-0.1969609516122533,-0.15382009725546258,0.9362694946329218,0.9295072228240883
0.48543435034820953,-0.21384496208707834,-1.083472674933583,-0.7030746009502787,-0.010684955963028146,1.2418937447265141,1.2633398846380328,-1.2791413497592896,1.0784903518252564,-1.0707857323841419,-1.2213632939223331,-0.3383021918962453,-0.41388589982106455,0.41390077802624936,0.3618644069643693,-0.2217405755317306,-0.18967522017635147,0.8107687633590661,0.8039038938976862
0.48543435034820953,-0.21384496208707834,-0.9390096513792268,1.2822957937858772,-0.010684955963028146,0.16543628527574886,0.17566785262276,-1.2491624507909782,1.0784903518252564,-1.1324467603945758,-1.2605611966687928,-0.36133725136506195,-0.41548572857300775,0.41390077802624936,0.36646160079845314,-0.252177700319293,-0.22877566732824434,0.9535221065330011,0.946773755920749
0.48543435034820953,-0.21384496208707834,-0.7945466278248707,-0.7030746009502787,-0.010684955963028146,1.2539189006046811,1.2640703620876095,-1.578930625343736,1.0784903518252564,-1.1870561804593,-1.323299966723127,-0.44332054567115586,-0.48030320546951444,0.41390077802624936,0.36821187979725345,-0.2885913424880295,-0.271665783278718,0.8167543780789135,0.80989430286241
0.48543435034820953,-0.21384496208707834,-0.6500836042705146,1.3097681275659858,-0.010684955963028146,0.16782486297882013,0.1725071570258593,-1.2791413497592896,1.0784903518252564,-1.2352672340784785,-1.345404405569776,-0.45592099092483335,-0.4812805169298826,0.41390077802624936,0.346235297634129,-0.3385504995384974,-0.32650396771607454,0.9709934654110708,0.9642594952495138
0.48543435034820953,-0.21384496208707834,-0.5056205807161585,-0.7030746009502787,-0.010684955963028146,1.304937217465403,1.3151280582324405,-1.2191834803473338,1.0784903518252564,-1.0377123571721572,-1.321500691353435,0.10433217040507106,-0.4648159517528394,0.41390077802624936,0.3037263183479258,-0.5659251276149648,-0.36859667237060345,0.8093912146003829,0.8093122090023692
0.48543435034820953,-0.21384496208707834,-0.3611575571618023,1.2418153414048334,-0.010684955963028146,0.07691111142720833,0.1066484021228624,-0.82945743638262,1.0784903518252564,-0.35433085654109003,-1.1832365375144815,0.9157487918566274,-0.2849263569457077,-1.0157281298363539,0.20261070977140583,-0.8083180381736991,-0.4255670367928725,0.9690128795848795,0.9571091967261222
0.48543435034820953,-0.21384496208707834,-0.2166945336074462,-0.7030746009502787,-0.010684955963028146,1.1973333896966092,1.287363430383085,-0.6795627985903968,1.0784903518252564,0.14274080630108602,-1.0481979987621068,1.1613256843549542,-0.16589291331562217,-1.720005732741791,0.11768048206591808,-0.8618128350697756,-0.44838234520285775,0.7784673659328916,0.7786210850899289
0.48543435034820953,-0.21384496208707834,-0.07223151005309006,2.2991847670557823,-0.010684955963028146,-0.6865507261215884,-0.6874206446824462,-0.37977352300595046,0.7196640943711202,1.1458954644316384,-0.9099091448939098,1.1150591237961447,-0.05740808622238286,-3.2768582229803447,0.031089393360604796,-0.8361596567555174,-0.4716269281494879,1.0680015490234305,1.0488780130261222
0.48543435034820953,-0.21384496208707834,0.07223151350126605,-0.7030746009502787,-0.010684955963028146,-0.6865507261215884,2.8454548862653573,0.06991039037071911,0.0020115794628475024,1.428272998154493,-0.7600850294811938,0.841580890149989,0.12832421989652512,-3.191955553112876,-0.060023450273996914,-0.7389895256959575,-0.5160701619937335,0.6908955991631871,0.7059121585679109
0.48543435034820953,-0.21384496208707834,0.2166945370556222,-0.7030746009502787,-0.010684955963028146,-0.6865507261215884,-0.6874206446824462,0.5195943037473887,-0.8352496879301373,1.7428463794684923,-0.6055052887197364,0.5512758153582668,0.4176124809059664,-3.0741072470378854,-0.16941781584993737,-0.6607949132263022,-0.6237222153907073,-1.2676136780735823,-1.2761757670616813
0.48543435034820953,-0.21384496208707834,0.3611575606099783,-0.7030746009502787,-0.010684955963028146,-0.6865507261215884,-0.6874206446824462,0.15984723022631953,-0.23720592550657674,1.7747610520395463,-0.5085044471148418,0.29426054998132195,0.684250063731105,-2.5786755394835805,-0.2191997804112436,-0.5563557165748201,-0.6869677176098427,-1.2676136780735823,-1.2761757670616813
0.48543435034820953,-0.21384496208707834,0.5056205841643344,1.07582946904269,-0.010684955963028146,1.0339420392090422,-0.6874206446824462,0.06991039037071911,0.0020115794628475024,1.8395261214926992,-0.4717535867021821,-0.030427610589445868,0.9749257652400698,-1.4497704676187044,-0.23518704377511332,-0.43876939615958377,-0.769008719378519,1.04571991354308,1.0259327900044148
0.48543435034820953,-0.21384496208707834,0.6500836077186906,-0.7030746009502787,-0.010684955963028146,1.1661033808222434,1.4026372485062852,0.2198050281629423,-0.2970103017489328,1.7077217344006386,-0.4421998277682909,-0.037950412926136885,1.8885524860579552,-0.2682038481003306,-0.25317596881414645,-0.43490302879360754,-1.025008095916249,0.918694064678224,0.9184449833910763
0.48543435034820953,-0.21384496208707834,0.7945466312730467,1.3679491028034156,-0.010684955963028146,0.630662824340654,-0.6874206446824462,-0.22987888521372726,0.36083783691698385,0.6524627294657488,-0.5145834374106655,-0.030547796391431344,1.2456646384567616,0.41390077802624936,-0.19713643145666115,-0.42233972042974166,-0.8351180897678655,0.9446408354323622,0.9357608430068193
0.48543435034820953,-0.21384496208707834,0.9390096548274028,-0.7030746009502787,-0.010684955963028146,1.1069085353525976,1.4622552534115896,-0.22987888521372726,0.0020115794628475024,0.3879600802758982,-0.6076114010724271,-0.012413002173222578,0.279625216680631,0.41390077802624936,-0.1369111194679221,-0.4321216645649423,-0.5345523304343804,0.8611019576890899,0.8587758599011259
0.48543435034820953,-0.21384496208707834,1.083472678381759,1.54489753517984,-0.010684955963028146,0.5124886079943572,-0.6874206446824462,-0.5296681607981737,0.7196640943711202,-0.06648348783438329,-0.7037995769264321,0.011938299044235047,0.15733840817248393,0.41390077802624936,-0.07311800521820246,-0.44036556307755464,-0.4925179250175342,0.9526774951529056,0.9424158295958583
0.48543435034820953,-0.21384496208707834,1.227935701936115,-0.7030746009502787,-0.010684955963028146,1.0834500465317796,1.5382836894285297,-0.6196050006537741,0.7794684706134762,-0.22769224307394645,-0.80112186679923,-0.05561026600960304,-0.207946601042821,0.41390077802624936,-0.00135753034285052,-0.41183624812387676,-0.35725212108579923,0.8434715264400084,0.8412057947389093
0.48543435034820953,-0.21384496208707834,1.3723987254904713,1.0419113950757126,-0.010684955963028146,0.2197917910453028,0.31339485732320843,-0.5296681607981737,0.7196640943711202,-0.4335999797631399,-0.8630319682668267,-0.051708786216874456,-0.21956448257460795,0.41390077802624936,0.043479691180809445,-0.4072327379108648,-0.34683708236584626,0.9548872530390292,0.9448436767715982
0.48543435034820953,-0.21384496208707834,1.5168617490448273,-0.7030746009502787,-0.010684955963028146,1.279980029630786,1.357810575210978,-0.6795627985903968,0.6598597181287641,-0.5376530462676715,-0.9258055270947435,-0.12407887409932995,-0.2664738051760922,0.41390077802624936,0.08486214829124943,-0.3866042323306376,-0.33445690080265594,0.8076202088697846,0.8058130962628272
0.48543435034820953,-0.21384496208707834,1.6613247725991833,1.1568185031468206,-0.010684955963028146,0.1813483517731767,0.214490888231112,-0.6495838996220854,0.48044658940169593,-0.7240400437132386,-0.9742217590651209,-0.12953365177427084,-0.2355546326131044,0.41390077802624936,0.10815107817517633,-0.40116318308297744,-0.3627265723486488,0.9554277396148851,0.9443082486640502
0.48543435034820953,-0.10360003018643743,-1.6613247691510074,-0.7030746009502787,-0.010684955963028146,1.3030734668353172,1.3336280481195117,-0.6795627985903968,0.3010334606746278,-0.7743049827698681,-1.0182546055640906,-0.18685896385094422,-0.26188833466886946,0.41390077802624936,0.12036302203516173,-0.407789227627103,-0.3803750835253535,0.7989391712395493,0.797424517903554
0.48543435034820953,-0.10360003018643743,-1.5168617455966513,1.1924680545756032,-0.010684955963028146,0.13197266258642887,0.14584431174435025,-0.6795627985903968,1.0784903518252564,-0.9063205780746943,-1.0585177405576496,-0.19861064868232425,-0.2505772361683554,0.41390077802624936,0.15256989094891654,-0.39618730621260734,-0.3769144669784126,0.9258298535247432,0.9142319665081368
0.48543435034820953,-0.10360003018643743,-1.372398722042295,-0.7030746009502787,-0.010684955963028146,1.2316938469297813,1.2448564204435495,-0.5296681607981737,1.0186859755829005,-0.9296966845705373,-1.0759597879687584,-0.22152303574635573,-0.262929932228629,0.41390077802624936,0.1835138210092269,-0.36400133767144205,-0.3480137662305358,0.7884181066465478,0.7815350338541347
0.48543435034820953,-0.10360003018643743,-1.227935698487939,1.262511370437122,-0.010684955963028146,0.16407032279520725,0.1700021548899259,-0.37977352300595046,0.7196640943711202,-0.9715276808152453,-1.083546523711652,-0.21615694690460413,-0.24783734633733162,0.41390077802624936,0.21809376166935843,-0.3254228941202076,-0.3126307142904335,0.928396580595985,0.9216276695808213
0.48543435034820953,-0.10360003018643743,-1.083472674933583,-0.7030746009502787,-0.010684955963028146,1.235412561847326,1.2411636603011167,-0.82945743638262,0.3010334606746278,-1.011767749562558,-1.120756248047866,-0.2593111096257898,-0.2820814936106144,0.41390077802624936,0.24373768688477498,-0.3180985265494697,-0.3082584898134353,0.7901348300539308,0.7832530703735379
0.48543435034820953,-0.10360003018643743,-0.9390096513792268,1.2854348133565339,-0.010684955963028146,0.16039475509592005,0.16282059093763115,-1.1292467119670664,0.6598597181287641,-1.079702249997986,-1.178220692139342,-0.2978020632299389,-0.3135361124191661,0.41390077802624936,0.25304776360822007,-0.3557559210652936,-0.34862252381352976,0.9407688162048631,0.93401005859093
0.48543435034820953,-0.10360003018643743,-0.7945466278248707,-0.7030746009502787,-0.010684955963028146,1.2502244527286777,1.2525743372540097,-1.2791413497592896,1.0784903518252564,-1.124307070510656,-1.2337272240535895,-0.3554299119805757,-0.36547195699458385,0.41390077802624936,0.2538002245052532,-0.3935816070931209,-0.3884723454363105,0.8051742689548366,0.7983048222959716
0.48543435034820953,-0.10360003018643743,-0.6500836042705146,1.30850320301297,-0.010684955963028146,0.16333274071146892,0.16408982688416776,-1.4290359875515128,1.0784903518252564,-1.1864068623315098,-1.289335339186698,-0.3919854597389587,-0.3979584083857724,0.41390077802624936,0.24806060125030546,-0.4414195537326278,-0.4379264751816064,0.9592742353659056,0.9525306314486562
0.48543435034820953,-0.10360003018643743,-0.5056205807161585,-0.7030746009502787,-0.010684955963028146,1.306841134233212,1.3131955981295802,-1.099267812998755,0.7794684706134762,-0.9866202404401454,-1.258133983935935,0.1753420865560909,-0.389326168609265,0.3731158224723031,0.19833696325436825,-0.6615207788070697,-0.4752497781555983,0.805304941964696,0.8052213827081935
0.48543435034820953,-0.10360003018643743,-0.3611575571618023,1.2394965519480161,-0.010684955963028146,0.0717556202915215,0.09984420968231913,-0.5296681607981737,-0.35681467799128885,-0.12299247402320687,-1.1123050112814448,0.9789963629345851,-0.21532241376286843,-1.6479380269022916,0.06990909687778621,-0.9197482724294895,-0.5609241106922156,0.9578995624918961,0.9459276321452889
0.48543435034820953,-0.10360003018643743,-0.2166945336074462,-0.7030746009502787,-0.010684955963028146,-0.6865507261215884,2.846703308206673,-0.37977352300595046,-0.8950540641724933,0.2610919495249133,-0.9795479203006171,1.0492229992036997,-0.036069983712995905,-2.2427329907239315,-0.06201812240207063,-0.9769233617981158,-0.6648921763057339,0.6320567961680214,0.6426569357383771
0.48543435034820953,-0.10360003018643743,-0.07223151005309006,-0.7030746009502787,-0.010684955963028146,-0.6865507261215884,-0.6874206446824462,-0.22987888521372726,-1.1940759453842735,0.8688203684713726,-0.8453481388793189,0.8799135300425573,0.194243511711715,-2.731020577037845,-0.1732365187495507,-0.9526293109396897,-0.7611494581007986,-1.2676136780735823,-1.2761757670616813
0.48543435034820953,-0.10360003018643743,0.07223151350126605,-0.7030746009502787,-0.010684955963028146,-0.6865507261215884,-0.6874206446824462,-0.22987888521372726,-1.4332934503536978,1.1165721793131853,-0.7621890545074695,0.4516144328815088,0.1876993495432881,-3.0859128054951124,-0.28793113018925015,-0.8949558531502079,-0.8234693780407691,-1.2676136780735823,-1.2761757670616813
0.48543435034820953,-0.10360003018643743,0.2166945370556222,-0.7030746009502787,-0.010684955963028146,-0.6865507261215884,-0.6874206446824462,-0.22987888521372726,-1.4332934503536978,1.3295073298184525,-0.6981317899343548,0.07633468061565402,0.12598388037944036,-3.189861807393198,-0.36230135733656704,-0.8200591904525069,-0.838177817174786,-1.2676136780735823,-1.2761757670616813
0.48543435034820953,-0.10360003018643743,0.3611575606099783,1.2969563768560002,-0.010684955963028146,-0.6865507261215884,0.7969656992933449,-0.22987888521372726,-1.3136846978689858,1.5123240584042668,-0.6625623562725602,-0.31069261214358135,0.32853635959227817,-3.0562766383283715,-0.44119309839430726,-0.7536300197582372,-0.9435741049369283,1.0722301779504635,1.0493387349948113
0.48543435034820953,-0.10360003018643743,0.5056205841643344,-0.7030746009502787,-0.010684955963028146,2.896110186228119,-0.6874206446824462,-0.22987888521372726,-1.1940759453842735,1.5247376085935611,-0.6365904494667337,-0.5737843058953919,0.6367833236855307,-2.5483336938373484,-0.49807764789304754,-0.6991898843301723,-1.0511501728106303,0.8825747506049735,0.8868983206829361
0.48543435034820953,-0.10360003018643743,0.6500836077186906,1.5217331115913337,-0.010684955963028146,0.5545599176772242,-0.6874206446824462,-0.5296681607981737,-0.6558365592030692,1.2750156109249289,-0.6546750455259129,-0.25944870164737316,0.9617552523457662,-1.2506457008926395,-0.5099512012663466,-0.8061018384814783,-1.1443447794845096,0.9603018249083628,0.9511541964244739
0.48543435034820953,-0.10360003018643743,0.7945466312730467,-0.7030746009502787,-0.010684955963028146,0.9548904777997308,1.6141709249075362,-0.7095416975587082,-0.35681467799128885,0.7583225089482103,-0.7367855962619827,-0.1847354050600008,0.2895325997197503,0.41390077802624936,-0.4700989729308149,-0.8336645615936622,-0.972704509048259,0.8979785281454735,0.8936922811576881
0.48543435034820953,-0.10360003018643743,0.9390096548274028,1.493727216151327,-0.010684955963028146,0.5538217602972424,-0.6874206446824462,-0.9793520741748433,-0.057792796779508555,-0.104445385023568,-0.8469908647678893,-0.19537972277791466,-0.05982817305263672,0.41390077802624936,-0.41775859311582303,-0.8425133119451632,-0.8850687456048861,0.962796654862763,0.9537085323503914
0.48543435034820953,-0.10360003018643743,1.083472678381759,-0.7030746009502787,-0.010684955963028146,1.0395178104003855,1.5826767201828942,-1.1292467119670664,0.3010334606746278,-0.25125797923450155,-0.963622315529974,-0.25094949327800015,-0.44585399367665396,0.41390077802624936,-0.3645124644055555,-0.8400177830422976,-0.7833195446105875,0.8631157959318204,0.8601504528561309
0.48543435034820953,-0.10360003018643743,1.227935701936115,1.0010306818658532,-0.010684955963028146,0.2304472188675168,0.351685200828082,-1.1292467119670664,0.3010334606746278,-0.4885441942703905,-1.0357241361063294,-0.23514215928031015,-0.45053467271082354,0.41390077802624936,-0.325149745385166,-0.8486900008025992,-0.7861113575432134,0.9647326644765126,0.9549859049877032
0.48543435034820953,-0.10360003018643743,1.3723987254904713,-0.7030746009502787,-0.010684955963028146,1.2682939847382926,1.3699939851818368,-1.2791413497592896,0.6598597181287641,-0.6126188838915468,-1.1073705716364888,-0.30959353370611414,-0.49355183818079995,0.41390077802624936,-0.2905464258951138,-0.8352214749501993,-0.7813131337676422,0.8204349712328222,0.8185467064627495
0.48543435034820953,-0.10360003018643743,1.5168617490448273,1.1330038796712187,-0.010684955963028146,0.190308643064289,0.23407017319295137,-1.2791413497592896,1.0784903518252564,-0.8129894343711457,-1.1532552245532603,-0.28046215304003413,-0.41765762223472513,0.41390077802624936,-0.2652596906378661,-0.846508500391204,-0.8074418913605304,0.964277735469698,0.9532942714598419
0.48543435034820953,-0.10360003018643743,1.6613247725991833,0.9467080848506888,-0.010684955963028146,0.30590119136835525,0.3369464794925891,-1.3241097696870898,0.7794684706134762,-0.8767945853836179,-1.2021501500481342,-0.37707164501396073,-0.47342784782700775,0.41390077802624936,-0.23345532322893042,-0.8180557407258472,-0.790179858276329,0.9849582221579882,0.9776441745664509
0.48543435034820953,0.00664490171420348,-1.6613247691510074,0.8885935808610166,-0.010684955963028146,0.345866707601627,0.3669539994422768,-1.578930625343736,1.0784903518252564,-0.930130217217793,-1.2848855071577476,-0.5793319167415216,-0.642562947829622,0.41390077802624936,-0.1999214044435983,-0.7756213395928842,-0.7559505635344118,0.9961130598359476,0.9890686876043405
0.48543435034820953,0.00664490171420348,-1.5168617455966513,0.856275296034815,-0.010684955963028146,0.36879132150854027,0.38306090169385093,-1.578930625343736,0.6598597181287641,-0.9628733752550204,-1.3358587139864462,-0.7392237922326018,-0.7786810326840451,0.41390077802624936,-0.20848576879823477,-0.7670898707904308,-0.7537509136452148,1.004783852127033,0.9978203582659035
0.48543435034820953,0.00664490171420348,-1.372398722042295,0.8354024284000015,-0.010684955963028146,0.3837420156835347,0.3933245073137678,-1.6688673937240033,0.8990772230981884,-0.9904932628680421,-1.3823312971767636,-0.8573813552011248,-0.8800968300885099,0.41390077802624936,-0.21998622496826445,-0.7703954110300656,-0.7616333199386446,1.0121561824879608,1.005237347471304
0.48543435034820953,0.00664490171420348,-1.227935698487939,0.8311615269595081,-0.010684955963028146,0.40362205727088873,0.4100061480512272,-1.728825263135959,1.0784903518252564,-1.0029774337600568,-1.4172936667395417,-0.9116216220709709,-0.926853981796498,0.41390077802624936,-0.2254262617738169,-0.7795382377865624,-0.7728942434780087,1.0174668630234585,1.0107707186056936
0.48543435034820953,0.00664490171420348,-1.083472674933583,0.8217949935625453,-0.010684955963028146,0.41016756873002436,0.4143802269374374,-1.728825263135959,1.0784903518252564,-1.0246364109471615,-1.4553313638870218,-0.9848827426233188,-0.9924502156185436,0.41390077802624936,-0.23977893519416366,-0.7906062240173564,-0.7860320967818695,1.0221633624383375,1.015471065123217
0.48543435034820953,0.00664490171420348,-0.9390096513792268,0.8148835963058054,-0.010684955963028146,0.4149528828828919,0.4176780439456203,-1.9086988356341603,0.6598597181287641,-1.0541650192198202,-1.4971252049182153,-1.0622376402515719,-1.0630729714145228,0.41390077802624936,-0.26295121194735255,-0.8145203177507437,-0.8118049451709268,1.0264527444291016,1.0197639050038416
0.48543435034820953,0.00664490171420348,-0.7945466278248707,0.8097925437315926,-0.010684955963028146,0.4184338435529236,0.420121022437854,-2.0286145387204058,0.6598597181287641,-1.0870644582565863,-1.5393977394739053,-1.1361444486642418,-1.1314831461441064,0.41390077802624936,-0.2988367518000621,-0.8532382090367956,-0.8521187588539164,1.0304096022544738,1.023724149060779
0.48543435034820953,0.00664490171420348,-0.6500836042705146,0.8060008159248684,-0.010684955963028146,0.4210025935795061,0.4219552697221072,-2.0286145387204058,0.6598597181287641,-1.1131450761084618,-1.5713345293982048,-1.1874903098752376,-1.1787977152961846,0.41390077802624936,-0.32905256386872056,-0.8890237942225914,-0.8891226169412798,1.0341153593992771,1.0274328483378323
0.48543435034820953,0.00664490171420348,-0.5056205807161585,0.784481779678093,-0.010684955963028146,0.40337122810875237,0.40815119135474376,-1.728825263135959,0.3010334606746278,-0.8176674020309755,-1.5466605917347451,-0.6277096030772761,-1.178744821670103,0.008969424251810606,-0.39241931574597017,-1.0818735053597528,-0.9308760069315432,1.0382210442565112,1.0315940826094532
0.48543435034820953,0.00664490171420348,-0.3611575571618023,0.7609576767637822,-0.010684955963028146,0.381581935188423,0.4102659570410251,-1.2791413497592896,-0.057792796779508555,-0.14367583928013739,-1.4392283363711076,0.20078251979981693,-1.0187049841092333,-1.3399105350904268,-0.4766404659501538,-1.2843815444441742,-0.9788958007504805,1.0368616495198304,1.0306046867868661
0.48543435034820953,0.00664490171420348,-0.2166945336074462,-0.7030746009502787,-0.010684955963028146,1.2265619952397335,1.3171276670355627,-0.6795627985903968,-0.6558365592030692,0.30925657657100697,-1.3090692710014284,0.5634676288851935,-0.7878487187061164,-1.927511304776266,-0.5532977211089849,-1.347690816051225,-1.0229470977721027,0.882063022875854,0.8816453534122091
0.48543435034820953,0.00664490171420348,-0.07223151005309006,-0.7030746009502787,-0.010684955963028146,-0.6865507261215884,-0.6874206446824462,-0.37977352300595046,-1.4332934503536978,0.7595224069990613,-1.1292760186982451,0.5487602021925707,-0.6502105524129191,-2.487407789469416,-0.6713610532270418,-1.3483091138614336,-1.0648568257930058,-1.2676136780735823,-1.2761757670616813
0.48543435034820953,0.00664490171420348,0.07223151350126605,-0.7030746009502787,-0.010684955963028146,-0.6865507261215884,2.887389563357802,-0.22987888521372726,-1.672510955323122,1.0975582090011171,-0.9860422885530171,0.2925315321679309,-0.4240154360897263,-2.827727640876601,-0.7684998505284028,-1.2929135554228903,-1.1256971023466211,0.7592825190176967,0.7589739845930802
0.48543435034820953,0.00664490171420348,0.2166945370556222,-0.7030746009502787,-0.010684955963028146,-0.6865507261215884,-0.6874206446824462,-0.07998424742150408,-1.8519240840501903,1.3775398699946433,-0.8516414280204114,-0.004500632064578632,-0.10667076831044887,-2.990015059384486,-0.8547884605579388,-1.2239906992250489,-1.2050953145149503,-1.2676136780735823,-1.2761757670616813
0.48543435034820953,0.00664490171420348,0.3611575606099783,1.440239182672699,-0.010684955963028146,-0.6865507261215884,0.618547105199223,0.06991039037071911,-2.2107503415043266,1.6642756165288994,-0.7675228692731539,-0.25588291323260404,0.5458298855199946,-3.0177018770880784,-0.9139597970493281,-1.1717116783808943,-1.3646316151320879,1.0163864291001228,1.0007670549265955
0.48543435034820953,0.00664490171420348,0.5056205841643344,-0.7030746009502787,-0.010684955963028146,2.9151460067280657,-0.6874206446824462,0.06991039037071911,-2.2705547177466827,1.7052480481192385,-0.6910814970801049,-0.45379908986908973,0.9125275614257233,-2.2584221097902377,-0.9770602230805745,-1.134004295213631,-1.452613134541268,0.8759481730884842,0.8780050153690705
0.48543435034820953,0.00664490171420348,0.6500836077186906,1.5082095272766551,-0.010684955963028146,0.5709171588677514,-0.6874206446824462,-0.07998424742150408,-2.0911415890196143,1.50312375018875,-0.6590500816916608,-0.15411454931690075,1.3016220261105635,-1.285287993114383,-1.0073623199029607,-1.2133615504614443,-1.5355760066526276,0.9425283183967668,0.9335208868871686
0.48543435034820953,0.00664490171420348,0.7945466312730467,-0.7030746009502787,-0.010684955963028146,0.9998838740019645,1.5692584853595581,-0.37977352300595046,-1.4332934503536978,0.9616761302223498,-0.7175439255934462,-0.04538286869443882,0.606952946071729,0.41390077802624936,-0.9805730730402984,-1.2334985190417285,-1.388433097725571,0.8744733834792728,0.8704017725024052
0.48543435034820953,0.00664490171420348,0.9390096548274028,1.4831007748992924,-0.010684955963028146,0.5511611720703448,-0.6874206446824462,-0.6795627985903968,-0.9548584404148494,0.054180483403536636,-0.8138281184625391,-0.07227630684078927,0.22160009512108766,0.41390077802624936,-0.9400091159959457,-1.2253545978319944,-1.3005725437758522,0.947441407876131,0.9379860625730513
0.48543435034820953,0.00664490171420348,1.083472678381759,-0.7030746009502787,-0.010684955963028146,1.0497046332824949,1.5457953488606158,-1.1292467119670664,0.3010334606746278,-0.11425904712011926,-0.9351553578828034,-0.14215647645314564,-0.2530770703117784,0.41390077802624936,-0.8778816831233548,-1.1964942300521912,-1.1742696471775202,0.8474158022699333,0.8444910227795265
0.48543435034820953,0.00664490171420348,1.227935701936115,0.9939218417114615,-0.010684955963028146,0.2287705964155219,0.33096501551973906,-1.1292467119670664,-0.35681467799128885,-0.435470120594439,-1.0245332834202785,-0.1733923519553714,-0.32915926206746604,0.41390077802624936,-0.8467191489523432,-1.2011410059309824,-1.167589144081935,0.9516633863198561,0.941552922523449
0.48543435034820953,0.00664490171420348,1.3723987254904713,-0.7030746009502787,-0.010684955963028146,1.2773989368847989,1.3610676009526468,-1.1292467119670664,-0.35681467799128885,-0.5513135749762971,-1.0927864219751908,-0.23521012642350192,-0.3735012094337617,0.41390077802624936,-0.8211306580759138,-1.1903623249540705,-1.1605852658140348,0.8098457841216133,0.8078412144270832
0.48543435034820953,0.00664490171420348,1.5168617490448273,1.1346697817241849,-0.010684955963028146,0.19368150034021395,0.22886656729462893,-1.1292467119670664,-0.35681467799128885,-0.768663173296984,-1.1514197688590422,-0.27897184909541417,-0.38303508209793596,0.41390077802624936,-0.8134573404657781,-1.1889953901600527,-1.1675890349073326,0.9542419764153767,0.9432226558955352
0.48543435034820953,0.00664490171420348,1.6613247725991833,-0.7030746009502787,-0.010684955963028146,1.3024868738656505,1.3346723045422741,-1.2191834803473338,-0.23720592550657674,-0.8372921106424959,-1.2079261301260535,-0.35626458165367486,-0.4297743313478657,0.41390077802624936,-0.8087868768966853,-1.1812139679996922,-1.1669598616736894,0.8017469333950021,0.8001047285565901
0.48543435034820953,0.1168898336148444,-1.6613247691510074,1.2030753248747805,-0.010684955963028146,0.16293024253970045,0.17747422587489517,-1.2791413497592896,-0.41661905423364487,-1.0010896377530776,-1.2640967797279927,-0.3911018868774655,-0.44099673130618144,0.41390077802624936,-0.8160663696811475,-1.1969284048035196,-1.188666065297872,0.962261201085086,0.9507491458798112
0.48543435034820953,0.1168898336148444,-1.5168617455966513,-0.7030746009502787,-0.010684955963028146,1.3113278173360798,1.3250175347233288,-1.2791413497592896,-0.41661905423364487,-1.0458455081021216,-1.3141119037322264,-0.4793812594723987,-0.5113680389412498,0.41390077802624936,-0.8370386262331455,-1.2059570492390501,-1.2018345966650077,0.8016768337060817,0.8002960990766809
0.48543435034820953,0.1168898336148444,-1.372398722042295,1.288046183804155,-0.010684955963028146,0.18877621077076154,0.19486976607284787,-1.4290359875515128,0.06181595570520356,-1.118688801272012,-1.3460667838187887,-0.49425860402300104,-0.5186299269281985,0.41390077802624936,-0.8495503975613914,-1.2171946282048787,-1.215006075746408,0.9639274167678877,0.9571875870033357
0.48543435034820953,0.1168898336148444,-1.227935698487939,-0.7030746009502787,-0.010684955963028146,1.2596312785040102,1.265457892707037,-1.578930625343736,0.3010334606746278,-1.1725553961673811,-1.381772589473027,-0.536954402961442,-0.5536267911880264,0.41390077802624936,-0.8664581119713115,-1.2241007610064172,-1.223672683208892,0.8105823700836545,0.8037174355620684
0.48543435034820953,0.1168898336148444,-1.083472674933583,1.3065583367207623,-0.010684955963028146,0.17854294579190969,0.18097212927497955,-1.578930625343736,0.3010334606746278,-1.2394175081540921,-1.4143773238501123,-0.5602538711946268,-0.5706886474657442,0.41390077802624936,-0.8811879799156355,-1.2325332284232653,-1.233600366503722,0.9721226096310666,0.965389502352638
0.48543435034820953,0.1168898336148444,-0.9390096513792268,-0.7030746009502787,-0.010684955963028146,1.2598061685620134,1.2621416673324273,-1.6388884947556919,0.12162033194755961,-1.286361312496677,-1.4504344961175348,-0.6239001275881364,-0.6287064452924455,0.41390077802624936,-0.9010043099903206,-1.239822029231157,-1.2420327944440535,0.8150018858559018,0.8081404483312252
0.48543435034820953,0.1168898336148444,-0.7945466278248707,1.3189081928843351,-0.010684955963028146,0.17257764674410453,0.17331916471196865,-1.6838568789458255,1.0784903518252564,-1.3407274834742533,-1.4782613403307858,-0.6423606667731058,-0.6435427005342708,0.41390077802624936,-0.9208994532339132,-1.2444607809012573,-1.2475049530402524,0.9791306013524,0.9724030784082001
0.48543435034820953,0.1168898336148444,-0.6500836042705146,1.053270274227567,-0.010684955963028146,0.2792636155063317,0.2796192702775234,-1.728825263135959,0.3010334606746278,-1.354361202471661,-1.5080833207089988,-0.7207566221068332,-0.7181422432634882,0.41390077802624936,-0.9270083173902879,-1.2339762847645939,-1.2375090356189211,1.0055939528910445,0.9988881443657042
0.48543435034820953,0.1168898336148444,-0.5056205807161585,0.9437125786747865,-0.010684955963028146,0.307215377186988,0.31167377965528426,-1.3690781181395568,-0.2970103017489328,-0.9745918346388354,-1.475459800394179,-0.2430445829777553,-0.8087750646801608,-0.49112139154745055,-0.9695698387890962,-1.3528852983907955,-1.225853118368066,1.0185503525742599,1.011640584606106
0.48543435034820953,0.1168898336148444,-0.3611575571618023,-0.7030746009502787,-0.010684955963028146,1.2656953193070517,1.303027695096485,-0.82945743638262,-0.6558365592030692,-0.5484763228549661,-1.35652915958602,0.5230553601844766,-0.6764628796593279,-1.3868113707999614,-1.0186793607166027,-1.4770777112636828,-1.2182610073424236,0.8525634560929929,0.8525953084624295
0.48543435034820953,0.1168898336148444,-0.2166945336074462,2.369304945896514,-0.010684955963028146,-0.6865507261215884,-0.6874206446824462,-0.22987888521372726,-1.4332934503536978,0.5899333283700124,-1.1689814896512751,0.7229044560639288,-0.5465789189496846,-3.659370893442638,-1.0931623846928151,-1.4796381928828437,-1.2063752775535121,1.1191401708048712,1.1017969763528708
0.48543435034820953,0.1168898336148444,-0.07223151005309006,-0.7030746009502787,-0.010684955963028146,-0.6865507261215884,2.9012862065222556,0.2198050281629423,-2.330359093989039,0.9091153644319122,-0.9764955533064797,0.6313435966409922,-0.2906128286235201,-3.909594467691051,-1.1996300581891037,-1.4685191336480847,-1.2763571802646627,0.7433391536153011,0.7577954696682858
0.48543435034820953,0.1168898336148444,0.07223151350126605,-0.7030746009502787,-0.010684955963028146,-0.6865507261215884,-0.6874206446824462,0.5195943037473887,-2.390163470231395,1.2831245677252574,-0.7956482011637436,0.3223790544403244,-0.05484477972766205,-4.213694148428125,-1.268788734415041,-1.37537422759953,-1.2991603702937813,-1.2676136780735823,-1.2761757670616813
0.48543435034820953,0.1168898336148444,0.2166945370556222,-0.7030746009502787,-0.010684955963028146,-0.6865507261215884,-0.6874206446824462,0.819383579331835,-2.689185351443175,1.5846566592702256,-0.6612480364066096,0.06860466137898803,0.10919625720925301,-4.218823708992742,-1.3286091347103093,-1.312885051807738,-1.3294030452543846,-1.2676136780735823,-1.2761757670616813
0.48543435034820953,0.1168898336148444,0.3611575606099783,-0.7030746009502787,-0.010684955963028146,-0.6865507261215884,-0.6874206446824462,0.9392991752050807,-2.808794103927887,1.7320780300944247,-0.5587770080435868,-0.1467260235313935,0.33378828978812836,-3.6942379314507545,-1.3650654072357205,-1.2396492918737978,-1.3564243052219096,-1.2676136780735823,-1.2761757670616813
0.48543435034820953,0.1168898336148444,0.5056205841643344,-0.7030746009502787,-0.010684955963028146,-0.6865507261215884,-0.6874206446824462,0.9692782171240583,-2.808794103927887,1.7558902848191056,-0.4892801708330965,-0.32791482313430037,0.7186317344321999,-2.9277919176796674,-1.3839311589062098,-1.1724531586380331,-1.4182375458321321,-1.2676136780735823,-1.2761757670616813
0.48543435034820953,0.1168898336148444,0.6500836077186906,0.9787276969814404,-0.010684955963028146,1.194998942140079,-0.6874206446824462,-0.07998424742150408,-0.2970103017489328,1.3942815538071434,-0.5489777063008398,-0.6777160142468338,1.032813363371801,-1.2294567147328745,-1.299187720821222,-0.9847454471781937,-1.4033599952389944,1.1226782279246417,1.101679902622933
0.48543435034820953,0.1168898336148444,0.7945466312730467,0.4421789517932226,-0.010684955963028146,0.4354172162549389,0.7177360901919632,-0.22987888521372726,0.0020115794628475024,0.4987541544132488,-0.6392260469533515,-0.8068602172520293,0.2415385509095477,0.41390077802624936,-1.2350607954432542,-0.9119780191001446,-1.1914311304529093,1.0861419105737102,1.0805892339141052
0.48543435034820953,0.1168898336148444,0.9390096548274028,0.5653393342371911,-0.010684955963028146,0.5035624160805829,0.5242600799185825,-0.37977352300595046,0.36083783691698385,-0.01897275618384877,-0.7527411193779068,-0.7980278041074965,-0.4151341893965889,0.41390077802624936,-1.1496210538568157,-0.864649067536246,-0.9734809588205425,1.0508380895482345,1.0450156033099371
0.48543435034820953,0.1168898336148444,1.083472678381759,0.6312270325232641,-0.010684955963028146,0.4922175741601035,0.480029063707373,-0.37977352300595046,-0.35681467799128885,-0.2820741075410162,-0.8412381931682704,-0.7942871246291485,-0.557307373815208,0.41390077802624936,-1.101364015655384,-0.8599876528983567,-0.9276470588908994,1.0349060479417416,1.0285694050202536
0.48543435034820953,0.1168898336148444,1.227935701936115,0.6867494266020645,-0.010684955963028146,0.4874631168057472,0.4692879910832584,-0.34979462403763906,-0.35681467799128885,-0.37560468934021046,-0.9073083361808746,-0.7753491577066367,-0.6118919684351706,0.41390077802624936,-1.050535547181548,-0.8403916677931919,-0.8871976503517265,1.0258065690914886,1.0193089139170375
0.48543435034820953,0.1168898336148444,1.3723987254904713,0.7153984448017099,-0.010684955963028146,0.4693019557944511,0.45280507702881667,-0.37977352300595046,-0.6558365592030692,-0.5052479521499482,-0.9606437007358317,-0.7719781531778441,-0.6761023892538799,0.41390077802624936,-0.9960091262595445,-0.8082325911946664,-0.8353899345278467,1.0212937668101396,1.014710904576033
0.48543435034820953,0.1168898336148444,1.5168617490448273,0.7438403450433828,-0.010684955963028146,0.46381059625191695,0.45050204395862387,-0.5296681607981737,-0.35681467799128885,-0.5534917005389045,-1.0040600901669177,-0.7669096278044565,-0.6923016725524218,0.41390077802624936,-0.9538079280641522,-0.7873184671591447,-0.8082150658947419,1.0187513050158319,1.0120560735427737
0.48543435034820953,0.1168898336148444,1.6613247725991833,0.758910684834858,-0.010684955963028146,0.4536319321165327,0.4433276969227124,-0.5596470597664851,-0.7156409354454252,-0.5992735327635808,-1.0454921279528522,-0.7647711493967149,-0.7068547434576875,0.41390077802624936,-0.916995670674898,-0.7767204393130304,-0.7926354134335565,1.0175928627207231,1.010896798007165
0.48543435034820953,0.2271347655154853,-1.6613247691510074,0.7694297150005566,-0.010684955963028146,0.4464007721345431,0.4384802301589559,-0.6795627985903968,-0.6558365592030692,-0.645454241179548,-1.0872838816576307,-0.7725873708637705,-0.7277973643936032,0.41390077802624936,-0.8897750000435971,-0.7785642723478929,-0.7904969013217046,1.0174505064293768,1.0107543446574505
0.48543435034820953,0.2271347655154853,-1.5168617455966513,-0.7030746009502787,-0.010684955963028146,1.2776658743417513,1.269988233521894,-0.6795627985903968,-0.6558365592030692,-0.7062514733724483,-1.1277397464568375,-0.7745302365179357,-0.73967564531533,0.41390077802624936,-0.8672881809429266,-0.7905108009950864,-0.7995184354165975,0.8800065855913949,0.8731980335136139
0.48543435034820953,0.2271347655154853,-1.372398722042295,1.0831527730341866,-0.010684955963028146,0.29662061696862685,0.2923179053223532,-0.5896259587347964,-1.0146628166572054,-0.7984644559495909,-1.1557415782012088,-0.7199932350473255,-0.6933782612802045,0.41390077802624936,-0.8583536116114026,-0.8305116981896593,-0.8375817238456708,0.9919324222344061,0.9852154882340423
0.48543435034820953,0.2271347655154853,-1.227935698487939,-0.7030746009502787,-0.010684955963028146,1.2712901275740867,1.2669006484257455,-0.5296681607981737,-1.1940759453842735,-0.8659131121061185,-1.1707313649624798,-0.665350138523928,-0.6448390012473153,0.41390077802624936,-0.8640934758852155,-0.8762219283030505,-0.8820819468323702,0.8476537817266787,0.840818960211667
0.48543435034820953,0.2271347655154853,-1.083472674933583,1.188193290423988,-0.010684955963028146,0.2351576399094212,0.23251058710322683,-0.6795627985903968,-1.1940759453842735,-0.9499746346822212,-1.1937653598392557,-0.6045046257504799,-0.5887815225780052,0.41390077802624936,-0.8707730727142917,-0.9294232994056467,-0.9345750608101302,0.9777629384472826,0.9710344210094333
0.48543435034820953,0.2271347655154853,-0.9390096513792268,-0.7030746009502787,-0.010684955963028146,1.2656907169371043,1.2629658601019953,-0.7694996384459972,-0.35681467799128885,-1.0109451491549446,-1.2232297116250397,-0.5898096320718555,-0.5769659002594827,0.41390077802624936,-0.8587635847010416,-0.9437122463790635,-0.9482683944910126,0.8334406204410739,0.8265942973498609
0.48543435034820953,0.2271347655154853,-0.7945466278248707,1.2519023084601075,-0.010684955963028146,0.20812917639981485,0.20632771905770098,-0.9793520741748433,0.3010334606746278,-1.0875516103262777,-1.263028416491271,-0.5714841983056699,-0.5608431092817356,0.41390077802624936,-0.8242971639264011,-0.9338316261640155,-0.9378537924694692,0.9824344536140593,0.9757095925815332
0.48543435034820953,0.2271347655154853,-0.6500836042705146,-0.7030746009502787,-0.010684955963028146,1.2630698764506618,1.2611963558792094,-0.9793520741748433,-0.057792796779508555,-1.1313442927576631,-1.2935086004656668,-0.571763526686836,-0.5624372417970239,0.41390077802624936,-0.7948497199998763,-0.9220787628779291,-0.9256945803015407,0.8262606148676971,0.8194083854890406
0.48543435034820953,0.2271347655154853,-0.5056205807161585,1.2237783414506338,-0.010684955963028146,0.1266514338329751,0.1300894172041951,-0.7395205965270196,-0.23720592550657674,-0.8605845185277072,-1.2417752589341884,0.14885479353369138,-0.4470038197328573,-0.05378239406965625,-0.8060486615695893,-1.0956241797393647,-0.9393564716969314,0.9899300875303703,0.9781648661205802
0.48543435034820953,0.2271347655154853,-0.3611575571618023,-0.7030746009502787,-0.010684955963028146,1.2659702063120952,1.3026670584633033,-0.22987888521372726,-0.596032182960713,-0.36173622189579707,-1.0702057248181962,0.9495326063609453,-0.25735250279535393,-0.9986858781080532,-0.8587802150027378,-1.2410345522255015,-0.9394916298547051,0.8148746279590923,0.8152254557359977
0.48543435034820953,0.2271347655154853,-0.2166945336074462,2.3225851546154392,-0.010684955963028146,-0.6865507261215884,-0.6874206446824462,0.2198050281629423,-1.1342715691419176,0.7740683100732739,-0.8985346074833426,1.1654468140616563,-0.12744331589481012,-3.0443965527710004,-0.9283254854883936,-1.2662953033606743,-0.948058342555991,1.1084790865768208,1.0886622044209933
0.48543435034820953,0.2271347655154853,-0.07223151005309006,-0.7030746009502787,-0.010684955963028146,-0.6865507261215884,2.8603321933140076,0.6694889415396119,-1.493097826596054,1.0951727985981174,-0.7106967991769186,1.0682471683566008,0.1074825037242111,-3.1488742312857347,-0.9784598196305654,-1.1906444734812824,-0.9519556575125402,0.7008289048260093,0.7171661778697197
0.48543435034820953,0.2271347655154853,0.07223151350126605,-0.7030746009502787,-0.010684955963028146,-0.6865507261215884,-0.6874206446824462,0.9692782171240583,-1.55290220283841,1.479741758634347,-0.5348861656734714,0.7621322729643889,0.31918720774534254,-3.4110174836134703,-1.0158796855788907,-1.0516369857894625,-0.9409205070509434,-1.2676136780735823,-1.2761757670616813
0.48543435034820953,0.2271347655154853,0.2166945370556222,-0.7030746009502787,-0.010684955963028146,-0.6865507261215884,-0.6874206446824462,1.1191728549162814,-1.9117284602925464,1.7449211895586012,-0.407694930578124,0.4817421124026685,0.44810118072745986,-3.4766525691217685,-1.035090576264291,-0.9250958653457023,-0.9230789751771918,-1.2676136780735823,-1.2761757670616813
0.48543435034820953,0.2271347655154853,0.3611575606099783,-0.7030746009502787,-0.010684955963028146,-0.6865507261215884,-0.6874206446824462,1.194120173812393,-2.1509459652619705,1.8880961636840394,-0.321335974812147,0.2407894722441829,0.6492995831126103,-2.887496046220418,-1.0209056519740964,-0.792208897050482,-0.9168933605542952,-1.2676136780735823,-1.2761757670616813
0.48543435034820953,0.2271347655154853,0.5056205841643344,-0.7030746009502787,-0.010684955963028146,-0.6865507261215884,-0.6874206446824462,1.2690674927085046,-1.9117284602925464,1.913169782626754,-0.26485013892154946,0.03329738822605422,1.0379001027046582,-1.980517540267931,-0.990115732968624,-0.6589508633209346,-0.9609852705280109,-1.2676136780735823,-1.2761757670616813
0.48543435034820953,0.2271347655154853,0.6500836077186906,0.9899643837048024,-0.010684955963028146,1.1373709944389083,-0.6874206446824462,1.1191728549162814,-1.7323153315654782,1.6223007632971684,-0.24901081030939123,-0.2300081533665305,1.4017960439242525,-0.33889978950279964,-0.9397762917722,-0.5037696070953601,-1.001058681736511,1.089749887639609,1.0682756154866173
0.48543435034820953,0.2271347655154853,0.7945466312730467,-0.7030746009502787,-0.010684955963028146,2.901542237957921,-0.6874206446824462,0.6694889415396119,-1.0744671928995615,1.1064341851004367,-0.3222745759234056,-0.2946059497647251,0.9639841083740329,0.41390077802624936,-0.8630985500098302,-0.43711662603976636,-0.841904819751588,0.7585923066960183,0.7718303994048255
0.48543435034820953,0.2271347655154853,0.9390096548274028,1.6514891080732472,-0.010684955963028146,0.3498554979556337,-0.6874206446824462,0.3696996659551655,-0.596032182960713,0.20365050850202246,-0.4273401510202188,0.017180886613601582,0.27784799084429124,0.41390077802624936,-0.7759817991596004,-0.511122601572779,-0.5997411405762727,0.940948918482551,0.9277912330482154
0.48543435034820953,0.2271347655154853,1.083472678381759,-0.7030746009502787,-0.010684955963028146,0.7030509908605848,1.8659262543936193,0.2198050281629423,-0.2970103017489328,0.04820453338352184,-0.529710291939852,0.09465762777904005,-0.590722311781151,0.41390077802624936,-0.7077987672998355,-0.5250289889750952,-0.27939949376367607,0.9303811207636026,0.9239304607268547
0.48543435034820953,0.2271347655154853,1.227935701936115,1.560565399529999,-0.010684955963028146,0.4782506365613778,-0.6874206446824462,-0.020026449484881293,-0.2970103017489328,-0.2552800898125857,-0.6264369980089157,0.07263544451730099,-0.706097143982581,0.41390077802624936,-0.6340142159948602,-0.5080586550758914,-0.2243180683121677,0.9605746744667764,0.9522273040574535
0.48543435034820953,0.2271347655154853,1.3723987254904713,-0.7030746009502787,-0.010684955963028146,0.9303559758050608,1.7142346210845274,-0.07998424742150408,-0.2970103017489328,-0.3594580503376691,-0.7073890825846849,0.02009601396244935,-0.7705744741759788,0.41390077802624936,-0.5541943112873844,-0.4745218001580902,-0.18137664029856507,0.8874702252907115,0.8837561600150926
0.48543435034820953,0.2271347655154853,1.5168617490448273,1.6426050735178241,-0.010684955963028146,0.41763229898684734,-0.6874206446824462,-0.07998424742150408,-0.596032182960713,-0.5182460848228724,-0.7640627778526284,-0.002238652384451947,-0.7108437366123291,0.41390077802624936,-0.4861385373884246,-0.4639365676717803,-0.20173508345609406,0.9727436209777851,0.9630533492870593
0.48543435034820953,0.2271347655154853,1.6613247725991833,-0.7030746009502787,-0.010684955963028146,0.9837721274084072,1.65849889882146,-0.34979462403763906,-0.35681467799128885,-0.5587634052179021,-0.8335999700404746,-0.05271337374795307,-0.7465444929730882,0.41390077802624936,-0.43280636494329455,-0.46467869854043475,-0.20769994703293373,0.8708008787510088,0.8678177587952972
0.48543435034820953,0.3373796974161262,-1.6613247691510074,1.056183004887394,-0.010684955963028146,0.1616825295870134,0.3537323994421373,-0.37977352300595046,-0.6558365592030692,-0.6948553844186439,-0.8911454719743982,-0.09539839740759543,-0.6418370845301645,0.41390077802624936,-0.40087811383766603,-0.49002045080928436,-0.29184190485023553,0.9829619987088838,0.9729720731096465
0.48543435034820953,0.3373796974161262,-1.5168617455966513,-0.7030746009502787,-0.010684955963028146,1.2021727816963594,1.3750207243322734,-0.37977352300595046,-0.6558365592030692,-0.7449006146223656,-0.9423851608087395,-0.19478293810598676,-0.5870392879096886,0.41390077802624936,-0.38321408222887016,-0.5140150035000858,-0.3741698174740245,0.8030777490277383,0.8013372775105865
0.48543435034820953,0.3373796974161262,-1.372398722042295,1.1782749202531881,-0.010684955963028146,0.17272131390598708,0.25199563378011935,-0.10996314638981547,-1.3734890741113417,-0.8054140562135932,-0.955186733711665,-0.18398113554409196,-0.4997582948903985,0.41390077802624936,-0.3980982022468973,-0.5742581599051976,-0.4655849873033524,0.9376202617155814,0.9308588922515529
0.48543435034820953,0.3373796974161262,-1.227935698487939,-0.7030746009502787,-0.010684955963028146,1.196760185439517,1.2728132902104767,-0.37977352300595046,-0.8950540641724933,-0.8688863744697258,-0.9873607830717976,-0.2168059502353257,-0.4581171774466357,0.41390077802624936,-0.40764230828841386,-0.629612187642003,-0.5491880592831976,0.7981560318943532,0.7912808078484045
0.48543435034820953,0.3373796974161262,-1.083472674933583,1.2330705202173557,-0.010684955963028146,0.1701321147129335,0.2068530896518051,-0.5296681607981737,-0.6558365592030692,-0.9324508919766323,-1.025533808548514,-0.22563007470385948,-0.4046278877606079,0.41390077802624936,-0.40946079562605475,-0.6761591041642978,-0.6184110893330512,0.945213855453589,0.9384588603285696
0.48543435034820953,0.3373796974161262,-0.9390096513792268,-0.7030746009502787,-0.010684955963028146,1.235030355943053,1.2712793294035625,-0.40975242197426187,-0.8950540641724933,-0.9694142908967983,-1.0527101026957704,-0.2599783480437092,-0.3897501313660109,0.41390077802624936,-0.4172589610083439,-0.706512733807374,-0.6656168773164789,0.8123398951048451,0.8054764069520792
0.48543435034820953,0.3373796974161262,-0.7945466278248707,1.2727375508603411,-0.010684955963028146,0.16643238457142215,0.18409470072663817,-0.6795627985903968,-0.35681467799128885,-1.0285538982619562,-1.0923324284799378,-0.2778868614071453,-0.37112913374102796,0.41390077802624936,-0.41428286006133397,-0.7327855111548716,-0.7041967799641187,0.9523251992803822,0.9455757969324161
0.48543435034820953,0.3373796974161262,-0.6500836042705146,-0.7030746009502787,-0.010684955963028146,1.2502173399751226,1.2678093523320915,-0.6795627985903968,-0.35681467799128885,-1.0633614040629638,-1.1288978647294021,-0.31998919114405805,-0.386092333685449,0.41390077802624936,-0.41125011968101116,-0.7457220536581163,-0.725788896128791,0.8157381123323588,0.808877276002163
0.48543435034820953,0.3373796974161262,-0.5056205807161585,1.3030674316228927,-0.010684955963028146,0.16865647984853036,0.1778393600066924,-0.40975242197426187,-0.536227806718357,-1.0270669401324548,-1.1066407031667258,-0.19059549899129272,-0.3336763777348296,0.41390077802624936,-0.42777051677461736,-0.7875667838875517,-0.7452846415781389,0.9671422963474556,0.9604050678330972
0.48543435034820953,0.3373796974161262,-0.3611575571618023,-0.7030746009502787,-0.010684955963028146,1.2867446766590105,1.3078617739573857,0.06991039037071911,-0.8950540641724933,-0.6525280815687066,-0.946477016357525,0.473213893667299,-0.14446122977547557,-0.30665866728882896,-0.4867642223623829,-0.9230455715899283,-0.7465178778868727,0.8052129136551389,0.805346848086606
0.48543435034820953,0.3373796974161262,-0.2166945336074462,2.322688355258858,-0.010684955963028146,-0.6865507261215884,-0.6874206446824462,0.3696996659551655,-1.1342715691419176,0.259478789584069,-0.7670720067675234,0.7256844779939928,-0.008932298540791448,-2.192838261663289,-0.5520841911228985,-0.9399944353091213,-0.7314493809141338,1.1179010239961078,1.097134085241953
0.48543435034820953,0.3373796974161262,-0.07223151005309006,-0.7030746009502787,-0.010684955963028146,-0.6865507261215884,2.8602882642577616,0.8493626212508127,-1.672510955323122,0.6195744066507073,-0.5627700634753977,0.7440737345653708,0.24275429056132958,-2.373687586050854,-0.6031558476316821,-0.8642558813103927,-0.7218393957122937,0.6931332171820869,0.7102326294861956
0.48543435034820953,0.3373796974161262,0.07223151350126605,-0.7030746009502787,-0.010684955963028146,-0.6865507261215884,-0.6874206446824462,1.2690674927085046,-2.0911415890196143,1.2586826117346532,-0.3592814817096332,0.5574749161379177,0.47578163587807026,-3.0887192166099195,-0.6514977244736504,-0.73027501818715,-0.7114743589602408,-1.2676136780735823,-1.2761757670616813
0.48543435034820953,0.3373796974161262,0.2166945370556222,-0.7030746009502787,-0.010684955963028146,-0.6865507261215884,-0.6874206446824462,1.4189621305007278,-2.2705547177466827,1.51860210809703,-0.26325959619335293,0.3636566609153368,0.5799682455411143,-3.160605262642817,-0.6725784395149708,-0.6330031748606705,-0.7067176215335825,-1.2676136780735823,-1.2761757670616813
0.48543435034820953,0.3373796974161262,0.3611575606099783,-0.7030746009502787,-0.010684955963028146,-0.6865507261215884,-0.6874206446824462,1.4939094493968395,-2.2705547177466827,1.6902254553016631,-0.187159849756885,0.17407060365784455,0.7558753571783527,-3.049130188116101,-0.6775824731934467,-0.5279782109747536,-0.7198611519167681,-1.2676136780735823,-1.2761757670616813
0.48543435034820953,0.3373796974161262,0.5056205841643344,-0.7030746009502787,-0.010684955963028146,-0.6865507261215884,-0.6874206446824462,1.568856768292951,-2.2705547177466827,1.7568900908789153,-0.13910611680723828,0.0036836066168324643,1.1321329456872498,-2.3919478900721374,-0.6398208424943227,-0.3959845322902836,-0.7685724576673203,-1.2676136780735823,-1.2761757670616813
0.48543435034820953,0.3373796974161262,0.6500836077186906,-0.7030746009502787,-0.010684955963028146,-0.6865507261215884,-0.6874206446824462,1.2690674927085046,-1.7323153315654782,1.5823627942226042,-0.14981688441784946,-0.18707529829451808,1.4690685988190362,-1.0495424725549323,-0.5816063508976232,-0.26464775436594046,-0.8164348217095939,-1.2676136780735823,-1.2761757670616813
0.48543435034820953,0.3373796974161262,0.7945466312730467,0.9668099935121841,-0.010684955963028146,1.1091024014270965,-0.6874206446824462,0.8493626212508127,-1.2538803216266297,0.6015288554194623,-0.24469352350779047,-0.6167378826574018,0.9934653880556964,0.41390077802624936,-0.5036430145084838,-0.07380951716412962,-0.651017612784864,1.1315019813318072,1.1078232033293762
0.48543435034820953,0.3373796974161262,0.9390096548274028,-0.7030746009502787,-0.010684955963028146,1.1065614748188326,1.4365561279497252,0.6095311436029891,-0.7754453116877812,0.2852461915414717,-0.37072072623906405,-0.7448460011627225,-0.11421909562633147,0.41390077802624936,-0.37855205432005795,0.03635050654294412,-0.21162455564008345,1.0111927611222846,1.0105836462470166
0.48543435034820953,0.3373796974161262,1.083472678381759,1.4175547495767606,-0.010684955963028146,0.6643987190520928,-0.6874206446824462,0.3696996659551655,-0.596032182960713,-0.18135002249527607,-0.4861470938842474,-0.5957708478503353,-0.31028030629682396,0.41390077802624936,-0.2845137237001301,-0.00810924823769968,-0.11804379839750803,1.0417039203391056,1.0336545393214893
0.48543435034820953,0.3373796974161262,1.227935701936115,-0.7030746009502787,-0.010684955963028146,1.0814446684264925,1.539999851225874,0.42965746389178827,-0.41661905423364487,-0.30129340100728985,-0.5654564525714462,-0.44678852770913685,-0.5441262821956881,0.41390077802624936,-0.17460767507345254,-0.01052063138456357,0.03683500450655461,0.9287992044502974,0.9268216906378732
0.48543435034820953,0.3373796974161262,1.3723987254904713,1.5756443393750923,-0.010684955963028146,0.4978882169319544,-0.6874206446824462,0.2198050281629423,-0.2970103017489328,-0.4717580455709923,-0.6388913789514868,-0.3538252243071696,-0.5350830996319319,0.41390077802624936,-0.10773192953832172,-0.03724319815976111,0.04424883340647459,1.0130252388877823,1.0034085821269072
0.48543435034820953,0.3373796974161262,1.5168617490448273,-0.7030746009502787,-0.010684955963028146,1.0607525177420463,1.5799462155582311,0.3696996659551655,-0.596032182960713,-0.5204255181762709,-0.6822987233014414,-0.2375284691004218,-0.5761952808148794,0.41390077802624936,-0.07003682004598226,-0.07810095072021764,0.06787356231866881,0.893804361284448,0.8914418866460324
0.48543435034820953,0.3373796974161262,1.6613247725991833,1.690069844443579,-0.010684955963028146,0.4397967896572114,-0.6874206446824462,0.3696996659551655,-0.596032182960713,-0.5730176709456953,-0.711361960527818,-0.1717006331839758,-0.5332513526733235,0.41390077802624936,-0.04594071798263063,-0.10144792808261399,0.05226312261960598,0.9893126710394938,0.9825936097716221
0.48543435034820953,0.44762462931676716,-1.6613247691510074,-0.7030746009502787,-0.010684955963028146,1.0081690813012385,1.552693884179097,0.06991039037071911,0.0020115794628475024,-0.6148924781819058,-0.7529609844269488,-0.1358521094883074,-0.5493171812845212,0.41390077802624936,-0.013663712579113928,-0.11288416043116813,0.06197616864611362,0.8815908385609975,0.8747838504009544
0.48543435034820953,0.44762462931676716,-1.5168617455966513,2.396480756994577,-0.010684955963028146,-0.6865507261215884,-0.6874206446824462,-0.07998424742150408,0.0020115794628475024,-0.6692691114858111,-0.8002131840332525,-0.14731866386532189,-0.5407711988059314,0.41390077802624936,0.02554499538643759,-0.10909760141109047,0.0574986998523998,1.0422645381076774,1.035588711957701
0.48543435034820953,0.44762462931676716,-1.372398722042295,-0.7030746009502787,-0.010684955963028146,1.1400709120089934,1.3130226013223638,-0.22987888521372726,0.4206422131593399,-0.6952679924132418,-0.849908947095998,-0.2539582826656366,-0.5886619016082516,0.41390077802624936,0.0732609462355824,-0.06528151828975884,0.07972359201259463,0.8995803959087023,0.8927880298659651
0.48543435034820953,0.44762462931676716,-1.227935698487939,0.99452635381371,-0.010684955963028146,0.25535576801973464,0.3222721874395904,-0.37977352300595046,0.7196640943711202,-0.7319384461961972,-0.9029444324226731,-0.3229988093992944,-0.5867666822983454,0.41390077802624936,0.12803561658870194,-0.035714911709905026,0.08071380565638143,0.9602096168560136,0.9534668119394533
0.48543435034820953,0.44762462931676716,-1.083472674933583,-0.7030746009502787,-0.010684955963028146,1.2127249699927065,1.2761922713797238,-0.37977352300595046,0.7196640943711202,-0.7738636033778657,-0.9449316990349859,-0.35645273459885213,-0.5560875654229583,0.41390077802624936,0.17422254375726437,-0.020826534660228546,0.06875700320130639,0.837730002431838,0.8308871372304855
0.48543435034820953,0.44762462931676716,-0.9390096513792268,1.1552162056570727,-0.010684955963028146,0.2128512079659049,0.243234088104843,-0.37977352300595046,0.7196640943711202,-0.8446497416333271,-0.9805672313665873,-0.3479667881110775,-0.49519805057407623,0.41390077802624936,0.21667030425171666,-0.023227291152339638,0.04364269601393828,0.9598467161587562,0.9531035149628103
0.48543435034820953,0.44762462931676716,-0.7945466278248707,-0.7030746009502787,-0.010684955963028146,1.2336693096304099,1.2636319082690777,-0.5296681607981737,1.0784903518252564,-0.9059406648498745,-1.0166557135302343,-0.3520937198909789,-0.4591864424415764,0.41390077802624936,0.2613580940789767,-0.018580840579306198,0.031287624609300464,0.8234523134838679,0.8165977972731192
0.48543435034820953,0.44762462931676716,-0.6500836042705146,1.2278916754291234,-0.010684955963028146,0.19066349624716955,0.20520334440378515,-0.5296681607981737,1.0784903518252564,-0.9641602413934808,-1.0473623724206529,-0.3309658847695317,-0.4083581090214968,0.41390077802624936,0.2963945244697235,-0.027555592694304697,0.009329991875785908,0.9609861057179019,0.9542437557835864
0.48543435034820953,0.44762462931676716,-0.5056205807161585,-0.7030746009502787,-0.010684955963028146,1.3023944080694334,1.318256225409121,-0.34979462403763906,0.9588815993405444,-0.908430044620768,-1.0183895860055912,-0.14112785176166992,-0.3337553112999051,0.41390077802624936,0.2983920888241791,-0.09101363746789484,-0.009186894088424914,0.8112558663256674,0.8101523972215914
0.48543435034820953,0.44762462931676716,-0.3611575571618023,1.1951980340960424,-0.010684955963028146,0.09537252477791747,0.11469594374465446,-0.22987888521372726,0.7196640943711202,-0.18543686871752058,-0.898341877677695,0.7188081923852238,-0.11826260990324183,-0.9129995092031301,0.2341591151455404,-0.39428079760175383,-0.08135982189518262,0.9547046343622517,0.9430116366375527
0.48543435034820953,0.44762462931676716,-0.2166945336074462,-0.7030746009502787,-0.010684955963028146,-0.6865507261215884,2.845705491071942,0.06991039037071911,0.0020115794628475024,0.12736641776069998,-0.7343872582111982,0.8276509412660722,0.15192861084648268,-0.8838081756653753,0.14295902268175031,-0.4177149569072241,-0.17332763356186984,0.6364335331557479,0.646925624045343
0.48543435034820953,0.44762462931676716,-0.07223151005309006,-0.7030746009502787,-0.010684955963028146,-0.6865507261215884,-0.6874206446824462,0.2198050281629423,-0.2970103017489328,0.47497459445834583,-0.5703387090560283,0.6884749536992889,0.38149752676558424,-1.2146724012417571,0.0436785317445674,-0.3611542616797136,-0.25286089471337053,-1.2676136780735823,-1.2761757670616813
0.48543435034820953,0.44762462931676716,0.07223151350126605,1.657463278653383,-0.010684955963028146,-0.6865507261215884,0.3280100543362572,0.2198050281629423,0.0020115794628475024,0.5447524260138551,-0.4309818398388454,0.4157468452310427,0.5075267627560237,-0.9088644196310635,-0.03339616808872284,-0.24540613566620564,-0.28254721590013265,0.982082337484328,0.9627074496304246
0.48543435034820953,0.44762462931676716,0.2166945370556222,-0.7030746009502787,-0.010684955963028146,1.6723140765689044,0.8735989965775962,0.06991039037071911,0.0020115794628475024,0.538861482395263,-0.34308730760693246,0.06327255610883231,0.5985713407080387,-0.3008735011401308,-0.08253654043097007,-0.10899675662619149,-0.3140598098358766,0.8593902670798858,0.8580457864838384
0.48543435034820953,0.44762462931676716,0.3611575606099783,1.5191765664855288,-0.010684955963028146,0.5236660910076566,-0.6874206446824462,0.06991039037071911,0.0020115794628475024,0.27111943541581246,-0.3254452247477238,0.008670902965429848,0.5659017959957987,0.41390077802624936,-0.08253846858189136,-0.08205493377027812,-0.29688817332246414,0.9897307527739272,0.9790226563341635
0.48543435034820953,0.44762462931676716,0.5056205841643344,-0.7030746009502787,-0.010684955963028146,1.2201128197515436,1.3856193413025617,-0.07998424742150408,0.36083783691698385,0.039365829321749216,-0.4146596430493607,0.05856541700900108,0.2865778803920261,0.41390077802624936,-0.01220747659581023,-0.09616648067047474,-0.18560213410993492,0.8440936162434796,0.8438072057660256
0.48543435034820953,0.44762462931676716,0.6500836077186906,1.6118720652419178,-0.010684955963028146,0.38766804644734887,-0.6874206446824462,-0.37977352300595046,1.0784903518252564,-0.3352711135513328,-0.5425640480031514,0.02306999091089,0.15987079223964937,0.41390077802624936,0.10024999773746336,-0.0699798009135253,-0.1238721937213451,0.9608539947657055,0.9492104040936695
0.48543435034820953,0.44762462931676716,0.7945466312730467,-0.7030746009502787,-0.010684955963028146,1.138397741334459,1.4996633550368557,-0.37977352300595046,1.0784903518252564,-0.4432521296969881,-0.6699647115154661,-0.019172417450405835,-0.09376146855417877,0.41390077802624936,0.2028300369387025,-0.047264784203162526,-0.014868558746633604,0.8413721306282365,0.8396650062092373
0.48543435034820953,0.44762462931676716,0.9390096548274028,1.0984753810651302,-0.010684955963028146,0.18377380073548613,0.251241832093536,-0.37977352300595046,1.0784903518252564,-0.6334951482901673,-0.7702023006144859,-0.047316616805005166,-0.1745479380387493,0.41390077802624936,0.29107379200242584,-0.030337390663980307,0.02465090052927844,0.9517205445277451,0.9413155002739246
0.48543435034820953,0.44762462931676716,1.083472678381759,-0.7030746009502787,-0.010684955963028146,1.2906223825383762,1.3460480474361525,-0.22987888521372726,1.0784903518252564,-0.6782601731747491,-0.8289111391370116,-0.08757720273494046,-0.1939965174748849,0.41390077802624936,0.3611302635010884,0.006464449708990967,0.0538020478150656,0.8089743910654943,0.8075251972259923
0.48543435034820953,0.44762462931676716,1.227935701936115,1.2294588560332633,-0.010684955963028146,0.1957825868205447,0.21921911898505794,-0.19989998624541588,0.9588815993405444,-0.7419933956937098,-0.8611902505933637,-0.05285345237233614,-0.1421078702888938,0.41390077802624936,0.390196174564063,-0.004427654542119019,0.03510000172518086,0.9433064249437839,0.9365496579634287
0.48543435034820953,0.44762462931676716,1.3723987254904713,-0.7030746009502787,-0.010684955963028146,1.251490522861496,1.273357382949981,-0.6795627985903968,0.6598597181287641,-0.8181519385190849,-0.9262076853173583,-0.10302066385627442,-0.17257215766758036,0.41390077802624936,0.4260737607942222,-0.012880616221704754,0.018603500953022805,0.8065717691634433,0.799703362150282
0.48543435034820953,0.44762462931676716,1.5168617490448273,1.2800760841134535,-0.010684955963028146,0.18770234188290794,0.1977786017472714,0.06991039037071911,0.0020115794628475024,-0.867704131594555,-0.9367305935506235,-0.09470463522647925,-0.1476324060960873,0.41390077802624936,0.4410429604716512,-0.027126189094089707,-0.0029036773709808007,0.959096469744515,0.952352769435866
0.48543435034820953,0.44762462931676716,1.6613247725991833,-0.7030746009502787,-0.010684955963028146,1.2561058631242588,1.2659197753555667,0.06991039037071911,-0.2970103017489328,-0.8930432320678664,-0.9386474549750248,-0.10439907067490788,-0.14382650626249707,0.41390077802624936,0.4478951268081829,-0.03608749523776834,-0.01754202641025557,0.803655801847144,0.7967851152246624
0.48543435034820953,0.557869561217408,-1.6613247691510074,1.8898114647606559,-0.010684955963028146,0.2655228216309333,-0.6874206446824462,0.06991039037071911,-0.596032182960713,-0.923117842995817,-0.9448600341614057,-0.09481321688206613,-0.15023965498786046,0.41390077802624936,0.4485184015934896,-0.0708448973586049,-0.04623071008026755,0.9837870181246401,0.9770633087525283
0.48543435034820953,0.557869561217408,-1.5168617455966513,-0.7030746009502787,-0.010684955963028146,1.0485831194057533,1.3866577405178246,-0.07998424742150408,-0.2970103017489328,-0.9315766338327698,-0.9629822020960542,-0.11059900032215873,-0.23938738613378216,0.41390077802624936,0.45145931378618603,-0.10010419843264828,-0.04573134544888047,0.7979308141758472,0.7910552567113563
0.48543435034820953,0.557869561217408,-1.372398722042295,1.7909468608754513,-0.010684955963028146,0.2685690675395644,-0.6874206446824462,-0.13994204535812688,-0.41661905423364487,-0.9393141780484209,-0.9846730024248059,-0.1157371505739379,-0.2942429588689009,0.41390077802624936,0.44603253301821744,-0.1392879275637818,-0.06554828257849518,0.9432598715606291,0.936503196885289
0.48543435034820953,0.557869561217408,-1.227935698487939,-0.7030746009502787,-0.010684955963028146,1.0263176903944962,1.444614181167119,-0.22987888521372726,-0.596032182960713,-0.9313314230594352,-1.0107541459796818,-0.1554796942539358,-0.4042844860651246,0.41390077802624936,0.4278939352639193,-0.18296065928120328,-0.0816954246229666,0.8271102590459716,0.8202588074259146
0.48543435034820953,0.557869561217408,-1.083472674933583,1.7757181367631736,-0.010684955963028146,0.29243361090892855,-0.6874206446824462,-0.22987888521372726,-0.596032182960713,-0.9491683816594968,-1.034407728913964,-0.18213193192871538,-0.4622786851971126,0.41390077802624936,0.39696398429778823,-0.24178656693510048,-0.13016392605777657,0.9533517103660868,0.9466032621846682
0.48543435034820953,0.557869561217408,-0.9390096513792268,-0.7030746009502787,-0.010684955963028146,1.0142104240524936,1.478715679972953,-0.07998424742150408,-0.536227806718357,-0.9391408957685977,-1.04369702723599,-0.21169515261434324,-0.5440343286611157,0.41390077802624936,0.36574914903303674,-0.27853245471774074,-0.14758076872818413,0.8425897083019473,0.8357508138817337
0.48543435034820953,0.557869561217408,-0.7945466278248707,1.1575588244291237,-0.010684955963028146,0.1510127193587136,0.268544127639957,0.06991039037071911,-0.8950540641724933,-0.9543910441838275,-1.0401402230249048,-0.2250540117219291,-0.5403114311330688,0.41390077802624936,0.3307541738870977,-0.3102152836869369,-0.18763627530189034,0.944808355714603,0.9380529910864948
0.48543435034820953,0.557869561217408,-0.6500836042705146,-0.7030746009502787,-0.010684955963028146,1.1807428920291996,1.284800065358139,0.06991039037071911,-1.1342715691419176,-0.9639568799254619,-1.0372374477571726,-0.25141614573674376,-0.5115161410942782,0.41390077802624936,0.28212331542580116,-0.3497019809137777,-0.250283937398272,0.8084835135002589,0.8016166580024837
0.48543435034820953,0.557869561217408,-0.5056205807161585,1.7628067687654434,-0.010684955963028146,0.218723622820225,-0.6874206446824462,0.2198050281629423,-1.0146628166572054,-0.8882567177723737,-0.9761643641819734,-0.03590808315998366,-0.41988322327061767,0.3909510891255763,0.21832706793083442,-0.43667030654014893,-0.29678751433904943,0.9848485790548049,0.9720997510169974
0.48543435034820953,0.557869561217408,-0.3611575571618023,-0.7030746009502787,-0.010684955963028146,1.0950360944772324,1.4954283848287577,-0.07998424742150408,0.36083783691698385,-0.7299388340765774,-0.9081787512959112,0.18510034480971183,-0.389372552250598,0.41390077802624936,0.1983948077820069,-0.4644898043304412,-0.2568261162726138,0.8304252553607412,0.8294337446495608
0.48543435034820953,0.557869561217408,-0.2166945336074462,1.7985410665559223,-0.010684955963028146,0.2961399831070686,-0.6874206446824462,0.06991039037071911,0.36083783691698385,-0.671197449007315,-0.8360108320497488,0.20220651433644488,-0.3253045373482621,0.41390077802624936,0.1824379127951475,-0.41845838899890947,-0.22522836614699618,0.966391151219254,0.9596532989343877
0.48543435034820953,0.557869561217408,-0.07223151005309006,-0.7030746009502787,-0.010684955963028146,1.0088483492657563,1.496041927314327,-0.020026449484881293,0.7196640943711202,-0.6703205752818702,-0.7988668584956058,0.13060561558669645,-0.36079697419706924,0.41390077802624936,0.2433939939830552,-0.27580075383475683,-0.08490515793358755,0.8437619907920481,0.8369240072733489
0.48543435034820953,0.557869561217408,0.07223151350126605,1.7005801849717677,-0.010684955963028146,0.24806624161886595,-0.6874206446824462,0.06991039037071911,0.7196640943711202,0.09097060004387938,-0.6072148090535854,0.37416753094966676,-0.19459380857555952,-1.0340664544156009,0.19326255206726528,-0.25316836478685967,-0.03166987500869825,0.9653193449499393,0.9536729190129627
0.48543435034820953,0.557869561217408,0.2166945370556222,-0.7030746009502787,-0.010684955963028146,0.9869621973778963,1.4891105497966526,0.2198050281629423,0.36083783691698385,0.6610980720595026,-0.49849641273059914,0.4303879625156736,0.054352076947444136,-1.9181721275394383,0.16856293876555015,-0.21308245435426437,-0.068287691701968,0.834097400603421,0.8332077350452333
0.48543435034820953,0.557869561217408,0.3611575606099783,2.2996097530387503,-0.010684955963028146,-0.6865507261215884,-0.6874206446824462,0.03993149140240772,0.36083783691698385,1.2959010298590872,-0.49818679264571397,0.3917784808447388,0.33928759940442144,-2.925826265413362,0.18542654672314582,-0.18922149389464096,-0.1719044334449564,1.0165215956797846,1.001577974713333
0.48543435034820953,0.557869561217408,0.5056205841643344,-0.7030746009502787,-0.010684955963028146,1.2123982017264372,1.3225786353577464,0.2198050281629423,-0.596032182960713,1.3281982312365432,-0.4733309096964172,0.2658743212875519,1.0084619516719535,-2.782871642477274,0.15417170232677757,-0.18361799378234048,-0.45786219427863456,0.8572128628963408,0.8578390653872697
0.48543435034820953,0.557869561217408,0.6500836077186906,2.300174310725231,-0.010684955963028146,-0.6865507261215884,-0.6874206446824462,0.06991039037071911,-0.596032182960713,1.1852730451522087,-0.48558281997673763,0.22151084073811234,1.4593475640933427,-2.1866234002028215,0.14320968230151793,-0.21247716877436534,-0.6471126556061466,0.9382946566715548,0.9274655961525315
0.48543435034820953,0.557869561217408,0.7945466312730467,-0.7030746009502787,-0.010684955963028146,1.31554045022844,1.2352702636267407,-0.22987888521372726,-0.2970103017489328,0.8041592683861135,-0.5761985300782817,-0.027345880853018232,0.8723145718861621,-0.9058367561877029,0.18462250778896822,-0.15662650758074567,-0.48779110143193405,0.8668961463353467,0.864120111933308
0.48543435034820953,0.557869561217408,0.9390096548274028,1.3806546070176593,-0.010684955963028146,0.6458355828656133,-0.6874206446824462,-0.22987888521372726,0.48044658940169593,0.0936384932577606,-0.6709394929512505,-0.1053116539023976,0.4454768431257219,0.41390077802624936,0.2832946671104844,-0.09218734064181582,-0.30462799758515674,0.9220423134095328,0.9131920161203493
0.48543435034820953,0.557869561217408,1.083472678381759,-0.7030746009502787,-0.010684955963028146,1.1267150436201094,1.4953329960209094,-0.22987888521372726,-0.2970103017489328,-0.04200491370162764,-0.7578425451360594,-0.12122922729087428,-0.008169816577123705,0.34071982362834513,0.3033026071829725,-0.15738034945667864,-0.20115361952370062,0.839098564050916,0.8363284049060076
0.48543435034820953,0.557869561217408,1.227935701936115,1.5746377747661913,-0.010684955963028146,0.48658772512187765,-0.6874206446824462,-0.37977352300595046,0.0020115794628475024,-0.2768579839706411,-0.8335902291838715,-0.1097054810494667,-0.124744927216558,0.41390077802624936,0.339270334468702,-0.19715266513881394,-0.19098116677028507,0.934695307259677,0.9243344878997523
0.48543435034820953,0.557869561217408,1.3723987254904713,-0.7030746009502787,-0.010684955963028146,1.0857200609090452,1.555716621620787,-0.5296681607981737,0.0020115794628475024,-0.3785772978084222,-0.9033312835849117,-0.13419934749410709,-0.36601309947680266,0.41390077802624936,0.33497730644245144,-0.26758136168922747,-0.17764112210277574,0.8352432609030825,0.832382897402489
0.48543435034820953,0.557869561217408,1.5168617490448273,1.0565752031659423,-0.010684955963028146,0.20596836370948415,0.309641851617924,-0.37977352300595046,-0.6558365592030692,-0.5639599119264105,-0.9424129918276055,-0.12335361494941759,-0.3549656553586028,0.3940649245284787,0.29395734170521387,-0.3642201600111476,-0.27808306640791186,0.9520128063077058,0.9418494956610015
0.48543435034820953,0.557869561217408,1.6613247725991833,-0.7030746009502787,-0.010684955963028146,1.22473046119928,1.3135001729195526,-0.37977352300595046,-0.6558365592030692,-0.6212836517781007,-0.9691919981805485,-0.1422982128127285,-0.34178944622764434,0.41390077802624936,0.26318116077505566,-0.41645146934416727,-0.34404112079832916,0.8124405510684232,0.805576902059421
0.48543435034820953,0.6681144931180489,-1.6613247691510074,1.2024297833500617,-0.010684955963028146,0.21490794433583288,0.25412033580055154,-0.5296681607981737,-0.35681467799128885,-0.7192286813927146,-1.0113065917041735,-0.16808594158081255,-0.32494160569853336,0.41390077802624936,0.22500088030714682,-0.48151739204300686,-0.4264142317075126,0.9510297929776904,0.9442793895802717
0.48543435034820953,0.6681144931180489,-1.5168617455966513,-0.7030746009502787,-0.010684955963028146,1.220008011235922,1.257260939997513,-0.6795627985903968,0.0020115794628475024,-0.8017175855424975,-1.0618386768838448,-0.23003467712972728,-0.34790069441029614,0.41390077802624936,0.18828358435076614,-0.5259634839818257,-0.4853263756081049,0.7806408157750102,0.7737512682080896
0.48543435034820953,0.6681144931180489,-1.372398722042295,1.235493047820943,-0.010684955963028146,0.17999054803936015,0.19765424068089876,-0.7395205965270196,0.06181595570520356,-0.894277786574682,-1.1083592685817063,-0.26501786305110026,-0.3513029751894795,0.41390077802624936,0.14981552735785486,-0.5704035035464999,-0.5413820752114493,0.9300586621945685,0.9232912627223162
0.48543435034820953,0.6681144931180489,-1.227935698487939,-0.7030746009502787,-0.010684955963028146,1.2392752054250455,1.256610789965072,-0.82945743638262,0.3010334606746278,-0.95668033196368,-1.149614927285577,-0.31563266303898446,-0.37746904513797075,0.41390077802624936,0.12051751512773003,-0.5936053945409449,-0.5729599555594298,0.7955159697639331,0.7886386666250336
0.48543435034820953,0.6681144931180489,-1.083472674933583,1.271758578090132,-0.010684955963028146,0.17250123694304506,0.18069710200498218,-0.82945743638262,0.3010334606746278,-1.0301461335501427,-1.1871116590038475,-0.3469738047263975,-0.3905492319938889,0.41390077802624936,0.0901983059659174,-0.6154505436551145,-0.6010606248209042,0.9437476934983987,0.9369913452172853
0.48543435034820953,0.6681144931180489,-0.9390096513792268,-0.7030746009502787,-0.010684955963028146,1.2561502132346616,1.26425360900795,-0.6795627985903968,-0.35681467799128885,-1.067540449535982,-1.2061546857752274,-0.38345889873878897,-0.4135229681713358,0.41390077802624936,0.03798301494194415,-0.6472500489560864,-0.6375092208804507,0.8102518230889757,0.8033864771332055
0.48543435034820953,0.6681144931180489,-0.7945466278248707,1.2974940593749238,-0.010684955963028146,0.16835157283951138,0.17199407610820497,-0.82945743638262,-0.057792796779508555,-1.1304850742078985,-1.2422532566832134,-0.4281282314325916,-0.4479550912542315,0.38493302578892735,-0.016328417152335656,-0.6863630783025381,-0.6801161379122934,0.9558280268129002,0.9490814592512554
0.48543435034820953,0.6681144931180489,-0.6500836042705146,-0.7030746009502787,-0.010684955963028146,1.2577248513525934,1.2613053417758961,-0.82945743638262,-0.057792796779508555,-1.161427404325756,-1.2691293237144516,-0.471358649972968,-0.4837445461571888,0.2909892870852082,-0.0698174928786856,-0.7168184202125337,-0.7130025850446651,0.8124218578180444,0.8055582766932945
0.48543435034820953,0.6681144931180489,-0.5056205807161585,1.3182207260982273,-0.010684955963028146,0.1720685618683257,0.17344331659235918,-0.8594363353509314,0.18142470818991568,-1.1991473602185838,-1.283321056009738,-0.48916604148921633,-0.49640809398920316,0.1441313072790645,-0.12205375254392786,-0.7347295383631176,-0.7326090335408486,0.9745324212448017,0.9678011802544878
0.48543435034820953,0.6681144931180489,-0.3611575571618023,-0.7030746009502787,-0.010684955963028146,1.2587028549664279,1.2600565014626166,-0.82945743638262,-0.057792796779508555,-1.1827260851499077,-1.2541715426248767,-0.48157775861213326,-0.4886140147490648,-0.16428745180855767,-0.19883971177675505,-0.7576074248228548,-0.7557996842338921,0.8142564924970475,0.8073944103144007
0.48543435034820953,0.6681144931180489,-0.2166945336074462,1.3247580210225738,-0.010684955963028146,0.1686449216240032,0.1691272345196928,-0.7994785374143086,0.48044658940169593,-1.150699596466213,-1.1875792201207978,-0.4014386947158165,-0.4134090434382371,-0.3247116928128362,-0.2593754560638217,-0.760042229984276,-0.7571903503192897,0.9769328862333474,0.970203647810451
0.48543435034820953,0.6681144931180489,-0.07223151005309006,-0.7030746009502787,-0.010684955963028146,1.2575566556508773,1.2585422041380219,-0.7545101174865084,0.6000553418864081,-1.0985095893650574,-1.121721984402519,-0.3407423781103504,-0.35495589038148007,-0.3268729787170197,-0.2923029713844083,-0.7320806820131045,-0.7286348596642083,0.8139724988855236,0.8071101176380306
0.48543435034820953,0.6681144931180489,0.07223151350126605,1.3275632510121724,-0.010684955963028146,0.1664353656519563,0.16693418097960164,-0.6795627985903968,0.6598597181287641,-1.0732483024438175,-1.0712191217926572,-0.2850118072958844,-0.29687217895920026,-0.1961186749717349,-0.29148832762016363,-0.6821132838834405,-0.6793086825529276,0.9752806904883297,0.9685500837122548
0.48543435034820953,0.6681144931180489,0.2166945370556222,-0.7030746009502787,-0.010684955963028146,1.2569734098593544,1.2576381023232823,-0.6795627985903968,1.0784903518252564,-1.0408307843135787,-1.034687430653568,-0.26481893482712426,-0.2701967027041391,-0.03872791984051575,-0.25793850158973086,-0.6000351712779015,-0.598810972963807,0.8111987081177783,0.8043343240621257
0.48543435034820953,0.6681144931180489,0.3611575606099783,1.3290704104087687,-0.010684955963028146,0.1658590234153544,0.16565019742132528,-0.4697103628615509,0.36083783691698385,-1.0402233154911043,-1.013434968871957,-0.22644650928976084,-0.2248855813584109,0.21623045423893722,-0.21807349925434552,-0.5408503429379661,-0.5417814359070361,0.9720681475650591,0.9653350589747298
0.48543435034820953,0.6681144931180489,0.5056205841643344,-0.7030746009502787,-0.010684955963028146,1.257678827653119,1.2569408854448636,-0.5296681607981737,0.7196640943711202,-1.0571350121064498,-1.0262643727937486,-0.25086743538561007,-0.24387927561024528,0.41390077802624936,-0.15280197528572736,-0.4664175662508003,-0.46860999718670904,0.8083966977316728,0.8015298760767955
0.48543435034820953,0.6681144931180489,0.6500836077186906,1.331221677987814,-0.010684955963028146,0.16552869877230744,0.16434811927559523,-0.5296681607981737,0.7196640943711202,-1.1021334776472462,-1.0691366658060029,-0.2762282973397457,-0.27030086246011503,0.41390077802624936,-0.06813494018099558,-0.4007934188716812,-0.4020506090862611,0.9701835443898512,0.9634487801371292
0.48543435034820953,0.6681144931180489,0.7945466312730467,-0.7030746009502787,-0.010684955963028146,1.2586963698087748,1.2572578022077812,-0.5296681607981737,0.3010334606746278,-1.1375288354088613,-1.1280674567039854,-0.34083769788433893,-0.3357432978924775,0.41390077802624936,0.007371208877825866,-0.35861362371177485,-0.35887642082033727,0.8079329613280452,0.8010658793184577
0.48543435034820953,0.6681144931180489,0.9390096548274028,1.334203029908803,-0.010684955963028146,0.164571667321529,0.16337059318113037,-0.37977352300595046,0.0020115794628475024,-1.1757876011076298,-1.1631133193233618,-0.35557662154575803,-0.35138760499120997,0.41390077802624936,0.04803422467575979,-0.3569298411097197,-0.35674969956554486,0.9719317227858524,0.9651983365069002
0.48543435034820953,0.6681144931180489,1.083472678381759,-0.7030746009502787,-0.010684955963028146,1.2589741855946939,1.2576786844038144,-0.37977352300595046,0.0020115794628475024,-1.1779833818459173,-1.1762923504196587,-0.35876444633497284,-0.35519838731336156,0.41390077802624936,0.06914386198089954,-0.3604212393722759,-0.36001380182816206,0.8100778320662193,0.8032122992587699
0.48543435034820953,0.6681144931180489,1.227935701936115,1.3363661225615735,-0.010684955963028146,0.16333598329029553,0.1622515527697587,-0.4397313209425732,0.24122908443227173,-1.200536887934147,-1.1909850410545344,-0.354045703088743,-0.3510092121277036,0.41390077802624936,0.08891222930141747,-0.3623234105730262,-0.36176583584751054,0.9747775904132312,0.9680465848037807
0.48543435034820953,0.6681144931180489,1.3723987254904713,-0.7030746009502787,-0.010684955963028146,1.2585963728617344,1.2574379113383898,-0.5296681607981737,0.3010334606746278,-1.2063572108500187,-1.2101369566872278,-0.38206971664135686,-0.37882068072137753,0.41390077802624936,0.11267620736857702,-0.3524909356101235,-0.3517578000453125,0.8120147403939294,0.8051507700563953
0.48543435034820953,0.6681144931180489,1.5168617490448273,1.3379415448837644,-0.010684955963028146,0.16236226824845756,0.16135456327841152,-0.5296681607981737,0.3010334606746278,-1.2319644084355093,-1.229695553083102,-0.39686914763756864,-0.3935560311996011,0.41390077802624936,0.13082468689634683,-0.3531335229169099,-0.35232878321587535,0.9770730856111883,0.9703440544166352
0.48543435034820953,0.6681144931180489,1.6613247725991833,-0.7030746009502787,-0.010684955963028146,1.2584290139545542,1.2573517267137548,-0.5896259587347964,0.48044658940169593,-1.2359034742983575,-1.2466578633065064,-0.4257941402712736,-0.42209580433701316,0.41390077802624936,0.1475345248179697,-0.3470253651391042,-0.34612679240261834,0.8137974294060145,0.8069351210661829
0.48543435034820953,0.7783594250186899,-1.6613247691510074,1.3386508701394852,-0.010684955963028146,0.16194679976138265,0.16098142778279806,-0.6795627985903968,1.0784903518252564,-1.2577886992923257,-1.2632232336233336,-0.42249358948847243,-0.4189539229477697,0.41390077802624936,0.17412035175843604,-0.3359929456711563,-0.33498312238623396,0.9792262245177993,0.972498866005422
0.48543435034820953,0.7783594250186899,-1.5168617455966513,-0.7030746009502787,-0.010684955963028146,1.2446587230717654,1.2436253609387504,-0.6795627985903968,1.0784903518252564,-1.2605363677444652,-1.278308341624221,-0.44730325448867464,-0.4433810132203186,0.41390077802624936,0.20534482777779398,-0.3063413258532801,-0.30510399885162975,0.8030870956529278,0.7962159158488631
0.48543435034820953,0.7783594250186899,-1.372398722042295,1.3225736074035415,-0.010684955963028146,0.14937903492634214,0.1484365444348293,-0.6196050006537741,0.8990772230981884,-1.2794862563077685,-1.2891085163829394,-0.4465688777951634,-0.4427096710431298,0.41390077802624936,0.23384482654537023,-0.28645581862372793,-0.2850647822315244,0.9611174976989297,0.95437536139259
0.48543435034820953,0.7783594250186899,-1.227935698487939,-0.7030746009502787,-0.010684955963028146,1.250179265823739,1.2491679527211046,-0.6795627985903968,1.0784903518252564,-1.2772970145234364,-1.2979702606776353,-0.46275914862400713,-0.4586396037227026,0.41390077802624936,0.26225516629510653,-0.2617781238416754,-0.26020572526457236,0.8127371266753944,0.8058738845456795
0.48543435034820953,0.7783594250186899,-1.083472674933583,1.3224401274046749,-0.010684955963028146,0.14940691064431935,0.14847581910297306,-0.5296681607981737,0.7196640943711202,-1.2874153918743183,-1.2959048511900364,-0.44721705225828506,-0.443406239411219,0.41390077802624936,0.27684452024104156,-0.2540772690739814,-0.25244275598617055,0.9633953781032606,0.9566550243367302
0.48543435034820953,0.7783594250186899,-0.9390096513792268,-0.7030746009502787,-0.010684955963028146,1.2499635820321104,1.2489637872025516,-0.5296681607981737,0.7196640943711202,-1.2783648257043845,-1.2928479616553332,-0.4528989396555985,-0.449002385050646,0.41390077802624936,0.28809576290449457,-0.2413322232267922,-0.23960404109289157,0.8143654166290624,0.8075032970702171
0.48543435034820953,0.7783594250186899,-0.7945466278248707,1.3224274064920314,-0.010684955963028146,0.14922935330373283,0.14830407741164936,-0.5296681607981737,0.7196640943711202,-1.2888820792465574,-1.2925613021610127,-0.4380837601749886,-0.43446965784771935,0.41390077802624936,0.299751435223688,-0.23819779381572792,-0.23644365470255635,0.9647637599795466,0.9580245004329092
0.48543435034820953,0.7783594250186899,-0.6500836042705146,-0.7030746009502787,-0.010684955963028146,1.2565935051400552,1.2555993757415032,-0.6795627985903968,1.0784903518252564,-1.28691450800132,-1.3026086478594037,-0.4583727812853371,-0.45439834865905665,0.41390077802624936,0.31773096052697986,-0.2237104103300906,-0.22185377918674812,0.8214587861766451,0.8146026316797023
0.48543435034820953,0.7783594250186899,-0.5056205807161585,1.270775484460897,-0.010684955963028146,0.09537357077108734,0.09878039437022818,-0.4996892618298623,0.6598597181287641,-1.0103239485291635,-1.2341175540931864,0.193432950791505,-0.3569365532412104,0.20706594989307275,0.2778847576630771,-0.45139646445196646,-0.2519693749101552,0.9794746290564866,0.9674110709375969
0.48543435034820953,0.7783594250186899,-0.3611575571618023,-0.7030746009502787,-0.010684955963028146,1.2513267203310934,1.2877548173556388,-0.37977352300595046,0.36083783691698385,-0.5903543995681544,-1.1018516805953449,0.9110035248472007,-0.25073428955041294,-0.5559646266167156,0.19111748416733101,-0.6790092163430985,-0.2865283769513266,0.7999581331279855,0.8004221784781523
0.48543435034820953,0.7783594250186899,-0.2166945336074462,2.2991537710292,-0.010684955963028146,-0.6865507261215884,-0.6874206446824462,-0.37977352300595046,0.36083783691698385,0.2981573561267865,-0.9663741075203578,1.0338823176647531,-0.16840007119188719,-2.324255157908294,0.10301086883788439,-0.7122795374100592,-0.3125852976558342,1.110914960895411,1.0902070864377262
0.48543435034820953,0.7783594250186899,-0.07223151005309006,-0.7030746009502787,-0.010684955963028146,-0.6865507261215884,2.858939014673062,-0.28983668315035005,0.0020115794628475024,0.5542227930277378,-0.8208763239903741,0.8786627688343085,-0.018705413144472986,-2.4219566927395992,0.0013920128709079352,-0.671276264740641,-0.3750512932138188,0.7001363558480336,0.7172601233977642
0.48543435034820953,0.7783594250186899,0.07223151350126605,-0.7030746009502787,-0.010684955963028146,-0.6865507261215884,-0.6874206446824462,-0.22987888521372726,0.0020115794628475024,0.9495051752248079,-0.6997612960889638,0.5259696586657244,0.16163092936602433,-2.7923493935409325,-0.07709963687066473,-0.5560106756011121,-0.43596700941769395,-1.2676136780735823,-1.2761757670616813
0.48543435034820953,0.7783594250186899,0.2166945370556222,1.4811134458423447,-0.010684955963028146,-0.6865507261215884,0.5256891339554618,-0.22987888521372726,-0.2970103017489328,1.4800098557465262,-0.6382679641288866,0.17035230360469383,0.3701278384023337,-3.0974074462064247,-0.12075008150227118,-0.44939800274692543,-0.5208677307216901,0.985946987257351,0.9686712509292535
0.48543435034820953,0.7783594250186899,0.3611575606099783,-0.7030746009502787,-0.010684955963028146,1.704239043305336,0.8723243217955244,-0.37977352300595046,0.0020115794628475024,1.5869099828033222,-0.5991709488258165,-0.2293525190950097,0.8160829511248298,-2.763190665609491,-0.14844580031680465,-0.31591312246898157,-0.6744194071589532,0.8837267221595665,0.8813843936120853
0.48543435034820953,0.7783594250186899,0.5056205841643344,1.3486032821891905,-0.010684955963028146,0.7151413121132352,-0.6874206446824462,-0.37977352300595046,0.0020115794628475024,1.6183427344678492,-0.5693145275617566,-0.11146682469925387,1.1835667076889396,-2.2420738916820304,-0.17358262183992212,-0.3670746096000515,-0.7945435671343398,0.9633324681260244,0.9541289334715319
0.48543435034820953,0.7783594250186899,0.6500836077186906,-0.7030746009502787,-0.010684955963028146,1.2411711726447634,1.3538107300467874,-0.37977352300595046,0.0020115794628475024,1.4627097452662186,-0.5645484655809403,0.024889355292670168,1.7396837823255067,-1.0721113745533057,-0.1811226560176237,-0.4273888995308555,-0.9626322785798486,0.8401825928300938,0.8389924462851536
0.48543435034820953,0.7783594250186899,0.7945466312730467,1.4518587509498564,-0.010684955963028146,0.5751846018022132,-0.6874206446824462,-0.5296681607981737,0.36083783691698385,0.673440347650681,-0.6262247864900619,0.08680244953478919,1.4876448402988731,0.41390077802624936,-0.14520457861811745,-0.4532793341777576,-0.8966713856497688,0.9219707757782756,0.9116991213892882
0.48543435034820953,0.7783594250186899,0.9390096548274028,-0.7030746009502787,-0.010684955963028146,1.149119798921594,1.4199632866616774,-0.6795627985903968,0.6598597181287641,0.3465482309797436,-0.7342870665432804,0.03501977509864611,0.3927573591362038,0.41390077802624936,-0.07808010161414032,-0.44526640275313967,-0.5697279506299188,0.8167719928725397,0.8146650573573789
0.48543435034820953,0.7783594250186899,1.083472678381759,1.0005051827562221,-0.010684955963028146,0.2628408951433702,0.2643375021324369,-0.5296681607981737,0.7196640943711202,-0.16571472969206197,-0.8086995574609921,0.03336535536924601,0.2780489866234011,0.41390077802624936,-0.017312979216518976,-0.43133767768879216,-0.5181117270586523,0.9242177404223646,0.913960363641655
0.48543435034820953,0.7783594250186899,1.227935701936115,-0.7030746009502787,-0.010684955963028146,1.318046022267562,1.3030028019646123,-0.6196050006537741,0.7794684706134762,-0.2866749155441702,-0.8780099268450797,-0.019130145202810943,0.12273865298231447,0.41390077802624936,0.02636156730160358,-0.4171430693851196,-0.4684412132513954,0.7858835535350926,0.7843521716493533
0.48543435034820953,0.7783594250186899,1.3723987254904713,1.139812434620107,-0.010684955963028146,0.214923634233381,0.20185647328279424,-0.6795627985903968,1.0784903518252564,-0.4947921647749579,-0.9339231395225076,-0.009980275767516525,0.08207077825845198,0.41390077802624936,0.06993657302841458,-0.41497306311049775,-0.4488500491995482,0.9305504384737643,0.919454437300261
0.48543435034820953,0.7783594250186899,1.5168617490448273,-0.7030746009502787,-0.010684955963028146,1.3260533091815998,1.3111208915588755,-0.6795627985903968,1.0784903518252564,-0.5896508081225327,-0.981091846072213,-0.07530001584522392,-0.02406150309629912,0.41390077802624936,0.10730751214711229,-0.38627914344340414,-0.4053275939519617,0.7814128110670959,0.7796313576965258
0.48543435034820953,0.7783594250186899,1.6613247725991833,1.2070291995257652,-0.010684955963028146,0.17210569462585631,0.16374864454732374,-0.6795627985903968,0.6598597181287641,-0.7579660985210324,-1.0176172752320574,-0.06300459386830957,-0.03203542066511472,0.41390077802624936,0.1325354388012607,-0.3947806841161455,-0.4066114872762101,0.9411743159438491,0.9296615472862791
0.48543435034820953,0.8886043569193308,-1.6613247691510074,-0.7030746009502787,-0.010684955963028146,1.2667480068332153,1.2582171291218014,-0.9793520741748433,1.0784903518252564,-0.8101384504465079,-1.0633582505139327,-0.10656655944864597,-0.08215335199951457,0.41390077802624936,0.15494248065756294,-0.3928214759725383,-0.402002790610409,0.7910461260098969,0.7841650992906763
0.48543435034820953,0.8886043569193308,-1.5168617455966513,1.2685928625197018,-0.010684955963028146,0.17515570610989892,0.17041827810486582,-0.9793520741748433,0.6598597181287641,-0.8867298720237431,-1.1075055520779893,-0.1308341450385137,-0.11284793008867923,0.41390077802624936,0.1701093158044241,-0.4096454222807596,-0.4164103445402058,0.9185686042093356,0.9117918388712146
0.48543435034820953,0.8886043569193308,-1.372398722042295,-0.7030746009502787,-0.010684955963028146,1.249553134312251,1.244720867927133,-0.9793520741748433,0.6598597181287641,-0.943784206972463,-1.1480024676300233,-0.1897003219834009,-0.17616160050828306,0.41390077802624936,0.1710897805478997,-0.426177677759542,-0.43103624767480675,0.7838292731641389,0.7769423460463091
0.48543435034820953,0.8886043569193308,-1.227935698487939,1.291954191502509,-0.010684955963028146,0.16772167575261182,0.16485325112592886,-0.9793520741748433,0.6598597181287641,-1.0135640002141588,-1.1838209889106692,-0.22094448616162565,-0.21095258650043963,0.41390077802624936,0.1663176070177088,-0.45381673928954186,-0.4573431782188151,0.93566699679379,0.9289042521800376
0.48543435034820953,0.8886043569193308,-1.083472674933583,-0.7030746009502787,-0.010684955963028146,1.2542040383427895,1.251250817545112,-0.82945743638262,-0.057792796779508555,-1.0509027350913758,-1.2055010047196104,-0.26443351139317084,-0.2565949033202476,0.41390077802624936,0.14990181211158254,-0.4805048236544191,-0.4831330578458472,0.7957188993762183,0.7888417035832476
0.48543435034820953,0.8886043569193308,-0.9390096513792268,1.3051276819678117,-0.010684955963028146,0.16017645632136684,0.15826054571331283,-1.0093309731431546,0.48044658940169593,-1.1092472056555338,-1.237925185361802,-0.29559727541420533,-0.2893149004142885,0.41390077802624936,0.1348603067746052,-0.5141718008753158,-0.5162481165956488,0.9432145763770189,0.9364579638532676
0.48543435034820953,0.8886043569193308,-0.7945466278248707,-0.7030746009502787,-0.010684955963028146,1.2595630797493342,1.2575703260650744,-0.9793520741748433,0.3010334606746278,-1.1374052491791007,-1.261587117601744,-0.3323103080165693,-0.3268620511993401,0.41390077802624936,0.12238107299315608,-0.536092637795786,-0.5377771298401328,0.8068219711300518,0.7999538835584008
0.48543435034820953,0.8886043569193308,-0.6500836042705146,1.3230297685808754,-0.010684955963028146,0.16412053046736133,0.16269141859366967,-1.1292467119670664,1.0784903518252564,-1.176166860437054,-1.2800742197712738,-0.32276009553052326,-0.31841941472863267,0.41390077802624936,0.12305809498539377,-0.5534407601149768,-0.5549118653379335,0.9631710590987151,0.9564304965714472
0.48543435034820953,0.8886043569193308,-0.5056205807161585,-0.7030746009502787,-0.010684955963028146,1.259286728353853,1.2577803487911265,-0.9493731752065319,0.6000553418864081,-1.1846720778470916,-1.2823817591230078,-0.34932944644531283,-0.3453341329232011,0.41390077802624936,0.11519485450951109,-0.5535368337487623,-0.5547221198789586,0.8099117497263154,0.8030461036841029
0.48543435034820953,0.8886043569193308,-0.3611575571618023,1.3287570459550542,-0.010684955963028146,0.16064521816044697,0.15949202359007608,-0.82945743638262,0.6598597181287641,-1.1876237616626455,-1.2540254297758298,-0.3394228208913099,-0.3391162837402926,0.41390077802624936,0.08529863345605627,-0.560506618043565,-0.5605371959013027,0.9671126387867585,0.9603753900519066
0.48543435034820953,0.8886043569193308,-0.2166945336074462,-0.7030746009502787,-0.010684955963028146,1.2580562219888103,1.257108861788509,-0.6795627985903968,0.6598597181287641,-1.142270884817456,-1.1894734688423703,-0.30603934943774364,-0.3121022882783096,0.41390077802624936,0.03876415708393145,-0.561301231574468,-0.5593733946396966,0.811672689860556,0.8048085545381154
0.48543435034820953,0.8886043569193308,-0.07223151005309006,1.335037772613123,-0.010684955963028146,0.16310659698814162,0.1626261002707515,-0.6795627985903968,0.6598597181287641,-1.0952152643622306,-1.1081362725430417,-0.20200237490111445,-0.21313831387974758,0.41390077802624936,-0.020291249333315366,-0.5906136659222753,-0.5878524630730966,0.9746325379800035,0.9679014706874766
0.48543435034820953,0.8886043569193308,0.07223151350126605,-0.7030746009502787,-0.010684955963028146,1.2568625345833473,1.2568222769929993,-0.6795627985903968,1.0784903518252564,-1.0511342140614037,-1.0533529992315767,-0.18999125451096574,-0.19957394690815994,0.41390077802624936,-0.045639203382314024,-0.5670801799254421,-0.5647157446336396,0.8097958156254085,0.8029300533259301
0.48543435034820953,0.8886043569193308,0.2166945370556222,1.3354862295757575,-0.010684955963028146,0.1623527497106117,0.16209173467941607,-0.6795627985903968,1.0784903518252564,-1.0321320138664556,-1.0128303399870915,-0.14489422613561484,-0.149552851596894,0.41390077802624936,-0.05765857316903566,-0.5507400717142307,-0.5501900637840438,0.9714731989231957,0.9647394566073885
0.48543435034820953,0.8886043569193308,0.3611575606099783,-0.7030746009502787,-0.010684955963028146,1.2569388920847484,1.2564323543223204,-0.6795627985903968,1.0784903518252564,-1.0203677818049515,-1.0000802544690681,-0.15031336250376004,-0.14791559043264693,0.41390077802624936,-0.049614809563147275,-0.517933202916795,-0.5195303418422648,0.8067596003811918,0.7998914578807241
0.48543435034820953,0.8886043569193308,0.5056205841643344,1.3358076565797392,-0.010684955963028146,0.16271947491597036,0.16166781928664203,-0.6795627985903968,1.0784903518252564,-1.0574122637541667,-1.0304251101142277,-0.19278122285222862,-0.1852869716294891,0.41390077802624936,0.0012404120047215686,-0.45964188105811493,-0.46238638980217645,0.9684348267654738,0.961698609744299
0.48543435034820953,0.8886043569193308,0.6500836077186906,-0.7030746009502787,-0.010684955963028146,1.2581411566342042,1.2565319268498114,-0.6046154796942852,0.5402509656440521,-1.0848915638571432,-1.073046923956687,-0.24650510520733715,-0.23990004743272633,0.41390077802624936,0.045306614178731004,-0.419983205520683,-0.42182715161298706,0.8052619834373832,0.798392627593425
0.48543435034820953,0.8886043569193308,0.7945466312730467,1.33707186446162,-0.010684955963028146,0.16290634159576878,0.16150695526638875,-0.5296681607981737,0.7196640943711202,-1.1394199008928183,-1.1265478830738975,-0.2772320560032244,-0.27237998883916636,0.41390077802624936,0.09919144288167557,-0.38763653593519487,-0.3884433049920715,0.9688148030279811,0.9620788946922442
0.48543435034820953,0.8886043569193308,0.9390096548274028,-0.7030746009502787,-0.010684955963028146,1.2588620551268832,1.2573239049781324,-0.5296681607981737,0.7196640943711202,-1.165614296543521,-1.1727268490151779,-0.32748961405555177,-0.3231407811674803,0.41390077802624936,0.15095795677871873,-0.34646280304872157,-0.34648466674929235,0.8069328724327798,0.8000648170577476
0.48543435034820953,0.8886043569193308,1.083472678381759,1.3386399409046787,-0.010684955963028146,0.16234286507515636,0.16112173928030765,-0.37977352300595046,0.36083783691698385,-1.2014660732912366,-1.202076745735875,-0.352431897871738,-0.34851832921330983,0.41390077802624936,0.19884454898439763,-0.31000361807390164,-0.30945373336053317,0.9720309408070936,0.9652978082424769
0.48543435034820953,0.8886043569193308,1.227935701936115,-0.7030746009502787,-0.010684955963028146,1.258838624879878,1.2575358103780239,-0.4397313209425732,0.48044658940169593,-1.2108586267530477,-1.2213142417515817,-0.39525617128816354,-0.3911481505907507,0.41390077802624936,0.23656014508027579,-0.2719330852457497,-0.2709072381412284,0.8099108510123549,0.8030452849866907
0.48543435034820953,0.8886043569193308,1.3723987254904713,1.3391969735442433,-0.010684955963028146,0.16195208202689054,0.16086893802091096,-0.5296681607981737,1.0784903518252564,-1.2373793162061344,-1.2390982628070073,-0.4110659918886532,-0.40706669079701363,0.41390077802624936,0.29384936525362165,-0.22169373150261623,-0.22017751234146668,0.9755075258919647,0.9687772722441274
0.48543435034820953,0.8886043569193308,1.5168617490448273,-0.7030746009502787,-0.010684955963028146,1.258652228897006,1.2574977385292774,-0.5296681607981737,1.0784903518252564,-1.23799397787796,-1.2492343198780338,-0.431211618904219,-0.427114188830011,0.41390077802624936,0.3471781634346395,-0.16903388605140218,-0.16705686274909956,0.8127531237838916,0.8058898491452166
0.48543435034820953,0.8886043569193308,1.6613247725991833,1.3391460898936687,-0.010684955963028146,0.16182028688748612,0.1608154910024783,-0.4697103628615509,0.8990772230981884,-1.2530675745363888,-1.2537126787013222,-0.41831692565257705,-0.4146410580518902,0.41390077802624936,0.38490050805874215,-0.14219160675735684,-0.13995754294085697,0.9784457813144848,0.9717178286742281
0.48543435034820953,0.9988492888199717,-1.6613247691510074,-0.7030746009502787,-0.010684955963028146,1.2583777602892303,1.2573038231238485,-0.37977352300595046,1.0784903518252564,-1.2443831897879682,-1.248972012525221,-0.42605854903564166,-0.42237329243691785,0.41390077802624936,0.42818074771346104,-0.09380736331535419,-0.09119208658751334,0.8149100372891368,0.808048549546711
0.48543435034820953,0.9988492888199717,-1.5168617455966513,1.3163607853354997,-0.010684955963028146,0.13945585462270016,0.13849362092550835,-0.37977352300595046,1.0784903518252564,-1.253405638455893,-1.2453205828499914,-0.4094845125080443,-0.406194352840715,0.41390077802624936,0.47650358406508164,-0.05155882020531245,-0.04861835863480089,0.9453254757274855,0.9385704078509756
0.48543435034820953,0.9988492888199717,-1.372398722042295,-0.7030746009502787,-0.010684955963028146,1.2356516758859597,1.234620741152246,-0.4397313209425732,0.8990772230981884,-1.2469948479978312,-1.2472590133140138,-0.4230970051011995,-0.4196244513768649,0.41390077802624936,0.5152811092808598,-0.018327318958775225,-0.01513319798285623,0.7994429902858161,0.7925688235520743
0.48543435034820953,0.9988492888199717,-1.227935698487939,1.3107010542157809,-0.010684955963028146,0.1411431462050278,0.14020209513800957,-0.5296681607981737,1.0784903518252564,-1.268602167448687,-1.2624711003384776,-0.4387078974777132,-0.4349977803604412,0.41390077802624936,0.5601072439367224,0.000996059921404588,0.004341804292035185,0.9489050534322319,0.9421530277265573
0.48543435034820953,0.9988492888199717,-1.083472674933583,-0.7030746009502787,-0.010684955963028146,1.2422474996165662,1.2412377121387885,-0.5446576817576625,0.7196640943711202,-1.2707083645177828,-1.2767223214365901,-0.4738593435218659,-0.46954220068024843,0.41390077802624936,0.5782159553517406,-0.005650587320711112,-0.0023350960416708036,0.8084579900237802,0.8015912783827069
0.48543435034820953,0.9988492888199717,-0.9390096513792268,1.3146323537260176,-0.010684955963028146,0.14613357961850812,0.14520315670914055,-0.5596470597664851,0.48044658940169593,-1.2876089449114039,-1.2865971148180115,-0.4719852738784923,-0.46772510118732413,0.41390077802624936,0.5709434521143679,-0.05214805736782969,-0.04913912148825878,0.9579646293826376,0.9512198968917992
0.48543435034820953,0.9988492888199717,-0.7945466278248707,-0.7030746009502787,-0.010684955963028146,1.2426673612749546,1.2416684260759816,-0.6795627985903968,0.6598597181287641,-1.2941557456117416,-1.3071934603298545,-0.5166181363978993,-0.5115617109875177,0.41390077802624936,0.5590674885524172,-0.09427471925397203,-0.09154537560088644,0.8098526143477133,0.8029869527960748
0.48543435034820953,0.9988492888199717,-0.6500836042705146,1.3186605830072433,-0.010684955963028146,0.15092762781434418,0.1500024584005131,-0.6795627985903968,0.3010334606746278,-1.3160978595051236,-1.3240677549560953,-0.5284452481808702,-0.5231852887559596,0.41390077802624936,0.5186794752796321,-0.17177556297762336,-0.16956918869957605,0.966675144830778,0.9599373869364048
0.48543435034820953,0.9988492888199717,-0.5056205807161585,-0.7030746009502787,-0.010684955963028146,1.2568116993152914,1.2558177659068404,-0.6795627985903968,0.3010334606746278,-1.3050751448221833,-1.31999920788561,-0.5427589627635407,-0.5372468558127137,0.41390077802624936,0.4596930002578214,-0.24324502108229534,-0.24152180215868638,0.8235585414740013,0.816704023262346
0.48543435034820953,0.9988492888199717,-0.3611575571618023,1.3300479498367084,-0.010684955963028146,0.1590293156119634,0.15813702139086866,-0.5296681607981737,0.7196640943711202,-1.2747448607945693,-1.2649226652128436,-0.47836838326532105,-0.4770132219272426,0.41390077802624936,0.39675285177190706,-0.2834760178828421,-0.28089387572135566,0.9808728482362619,0.974146903896086
0.48543435034820953,0.9988492888199717,-0.2166945336074462,-0.7030746009502787,-0.010684955963028146,1.2568937051798097,1.2562166835747506,-0.5296681607981737,0.0020115794628475024,-1.2121056052723789,-1.1907394323130411,-0.43644840440038624,-0.44182594061352126,0.20411281354985644,0.3050615628609186,-0.3313104945942664,-0.32684743101523145,0.8219270161500755,0.8150711312738068
0.48543435034820953,0.9988492888199717,-0.07223151005309006,1.269510739075665,-0.010684955963028146,0.10458003655473001,0.1060450051574261,-0.5296681607981737,0.0020115794628475024,-0.7213898056750374,-1.0339666072649365,-0.09018233360142569,-0.2350191863675405,-1.1074826349733355,0.14590041691217706,-0.49823203561662804,-0.4484251416469993,0.9843959867042876,0.9724507675324581
0.48543435034820953,0.9988492888199717,0.07223151350126605,-0.7030746009502787,-0.010684955963028146,1.2925020322646443,1.3022403190597707,-0.5296681607981737,-0.35681467799128885,-0.38132954352833054,-0.8744614719396544,-0.011678625479711312,-0.10240754204827672,-1.9891382296799303,-0.03274710428484385,-0.5984390043599306,-0.5701677059283944,0.8103276745472435,0.8107258947588045
0.48543435034820953,0.9988492888199717,0.2166945370556222,2.3487819929432927,-0.010684955963028146,-0.6865507261215884,-0.6874206446824462,-0.5296681607981737,-0.35681467799128885,-0.08511950660781821,-0.7669342432241364,0.023253170650467867,0.0039175976046486125,-2.6189306539349384,-0.1476849037594909,-0.6493163911292421,-0.6455951286327578,1.130772405338658,1.1102498224589978
0.48543435034820953,0.9988492888199717,0.3611575606099783,-0.7030746009502787,-0.010684955963028146,1.3104692661422452,1.3151738699625257,-0.5596470597664851,-0.35681467799128885,-0.017221624314541446,-0.7187629242197805,-0.07194310206562954,0.0782144260430609,-2.800690606327391,-0.23289037500899268,-0.6658787916082416,-0.7158053154375311,0.8700107294369206,0.8726916691641973
0.48543435034820953,0.9988492888199717,0.5056205841643344,2.4576038464083627,-0.010684955963028146,-0.6865507261215884,-0.6874206446824462,-0.5296681607981737,-0.35681467799128885,-0.020981522839006384,-0.7143767556464862,-0.0976578904849224,0.16566874740627976,-2.6655834541393055,-0.2686549233913913,-0.6821837667976173,-0.7668033924099971,1.0598369124349092,1.0531753557425134
0.48543435034820953,0.9988492888199717,0.6500836077186906,-0.7030746009502787,-0.010684955963028146,1.3339775442379496,1.3012947984205707,-0.5296681607981737,-0.35681467799128885,-0.09751540162143243,-0.786111902549281,-0.29338088345207314,0.1641860983798095,-2.3504863681871937,-0.2770235804275169,-0.655543393943875,-0.7997968306527228,0.8924908009597536,0.8920362609672555
0.48543435034820953,0.9988492888199717,0.7945466312730467,1.5443258107820108,-0.010684955963028146,0.5275684823258314,-0.6874206446824462,-0.48469974087037343,-0.1175971730218646,-0.46477313495562983,-0.8877862679972622,-0.35030916794839445,-0.051458773910349906,-1.0847367311121194,-0.21096537088301273,-0.6190401842565078,-0.7157500730887156,0.9863916709250157,0.9763297558712392
0.48543435034820953,0.9988492888199717,0.9390096548274028,-0.7030746009502787,-0.010684955963028146,1.1199073016732857,1.501604391764983,-0.5296681607981737,0.0020115794628475024,-0.5542678743734332,-0.9919090673299868,-0.4067848907351705,-0.452412803310765,-0.48946432805518053,-0.1476774321746709,-0.5821921504659376,-0.5663917931297162,0.8562246370253543,0.8544844527409726
0.48543435034820953,0.9988492888199717,1.083472678381759,1.0601660838871239,-0.010684955963028146,0.2222666108852304,0.2888361092428924,-0.5296681607981737,0.0020115794628475024,-0.7235326208862847,-1.0640108879063424,-0.41467819688901675,-0.4956423570331611,0.03456133174978561,-0.10673097819130745,-0.5691937998687225,-0.5410772597215427,0.9725302662835579,0.9623611406250839
0.48543435034820953,0.9988492888199717,1.227935701936115,-0.7030746009502787,-0.010684955963028146,1.2409628108053241,1.2941812199124663,-0.5896259587347964,0.06181595570520356,-0.786199993910484,-1.1019400440802447,-0.42069826226708934,-0.5004296370675874,0.3719198954121757,-0.08441648757922708,-0.5631196907602268,-0.535268515826138,0.8279365366612725,0.8210856918121892
0.48543435034820953,0.9988492888199717,1.3723987254904713,1.2043251993339643,-0.010684955963028146,0.22192383892346187,0.24369502941645296,-0.5296681607981737,0.0020115794628475024,-0.8764388662884337,-1.1338886621875621,-0.41483982607099723,-0.4830520465295674,0.41390077802624936,-0.06792356663624925,-0.5563574515388614,-0.5323823760370369,0.967035529128946,0.9602982278208113
0.48543435034820953,0.9988492888199717,1.5168617490448273,-0.7030746009502787,-0.010684955963028146,1.2552466843345222,1.2751990563365996,-0.5296681607981737,0.0020115794628475024,-0.9344021158369807,-1.1547080037380697,-0.42162742284657706,-0.4749943129071149,0.41390077802624936,-0.061193355845489156,-0.5474345314745959,-0.5283780699701336,0.8182633188186245,0.8114045949134794
0.48543435034820953,0.9988492888199717,1.6613247725991833,1.2602441813020142,-0.010684955963028146,0.19909106321686376,0.2081050677548165,-0.6196050006537741,0.12162033194755961,-1.0075664716460906,-1.1807098288891773,-0.41950469292323356,-0.4591701674797051,0.41390077802624936,-0.05003972582242639,-0.5449069057369668,-0.5305406004945138,0.9691146140052102,0.9623789472937982
0.48543435034820953,1.1090942207206127,-1.6613247691510074,-0.7030746009502787,-0.010684955963028146,1.25817672040198,1.266862576576999,-0.6795627985903968,0.0020115794628475024,-1.051943736561106,-1.205935864389393,-0.4379527990942045,-0.46616351859577837,0.41390077802624936,-0.054334923018463335,-0.5551880857750436,-0.5447490199495293,0.815179112248916,0.8083176963209564
0.48543435034820953,1.1090942207206127,-1.5168617455966513,1.2781156302240628,-0.010684955963028146,0.1716892847449285,0.1755385233893119,-0.6795627985903968,0.0020115794628475024,-1.108674393289024,-1.229442986586892,-0.4409077120878474,-0.46039811335289044,0.41390077802624936,-0.06639092767268946,-0.5786140040013179,-0.5713673164595883,0.9513225939860274,0.9445724832538225
0.48543435034820953,1.1090942207206127,-1.372398722042295,-0.7030746009502787,-0.010684955963028146,1.2509886553385894,1.25473627437926,-0.7095416975587082,-0.1175971730218646,-1.1312154753647379,-1.2414489402379836,-0.4404402307615039,-0.45361552299304986,0.41390077802624936,-0.08248689054474687,-0.6027892098229167,-0.5978982732877257,0.8098186429600056,0.8029529768534704
0.48543435034820953,1.1090942207206127,-1.227935698487939,1.2989738061006117,-0.010684955963028146,0.16804279565576388,0.1694928393199498,-0.82945743638262,0.3010334606746278,-1.176546773661874,-1.2645532084373965,-0.44173657968774727,-0.450180692290124,0.41390077802624936,-0.09027155887058701,-0.6216519557501387,-0.6184936253324672,0.9625635284614045,0.9558226137429235
0.48543435034820953,1.1090942207206127,-1.083472674933583,-0.7030746009502787,-0.010684955963028146,1.2581043376746246,1.259489816637043,-0.82945743638262,0.3010334606746278,-1.1962270633820167,-1.2834442082682205,-0.46247484703724145,-0.46714164380424006,0.41390077802624936,-0.09578293726022714,-0.6273350473378325,-0.6253471701728598,0.8171007424392974,0.8102410212164569
0.48543435034820953,1.1090942207206127,-0.9390096513792268,1.3158766739839063,-0.010684955963028146,0.1666454010804675,0.16692068848375463,-0.82945743638262,0.3010334606746278,-1.2335886845980781,-1.303363564246146,-0.4687526902388829,-0.47082792266807666,0.41390077802624936,-0.09883688730068413,-0.6343805194389358,-0.6332656040850821,0.9722971398821993,0.9655640895757797
0.48543435034820953,1.1090942207206127,-0.7945466278248707,-0.7030746009502787,-0.010684955963028146,1.2584007721389676,1.2586137457439082,-0.82945743638262,-0.057792796779508555,-1.2430230873652053,-1.3147648890123718,-0.481240409498974,-0.48133178305977703,0.41390077802624936,-0.10845498613380518,-0.6454864580081326,-0.6450324427319776,0.8179083268042195,0.8110492802366049
0.48543435034820953,1.1090942207206127,-0.6500836042705146,1.3278631778821086,-0.010684955963028146,0.1673299513104931,0.16701633877408079,-0.82945743638262,-0.057792796779508555,-1.2739163753283957,-1.330794164328291,-0.48921660241281023,-0.4878840827091395,0.41390077802624936,-0.12650561200231955,-0.6691253430704731,-0.6692617805922745,0.9816155454532346,0.974890076471968
0.48543435034820953,1.1090942207206127,-0.5056205807161585,-0.7030746009502787,-0.010684955963028146,1.257931958000229,1.2586281795766747,-0.664573277630908,-0.47642343047600094,-1.206327131661823,-1.2968319720060126,-0.37495305942861673,-0.4770010157058392,0.2763458763928009,-0.18521298717827367,-0.7370912581643001,-0.705660156334716,0.818496265477191,0.811637514327237
0.48543435034820953,1.1090942207206127,-0.3611575571618023,1.2848931891463686,-0.010684955963028146,0.1171870784332994,0.12382858535221858,-0.6795627985903968,0.0020115794628475024,-1.0129460690653556,-1.1822248799786996,-0.061594690080879935,-0.34277245392466743,0.0020453908540329574,-0.27416268649805403,-0.8324136525199045,-0.7499341695452384,0.9879561521874868,0.9762384711097841
0.48543435034820953,1.1090942207206127,-0.2166945336074462,-0.7030746009502787,-0.010684955963028146,1.2432342895730277,1.263833563555845,-0.6795627985903968,0.0020115794628475024,-0.9622704837003149,-1.10857982940622,-0.05652202036949287,-0.29517470043602956,0.15294180789924372,-0.3192435780943919,-0.8258843322210799,-0.7563973060074412,0.8160878918057927,0.8092274738202114
0.48543435034820953,1.1090942207206127,-0.07223151005309006,1.3217619773433202,-0.010684955963028146,0.15360380133947296,0.17013734133087347,-0.6795627985903968,0.48044658940169593,-0.9738882431932138,-1.0579945174029672,-0.055538983396011654,-0.2241182169061818,0.41390077802624936,-0.34637483072671793,-0.8104329593400105,-0.7621449121255006,0.9674954909339395,0.9607585404407943
0.48543435034820953,1.1090942207206127,0.07223151350126605,-0.7030746009502787,-0.010684955963028146,1.3074800268613724,1.3270811544369807,-0.5296681607981737,0.0020115794628475024,-0.8184206895266597,-0.9005370492907571,0.04797829115548032,-0.05544125708024312,0.41390077802624936,-0.4421251183458854,-0.8301681753094874,-0.8029982666935612,0.8008936943608855,0.8000711619626918
0.48543435034820953,1.1090942207206127,0.2166945370556222,1.2685865916472718,-0.010684955963028146,0.10106842828482095,0.11104486390915988,-0.5296681607981737,0.0020115794628475024,-0.43280745854372227,-0.7736818737482176,0.18066756088544744,0.16303871356788685,-0.11845794316359681,-0.5128468019123928,-0.8560187057834402,-0.8555824322897245,0.9657052527245861,0.9536254345630578
0.48543435034820953,1.1090942207206127,0.3611575606099783,-0.7030746009502787,-0.010684955963028146,1.3078214390320202,1.312160127518067,-0.42474194293375067,0.0020115794628475024,-0.2132457320998588,-0.6873938870803492,0.23558998579001114,0.4308342599301644,-0.07793266797421573,-0.5477581435121209,-0.8430210057977406,-0.9046046673079179,0.7936660569476013,0.7937778349554713
0.48543435034820953,1.1090942207206127,0.5056205841643344,1.8209906106874127,-0.010684955963028146,0.20977441905671343,-0.6874206446824462,-0.5146786398386849,0.18142470818991568,-0.06217954834081317,-0.6525738036015238,0.3013813515320615,0.5653476335440829,0.06220739244548678,-0.5625636913801055,-0.8520016134163785,-0.9330616824716327,0.9892889449909362,0.9759068986578621
0.48543435034820953,1.1090942207206127,0.6500836077186906,-0.7030746009502787,-0.010684955963028146,1.1720490151984548,1.461925157931798,-0.5896259587347964,0.36083783691698385,-0.12369279599185068,-0.695226231564736,0.2615227663880777,0.6258758442394234,0.41390077802624936,-0.5306911156323292,-0.8291937761298076,-0.9391108288415267,0.8116349438742142,0.8110795720408547
0.48543435034820953,1.1090942207206127,0.7945466312730467,1.7531207792101198,-0.010684955963028146,0.2624631870097278,-0.6874206446824462,-0.6795627985903968,0.6598597181287641,-0.508591319307442,-0.8124191731324438,0.1695242648723939,0.37384097095325786,0.41390077802624936,-0.4609106107342762,-0.8022586762595542,-0.8670496958276287,0.973782893801729,0.9609449987764122
0.48543435034820953,1.1090942207206127,0.9390096548274028,-0.7030746009502787,-0.010684955963028146,1.1246787041169939,1.496195679011188,-0.6795627985903968,0.3010334606746278,-0.6497287553803179,-0.9385563083882384,-0.02190436505967573,-0.13710413326158008,0.41390077802624936,-0.3805332293916826,-0.738696967384498,-0.7053538124003759,0.8195628592055347,0.8189362017565813
0.48543435034820953,1.1090942207206127,1.083472678381759,1.1655808827771024,-0.010684955963028146,0.154200174345278,0.23054298375536966,-0.6795627985903968,0.3010334606746278,-0.79095512122699,-1.0131524840304664,-0.05915035952877529,-0.1922868327303108,0.41390077802624936,-0.332540829904198,-0.7245960471390541,-0.6849562847351869,0.9590820903211467,0.9481784360056507
0.48543435034820953,1.1090942207206127,1.227935701936115,-0.7030746009502787,-0.010684955963028146,1.230485306421306,1.2938279047886592,-0.6196050006537741,0.36083783691698385,-0.8383246114720837,-1.0519377919222366,-0.11067276953854982,-0.23186916749736136,0.41390077802624936,-0.3034168332947195,-0.7015355557139729,-0.6648356238616896,0.8062496700799934,0.7993812047185997
0.48543435034820953,1.1090942207206127,1.3723987254904713,1.2697010152619685,-0.010684955963028146,0.18489923708661465,0.2118926937401424,-0.6795627985903968,0.6598597181287641,-0.9145714301758593,-1.0916366530082857,-0.14570402978071698,-0.24560523531669062,0.41390077802624936,-0.26752912427222353,-0.6750274738683777,-0.644435476006043,0.9569515990063409,0.9502061448212007
0.48543435034820953,1.1090942207206127,1.5168617490448273,-0.7030746009502787,-0.010684955963028146,1.2495472767504998,1.274745750313337,-0.6795627985903968,0.3010334606746278,-0.961325604853732,-1.1222267695072026,-0.18872474481831877,-0.26620038581665534,0.41390077802624936,-0.2409351026903417,-0.6516828820815381,-0.6277147306005512,0.8037922266263507,0.796921633018139
0.48543435034820953,1.1090942207206127,1.6613247725991833,1.3007341295755948,-0.010684955963028146,0.176441650112945,0.18810955498504614,-0.7694996384459972,0.6000553418864081,-1.016752394162905,-1.1465569940876663,-0.18738695251208043,-0.24611220037897985,0.41390077802624936,-0.22271552259734936,-0.6487186960170237,-0.6308757720385008,0.9615691913354865,0.9548274870384516
0.48543435034820953,1.2193391526212536,-1.6613247691510074,-0.7030746009502787,-0.010684955963028146,1.2548333078337872,1.266209497940808,-0.82945743638262,0.6598597181287641,-1.049948701709255,-1.1724158373793494,-0.2179754824187844,-0.26114212766707295,0.41390077802624936,-0.20926281361951435,-0.6408645138021822,-0.6278324208219406,0.8049299985003676,0.7980604411184439
0.48543435034820953,1.2193391526212536,-1.5168617455966513,1.3045530908854432,-0.010684955963028146,0.15699083182284976,0.162219181239025,-1.1292467119670664,0.6598597181287641,-1.1061660505516593,-1.211384134220164,-0.23826947673473226,-0.26937156213726704,0.41390077802624936,-0.18405079421046658,-0.6347726213122634,-0.6255098403304389,0.9452634644642096,0.9385083915220049
0.48543435034820953,1.2193391526212536,-1.372398722042295,-0.7030746009502787,-0.010684955963028146,1.255763823357709,1.2609158374771814,-1.0393099435867992,0.8990772230981884,-1.1355174531721215,-1.2424807752624436,-0.2806503059852114,-0.30247402083528213,0.41390077802624936,-0.1675265408150178,-0.6237649250819036,-0.6171846218496664,0.80822558259359,0.8013585636433024
0.48543435034820953,1.2193391526212536,-1.227935698487939,1.3186569996515691,-0.010684955963028146,0.15760169183405756,0.1597700317603187,-0.9793520741748433,0.6598597181287641,-1.1817563582782935,-1.271140114827526,-0.31188949695783674,-0.3268091575732585,0.41390077802624936,-0.15097071394823292,-0.6173453412586896,-0.6127960211823078,0.9572832244577723,0.9505381266218287
0.48543435034820953,1.2193391526212536,-1.083472674933583,-0.7030746009502787,-0.010684955963028146,1.2569629499276556,1.2590754192064555,-0.9793520741748433,0.6598597181287641,-1.1974851581230725,-1.287803937373592,-0.3403453505299984,-0.35021092524791914,0.41390077802624936,-0.14513998556225424,-0.6126995412971715,-0.6096111796810345,0.8110128540707431,0.8041480704008609
0.48543435034820953,1.2193391526212536,-0.9390096513792268,1.3291200398848573,-0.010684955963028146,0.1595208278024883,0.16016947239318424,-0.9193942762382205,0.7794684706134762,-1.2321233050166303,-1.3052108481233822,-0.358878830063759,-0.3650927503829839,0.41390077802624936,-0.13394007991708054,-0.6074417327700946,-0.6054103593298076,0.9683756913868716,0.961639458856271
0.48543435034820953,1.2193391526212536,-0.7945466278248707,-0.7030746009502787,-0.010684955963028146,1.257611047295711,1.2582041595909097,-0.9793520741748433,1.0784903518252564,-1.2471099335874496,-1.3249085996135868,-0.4031130072676142,-0.4061495966955691,0.41390077802624936,-0.11910271755889468,-0.5909597912485092,-0.5895889942989039,0.813363350563084,0.8065005974146827
0.48543435034820953,1.2193391526212536,-0.6500836042705146,1.3371963860713008,-0.010684955963028146,0.16238005013234547,0.1622612276214319,-0.9793520741748433,0.6598597181287641,-1.270052507436037,-1.3336384944564046,-0.3927927767812612,-0.39419400970495383,0.41390077802624936,-0.10833592281441558,-0.5905603157780062,-0.589798391186311,0.9786532044965724,0.9719253684682088
0.48543435034820953,1.2193391526212536,-0.5056205807161585,-0.7030746009502787,-0.010684955963028146,1.3167487815382812,1.3181982808920727,-0.9643625532153545,0.7794684706134762,-1.1797155507487536,-1.2872956733915502,-0.20089998099324763,-0.3637744784714132,0.41390077802624936,-0.13897375891597127,-0.6518852222628515,-0.5995540153077555,0.8067020826877186,0.8058077747296482
0.48543435034820953,1.2193391526212536,-0.3611575571618023,1.2767224215379083,-0.010684955963028146,0.09065807666230902,0.10213364566367389,-0.82945743638262,0.6598597181287641,-0.7492634047015361,-1.1564791002011598,0.4631605585481137,-0.18431047391721453,0.09586802302001768,-0.22484950362948625,-0.8516715365075264,-0.658550660350607,0.9845899291769676,0.9724522002529293
0.48543435034820953,1.2193391526212536,-0.2166945336074462,-0.7030746009502787,-0.010684955963028146,1.2600099280315056,1.308673206382044,-0.6795627985903968,0.6598597181287641,-0.34208601136385,-1.0032529906198013,0.785321501806787,-0.07699418908633048,-0.6048683781426273,-0.3106693319662838,-0.9266716464361883,-0.6764579153350047,0.803075412371441,0.8035248369958594
0.48543435034820953,1.2193391526212536,-0.07223151005309006,2.3343392778981653,-0.010684955963028146,-0.6865507261215884,-0.6874206446824462,-0.4397313209425732,0.24122908443227173,0.6235736308899469,-0.852801981507127,0.8427098078210526,0.027270540393695468,-2.342084602131868,-0.39743371323564797,-0.9338984222796045,-0.7002256629763457,1.1149740923694902,1.0945965326129847
0.48543435034820953,1.2193391526212536,0.07223151350126605,-0.7030746009502787,-0.010684955963028146,-0.6865507261215884,2.8861524374595215,-0.37977352300595046,0.36083783691698385,0.9036304898539623,-0.7245893480193945,0.628812234990898,0.16316972701095037,-2.471257533970967,-0.45513435261182394,-0.8466492493490522,-0.7128401332362908,0.7025580304860475,0.7192733003342486
0.48543435034820953,1.2193391526212536,0.2166945370556222,-0.7030746009502787,-0.010684955963028146,-0.6865507261215884,-0.6874206446824462,-0.22987888521372726,0.0020115794628475024,1.332194185998805,-0.6103012690458338,0.35430869212366634,0.4150304582050937,-2.7677892205855796,-0.5191176307461557,-0.7615093589516772,-0.7852816305649576,-1.2676136780735823,-1.2761757670616813
0.48543435034820953,1.2193391526212536,0.3611575606099783,0.7721335360245737,-0.010684955963028146,0.6403159815074924,0.15885421553058038,-0.28983668315035005,0.18142470818991568,1.4838246814842182,-0.558606543053032,-0.010720454534227089,0.8672693337060767,-2.517862590251804,-0.537096191973987,-0.6325095775909284,-0.9022840519592594,1.0297537208060872,1.0121238207536294
0.48543435034820953,1.2193391526212536,0.5056205841643344,-0.7030746009502787,-0.010684955963028146,1.4624665084310315,1.1322250396465379,-0.37977352300595046,0.36083783691698385,1.4625737350239423,-0.5235728565044095,-0.029232383510390286,1.38858240238099,-1.8004938364116518,-0.5486472621057005,-0.614828125305308,-1.034501045944314,0.8537215389025175,0.8546322276238663
0.48543435034820953,1.2193391526212536,0.6500836077186906,1.4821660565716601,-0.010684955963028146,0.5696338298476301,-0.6874206446824462,-0.37977352300595046,0.36083783691698385,1.1615327189210392,-0.5288711867210397,0.07322228277803008,1.6643892987243871,-0.16979896376141362,-0.5254438939189057,-0.6201546817825203,-1.0831933553140483,0.9628131911996366,0.9519716657905087
0.48543435034820953,1.2193391526212536,0.7945466312730467,-0.7030746009502787,-0.010684955963028146,1.2211952134837318,1.3739957130198663,-0.5296681607981737,0.6598597181287641,0.7638721191703205,-0.6127705761947267,0.07496953567861896,1.1441031801435493,0.41390077802624936,-0.4580947873325984,-0.6003639469637226,-0.9273339461312102,0.8222270068700966,0.8212492266202668
0.48543435034820953,1.2193391526212536,0.9390096548274028,1.5619940834373287,-0.010684955963028146,0.472214732974606,-0.6874206446824462,-0.5296681607981737,0.7196640943711202,0.015462029241690036,-0.7045781496792107,0.05989160516884083,0.7083060848729895,0.41390077802624936,-0.382047309902625,-0.5742097977825471,-0.781923201445865,0.947471065436828,0.9361468588366495
0.48543435034820953,1.2193391526212536,1.083472678381759,-0.7030746009502787,-0.010684955963028146,1.1395870355686084,1.455719237400129,-0.5296681607981737,0.7196640943711202,-0.1363286706156351,-0.787791504537849,0.029682696622890987,0.20154364585906112,0.41390077802624936,-0.3179478606752855,-0.5511545112495897,-0.609870360187137,0.8162020284787785,0.8144644764914014
0.48543435034820953,1.2193391526212536,1.227935701936115,1.0740707580777604,-0.010684955963028146,0.22932162561741276,0.2656076794158931,-0.4996892618298623,0.6598597181287641,-0.36916839696172205,-0.8458226577509856,0.04115919741110428,0.1155963859651194,0.41390077802624936,-0.27162210664039027,-0.5449938708095355,-0.5715435242678653,0.9358212161094149,0.9255101373836041
0.48543435034820953,1.2193391526212536,1.3723987254904713,-0.7030746009502787,-0.010684955963028146,1.307703660201092,1.3298769250880664,-0.5296681607981737,0.7196640943711202,-0.47116234686563796,-0.8966887151570498,-0.010566285160645717,-0.0007459927195561237,0.41390077802624936,-0.21955745240714275,-0.5099434766362291,-0.5143063371173255,0.7893193370061561,0.7874615844207106
0.48543435034820953,1.2193391526212536,1.5168617490448273,1.1760982108488556,-0.010684955963028146,0.18337240085654605,0.18953113062306448,-0.6795627985903968,1.0784903518252564,-0.6732526422355573,-0.9556772554191797,-0.033319529645496435,-0.03811167767974337,0.41390077802624936,-0.1644304124731576,-0.487256653091537,-0.4863386425215769,0.9412302159521934,0.9299620092365393
0.48543435034820953,1.2193391526212536,1.6613247725991833,-0.7030746009502787,-0.010684955963028146,1.3161075877251471,1.3205120870403448,-0.9193942762382205,0.8990772230981884,-0.7275645398953022,-1.0097494461986163,-0.06843864985325299,-0.07587040296912113,0.41390077802624936,-0.12368665535539469,-0.47094105124740854,-0.4687717939474689,0.7861292619318986,0.7845531618640369
0.48543435034820953,1.3295840845218945,-1.6613247691510074,1.228661738563523,-0.010684955963028146,0.15424394915943732,0.15549243990836312,-0.6795627985903968,0.6598597181287641,-0.863700983982942,-1.0476545981187466,-0.08995190840865352,-0.09697414602756219,0.41390077802624936,-0.09592272820202061,-0.4652373569617245,-0.4630527915752387,0.9501774526575344,0.9385392973493137
0.48543435034820953,1.3295840845218945,-1.5168617455966513,-0.7030746009502787,-0.010684955963028146,1.2396931842957282,1.2406128736101845,-0.82945743638262,1.0784903518252564,-0.8992401987315802,-1.0830939217673423,-0.1314052348148447,-0.13714319317007106,0.41390077802624936,-0.07060225030365032,-0.4527837850734691,-0.45070645413879307,0.777201796933689,0.7703094642873982
0.48543435034820953,1.3295840845218945,-1.372398722042295,1.2776209479732303,-0.010684955963028146,0.16671930049791925,0.16666035652900146,-1.4290359875515128,0.8990772230981884,-0.9817336801491321,-1.1551362535408716,-0.1869526258897329,-0.19096611957445941,0.41390077802624936,-0.03828137946667429,-0.4642822592570039,-0.4625669645945495,0.9268110694268377,0.9200408293217156
0.48543435034820953,1.3295840845218945,-1.227935698487939,-0.7030746009502787,-0.010684955963028146,1.2597195603275477,1.2595433682484667,-1.1292467119670664,1.0784903518252564,-1.0215716032281759,-1.1899925173442227,-0.2179025420699932,-0.22068094495897525,0.41390077802624936,-0.02937235813485736,-0.47526046109866205,-0.47387374146692257,0.8014807343198964,0.7946081988057475
0.48543435034820953,1.3295840845218945,-1.083472674933583,1.3062258013141905,-0.010684955963028146,0.16599500252743835,0.16546501553065013,-0.9793520741748433,1.0784903518252564,-1.0728703509051845,-1.2104232682938125,-0.22430637314681942,-0.22625105065940823,0.41390077802624936,-0.019397792400162966,-0.4796850531449178,-0.47858484390977685,0.9481625359580512,0.9414098551506753
0.48543435034820953,1.3295840845218945,-0.9390096513792268,-0.7030746009502787,-0.010684955963028146,1.2594513676787915,1.2588411309064769,-1.4889938569634686,1.0784903518252564,-1.1170043667330516,-1.2567987908058347,-0.27869666505224744,-0.27924314026026964,0.41390077802624936,0.011972741051482634,-0.4617698144547359,-0.4606823926078849,0.8049841010807909,0.798114475147646
0.48543435034820953,1.3295840845218945,-0.7945466278248707,1.3220190831129488,-0.010684955963028146,0.16441754022794772,0.16368332622440557,-1.2791413497592896,1.0784903518252564,-1.167832963620653,-1.2892341038555726,-0.29961396780332,-0.2993305119498515,0.41390077802624936,0.03485507210988268,-0.45380676324630453,-0.4528205111397068,0.961131877122298,0.9543898932716558
0.48543435034820953,1.3295840845218945,-0.6500836042705146,-0.7030746009502787,-0.010684955963028146,1.2591800370505255,1.258372135934555,-1.1292467119670664,1.0784903518252564,-1.1947054487965507,-1.31374488217093,-0.3556876898041446,-0.3541893396773445,0.41390077802624936,0.047913715243179215,-0.4420545505717336,-0.44106371655623233,0.8085518157612583,0.8016850192363985
0.48543435034820953,1.3295840845218945,-0.5056205807161585,1.3332322988566445,-0.010684955963028146,0.1651626011628507,0.16433143669352085,-0.82945743638262,1.0784903518252564,-1.2042470904085494,-1.2902436740649397,-0.32810131834427786,-0.3268270600313169,0.41390077802624936,0.03282834447274253,-0.45419669641458055,-0.45339760808800417,0.9731460650893055,0.9664136928152415
0.48543435034820953,1.3295840845218945,-0.3611575571618023,-0.7030746009502787,-0.010684955963028146,1.2586066235947992,1.2578717630653147,-0.82945743638262,1.0784903518252564,-1.156200818429052,-1.224100822515548,-0.29163943262468356,-0.3039688760831558,0.41390077802624936,-0.013841825520468021,-0.46820241050825956,-0.4629630500520642,0.8109846344523828,0.8041200300144946
0.48543435034820953,1.3295840845218945,-0.2166945336074462,1.2897013357900984,-0.010684955963028146,0.11752681701487525,0.11786380396144289,-0.82945743638262,1.0784903518252564,-1.0127825952164657,-1.0719848226992104,-0.08310380429828099,-0.1421509989378526,0.41390077802624936,-0.11259255699202673,-0.5360123957088772,-0.5166985710051598,0.9812623508667507,0.9694903576901126
0.48543435034820953,1.3295840845218945,-0.07223151005309006,-0.7030746009502787,-0.010684955963028146,1.3079017713074665,1.312055116155041,-0.6795627985903968,1.0784903518252564,-0.7611669164822943,-0.9092182398505594,0.1117679416437726,-0.008837903761938238,0.3213940149721867,-0.21048646639793753,-0.5877824214774234,-0.549801838897902,0.8020853890725335,0.8022466456611355
0.48543435034820953,1.3295840845218945,0.07223151350126605,1.259866853949514,-0.010684955963028146,0.09632490155908993,0.10224550786761463,-0.5296681607981737,0.7196640943711202,-0.28485120128595576,-0.7529512435703457,0.28608791544630946,0.1959035578225818,-0.44369304370720736,-0.3002252614822555,-0.6326043500016829,-0.6069047412874872,0.9671645844536765,0.9550825112823372
0.48543435034820953,1.3295840845218945,0.2166945370556222,-0.7030746009502787,-0.010684955963028146,1.3061752549812686,1.3137329969176563,-0.5296681607981737,0.3010334606746278,-0.09170946440426302,-0.6264843107409881,0.35685580225815855,0.3606102407000307,-0.39531331085418514,-0.38377541516583047,-0.6606975383694859,-0.6662420110898332,0.7942212824324097,0.7944059805449457
0.48543435034820953,1.3295840845218945,0.3611575606099783,1.7925396624726624,-0.010684955963028146,0.18541726520399593,-0.6874206446824462,-0.28983668315035005,-0.1175971730218646,0.23611641489153276,-0.5326109798811692,0.49228613714099445,0.5290585373116784,-0.38768127000503705,-0.43408497002297447,-0.6976939115855848,-0.7145297193830653,0.9749269566734694,0.9610055823849115
0.48543435034820953,1.3295840845218945,0.5056205841643344,-0.7030746009502787,-0.010684955963028146,1.1640333603390578,1.46972005518368,-0.22987888521372726,0.0020115794628475024,0.20957349299499697,-0.4958155898383239,0.47319897405050076,0.6437514486107034,0.20542169574614,-0.44717928394831485,-0.6804772127925204,-0.7388546941950663,0.8118177422937837,0.8113143335237896
0.48543435034820953,1.3295840845218945,0.6500836077186906,1.7404749378678526,-0.010684955963028146,0.27481699394187015,-0.6874206446824462,-0.5296681607981737,0.7196640943711202,0.029738527412932297,-0.5724239481445694,0.409430045252206,0.6904931391049138,0.41390077802624936,-0.38501160092524206,-0.6427981312261806,-0.7359268497078476,0.9508901328282258,0.9388958400723063
0.48543435034820953,1.3295840845218945,0.7945466312730467,-0.7030746009502787,-0.010684955963028146,1.1226963378614443,1.498213486994755,-0.5896259587347964,0.6598597181287641,-0.21351382921203804,-0.701794352017131,0.2583316261284633,0.2404155785404319,0.41390077802624936,-0.29866924368877507,-0.5904586035110866,-0.5879323788820549,0.8130017080653712,0.8122760983087163
0.48543435034820953,1.3295840845218945,0.9390096548274028,1.1359411563174142,-0.010684955963028146,0.14992169618287404,0.22312326156242687,-0.6795627985903968,1.0784903518252564,-0.5937134602151415,-0.8335102150046315,0.10612666875885424,0.016497329383026036,0.41390077802624936,-0.19489471499179725,-0.5225276045685903,-0.493833697325684,0.9406003972086618,0.9295538885765809
0.48543435034820953,1.3295840845218945,1.083472678381759,-0.7030746009502787,-0.010684955963028146,1.2891962754505668,1.3473276380888042,-0.6795627985903968,1.0784903518252564,-0.6714531221069786,-0.9227768164666422,0.002553031210569072,-0.08174159546417212,0.41390077802624936,-0.12363025694094698,-0.4766237090940921,-0.4482513356799752,0.7899227335592484,0.7884104547213959
0.48543435034820953,1.3295840845218945,1.227935701936115,1.26463719619088,-0.010684955963028146,0.19171199980065365,0.21532533111380414,-0.5746365807259739,0.8990772230981884,-0.7525708076122741,-0.9626537960734345,2.3327295674737165e-05,-0.07277165022883643,0.41390077802624936,-0.09012718857035548,-0.46923666594736324,-0.4447957411647448,0.9436053372070525,0.9368488918675707
0.48543435034820953,1.3295840845218945,1.3723987254904713,-0.7030746009502787,-0.010684955963028146,1.2525296124764513,1.2738443679163653,-0.5296681607981737,0.7196640943711202,-0.819181169871695,-0.9922632170450578,-0.025690632256018236,-0.08516503369378813,0.41390077802624936,-0.06515112663030048,-0.45573127210908626,-0.4356322800867292,0.7938546071365181,0.7869758921809508
0.48543435034820953,1.3295840845218945,1.5168617490448273,1.2960080417768058,-0.010684955963028146,0.18040026356400074,0.18990750850140084,-0.6795627985903968,1.0784903518252564,-0.8869240789562242,-1.0240552856712535,-0.03981453615831164,-0.08664686897216481,0.41390077802624936,-0.042652497605237,-0.449915455772235,-0.43413353114495357,0.9501636124625423,0.9434125936951547
0.48543435034820953,1.3295840845218945,1.6613247725991833,-0.7030746009502787,-0.010684955963028146,1.256644968004013,1.2657289977398696,-0.6196050006537741,0.8990772230981884,-0.9318401536771801,-1.0580640949501325,-0.09818836574885831,-0.13323231983241132,0.41390077802624936,-0.01703195121974107,-0.42731494668859626,-0.4150777593432861,0.7960954605256757,0.7892187137415441
0.48543435034820953,1.4398290164225354,-1.6613247691510074,1.3154199753032212,-0.010684955963028146,0.17263460107220432,0.17665348467403216,-0.6795627985903968,1.0784903518252564,-0.9911406193096456,-1.0897010056461498,-0.126089706896687,-0.15204047951891353,0.41390077802624936,0.014253261553637483,-0.4102342257022666,-0.40090405741183455,0.9562443111194125,0.9494983809083943
0.48543435034820953,1.4398290164225354,-1.5168617455966513,-0.7030746009502787,-0.010684955963028146,1.2375064309747845,1.2414146834796653,-0.6795627985903968,1.0784903518252564,-1.022780001919169,-1.115537932010476,-0.16926127583747055,-0.18795850662065366,0.41390077802624936,0.04158938022135051,-0.3878829008290556,-0.3806805540628745,0.7806915032423835,0.773802027447643
0.48543435034820953,1.4398290164225354,-1.372398722042295,1.3040711295472547,-0.010684955963028146,0.15151191959903712,0.15304072790137577,-0.5596470597664851,0.7794684706134762,-1.0717508819879873,-1.142434524418128,-0.20572896363026416,-0.21888907165695137,0.41390077802624936,0.07280542058042781,-0.36541988764568767,-0.3598089902740558,0.9352818079903116,0.9285186456989134
0.48543435034820953,1.4398290164225354,-1.227935698487939,-0.7030746009502787,-0.010684955963028146,1.2431727851746388,1.244636147604373,-0.5296681607981737,0.3010334606746278,-1.0980688638684506,-1.165838323958087,-0.2702637660908664,-0.27869060530474093,0.41390077802624936,0.10286264223581028,-0.3435769072365696,-0.3391094856586227,0.7929149118193997,0.78603541352874
0.48543435034820953,1.4398290164225354,-1.083472674933583,1.3088654802716382,-0.010684955963028146,0.14942589542035262,0.14974013917892975,-0.5296681607981737,0.3010334606746278,-1.1358568248824166,-1.1834950181022004,-0.2951107301330641,-0.30052346665501367,0.41390077802624936,0.11913623601149145,-0.3480194995347535,-0.3445538047312093,0.9412719162799614,0.9345135574994041
0.48543435034820953,1.4398290164225354,-0.9390096513792268,-0.7030746009502787,-0.010684955963028146,1.2501296857474868,1.2503803946734946,-0.5896259587347964,0.06181595570520356,-1.1528424116774603,-1.2026559788160254,-0.340232624536412,-0.3430003033908648,0.41390077802624936,0.11993858781361294,-0.36579377239658195,-0.3631495147583544,0.8035474169435055,0.7966766378175522
0.48543435034820953,1.4398290164225354,-0.7945466278248707,1.3170740522824622,-0.010684955963028146,0.1523288402647106,0.1520341249553957,-0.5296681607981737,0.3010334606746278,-1.1797796324975183,-1.2125151172493345,-0.3432928037152423,-0.34469859566212907,0.41390077802624936,0.12341914124540518,-0.3835153457256567,-0.38149303145395075,0.9528209299010043,0.9460721322385338
0.48543435034820953,1.4398290164225354,-0.6500836042705146,-0.7030746009502787,-0.010684955963028146,1.2572782122690562,1.256918084172812,-0.5296681607981737,0.3010334606746278,-1.18399791169427,-1.2187597021074112,-0.3633381377512202,-0.36345304797445616,0.41390077802624936,0.1304414669007406,-0.38251080154575984,-0.3808281581253221,0.8126920112345764,0.805828651513658
0.48543435034820953,1.4398290164225354,-0.5056205807161585,1.278206647458189,-0.010684955963028146,0.1094973027459775,0.10987791990788184,-0.5296681607981737,0.24122908443227173,-1.1154637891811143,-1.1716640519822294,-0.1652238617583584,-0.29479874881680385,0.41390077802624936,0.09972072030956947,-0.45570546451897237,-0.40966269906414327,0.9695497713048934,0.9577164655315866
0.48543435034820953,1.4398290164225354,-0.3611575571618023,-0.7030746009502787,-0.010684955963028146,1.3130411541483373,1.3213559432922326,-0.5296681607981737,0.7196640943711202,-0.9687244312544834,-1.0670194210457657,0.06636920546205814,-0.20858132455579947,0.41390077802624936,0.044097181513352325,-0.5161249366447785,-0.4218719131999719,0.8055314178827467,0.8047870637310464
0.48543435034820953,1.4398290164225354,-0.2166945336074462,1.323972370290991,-0.010684955963028146,0.1424218728552017,0.15630287869960655,-0.37977352300595046,0.36083783691698385,-0.897677388736194,-0.985790417832279,0.09408239366470955,-0.1395681624888863,0.41390077802624936,0.00631602828615033,-0.5070959669034902,-0.4274688583667166,0.9500271876833356,0.9432760759016782
0.48543435034820953,1.4398290164225354,-0.07223151005309006,-0.7030746009502787,-0.010684955963028146,1.23720518494186,1.2588264878877282,-0.37977352300595046,0.5402509656440521,-0.8710697311954978,-0.9207096675403641,0.06956449005967205,-0.09438561334194095,0.41390077802624936,-0.010971772874128989,-0.4694526689705017,-0.41328926100673535,0.7999687379527196,0.7930950413137356
0.48543435034820953,1.4398290164225354,0.07223151350126605,1.3181705591187876,-0.010684955963028146,0.14355374206432495,0.15671983865847494,-0.37977352300595046,0.0020115794628475024,-0.8477975940675487,-0.8617593949291751,0.09178394381018727,-0.021937620572101885,0.41390077802624936,-0.04404534562700331,-0.47092196664295455,-0.4328928709632564,0.944988637735083,0.9382335138658745
0.48543435034820953,1.4398290164225354,0.2166945370556222,-0.7030746009502787,-0.010684955963028146,1.2582442915607541,1.2707402571276292,-0.37977352300595046,0.0020115794628475024,-0.14879322464578307,-0.6628121396668833,0.29862868223279415,0.35891601716923427,-1.009208173059671,-0.1762868535070303,-0.5491638568827345,-0.5730625796856877,0.7909602089552713,0.7909961058233282
0.48543435034820953,1.4398290164225354,0.3611575606099783,1.739244951032661,-0.010684955963028146,0.17257675764991015,-0.6874206446824462,-0.37977352300595046,0.0020115794628475024,0.9071144445215014,-0.6411282970928481,0.3454464397455371,0.6378265487414774,-2.929175326976095,-0.19068604356835317,-0.5673642802872005,-0.6667016361659458,0.9695537256463197,0.9558848347462472
0.48543435034820953,1.4398290164225354,0.5056205841643344,-0.7030746009502787,-0.010684955963028146,1.1508651431248498,1.4139604857186505,-0.37977352300595046,0.0020115794628475024,0.9656975869050384,-0.6243740237354675,0.36450044813203486,1.2452878730894423,-2.599056372401156,-0.20218408954973122,-0.5781178042855138,-0.8550518437220505,0.8013721696734658,0.8019334939009869
0.48543435034820953,1.4398290164225354,0.6500836077186906,1.6326256071327783,-0.010684955963028146,0.3450509375284404,-0.6874206446824462,-0.37977352300595046,-0.35681467799128885,0.9138011788364888,-0.6291512181238302,0.389765990312182,1.5427136150345053,-1.793452189933959,-0.21993464693111997,-0.6179237348959488,-0.9661422420470752,0.9277011557333354,0.915950617050599
0.48543435034820953,1.4398290164225354,0.7945466312730467,-0.7030746009502787,-0.010684955963028146,1.147588255722261,1.432659829846686,-0.5296681607981737,0.0020115794628475024,0.5429803694918899,-0.6996555382172727,0.30179164099401196,1.0857379118808967,-0.008079814392128605,-0.1851961158577124,-0.6066371431959544,-0.8527904010078939,0.796426906234315,0.795643237009062
0.48543435034820953,1.4398290164225354,0.9390096548274028,1.6324717020065684,-0.010684955963028146,0.35874591690299823,-0.6874206446824462,-0.6795627985903968,0.3010334606746278,-0.1698872362111247,-0.7993010223899166,0.19188794158529168,0.7270857633762171,0.41390077802624936,-0.12493778428444624,-0.5817961449235172,-0.7558900808046811,0.9315907897544609,0.9196112178546884
0.48543435034820953,1.4398290164225354,1.083472678381759,-0.7030746009502787,-0.010684955963028146,1.1317169829584584,1.4895935602293766,-0.6795627985903968,0.3010334606746278,-0.3138102666690825,-0.8834334966466072,0.11142230385461437,0.17851782980362627,0.41390077802624936,-0.07284854612695228,-0.5611307713574128,-0.5865674780028242,0.8061272652385707,0.804613909228376
0.48543435034820953,1.4398290164225354,1.227935701936115,1.115093730507888,-0.010684955963028146,0.19274303526820083,0.2530139511410984,-0.6196050006537741,0.06181595570520356,-0.5019614738918681,-0.94393952321241,0.06580391775892645,0.054321968267982336,0.41390077802624936,-0.037779819208273925,-0.5570264970472771,-0.5558629944740603,0.9348231043848628,0.9242014495702774
0.48543435034820953,1.4398290164225354,1.3723987254904713,-0.7030746009502787,-0.010684955963028146,1.2959939758629597,1.341207274623824,-0.82945743638262,0.3010334606746278,-0.6018008384674167,-1.005471122823428,-0.03973910920672075,-0.08793177721189946,0.41390077802624936,-0.016381923340401432,-0.5469211989888844,-0.5324874020045476,0.7851974752976326,0.7834331838042115
0.48543435034820953,1.4398290164225354,1.5168617490448273,1.2002688407106956,-0.010684955963028146,0.16335078409364928,0.18056432120282906,-0.9793520741748433,0.6598597181287641,-0.7905261658475032,-1.0663813949382608,-0.08004528285465055,-0.12392060039777954,0.41390077802624936,0.00853460693995876,-0.5553101838694482,-0.5421600534281665,0.943024228760181,0.9315723870462443
0.48543435034820953,1.4398290164225354,1.6613247725991833,-0.7030746009502787,-0.010684955963028146,1.2552843400886378,1.270348242597129,-0.9643625532153545,0.48044658940169593,-0.8391511352520704,-1.1062653322997695,-0.12562305443794336,-0.16228068552829975,0.41390077802624936,0.021827038372461614,-0.5580956686377114,-0.5471167987264254,0.7932628938649126,0.7863835646032581
0.48543435034820953,1.5500739483231762,-1.6613247691510074,1.2835092971849673,-0.010684955963028146,0.18901401731793294,0.1954280834591365,-0.9793520741748433,0.6598597181287641,-0.9155712362356693,-1.147315389351767,-0.16061535790291523,-0.18959169904443293,0.41390077802624936,0.03041333544382776,-0.5698823637226027,-0.5613835174191235,0.9480476803138969,0.9412950328386208
0.48543435034820953,1.5500739483231762,-1.5168617455966513,-0.7030746009502787,-0.010684955963028146,1.2458739579365277,1.2518674978204132,-0.82945743638262,0.3010334606746278,-0.9610150045408413,-1.1698487737766894,-0.19967574354819556,-0.22153700795340264,0.41390077802624936,0.02870885002940807,-0.5762264766100215,-0.5699205346285561,0.7842545446102563,0.7773680687006287
0.48543435034820953,1.5500739483231762,-1.372398722042295,1.2912715622465616,-0.010684955963028146,0.16560918794672944,0.1680692764151013,-0.9193942762382205,0.6000553418864081,-1.0239661681667134,-1.194912345704274,-0.21976169209656857,-0.2358532781634417,0.41390077802624936,0.03191922131335465,-0.5839858864141084,-0.5795453675763228,0.9364855454690304,0.9297233589408966
0.48543435034820953,1.5500739483231762,-1.227935698487939,-0.7030746009502787,-0.010684955963028146,1.2516377986998146,1.2539771384501324,-0.82945743638262,0.3010334606746278,-1.06695913652933,-1.223485061223136,-0.27681596446807466,-0.2876540405553281,0.41390077802624936,0.03211227742434874,-0.5827150252538762,-0.5796517036390624,0.7965825634922769,0.7897060433761282
0.48543435034820953,1.5500739483231762,-1.083472674933583,1.3091817114098923,-0.010684955963028146,0.16357180245044417,0.16430581141071068,-0.9793520741748433,0.6598597181287641,-1.12098462800582,-1.2516006522571224,-0.29766447120835554,-0.3049762962229858,0.41390077802624936,0.03691265016176346,-0.5895690006989239,-0.5875974312018853,0.9511363804534079,0.9443860249182047
0.48543435034820953,1.5500739483231762,-0.9390096513792268,-0.7030746009502787,-0.010684955963028146,1.2586177111224,1.2592810490268833,-0.9493731752065319,0.6598597181287641,-1.149028239835164,-1.274651345745218,-0.3389926386069619,-0.34324442781893344,0.41390077802624936,0.04031101616053574,-0.5868496614347342,-0.5856124185810109,0.8072632396846665,0.8003955708122574
0.48543435034820953,1.5500739483231762,-0.7945466278248707,1.3231607402307697,-0.010684955963028146,0.16341772765652135,0.16332823301975027,-0.9793520741748433,0.6598597181287641,-1.1991022414362902,-1.30440757534136,-0.38019398926278347,-0.3819804645686794,0.41390077802624936,0.04219674776155662,-0.5887949898660112,-0.5881256179283065,0.9637958450440678,0.9570557767199791
0.48543435034820953,1.5500739483231762,-0.6500836042705146,-0.7030746009502787,-0.010684955963028146,1.2587840240364103,1.2586296438785496,-0.82945743638262,0.3010334606746278,-1.2143216567679287,-1.3154637954736463,-0.4147014051818139,-0.414637803059516,0.41390077802624936,0.029865258544451292,-0.5931193877388834,-0.592869909450291,0.8107698418158188,0.8039049172694515
0.48543435034820953,1.5500739483231762,-0.5056205807161585,1.3327618042566134,-0.010684955963028146,0.16518974468560899,0.16469050443183647,-0.82945743638262,0.6598597181287641,-1.2278160960460822,-1.3024173096046994,-0.3947265248918275,-0.3941500673079015,0.41390077802624936,0.013734588955810678,-0.6012830441645869,-0.6013691522472925,0.9754456943714809,0.9687152559151567
0.48543435034820953,1.5500739483231762,-0.3611575571618023,-0.7030746009502787,-0.010684955963028146,1.258549721566358,1.2580313719696752,-0.6795627985903968,0.3010334606746278,-1.1900163649149962,-1.245813191883921,-0.3638918213079533,-0.3667845326694996,0.41390077802624936,-0.030369212161163898,-0.6072573928407095,-0.6064055950053049,0.8130913997186309,0.8062283805251418
0.48543435034820953,1.5500739483231762,-0.2166945336074462,1.3354124124488675,-0.010684955963028146,0.1631118792536495,0.16267667098192995,-0.6795627985903968,0.3010334606746278,-1.1555802716986663,-1.1786962546742163,-0.2905254345704182,-0.3000596302416832,0.41390077802624936,-0.07861058413636002,-0.6250596419977034,-0.6225837426368585,0.9769467264283394,0.9702175656664576
0.48543435034820953,1.5500739483231762,-0.07223151005309006,-0.7030746009502787,-0.010684955963028146,1.2570637836692315,1.257145887707345,-0.6795627985903968,0.7794684706134762,-1.0984402764531283,-1.1094839896316318,-0.2413909921159551,-0.25426432878028554,0.41390077802624936,-0.11842135722708409,-0.6233912572015146,-0.6200899763687904,0.8122852532960455,0.8054215542254649
0.48543435034820953,1.5500739483231762,0.07223151350126605,1.335846535988805,-0.010684955963028146,0.16200040691133882,0.16205486565006672,-0.5296681607981737,0.7196640943711202,-1.0474789388002281,-1.0265232012692032,-0.16205261432114157,-0.17414025024387464,0.41390077802624936,-0.1529959954721821,-0.6129665088890224,-0.6103127356760703,0.9743988723502686,0.9676675279019539
0.48543435034820953,1.5500739483231762,0.2166945370556222,-0.7030746009502787,-0.010684955963028146,1.2562878659358172,1.2565164470871342,-0.5296681607981737,0.7196640943711202,-0.9817434885800654,-0.9551192434909147,-0.10941952172750125,-0.11581078689733905,0.41390077802624936,-0.17990767991834633,-0.5941894268113384,-0.5935928636673976,0.8088095669251352,0.8019431135955797
0.48543435034820953,1.5500739483231762,0.3611575606099783,1.3355781426488025,-0.010684955963028146,0.16213303884527916,0.1616838220142745,-0.5296681607981737,0.6598597181287641,-0.9736443402106703,-0.9381277106977007,-0.09222466336757891,-0.09112166973866313,0.41390077802624936,-0.16564683468562594,-0.5593203363803448,-0.5610926762783244,0.9695625330431328,0.962827388801305
0.48543435034820953,1.5500739483231762,0.5056205841643344,-0.7030746009502787,-0.010684955963028146,1.2572572924056586,1.2556278250350719,-0.5296681607981737,0.3010334606746278,-0.914783946179416,-0.9107879093146063,-0.07006488808425648,-0.03157890798462635,0.41390077802624936,-0.16588303317348388,-0.5429260105428436,-0.5573807397966539,0.8046634399396777,0.797793545762082
0.48543435034820953,1.5500739483231762,0.6500836077186906,1.2892833373506953,-0.010684955963028146,0.12054163082875152,0.11544216243938585,-0.5296681607981737,0.3010334606746278,-0.837084171906708,-0.9127374721861753,-0.024081800244612633,0.15615033595588318,0.41390077802624936,-0.15701546708647468,-0.5492133033579107,-0.611078923035728,0.9717154922069515,0.9599961284757268
0.48543435034820953,1.5500739483231762,0.7945466312730467,-0.7030746009502787,-0.010684955963028146,1.2606873132083174,1.2468487077372972,-0.6196050006537741,0.6598597181287641,-0.9105950922754643,-0.9721560016897861,-0.08107473641372616,0.05962679208991406,0.41390077802624936,-0.11555467884485732,-0.5280081391044655,-0.5768210245479815,0.8023656080854232,0.7954938247313441
0.48543435034820953,1.5500739483231762,0.9390096548274028,1.3351076480487714,-0.010684955963028146,0.16797501529835587,0.15720379042811852,-0.6795627985903968,0.6598597181287641,-1.0060553193869535,-1.043227378792625,-0.11146682469925387,-0.014448696867049329,0.41390077802624936,-0.0668908007990337,-0.5169132609310318,-0.5509831080958925,0.9632377436745856,0.9564974250848908
0.48543435034820953,1.5500739483231762,1.083472678381759,-0.7030746009502787,-0.010684955963028146,1.264058758393463,1.2513108539219815,-0.6795627985903968,1.0784903518252564,-1.065106650873711,-1.0950522147986255,-0.15951213512744855,-0.09239030301652654,0.41390077802624936,-0.03172422022109991,-0.5008140958510521,-0.5245121972990762,0.801339636228095,0.7944669735021511
0.48543435034820953,1.5500739483231762,1.227935701936115,1.339282794912642,-0.010684955963028146,0.16502520995998743,0.15738975676622666,-0.7694996384459972,0.8990772230981884,-1.1082591697128439,-1.1330199865112045,-0.1776726242412542,-0.13053718614653345,0.41390077802624936,-0.005938575912968591,-0.4948868080745491,-0.5116175850093673,0.9652312709818085,0.9584925906783077
0.48543435034820953,1.5500739483231762,1.3723987254904713,-0.7030746009502787,-0.010684955963028146,1.2620943832204352,1.253863341275857,-0.82945743638262,1.0784903518252564,-1.12728229456045,-1.1658278873260122,-0.21865515385070228,-0.18503715096476553,0.41390077802624936,0.01652703352756782,-0.4810834341621836,-0.49287361587216016,0.8035910944419867,0.7967204381291024
0.48543435034820953,1.5500739483231762,1.5168617490448273,1.3418189148911035,-0.010684955963028146,0.16237440176922813,0.15758466580507058,-0.82945743638262,1.0784903518252564,-1.1682651884771178,-1.2005300368623926,-0.2528965032701649,-0.22879482719988353,0.41390077802624936,0.04253778945575965,-0.46764700514454716,-0.4758659596115556,0.9686765808208533,0.9619405348295903
0.48543435034820953,1.5500739483231762,1.6613247725991833,-0.7030746009502787,-0.010684955963028146,1.2604630522726958,1.2554516904381237,-0.7694996384459972,0.8990772230981884,-1.1857091559444484,-1.2283551416369642,-0.30954297278252024,-0.2914859803279123,0.41390077802624936,0.06593276764035748,-0.44491095199518393,-0.4505516445525869,0.8065627820238381,0.7996943564787483
0.48543435034820953,1.6603188802238171,-1.6613247691510074,1.3426660201724998,-0.010684955963028146,0.1610856335846234,0.15807891998433377,-0.82945743638262,1.0784903518252564,-1.2200412797928843,-1.2558407079813698,-0.3338636058987816,-0.3203130065423518,0.41390077802624936,0.09037858807705794,-0.43235436661697796,-0.4361740044638483,0.9724213421515431,0.965688531582427
0.48543435034820953,1.6603188802238171,-1.5168617455966513,-0.7030746009502787,-0.010684955963028146,1.2526892310341744,1.2495729367824964,-0.9793520741748433,0.6598597181287641,-1.2399608952278018,-1.2921160058591554,-0.3928002365896603,-0.3816525240869738,0.41390077802624936,0.10133482364955372,-0.43279873428204896,-0.4353813968504092,0.803629739142289,0.7967589169074736
0.48543435034820953,1.6603188802238171,-1.372398722042295,1.3273876665841335,-0.010684955963028146,0.14796741484393544,0.1459597824064826,-0.9793520741748433,0.6000553418864081,-1.2763318649195912,-1.3251869098022475,-0.4242400135214614,-0.4149714397778765,0.41390077802624936,0.10154667923203037,-0.45668073118067276,-0.4585292510993112,0.9557395933591852,0.9489930399307429
0.48543435034820953,1.6603188802238171,-1.227935698487939,-0.7030746009502787,-0.010684955963028146,1.2578920010611396,1.2558008218422885,-1.1292467119670664,0.6598597181287641,-1.2935933955715608,-1.3585771746868278,-0.47552453853006466,-0.46703504280398345,0.41390077802624936,0.09291940895358683,-0.4838884372759112,-0.4852986452590947,0.8148106395251034,0.8079488731367814
0.48543435034820953,1.6603188802238171,-1.083472674933583,1.3358768153442524,-0.010684955963028146,0.15695532035473245,0.15547507747184683,-1.1292467119670664,0.6598597181287641,-1.3277633533618982,-1.3811644817108033,-0.5014705810097296,-0.4937292352651965,0.41390077802624936,0.07206476960778758,-0.5225232671584871,-0.5237512503203338,0.9740454980209926,0.9673138506199037
0.48543435034820953,1.6603188802238171,-0.9390096513792268,-0.7030746009502787,-0.010684955963028146,1.2583942869813143,1.2568400578014798,-1.2791413497592896,1.0784903518252564,-1.346420296787991,-1.4082273644561802,-0.5590163718679764,-0.5510903383803931,0.41390077802624936,0.05307392914627954,-0.5480786368749184,-0.5491732115372708,0.8178245666630992,0.8109653637518593
0.48543435034820953,1.6603188802238171,-0.7945466278248707,1.3401067875499393,-0.010684955963028146,0.16146355091689976,0.16025665065123437,-1.2791413497592896,0.6598597181287641,-1.3767231172089918,-1.428572535022757,-0.5728302792879072,-0.565265830170246,0.41390077802624936,0.026409771074635813,-0.5900229106662219,-0.5911829434939742,0.9846332471898646,0.9779102512254007
0.48543435034820953,1.6603188802238171,-0.6500836042705146,-0.7030746009502787,-0.010684955963028146,1.2586647808150444,1.2573872883307158,-1.1292467119670664,0.6598597181287641,-1.3816142547677739,-1.4400597880597317,-0.6050740577916112,-0.5973576137360569,0.41390077802624936,-0.0012603997401905746,-0.6155891239079112,-0.6167710684557673,0.8206706140332701,0.8138136120487397
0.48543435034820953,1.6603188802238171,-0.5056205807161585,1.2741570972107015,-0.010684955963028146,0.09579149734211145,0.10005653345417487,-1.0093309731431546,0.6598597181287641,-1.0676574968117871,-1.3905751928526326,0.1504611389422973,-0.5150982602021388,-0.10669779965802055,-0.05548699319393365,-0.856649582082948,-0.6551459412000961,0.9956060054194228,0.9834767796049823
0.48543435034820953,1.6603188802238171,-0.3611575571618023,-0.7030746009502787,-0.010684955963028146,1.263839099827789,1.3048331793081962,-0.6795627985903968,0.0020115794628475024,-0.6653647020789276,-1.27696653862714,0.8003041125425766,-0.41661521092687204,-1.162371844229583,-0.14307035656711542,-1.0304656533348222,-0.6833555667147677,0.8140810635319542,0.814617368233121
0.48543435034820953,1.6603188802238171,-0.2166945336074462,2.334342144582705,-0.010684955963028146,-0.6865507261215884,-0.6874206446824462,-0.5296681607981737,-0.35681467799128885,0.2996384291977279,-1.1086744548703646,0.9632851775784835,-0.32180216555357055,-3.0845899494675515,-0.25950150893030094,-1.073584064041057,-0.7153105361394448,1.134455155406072,1.1137341986451212
0.48543435034820953,1.6603188802238171,-0.07223151005309006,-0.7030746009502787,-0.010684955963028146,-0.6865507261215884,2.8726022062814653,-0.5896259587347964,-0.23720592550657674,0.5049406587506337,-0.9492218505931922,0.7816405007956316,-0.16665702277547703,-3.1852236598951578,-0.3694933602729759,-1.028661941343414,-0.7656546572435224,0.7085966693295654,0.7256399007598567
0.48543435034820953,1.6603188802238171,0.07223151350126605,-0.7030746009502787,-0.010684955963028146,-0.6865507261215884,-0.6874206446824462,-0.5296681607981737,-0.35681467799128885,0.7953081403118252,-0.8307570314633045,0.3690467869174855,-0.002257936677394616,-3.568808821907965,-0.45130528590100866,-0.9193388209157491,-0.8170534050068041,-1.2676136780735823,-1.2761757670616813
0.48543435034820953,1.6603188802238171,0.2166945370556222,-0.7030746009502787,-0.010684955963028146,-0.6865507261215884,2.8880066620050675,-0.5296681607981737,-0.6558365592030692,0.9507828868277305,-0.7642749893714823,-0.03429593567817846,0.26225006738689177,-3.6912440380996467,-0.528330817885806,-0.8395992229673406,-0.9290632718332591,0.668566152100137,0.6645796056923052
0.48543435034820953,1.6603188802238171,0.3611575606099783,-0.7030746009502787,-0.010684955963028146,-0.6865507261215884,-0.6874206446824462,-0.4996892618298623,-0.6558365592030692,0.9696118047428554,-0.685708718888008,-0.34446399363390073,0.6382911989029013,-3.3636729787608894,-0.6071102441523811,-0.7711323370065961,-1.0531899910819105,-1.2676136780735823,-1.2761757670616813
0.48543435034820953,1.6603188802238171,0.5056205841643344,0.8054471874731943,-0.010684955963028146,0.8083897204200111,-0.019349544559900397,-0.37977352300595046,-1.1940759453842735,0.9664894542290605,-0.6783703749884942,-0.751801858061082,1.1982833419610113,-3.213962008402348,-0.6554012660138004,-0.6959693573285598,-1.2342953720226137,1.0729108639041605,1.0528953612275571
0.48543435034820953,1.6603188802238171,0.6500836077186906,-0.7030746009502787,-0.010684955963028146,1.6094057461475635,1.0104543232905343,-0.5296681607981737,-1.1940759453842735,0.813239913744243,-0.7217004882610952,-0.7462940328597475,1.5386806794828112,-2.8440397599206757,-0.7140093414173082,-0.7878172693210105,-1.3790402608079086,0.8684511012298364,0.8695959695744936
0.48543435034820953,1.6603188802238171,0.7945466312730467,1.4890908914121785,-0.010684955963028146,0.5590426260060465,-0.6874206446824462,-0.6196050006537741,-1.0146628166572054,0.05769255557308467,-0.8006640465388829,-0.6136105652029796,1.1597775959217436,-0.7714224731337711,-0.6956220121941636,-0.8511391194173608,-1.31408432009294,1.0116140782269758,0.9997342681411644
0.48543435034820953,1.6603188802238171,0.9390096548274028,-0.7030746009502787,-0.010684955963028146,1.2755533865358688,1.2934153900319107,-0.6196050006537741,-1.0146628166572054,-0.20952506729912743,-0.9047026570395378,-0.5682035403452662,0.2746621670579954,0.06531540541869037,-0.6885601594449419,-0.9060836956404258,-1.1376637305159123,0.8432409164377392,0.8429997654432897
0.48543435034820953,1.6603188802238171,1.083472678381759,1.063682251642497,-0.010684955963028146,0.28347886338161665,0.19182046201142816,-0.6795627985903968,-1.1940759453842735,-0.6024828513649849,-0.9939275119732494,-0.5148891185845083,0.012644232160009213,0.3767117550542637,-0.6868009627481305,-0.9698781065675176,-1.1153712592768306,0.9630448796586583,0.9524583814020336
0.48543435034820953,1.6603188802238171,1.227935701936115,-0.7030746009502787,-0.010684955963028146,1.3687852681505608,1.268614090805322,-0.6495838996220854,-1.1342715691419176,-0.6923601195891903,-1.056515298750235,-0.5129031518151482,-0.14928512847411204,0.21913934011644284,-0.6888949346486507,-0.996444960320011,-1.0977744968616645,0.8101319346466425,0.8084797984085627
0.48543435034820953,1.6603188802238171,1.3723987254904713,1.1732082344975603,-0.010684955963028146,0.21429823491711192,0.1618157137760036,-0.82945743638262,-0.9548584404148494,-0.8726783138685732,-1.1187301498744153,-0.4740541274078423,-0.254917768499416,0.41390077802624936,-0.7178622689957744,-1.0539863439718509,-1.1156409205447637,0.9619162746670388,0.9506775098562478
0.48543435034820953,1.6603188802238171,1.5168617490448273,-0.7030746009502787,-0.010684955963028146,1.2895098642028957,1.2370753294664876,-0.82945743638262,-0.9548584404148494,-0.9200262255656135,-1.1580839063265254,-0.4811053040801903,-0.311367473749823,0.3836311305082823,-0.7457216396197522,-1.084554024803519,-1.1326118941389611,0.8107640900464714,0.8038991863875664
0.48543435034820953,1.6603188802238171,1.6613247725991833,1.2645818333457126,-0.010684955963028146,0.21486139763977338,0.18839566911209607,-0.82945743638262,-0.6558365592030692,-0.9845781251198142,-1.1867916022868876,-0.4470015466823111,-0.31877258140123865,0.41390077802624936,-0.7692607470857165,-1.109056488217403,-1.146070174900872,0.9623961879219558,0.9556551901221383
0.48543435034820953,1.770563812124458,-1.6613247691510074,-0.7030746009502787,-0.010684955963028146,1.2759901932836093,1.2495559927179445,-0.9793520741748433,-0.35681467799128885,-1.0353191000244109,-1.2231295199571217,-0.4594030637120126,-0.36443524192338567,0.41390077802624936,-0.775363344751597,-1.1071443409734154,-1.1354568751029568,0.8097005519455935,0.8028346750774144
0.48543435034820953,1.770563812124458,-1.5168617455966513,1.2903997318110128,-0.010684955963028146,0.18797231272005305,0.17429109508141172,-0.9793520741748433,-0.057792796779508555,-1.0988110351424103,-1.2559791673002285,-0.45174764255933764,-0.3825028908447463,0.41390077802624936,-0.7674408136348846,-1.0937495510927695,-1.1153915657528772,0.960664006634452,0.9539213936775511
0.48543435034820953,1.770563812124458,-1.372398722042295,-0.7030746009502787,-0.010684955963028146,1.267606348828416,1.2538288255888066,-1.1292467119670664,-0.057792796779508555,-1.145250686135019,-1.298558886726653,-0.4933766888967076,-0.44193823785043285,0.41390077802624936,-0.7571018273760666,-1.0749035041944448,-1.0916305869368854,0.8116338654174615,0.8047696664110381
0.48543435034820953,1.770563812124458,-1.227935698487939,1.3121809801092525,-0.010684955963028146,0.17988035265891367,0.17251714565650572,-1.1292467119670664,-0.35681467799128885,-1.197162787693062,-1.328697097056732,-0.4912000825793706,-0.4531028616941057,0.41390077802624936,-0.7590097327126822,-1.0824380192846819,-1.0956053066865377,0.9729794435210252,0.9662470878918683
0.48543435034820953,1.770563812124458,-1.083472674933583,-0.7030746009502787,-0.010684955963028146,1.2637562571687349,1.2562940823881366,-1.1292467119670664,-0.057792796779508555,-1.2272975569974038,-1.3509914826071416,-0.5266863911338827,-0.49749607519029576,0.41390077802624936,-0.7666121907764606,-1.080511992328364,-1.0911096057342227,0.8140523046852176,0.8071901453100686
0.48543435034820953,1.770563812124458,-0.9390096513792268,1.322800612985506,-0.010684955963028146,0.17253110004804503,0.1683453496150093,-1.1292467119670664,-0.057792796779508555,-1.2699021114950584,-1.3701353968219112,-0.5332029482042954,-0.5107707478405753,0.41390077802624936,-0.7690182821073643,-1.0800327085119623,-1.088767810512698,0.9776664165679229,0.9709378147147992
0.48543435034820953,1.770563812124458,-0.7945466278248707,-0.7030746009502787,-0.010684955963028146,1.261445030660576,1.2571724543270746,-1.1292467119670664,-0.057792796779508555,-1.287164949937819,-1.3861187509567015,-0.5572740921729868,-0.5392755298099642,0.41390077802624936,-0.7698423256073503,-1.0726920756533376,-1.0800681231456866,0.816876782920336,0.81001690279988
0.48543435034820953,1.770563812124458,-0.6500836042705146,1.329123264904964,-0.010684955963028146,0.1682033033076814,0.16562300324364918,-1.4290359875515128,0.3010334606746278,-1.3303083142414143,-1.414833752559516,-0.5706395822213719,-0.5558881971400357,0.41390077802624936,-0.7702450681310347,-1.0776807478835122,-1.0841305101010676,0.9817992425867647,0.9750740787153495
0.48543435034820953,1.770563812124458,-0.5056205807161585,-0.7030746009502787,-0.010684955963028146,1.2951477673885297,1.2995091868771613,-0.9493731752065319,-0.17740154926422066,-1.1112049684698377,-1.361225991907407,0.16411175944504788,-0.5070714490072417,0.10127356675235603,-0.797417293970438,-1.242386089213653,-1.080669675204922,0.8121610510267019,0.8122928816056655
0.48543435034820953,1.770563812124458,-0.3611575571618023,1.257662911042057,-0.010684955963028146,0.08156154476082034,0.11239102800062255,-0.6795627985903968,-0.9548584404148494,-0.49160769419858497,-1.2149976441321888,0.8522003418399059,-0.3707116809690306,-1.7533822287470218,-0.8946770827421099,-1.4000238376511644,-1.123518304806483,0.9867125118089208,0.9747654297909677
0.48543435034820953,1.770563812124458,-0.2166945336074462,-0.7030746009502787,-0.010684955963028146,-0.6865507261215884,2.901108816809414,-0.5296681607981737,-1.4332934503536978,-0.04174531722959068,-1.0739072503273848,0.9451611586390735,-0.1589378083599464,-2.5804641898870426,-0.992018094871341,-1.439160072141668,-1.2005326895313628,0.6578624688303581,0.6690668862083161
0.48543435034820953,1.770563812124458,-0.07223151005309006,-0.7030746009502787,-0.010684955963028146,-0.6865507261215884,-0.6874206446824462,-0.37977352300595046,-1.8519240840501903,0.5654475613879056,-0.9460268496273662,0.7355513179032006,0.04108147303763244,-3.6801418291500316,-1.1027216749228368,-1.4341781228971535,-1.2910810130176185,-1.2676136780735823,-1.2761757670616813
0.48543435034820953,1.770563812124458,0.07223151350126605,-0.7030746009502787,-0.010684955963028146,-0.6865507261215884,2.8750388046012443,-0.22987888521372726,-2.2705547177466827,0.8888446071695795,-0.8299784587105258,0.3662767113986202,0.32010267435059997,-3.7270717770080597,-1.173505782375421,-1.3731137863242568,-1.3711653875620446,0.6357443992908222,0.6293838039438459
0.48543435034820953,1.770563812124458,0.2166945370556222,-0.7030746009502787,-0.010684955963028146,-0.6865507261215884,-0.6874206446824462,-0.22987888521372726,-2.4499678464737507,1.129228324694232,-0.7475047131782537,-0.05821954121408776,0.5330808941381562,-3.936343874213142,-1.2860437570096583,-1.3575922558347684,-1.4899393852295248,-1.2676136780735823,-1.2761757670616813
0.48543435034820953,1.770563812124458,0.3611575606099783,1.67700654216526,-0.010684955963028146,-0.6865507261215884,0.35431351810047745,-0.19989998624541588,-2.629380975200819,1.3508217041320976,-0.6888459704896869,-0.42395488306709583,0.9994968889251792,-4.137135020318995,-1.3620738810813402,-1.330546009830621,-1.6265491285168294,0.9909265815697935,0.9713414325389906
0.48543435034820953,1.770563812124458,0.5056205841643344,-0.7030746009502787,-0.010684955963028146,1.9065092277219904,0.6886748230324128,-0.22987888521372726,-2.2705547177466827,1.354487441719602,-0.6368228384742655,-0.6572090009577116,1.557941283109334,-3.717426339969077,-1.3961879322751152,-1.2783102546522453,-1.7242418379842765,0.9078676170814383,0.9049348386957268
0.48543435034820953,1.770563812124458,0.6500836077186906,1.3515652839895385,-0.010684955963028146,0.7592204056856798,-0.6874206446824462,-0.37977352300595046,-1.9117284602925464,1.1401320304151803,-0.6350186926762718,-0.49233231572083375,1.793586456043064,-2.9576120736248894,-1.4056344256762414,-1.314160900989589,-1.761435769054422,0.9991717429291772,0.9893048818077467
0.48543435034820953,1.770563812124458,0.7945466312730467,-0.7030746009502787,-0.010684955963028146,1.3428728793532125,1.2522756196715368,-0.6795627985903968,-1.4332934503536978,0.7334888696156661,-0.7117849920145823,-0.374827071553432,1.2976997602995939,-1.4284592104352654,-1.3746483173145279,-1.3394212183837513,-1.6778347713920225,0.838149162623024,0.8376925594690077
0.48543435034820953,1.770563812124458,0.9390096548274028,1.500876010721487,-0.010684955963028146,0.54531114146986,-0.6874206446824462,-0.8594363353509314,-1.0146628166572054,-0.06558568945628063,-0.815367869581305,-0.2972367755268072,0.7823400726771813,0.41390077802624936,-1.3301538246171272,-1.3527142959974776,-1.58129625582117,0.9631449963938601,0.951860732291162
0.48543435034820953,1.770563812124458,1.083472678381759,-0.7030746009502787,-0.010684955963028146,1.198934596041056,1.3963677354360506,-0.9493731752065319,-0.9548584404148494,-0.2316450407401013,-0.9146452885294452,-0.2742282398211874,0.18375836752616656,0.41390077802624936,-1.2896732601001202,-1.3584806658591526,-1.4633820081476063,0.8256406819777312,0.8241474154592885
0.48543435034820953,1.770563812124458,1.227935701936115,1.0613586246555196,-0.010684955963028146,0.26373574230019947,0.24647155495718315,-1.0243204941026434,-0.9548584404148494,-0.46083930025594616,-0.9934731705902606,-0.23734528936084393,0.05227620556076707,0.41390077802624936,-1.2551743017786827,-1.3672807287822455,-1.4365404495756349,0.9436606979870205,0.9333798662579252
0.48543435034820953,1.770563812124458,1.3723987254904713,-0.7030746009502787,-0.010684955963028146,1.33355077902464,1.3042378360030715,-1.099267812998755,-0.8352496879301373,-0.5847446309696527,-1.0690371699135566,-0.2957804551537832,-0.1451187382350738,0.41390077802624936,-1.2295752060721863,-1.3578026202247726,-1.3971851889017357,0.797670726355673,0.7958028830044319
0.48543435034820953,1.770563812124458,1.5168617490448273,1.1680716733062844,-0.010684955963028146,0.20055116508269424,0.18196696550946517,-1.1892045813790224,-0.7156409354454252,-0.7966472806453321,-1.131595386232997,-0.28492809166829447,-0.19367590072602142,0.41390077802624936,-1.2107482584389877,-1.3645626907410866,-1.3908727133908478,0.9492868271226602,0.938038254533076
0.48543435034820953,1.770563812124458,1.6613247725991833,-0.7030746009502787,-0.010684955963028146,1.3281191456921058,1.3086865942849,-1.3241097696870898,-0.536227806718357,-0.8616902556415977,-1.1949690514052138,-0.3484690818766168,-0.2884262874961186,0.41390077802624936,-1.1895684846440862,-1.3556184089320629,-1.3748060330283467,0.7944317612419634,0.7928545489489157
0.8132209142752458,-1.5367841448947694,-1.6613247691510074,1.2228364564116532,-0.010684955963028146,0.16336511420007657,0.15316059146913275,-1.4590148865198243,-0.2970103017489328,-1.0136241585905503,-1.2513665238109115,-0.3512689966290785,-0.3112901676809346,0.41390077802624936,-1.1706383809365988,-1.360151002489888,-1.3748431523931632,0.9553484730435674,0.9438160068449931
0.8132209142752458,-1.5367841448947694,-1.5168617455966513,-0.7030746009502787,-0.010684955963028146,1.322438775183775,1.312323710956088,-1.5939200748278917,0.0020115794628475024,-1.0471539527886353,-1.2993197172049045,-0.3991452180668936,-0.37087605808393015,0.41390077802624936,-1.1518519244727472,-1.3525662818777064,-1.3644240742129214,0.7825726913045414,0.7815591854277931
0.8132209142752458,-1.5367841448947694,-1.372398722042295,1.253897341731755,-0.010684955963028146,0.14214369097167306,0.13678216581276187,-1.6988463284299813,0.18142470818991568,-1.1470508601589933,-1.3167008842622436,-0.39392666765792417,-0.37414732542005,0.41390077802624936,-1.1500452470594993,-1.358115889669475,-1.3680995463773897,0.9427630624832543,0.9312399958969102
0.8132209142752458,-1.5367841448947694,-1.227935698487939,1.037325595651571,-0.010684955963028146,0.2875905579330838,0.2833246861718747,-1.758804197841937,0.24122908443227173,-1.1478799995205622,-1.3364984795326302,-0.46794951753458,-0.4503271669469652,0.41390077802624936,-1.1503877348668934,-1.3490332444781599,-1.358176339241258,0.9583978095116077,0.9516533971715342
0.8132209142752458,-1.5367841448947694,-1.083472674933583,0.9549064442978411,-0.010684955963028146,0.33402627411726005,0.33070447437900374,-1.788783132547915,0.24122908443227173,-1.1242155251552777,-1.3549674915398973,-0.5829432928742853,-0.5664758735853729,0.41390077802624936,-1.1636582335826664,-1.3392433845695209,-1.3475788697606912,0.9655176012496297,0.9587791347725613
0.8132209142752458,-1.5367841448947694,-0.9390096513792268,0.907121858878158,-0.010684955963028146,0.3618308645589147,0.3591819034624464,-1.788783132547915,0.18142470818991568,-1.0928246227960665,-1.3675648543418928,-0.6913442553243871,-0.6755571780311933,0.41390077802624936,-1.1807975671220066,-1.332019861783682,-1.3396840175625877,0.9701254874680018,0.9633906526208663
0.8132209142752458,-1.5367841448947694,-0.7945466278248707,0.875716254742192,-0.010684955963028146,0.38026513438686554,0.3780954540361765,-1.578930625343736,-0.057792796779508555,-1.060689587476709,-1.3707748144803593,-0.7819577190806383,-0.766563509822811,0.41390077802624936,-1.2059288452112253,-1.3263247338829518,-1.333457134939983,0.9735494079147863,0.9668173106394329
0.8132209142752458,-1.5367841448947694,-0.6500836042705146,0.8537275301504121,-0.010684955963028146,0.3931940283638059,0.39136746785800786,-1.578930625343736,-0.057792796779508555,-1.027391272248652,-1.3662119189372655,-0.8328012865260948,-0.8179777418702553,0.41390077802624936,-1.2233913850487466,-1.3206966189683158,-1.3274249106334612,0.9762106796946745,0.9694809426698728
0.8132209142752458,-1.5367841448947694,-0.5056205807161585,0.828314013372953,-0.010684955963028146,0.39271423129678357,0.39273659011100864,-1.3390992191712454,-0.7754453116877812,-0.8506668870632621,-1.3081400628590372,-0.6311850449236561,-0.8218983801850378,0.16222974775472213,-1.2737532409996304,-1.3787821307175998,-1.3403046751772434,0.978603775228744,0.9718647848597095
0.8132209142752458,-1.5367841448947694,-0.3611575571618023,0.7970688539873021,-0.010684955963028146,0.3793668354525757,0.39256307033883686,-0.9793520741748433,-1.493097826596054,-0.32562550257144024,-1.1792779229685175,0.040122284043629566,-0.6830900441332982,-1.1183135186989879,-1.3586911813088034,-1.533860048147466,-1.3908789363431846,0.9778821079184473,0.97147140075317
0.8132209142752458,-1.5367841448947694,-0.2166945336074462,-0.7030746009502787,-0.010684955963028146,1.2698646480821791,1.3250455656449334,-1.1292467119670664,-2.031337212777258,-0.014153547118578058,-1.0448659300283654,0.4147530329787628,-0.4893667317356098,-1.7204086448769458,-1.4824049597016984,-1.6649328946670305,-1.50254293802923,0.8244446734390728,0.8237890306671185
0.8132209142752458,-1.5367841448947694,-0.07223151005309006,2.3702982520894205,-0.010684955963028146,-0.6865507261215884,-0.6874206446824462,-1.1292467119670664,-2.031337212777258,0.44521189163407693,-0.8615096115348521,0.4357424472110267,-0.3516602106025533,-2.613260771894276,-1.6267403121977817,-1.7279130652825025,-1.5968416274572013,1.022562750922392,1.0078070339736995
0.8132209142752458,-1.5367841448947694,0.07223151350126605,-0.7030746009502787,-0.010684955963028146,1.2276715847943385,1.3412007898583782,-1.1292467119670664,-1.7921197078078341,0.8463871791359259,-0.7255383857627278,0.2820264642068002,-0.19280437651781634,-3.0652012585706467,-1.6987234885045426,-1.7126191403881785,-1.6377545913581735,0.8591486927672983,0.859167197264135
0.8132209142752458,-1.5367841448947694,0.2166945370556222,2.370454844732386,-0.010684955963028146,-0.6865507261215884,-0.6874206446824462,-0.9793520741748433,-2.031337212777258,1.5730578627437979,-0.6486496299414065,0.2374002326281924,-0.05289097055501931,-4.025637820559423,-1.7665681298776212,-1.7316759854175179,-1.6910576717111545,0.9453842516205034,0.935149480714294
0.8132209142752458,-1.5367841448947694,0.3611575606099783,-0.7030746009502787,-0.010684955963028146,1.288771811422231,1.3553218895816503,-0.9044047552787317,-2.4499678464737507,1.6359089803741493,-0.6113560646608582,0.09541935710334801,0.30733333926642253,-3.949525855051158,-1.825095704980165,-1.7472650710693634,-1.790992281638928,0.8637901908877937,0.8601518855766022
0.8132209142752458,-1.5367841448947694,0.5056205841643344,2.371054340136691,-0.010684955963028146,-0.6865507261215884,-0.6874206446824462,-0.9793520741748433,-2.031337212777258,1.4957386555913053,-0.561141948871732,0.10169885804018924,0.6842004250973978,-3.3169398290266794,-1.8667114683520811,-1.7578585446348693,-1.8587820675084474,0.8817464958189594,0.8739428434843202
0.8132209142752458,-1.5367841448947694,0.6500836077186906,-0.7030746009502787,-0.010684955963028146,1.3382280420830595,1.2850228484291009,-0.9793520741748433,-1.493097826596054,1.261312579015592,-0.5578432773606298,0.004843192389092352,0.9077362126508294,-2.401078624325749,-1.864131361400531,-1.7248678780843112,-1.8763649647491085,0.8575337037802461,0.8520214015765102
0.8132209142752458,-1.5367841448947694,0.7945466312730467,1.3001312299833996,-0.010684955963028146,0.7864277340273351,-0.6874206446824462,-1.1892045813790224,-0.8352496879301373,0.431387235181166,-0.6530740661656417,-0.035122316675278605,0.47673534864372513,0.25248323051536065,-1.8264328776440792,-1.707250619468218,-1.8004698380480544,0.8713440614687463,0.8638757307557803
0.8132209142752458,-1.5367841448947694,0.9390096548274028,0.5859435397803264,-0.010684955963028146,0.350792707835843,0.6771612265763147,-1.4290359875515128,-0.057792796779508555,0.20564815893545557,-0.7751193458726507,-0.07848701176683884,-0.014220847400851925,0.41390077802624936,-1.7783727518554844,-1.6918712475948614,-1.7112753888061871,0.8994862106856399,0.8916350992353005
0.8132209142752458,-1.5367841448947694,1.083472678381759,0.6720852601762672,-0.010684955963028146,0.42996937002827157,0.5191689114856517,-1.578930625343736,0.3010334606746278,-0.008881188544184874,-0.8864900382935745,-0.19212724631590763,-0.23119050158733054,0.41390077802624936,-1.7299525438823387,-1.6565708017291063,-1.657148149379673,0.9018048927037784,0.89479383852574
0.8132209142752458,-1.5367841448947694,1.227935701936115,0.7130251883386438,-0.010684955963028146,0.4408198755766675,0.4858085586144825,-1.6238990095338697,0.12162033194755961,-0.15137349587665935,-0.9701834782276526,-0.2798355291345098,-0.3345796381186836,0.41390077802624936,-1.6972267613518919,-1.633525816545144,-1.6306221054086436,0.9088966445662322,0.9018340222471971
0.8132209142752458,-1.5367841448947694,1.3723987254904713,0.7345270244781827,-0.010684955963028146,0.43727165754581276,0.463066067823957,-1.728825263135959,0.3010334606746278,-0.31766498002590354,-1.0167635587283403,-0.3997726708400178,-0.45220936628737446,0.41390077802624936,-1.6776249380672004,-1.5982173464706984,-1.594822989058787,0.9169196438345757,0.9098959403390212
0.8132209142752458,-1.5367841448947694,1.5168617490448273,0.7491885929711161,-0.010684955963028146,0.433232554920335,0.4492446270200773,-1.8787199009281823,0.6598597181287641,-0.4506862664490997,-1.080335172022242,-0.5363725379063123,-0.5745458134292288,0.41390077802624936,-1.6514837909329563,-1.5569389735654857,-1.5552700131799375,0.9251750505331092,0.9181557785302332
0.8132209142752458,-1.5367841448947694,1.6613247725991833,0.7593597688847353,-0.010684955963028146,0.4298771134306885,0.44016302679215136,-1.8487409662222045,0.48044658940169593,-0.533173208912696,-1.119675012964919,-0.5944927340112897,-0.620380988547211,0.41390077802624936,-1.6360809983171023,-1.53519824759955,-1.5355171615419327,0.9332408285859733,0.9262395967778324
0.8132209142752458,-1.4265392129941283,-1.6613247691510074,0.7666701727958046,-0.010684955963028146,0.4272032410905334,0.433866947102187,-1.8787199009281823,0.6598597181287641,-0.6052919859843069,-1.156320811281359,-0.653779975696926,-0.6694744110318162,0.41390077802624936,-1.6211942270915585,-1.515824663197426,-1.5177853501435954,0.9406151361176144,0.9336389839888717
0.8132209142752458,-1.4265392129941283,-1.5168617455966513,0.7821104044767558,-0.010684955963028146,0.43499086943889725,0.43928162165647244,-1.8787199009281823,0.6598597181287641,-0.629897415823801,-1.1749178459754102,-0.6564315231490057,-0.6678485423408789,0.41390077802624936,-1.6138626742322213,-1.5142946417835286,-1.5171024630055703,0.9461650543094021,0.9394108007445506
0.8132209142752458,-1.4265392129941283,-1.372398722042295,0.7865764302374849,-0.010684955963028146,0.43277514210714807,0.4354911716603878,-1.968656687177283,0.6598597181287641,-0.6673080791945294,-1.2012045911821592,-0.6819921421947172,-0.6887138572079062,0.41390077802624936,-1.6032373575615917,-1.508864963381113,-1.5124814296096978,0.9510341068047009,0.9442836877416856
0.8132209142752458,-1.4265392129941283,-1.227935698487939,0.7709342764642888,-0.010684955963028146,0.4137952822417897,0.4154256338831015,-2.1785091765126285,1.0784903518252564,-0.8938821798603688,-1.3162319315943503,-1.1448691090207876,-1.136942582103815,-0.07845435767522554,-1.5781547652831356,-1.4113643216716907,-1.4155218275973807,0.9576254547339379,0.9504693560392079
0.8132209142752458,-1.4265392129941283,-1.083472674933583,0.7885469175227636,-0.010684955963028146,0.4327031777770606,0.43356718358980345,-2.0286145387204058,0.6598597181287641,-0.8683802594335631,-1.32221873164018,-1.0374470392061674,-1.0296970933570708,0.20697744896165143,-1.5799040802064752,-1.4353505248480436,-1.440101834280593,0.9631775298392309,0.9564370461507444
0.8132209142752458,-1.4265392129941283,-0.9390096513792268,0.7898681903437572,-0.010684955963028146,0.431701011721002,0.43203416411980866,-2.23846703252296,0.36083783691698385,-0.8637709507902669,-1.3284055671341097,-0.968535815818094,-0.9605040929614804,0.41390077802624936,-1.5815974787530975,-1.4493440941934337,-1.4545538222735674,0.9675522896562443,0.960815439910939
0.8132209142752458,-1.4265392129941283,-0.7945466278248707,0.7911418045342831,-0.010684955963028146,0.43079246205364735,0.43075980311671,-2.2084881045177944,0.6000553418864081,-0.8951984712916293,-1.3588088679188879,-1.0014186512413208,-0.9915046403338245,0.41390077802624936,-1.5750077819607262,-1.4480887392743202,-1.4535727792963824,0.9711295307046933,0.9643953990199312
0.8132209142752458,-1.4265392129941283,-0.6500836042705146,0.7921118189153067,-0.010684955963028146,0.4301550338159247,0.4298671019379964,-2.1785091765126285,0.18142470818991568,-0.9287720764812167,-1.3877604331820643,-1.0450502417000487,-1.0333093211443933,0.41390077802624936,-1.5789113235008765,-1.4557159665055128,-1.4614868462245088,0.9742775459655986,0.9675461560106021
0.8132209142752458,-1.4265392129941283,-0.5056205807161585,0.7830231747508831,-0.010684955963028146,0.419682654798439,0.420853905526225,-1.9986356040144275,0.6598597181287641,-0.8159502727222373,-1.3574809804312402,-0.8022765794245831,-1.0019214296795136,0.41390077802624936,-1.5955208975745923,-1.5043091646792361,-1.4674085858333994,0.9775422142985791,0.9707744845810746
0.8132209142752458,-1.4265392129941283,-0.3611575571618023,0.7561658343883705,-0.010684955963028146,0.3911570612647886,0.40693738969347,-1.4290359875515128,-0.057792796779508555,-0.22989914003395848,-1.2370043265250705,0.06677866605640867,-0.8127949802623579,-0.7261658915711693,-1.6329940286921183,-1.6454163926020065,-1.4833322474667539,0.9780413600322513,0.9716339121894824
0.8132209142752458,-1.4265392129941283,-0.2166945336074462,-0.7030746009502787,-0.010684955963028146,1.2513794383868553,1.3174521144938367,-0.9793520741748433,-0.6558365592030692,0.11506533757944183,-1.0889982724197813,0.5289950254053589,-0.5547033799158091,-0.9624587205223044,-1.6725016000504696,-1.6938031300548184,-1.5007356616610659,0.8301394643212963,0.829306437201971
0.8132209142752458,-1.4265392129941283,-0.07223151005309006,2.3816263143824767,-0.010684955963028146,-0.6865507261215884,-0.6874206446824462,-0.6795627985903968,-2.1509459652619705,0.9246264171099701,-0.9011855120303368,0.6428590542064007,-0.3736419878539479,-1.929707525258642,-1.7459036544164341,-1.7127591302992589,-1.5372523826725113,1.0145816317246088,1.0008470825986333
0.8132209142752458,-1.4265392129941283,0.07223151350126605,-0.7030746009502787,-0.010684955963028146,1.1999992078893562,1.3437813081338583,-0.82945743638262,-2.2107503415043266,1.363148940129178,-0.7549766459683247,0.48734442851039156,-0.15453787241805578,-2.094859579178322,-1.7986241209817853,-1.68414317557877,-1.577320771849301,0.8626175489121088,0.8619081962000235
0.8132209142752458,-1.4265392129941283,0.2166945370556222,2.3706365208650713,-0.010684955963028146,-0.6865507261215884,-0.6874206446824462,-0.82945743638262,-2.2107503415043266,1.9325303174984683,-0.6616376706707348,0.4109062584476276,-0.02247143932147866,-3.036287072686553,-1.8492993014573786,-1.6911785632013832,-1.6238805737103157,0.9158951099195842,0.9070345928835463
0.8132209142752458,-1.4265392129941283,0.3611575606099783,-0.7030746009502787,-0.010684955963028146,1.25240639448104,1.3430154782533028,-0.7994785374143086,-2.1509459652619705,2.0198345073411486,-0.5608587682547697,0.3103853402697736,0.5454083640075293,-2.42834506260509,-1.9008620339039282,-1.691963417559554,-1.7420151357315268,0.8660421883300617,0.861654195327903
0.8132209142752458,-1.4265392129941283,0.5056205841643344,2.382802730050338,-0.010684955963028146,-0.6865507261215884,-0.6874206446824462,-0.82945743638262,-2.2107503415043266,1.8540870641610097,-0.47000719026833554,0.3169217901625838,0.8359375908596529,-1.5770662481229196,-1.9439123415612831,-1.7066766716763144,-1.8021758003851893,0.8603743588666539,0.8537165145683732
0.8132209142752458,-1.4265392129941283,0.6500836077186906,-0.7030746009502787,-0.010684955963028146,1.3158107348635362,1.2800454771704455,-0.9793520741748433,-1.7921197078078341,1.4870483857843246,-0.4743056911322017,0.16702688679389566,0.8302901790903315,-0.23717612023558363,-1.9476153554056193,-1.685099899812279,-1.8047660770017808,0.8570638561216868,0.8503273119564125
0.8132209142752458,-1.4265392129941283,0.7945466312730467,1.2601506557189157,-0.010684955963028146,0.8183034344854657,-0.6874206446824462,-1.1292467119670664,-1.2538803216266297,0.5545830893906909,-0.5939978581940837,0.05044665886798207,0.5200243059769514,0.41390077802624936,-1.9053766787766941,-1.6597093516797687,-1.7497036479310906,0.8585675843204269,0.8514788098666058
0.8132209142752458,-1.4265392129941283,0.9390096548274028,0.560253387944814,-0.010684955963028146,0.35308908124098964,0.7059317252207129,-1.2791413497592896,-0.057792796779508555,0.3541438798945583,-0.6970401182193328,0.05418319400833058,0.04140859977124443,0.41390077802624936,-1.863933966949964,-1.6535715910780089,-1.6603092999922249,0.8918259323717619,0.88382267917983
0.8132209142752458,-1.4265392129941283,1.083472678381759,0.6543371682733052,-0.010684955963028146,0.43294950916856645,0.5377242310649947,-1.2791413497592896,-0.7156409354454252,0.1297740606071487,-0.7936151452355763,-0.05930370003475676,-0.15450450874621974,0.41390077802624936,-1.8282995687547523,-1.629012849768036,-1.6198938447543991,0.8942339465575759,0.8872169986506167
0.8132209142752458,-1.4265392129941283,1.227935701936115,0.7003913512378855,-0.010684955963028146,0.4431206421531277,0.49890851696601696,-1.2791413497592896,-0.536227806718357,-0.021764889522886213,-0.8696390521456342,-0.15359070499376404,-0.250466566427631,0.41390077802624936,-1.7949796747216833,-1.6007738159855136,-1.5904073130900327,0.9014189849291316,0.8943466250643514
0.8132209142752458,-1.4265392129941283,1.3723987254904713,0.7254360511325709,-0.010684955963028146,0.4390371894172472,0.47239168350003036,-1.4290359875515128,-0.7156409354454252,-0.19654328201109222,-0.9370826559392794,-0.2711887823323546,-0.3521468319625035,0.41390077802624936,-1.7696514842196278,-1.5743786152378536,-1.5661049374207288,0.9095122636291876,0.9024803838540919
0.8132209142752458,-1.4265392129941283,1.5168617490448273,0.7426951941537794,-0.010684955963028146,0.43454077857789947,0.45585396271827217,-1.2791413497592896,-0.7156409354454252,-0.3033270156874787,-0.9695753704654287,-0.34620212899089076,-0.4059274434660266,0.41390077802624936,-1.7562117902605117,-1.5546968578478986,-1.549951681598523,0.9177549085894818,0.910735105186478
0.8132209142752458,-1.4265392129941283,1.6613247725991833,0.7549285912579384,-0.010684955963028146,0.43073315424091535,0.4447288246309781,-1.51897275593178,-0.536227806718357,-0.4027773125026697,-1.014187102156813,-0.42896704544369024,-0.47024283778880543,0.41390077802624936,-1.7403510618008515,-1.5374186762666213,-1.5357598566830726,0.925514225181809,0.918512730601932
0.8132209142752458,-1.3162942810934875,-1.6613247691510074,0.7636459101906162,-0.010684955963028146,0.42777623614899174,0.4370268059551592,-1.728825263135959,-0.057792796779508555,-0.5067623738860632,-1.0720710988576951,-0.5496684030763058,-0.575725748164894,0.41390077802624936,-1.721434455149813,-1.5150412184975388,-1.5156965124758364,0.9327808667809798,0.9257966814778577
0.8132209142752458,-1.3162942810934875,-1.5168617455966513,0.7697272231054124,-0.010684955963028146,0.42563330994186593,0.4317001986993479,-1.8787199009281823,0.3010334606746278,-0.5813522216574919,-1.1172895467603599,-0.6138708296293482,-0.6294087098971897,0.41390077802624936,-1.7064830908684059,-1.5030606411810352,-1.50547493115134,0.9396876633103589,0.9327242943051437
0.8132209142752458,-1.3162942810934875,-1.372398722042295,0.7740831502630497,-0.010684955963028146,0.4240399485461932,0.4279415449725461,-1.788783132547915,0.06181595570520356,-0.6624012481462537,-1.167654297939099,-0.7299164379533264,-0.7365378326665544,0.41390077802624936,-1.6906052500693194,-1.481194564063118,-1.4847813219644366,0.9460811144254897,0.9391332623218307
0.8132209142752458,-1.3162942810934875,-1.227935698487939,0.7869632534825219,-0.010684955963028146,0.4327169848869029,0.4351408897333214,-1.8787199009281823,0.3010334606746278,-0.6986113595707355,-1.2042433905545993,-0.7748626124254956,-0.7776565238342503,0.41390077802624936,-1.678722296960279,-1.4726082270228593,-1.4767342803705845,0.9510350055186614,0.9442845064390977
0.8132209142752458,-1.3162942810934875,-1.083472674933583,0.7894656003337535,-0.010684955963028146,0.4315528990881475,0.43297696534124097,-1.8787199009281823,0.3010334606746278,-0.7358873204899787,-1.2351486933421747,-0.81521271605622,-0.8143915540219269,0.41390077802624936,-1.6676891763697967,-1.463722066509218,-1.4683637544298151,0.955675245439612,0.9489287721838888
0.8132209142752458,-1.3162942810934875,-0.9390096513792268,0.7909956932066649,-0.010684955963028146,0.43081170832797305,0.4315523042099863,-2.2084881045177944,0.8392728468558323,-0.7841258377157705,-1.2771216965573184,-0.8708040371139029,-0.8665503655749806,0.41390077802624936,-1.6578751291992997,-1.458644585807181,-1.4637438127799667,0.9599678628006341,0.953224886854162
0.8132209142752458,-1.3162942810934875,-0.7945466278248707,0.7920466018420351,-0.010684955963028146,0.4302867243560121,0.43055114009954143,-2.0286145387204058,0.24122908443227173,-0.8268180141964299,-1.3105891925192523,-0.9267202742707465,-0.9195481514124969,0.41390077802624936,-1.6559816849945936,-1.4597781679376476,-1.4652766241976918,0.9639818788338952,0.9572420303812439
0.8132209142752458,-1.3162942810934875,-0.6500836042705146,0.7926792432863267,-0.010684955963028146,0.4299345384557147,0.42986218606741644,-2.0286145387204058,0.6598597181287641,-0.8564368600336758,-1.3309788927160147,-0.9552043093413048,-0.9461015654535238,0.41390077802624936,-1.654935181082064,-1.4600342920042406,-1.4658251174001597,0.9676788285818854,0.9609421333354696
0.8132209142752458,-1.3162942810934875,-0.5056205807161585,0.7930959875512438,-0.010684955963028146,0.4295028570745067,0.4293208127456799,-1.8787199009281823,0.3010334606746278,-0.8484357959736144,-1.314946834298209,-0.940330280261102,-0.9434113142562073,0.41390077802624936,-1.6645279729343432,-1.4631107085551747,-1.4664011226024332,0.9707926927122909,0.9640583003604771
0.8132209142752458,-1.3162942810934875,-0.3611575571618023,0.7830212934891542,-0.010684955963028146,0.4190620670507514,0.4213215407892629,-1.578930625343736,0.3010334606746278,-0.6337096259799107,-1.2148372678859731,-0.629935941450607,-0.8259760718818777,0.12781802374904985,-1.6917553920938684,-1.5031716788796767,-1.4679794598293598,0.9728996377213311,0.9662004221393756
0.8132209142752458,-1.3162942810934875,-0.2166945336074462,0.7706345287621365,-0.010684955963028146,0.4084752563804813,0.4202285440326657,-1.2791413497592896,-0.7754453116877812,-0.3090119822564697,-1.0577878720878866,-0.2848501781139039,-0.5916377783864084,-0.32005258456788016,-1.7539580228523897,-1.5693003754890484,-1.5157602704436393,0.9710671599558334,0.9645914770501418
0.8132209142752458,-1.3162942810934875,-0.07223151005309006,0.7541372967411687,-0.010684955963028146,0.4013438841468979,0.42257477400816706,-0.9793520741748433,-1.493097826596054,0.08910634427114034,-0.8524151303448885,-0.028807174431641665,-0.3578625985716841,-0.7922842387444652,-1.8319664297693141,-1.6185268355378364,-1.5643919879090404,0.9651787860865142,0.9588515894935369
0.8132209142752458,-1.3162942810934875,0.07223151350126605,-0.7030746009502787,-0.010684955963028146,1.2935248043861494,1.3271102312884961,-0.82945743638262,-1.493097826596054,0.25754587479479624,-0.6522085214789065,0.09158998879181071,-0.12883808012717565,-0.7702370264471015,-1.9001780223646008,-1.6345225533868553,-1.6025296242423492,0.8184308391008652,0.8174371667949292
0.8132209142752458,-1.3162942810934875,0.2166945370556222,1.5923943771388795,-0.010684955963028146,0.47007253896269907,-0.6874206446824462,-0.82945743638262,-1.2538803216266297,0.527951237720359,-0.5473530705745323,0.25747540589776674,0.022453151679807482,-0.777123796294807,-1.9285655858315793,-1.6490599255239318,-1.6155986975466967,0.9342060473795706,0.9234611424353381
0.8132209142752458,-1.3162942810934875,0.3611575606099783,-0.7030746009502787,-0.010684955963028146,1.1002047651268598,1.5389133392347225,-0.8894152343192429,-1.0146628166572054,0.5194545209504638,-0.45565612539004097,0.36870778006912647,0.23107619167061902,-0.1871812453841225,-1.9535205586209328,-1.6587338681475632,-1.6439662987110442,0.8035866008721841,0.8012983893835092
0.8132209142752458,-1.3162942810934875,0.5056205841643344,1.6336642427749641,-0.010684955963028146,0.4448807348600787,-0.6874206446824462,-0.9793520741748433,-1.493097826596054,0.4293810841075906,-0.45659472650129956,0.4506852723020211,0.3995700581755062,0.41390077802624936,-1.951429599456227,-1.670472634850814,-1.6717479597842997,0.9082896531572978,0.8981494745438023
0.8132209142752458,-1.3162942810934875,0.6500836077186906,-0.7030746009502787,-0.010684955963028146,1.0749442392729784,1.565041505145923,-0.9793520741748433,-0.35681467799128885,0.23362572732984807,-0.5207521827423323,0.39002874134135024,0.3210067484825475,0.41390077802624936,-1.9105379772646878,-1.6329990380881125,-1.6303255871885196,0.7858220815001932,0.7831748847706772
0.8132209142752458,-1.3162942810934875,0.7945466312730467,1.6543095673244617,-0.010684955963028146,0.3961675777471306,-0.6874206446824462,-1.1292467119670664,-0.057792796779508555,-0.20737440534313348,-0.6536202499108885,0.29830210839843363,0.16099376460876516,0.41390077802624936,-1.8532520108460215,-1.6007501771004513,-1.5843352400536344,0.9017258058752528,0.8907721921628912
0.8132209142752458,-1.3162942810934875,0.9390096548274028,-0.7030746009502787,-0.010684955963028146,1.0666064185172597,1.5738149744221803,-0.9793520741748433,-0.6558365592030692,-0.3080501021296022,-0.7666475837298157,0.1890565298640338,-0.11809823278834228,0.41390077802624936,-1.7985084319265079,-1.5634266547273197,-1.511843085709453,0.7813727284244567,0.778583834357676
0.8132209142752458,-1.3162942810934875,1.083472678381759,1.7009453289149752,-0.010684955963028146,0.365383161963132,-0.6874206446824462,-0.9793520741748433,0.3010334606746278,-0.47255906743055226,-0.8302811210406944,0.15650855695116658,-0.16618098014074317,0.41390077802624936,-1.7443172682459434,-1.517412589036201,-1.4601767509956838,0.9091321076238882,0.8981990057372375
0.8132209142752458,-1.3162942810934875,1.227935701936115,-0.7030746009502787,-0.010684955963028146,1.0165736364211955,1.5417279366241992,-1.1292467119670664,0.6000553418864081,-0.5102103643068464,-0.8769342579659056,0.12433523219345409,-0.2622878849828085,0.41390077802624936,-1.7075353792336996,-1.487082598278187,-1.4143715639864725,0.791817222588022,0.7849369262759837
0.8132209142752458,-1.3162942810934875,1.3723987254904713,1.1413156523254615,-0.010684955963028146,0.1951765383779183,0.32962340122338757,-1.1292467119670664,0.6598597181287641,-0.5815948168492444,-0.9169323025047653,0.10096448134667799,-0.26983539855059746,0.41390077802624936,-1.6734022875495769,-1.4578404299740513,-1.3867157812297863,0.903612745706758,0.8968235940848205
0.8132209142752458,-1.3162942810934875,1.5168617490448273,0.9510260284381788,-0.010684955963028146,0.2940387920274209,0.3858071998601642,-1.3540886686554012,0.7196640943711202,-0.6300177325765839,-0.9581611738529774,0.025443867717003164,-0.28387824940119966,0.41390077802624936,-1.646054599976336,-1.4290579187056,-1.3695704557955528,0.9233361020270957,0.9165632073892426
0.8132209142752458,-1.3162942810934875,1.6613247725991833,0.8956122996202006,-0.010684955963028146,0.3385565751353118,0.4003510644533087,-1.578930625343736,1.0784903518252564,-0.6549442250552975,-0.9951096344995862,-0.08551249354358995,-0.32721684536813317,0.41390077802624936,-1.6302835305345158,-1.4035642486478865,-1.357459498801886,0.932488245515435,0.9257227940364108
0.8132209142752458,-1.2060493491928466,-1.6613247691510074,0.8656966547735941,-0.010684955963028146,0.3651757415175455,0.4080862391072943,-1.578930625343736,1.0784903518252564,-0.6691572953731705,-1.0289611985218718,-0.2027052546258295,-0.3850987472632096,0.41390077802624936,-1.616639693596608,-1.3786677315261284,-1.3444441394019204,0.9390371741457354,0.932277080843755
0.8132209142752458,-1.2060493491928466,-1.5168617455966513,0.8467356865587851,-0.010684955963028146,0.38256035719952536,0.41277127295593163,-1.728825263135959,1.0784903518252564,-0.6856668463202472,-1.0659486225948933,-0.3154221306686099,-0.4498942529611901,0.41390077802624936,-1.6022583389313072,-1.3549799421648745,-1.3304344177232768,0.9443104681804755,0.9375546090368466
0.8132209142752458,-1.2060493491928466,-1.372398722042295,0.8337462014073559,-0.010684955963028146,0.3945734841562389,0.415973596563275,-1.728825263135959,1.0784903518252564,-0.7023928366432539,-1.0992477408926873,-0.4134199758723688,-0.5106682155807865,0.41390077802624936,-1.5890837657238681,-1.3338608755019776,-1.3169230781045986,0.9488389080847377,0.9420867132361729
0.8132209142752458,-1.2060493491928466,-1.227935698487939,0.8244794644659214,-0.010684955963028146,0.40311736556642336,0.4182886578274399,-2.1785091765126285,1.0784903518252564,-0.7334182114763474,-1.1463802671178667,-0.5131973998131126,-0.5819769610196385,0.41390077802624936,-1.569892397566546,-1.3117018063315902,-1.3005009252366764,0.9528459141491068,0.9460971025096045
0.8132209142752458,-1.2060493491928466,-1.083472674933583,0.817772139314831,-0.010684955963028146,0.40932606722485876,0.42004477414736985,-2.1785091765126285,0.6000553418864081,-0.7639852056371541,-1.1886253185424265,-0.5997809092986507,-0.6472224694133588,0.41390077802624936,-1.5547496643062009,-1.293643216237498,-1.2867781144131454,0.9566215912400383,0.9498758004153969
0.8132209142752458,-1.2060493491928466,-0.9390096513792268,0.8128027416657594,-0.010684955963028146,0.41385887862651816,0.4213735235058207,-2.3284038143048518,1.0784903518252564,-0.7973580649403049,-1.2245833428051387,-0.6792088047942534,-0.7106533195584356,0.41390077802624936,-1.5397616651572894,-1.2753682978145098,-1.2716977174087447,0.9601804985236928,0.9534375435069687
0.8132209142752458,-1.2060493491928466,-0.7945466278248707,0.8090954018851642,-0.010684955963028146,0.41720040840700534,0.4223997899341204,-2.3284038143048518,1.0784903518252564,-0.8305877211518282,-1.261433003334773,-0.749964258592104,-0.7694563842954244,0.41390077802624936,-1.5242933154101115,-1.2588940551958576,-1.2575802403975302,0.9635783562656223,0.9568382078826995
0.8132209142752458,-1.2060493491928466,-0.6500836042705146,0.8062681342581686,-0.010684955963028146,0.4196529485924146,0.42317513777686255,-0.9793520741748433,-0.6558365592030692,-0.8350669046114082,-1.2608548139178302,-0.8019160220186267,-0.8125109821777047,0.41390077802624936,-1.511530884462098,-1.2366724188847318,-1.2370249554318702,0.9667227766706854,0.9599852807350158
0.8132209142752458,-1.2060493491928466,-0.5056205807161585,0.8035942342540316,-0.010684955963028146,0.4212327120768789,0.42421364158511654,-1.9986356040144275,0.8392728468558323,-0.7771304647740791,-1.2410286918531057,-0.6932879498461523,-0.7868665247571868,0.41390077802624936,-1.513146192896408,-1.2569730162611583,-1.2378861246956179,0.9690428966311607,0.9623073112702348
0.8132209142752458,-1.2060493491928466,-0.3611575571618023,0.7827367750486175,-0.010684955963028146,0.40257104333379695,0.41151573869122415,-1.4889938569634686,0.36083783691698385,-0.43964066542731506,-1.122492207849638,-0.22454757361839028,-0.6143413501967927,0.388921390132585,-1.5591622376895713,-1.3602443652423588,-1.276807416324969,0.9701123662441782,0.9635390415268191
0.8132209142752458,-1.2060493491928466,-0.2166945336074462,0.784620455542687,-0.010684955963028146,0.40839732988932553,0.4296822861227899,-0.9793520741748433,1.0784903518252564,-0.2822774690090351,-0.9825321012985326,-0.1031367053202604,-0.46599588648850454,0.41390077802624936,-1.6160014756416614,-1.386209078037278,-1.3114162019848357,0.965640904805013,0.9591250344291959
0.8132209142752458,-1.2060493491928466,-0.07223151005309006,0.7802432074187878,-0.010684955963028146,0.408325156360604,0.4352907714895131,-0.6495838996220854,-0.35681467799128885,-0.3067063470917282,-0.8596748516161057,-0.12744241881972354,-0.35219240185574296,0.41390077802624936,-1.6648752811190404,-1.3810298850683211,-1.3375864459266367,0.9594505630449595,0.952882671335882
0.8132209142752458,-1.2060493491928466,0.07223151350126605,0.757598997490293,-0.010684955963028146,0.3977789302253252,0.4219914588970146,-0.6795627985903968,0.0020115794628475024,0.3845245138676306,-0.6595962654369076,0.05478992509145727,-0.13361640893257265,-0.7190147834151396,-1.7119248148060144,-1.3797714939621357,-1.3454538952995372,0.9547555015724171,0.9484060338862291
0.8132209142752458,-1.2060493491928466,0.2166945370556222,-0.7030746009502787,-0.010684955963028146,1.2595034581386513,1.284215808910067,-0.6795627985903968,0.0020115794628475024,0.8057639276868156,-0.5474741355065997,0.1411687042798201,0.14808527860058862,-1.285789886554417,-1.7221141283495676,-1.3582335419185239,-1.3675059640641296,0.8133910309530679,0.8122883787698987
0.8132209142752458,-1.2060493491928466,0.3611575606099783,1.5301140430100897,-0.010684955963028146,0.5103671246472139,-0.6874206446824462,-0.7994785374143086,0.24122908443227173,1.4541404461074163,-0.5062967515432899,0.29817446278804904,0.4639538073381443,-2.3044647193621737,-1.7136758168614104,-1.363915006977429,-1.4082301650775486,0.9175778619392596,0.9073360782055716
0.8132209142752458,-1.2060493491928466,0.5056205841643344,-0.7030746009502787,-0.010684955963028146,1.1011227287327432,1.4936913044332012,-0.9793520741748433,0.6598597181287641,1.3692837867303138,-0.46631192673839167,0.42943144930538923,1.0737619811879426,-1.5099837065915074,-1.7174962068930797,-1.3782682560556254,-1.5202636136181225,0.7941267377237632,0.792401195256936
0.8132209142752458,-1.2060493491928466,0.6500836077186906,1.5455493475769888,-0.010684955963028146,0.5267723769242385,-0.6874206446824462,-1.1292467119670664,1.0784903518252564,0.9737431158519978,-0.4846045596635949,0.4741687491423836,1.1656935445619403,0.016104229604683738,-1.6968743917710263,-1.3727519378863988,-1.5244360485727249,0.8814348218174514,0.8715565452022471
0.8132209142752458,-1.2060493491928466,0.7945466312730467,0.6890933891324934,-0.010684955963028146,0.27656035075810315,0.603242640375076,-1.1142572624829108,0.7794684706134762,0.33648935810985764,-0.5729951798067958,0.3886329283031189,0.5362951991077267,0.41390077802624936,-1.67003453094668,-1.362487240006714,-1.403071228415641,0.8931466824081403,0.8857873482946443
0.8132209142752458,-1.2060493491928466,0.9390096548274028,0.7357643571925067,-0.010684955963028146,0.3762947535126487,0.47072614471036006,-1.2791413497592896,1.0784903518252564,0.09519672598537798,-0.6881731556085994,0.20193547463127762,0.21082851160660537,0.41390077802624936,-1.624376158149416,-1.3214615212400118,-1.3309842210209737,0.8939319786668416,0.8869001627521134
0.8132209142752458,-1.2060493491928466,1.083472678381759,0.762257001531271,-0.010684955963028146,0.41035898548011174,0.4565170822816048,-1.728825263135959,1.0784903518252564,-0.060532385839399745,-0.8054558522121504,0.057260779406758715,0.039484899278063486,0.41390077802624936,-1.5770381248808438,-1.2890016452508306,-1.291590312537824,0.8996080762986862,0.8925516309882059
0.8132209142752458,-1.2060493491928466,1.227935701936115,0.7700182811700547,-0.010684955963028146,0.41608360149952833,0.4411864692096924,-1.788783132547915,1.0784903518252564,-0.2372345385813407,-0.89928743654367,-0.11942975573149171,-0.15097446951634708,0.41390077802624936,-1.538436061398903,-1.248442089634968,-1.2466045900942426,0.9071633848219757,0.9001401373014525
0.8132209142752458,-1.2060493491928466,1.3723987254904713,0.7752006197300695,-0.010684955963028146,0.4181300871363915,0.4328146370191128,-1.8787199009281823,0.3010334606746278,-0.35717530151177224,-0.9819059033740458,-0.2532935308505169,-0.28048573359913903,0.41390077802624936,-1.5038520234180637,-1.2169501067103117,-1.2152168919036466,0.9155298725660294,0.9085004706000063
0.8132209142752458,-1.2060493491928466,1.5168617490448273,0.7788405028400966,-0.010684955963028146,0.4187684567679671,0.42769575144355054,-1.8787199009281823,0.3010334606746278,-0.4506705729596063,-1.0234075187071454,-0.3627952294732858,-0.38246057594388105,0.41390077802624936,-1.4862653588649846,-1.1906864379240307,-1.1900354423358013,0.9238099040270812,0.916790600595468
0.8132209142752458,-1.2060493491928466,1.6613247725991833,0.7813865666305542,-0.010684955963028146,0.41889564953742403,0.42439354152974307,-1.9986356040144275,1.0784903518252564,-0.5343783381267114,-1.0734734343208099,-0.4634288736447262,-0.4758699058557878,0.41390077802624936,-1.4624560692511748,-1.1644375163321008,-1.1648794304503154,0.9316177511732764,0.9246189852504755
0.8132209142752458,-1.0958044172922057,-1.6613247691510074,0.7830977981327997,-0.010684955963028146,0.4188953357394731,0.4222464566092236,-2.0286145387204058,1.0784903518252564,-0.630229594684745,-1.1379669501146505,-0.6176728453100888,-0.622757946728506,0.41390077802624936,-1.4412317069662182,-1.144197534261866,-1.1456030167771933,0.9389077593354207,0.9319258596539414
0.8132209142752458,-1.0958044172922057,-1.5168617455966513,0.7839076365151838,-0.010684955963028146,0.4190573600814869,0.421017698150228,-1.8787199009281823,1.0784903518252564,-0.695613249182097,-1.1830041485069498,-0.7178298906115869,-0.7176857305829998,0.41390077802624936,-1.4230849145705047,-1.1377043229021504,-1.1399196053253464,0.9458537397934784,0.9388923606083047
0.8132209142752458,-1.0958044172922057,-1.372398722042295,0.7943446078359416,-0.010684955963028146,0.4290389591036665,0.4300855966963248,-1.728825263135959,0.8990772230981884,-0.7213603803822373,-1.2080165809373682,-0.7528885034845507,-0.7505237211506072,0.41390077802624936,-1.4102658441891782,-1.138598263124416,-1.141222058332003,0.9511507598767762,0.9444005567972704
0.8132209142752458,-1.0958044172922057,-1.227935698487939,0.7950432726085316,-0.010684955963028146,0.42869367675829034,0.4291357877444913,-1.728825263135959,1.0784903518252564,-0.7536118090820042,-1.2354447458053626,-0.8004049963840093,-0.7956208267477285,0.41390077802624936,-1.3904851849065372,-1.1322985002553023,-1.135267675516994,0.9559204146080416,0.9491739720588287
0.8132209142752458,-1.0958044172922057,-1.083472674933583,0.7952010298420911,-0.010684955963028146,0.42860403514363193,0.4286398077808756,-1.728825263135959,0.6598597181287641,-0.7809962943526246,-1.2554096750766814,-0.8328294680244914,-0.8261323115158417,0.41390077802624936,-1.377252044114864,-1.132504960976214,-1.1358122384337754,0.9602214798802925,0.9534786830519294
0.8132209142752458,-1.0958044172922057,-0.9390096513792268,0.795243582190723,-0.010684955963028146,0.42848259533660926,0.42823911203211734,-1.728825263135959,0.8990772230981884,-0.8068709351548989,-1.2709960893048942,-0.8640537393803186,-0.8557372809077266,0.41390077802624936,-1.3663729345792197,-1.1314827418501465,-1.135050199709009,0.963943234133593,0.9572033469285197
0.8132209142752458,-1.0958044172922057,-0.7945466278248707,0.7952580947812038,-0.010684955963028146,0.42837579943396487,0.42793673369495727,-1.8787199009281823,1.0784903518252564,-0.8410507013761697,-1.2969321636739306,-0.9144115904122339,-0.9043774457042176,0.41390077802624936,-1.3533504442756974,-1.12934407336352,-1.133099249564084,0.9671814802761343,0.9604441606345275
0.8132209142752458,-1.0958044172922057,-0.6500836042705146,0.7951909068623113,-0.010684955963028146,0.42837443964284405,0.42779657908693425,-1.728825263135959,0.6598597181287641,-0.8543215084290421,-1.3068821008062903,-0.9187507122977095,-0.90804907710237,0.41390077802624936,-1.3489342556093495,-1.1372974738344719,-1.1412586318238078,0.9701547855431146,0.9634199210533508
0.8132209142752458,-1.0958044172922057,-0.5056205807161585,0.7855248049309799,-0.010684955963028146,0.418142534455113,0.41932799837962237,-1.6089095600497139,0.7196640943711202,-0.7196393277011257,-1.2679433744230209,-0.636102716393862,-0.8712847519833252,0.41390077802624936,-1.3585926045929524,-1.2059592179441019,-1.1497305809702085,0.9729810612061541,0.9662325560128026
0.8132209142752458,-1.0958044172922057,-0.3611575571618023,0.7581977762234628,-0.010684955963028146,0.3894198758082578,0.40625554798473723,-0.9793520741748433,0.3010334606746278,-0.12292119942509092,-1.1361141000336412,0.23884494885481786,-0.6656945511372199,-0.6948924571731342,-1.3857720609983106,-1.3664982599996314,-1.1603684450536642,0.9728602740498604,0.9664757091442121
0.8132209142752458,-1.0958044172922057,-0.2166945336074462,-0.7030746009502787,-0.010684955963028146,1.2503976691976093,1.3184246201247307,-0.5296681607981737,-0.6558365592030692,0.26246120648321414,-0.9792988326817657,0.7039946706398137,-0.3977834525456565,-0.9769717087894593,-1.4210082960282762,-1.428924326474422,-1.1874784639729423,0.8246393348829212,0.823812977566424
0.8132209142752458,-1.0958044172922057,-0.07223151005309006,2.3583871778281615,-0.010684955963028146,-0.6865507261215884,-0.6874206446824462,-0.020026449484881293,-1.672510955323122,1.1923926582190563,-0.759892995451018,0.7905756935225521,-0.22622582446850778,-2.6513592583852095,-1.5028103398828372,-1.4366934954512411,-1.218337975437117,0.9953991214657114,0.9816625461396511
0.8132209142752458,-1.0958044172922057,0.07223151350126605,-0.7030746009502787,-0.010684955963028146,-0.6865507261215884,2.900390053774837,0.06991039037071911,-1.612706579080766,1.5064546933337282,-0.574330372936896,0.6319611030029175,0.0925795211387137,-2.684851038498476,-1.5698085230014698,-1.392196981119973,-1.2813877275941454,0.7082159740958897,0.7182464491050556
0.8132209142752458,-1.0958044172922057,0.2166945370556222,-0.7030746009502787,-0.010684955963028146,-0.6865507261215884,-0.6874206446824462,0.2198050281629423,-2.390163470231395,1.7941183174342827,-0.4267800517655389,0.39769908211082344,0.3912340227050555,-2.86077924530464,-1.6345517336176547,-1.3557067836629153,-1.363184396602646,-1.2676136780735823,-1.2761757670616813
0.8132209142752458,-1.0958044172922057,0.3611575606099783,2.359439967725261,-0.010684955963028146,-0.6865507261215884,-0.6874206446824462,0.24978407008191994,-2.2107503415043266,1.8453438288269888,-0.2843735986561051,0.22567755816280888,0.6948206514664774,-2.1263903649690428,-1.6802727713198606,-1.3121463908671662,-1.4230346778616794,0.9262380494056109,0.9103011955580369
0.8132209142752458,-1.0958044172922057,0.5056205841643344,-0.7030746009502787,-0.010684955963028146,1.543853981787311,1.079592173056314,-0.06499472646201526,-1.55290220283841,1.6681048279652937,-0.2144432933267756,-0.025324272776862503,1.000156838629058,-1.1907165964891364,-1.691851799639933,-1.2378060010151983,-1.470792015936442,0.92552285283583,0.9194362212828406
0.8132209142752458,-1.0958044172922057,0.6500836077186906,1.2064972503759204,-0.010684955963028146,0.915577556705145,-0.6874206446824462,-0.37977352300595046,-0.8950540641724933,1.0815554269855987,-0.2508629646149289,-0.08383652325659245,0.9256061207854543,0.41390077802624936,-1.6595444258594059,-1.2021176822509663,-1.436218712022356,0.9065811979183516,0.9002901636022295
0.8132209142752458,-1.0958044172922057,0.7945466312730467,0.5417976728800764,-0.010684955963028146,0.4116167922668881,0.6454702824354851,-0.5296681607981737,-0.2970103017489328,0.4929266386480259,-0.3796252607252666,-0.011519482900530542,0.32296706763993877,0.41390077802624936,-1.5838811325004993,-1.1878965073104117,-1.2740184419320055,0.9175967349324305,0.9102938272813276
0.8132209142752458,-1.0958044172922057,0.9390096548274028,0.6343162434500484,-0.010684955963028146,0.4714389198405086,0.49796079987400477,-0.6795627985903968,0.0020115794628475024,0.2524474523956218,-0.5070488848281457,-0.07442141618933008,0.08497016271581395,0.41390077802624936,-1.520827223110229,-1.1600165026491802,-1.204812006421717,0.9115922472194123,0.904813057455669
0.8132209142752458,-1.0958044172922057,1.083472678381759,0.6908091894132237,-0.010684955963028146,0.4758853322063362,0.47732230169168116,-0.82945743638262,0.3010334606746278,0.09962882897647769,-0.6113052730514277,-0.11863072736518826,-0.020502168935058233,0.41390077802624936,-1.4638992902157597,-1.1346089301820148,-1.164330282200233,0.9122837177406355,0.9054021102437131
0.8132209142752458,-1.0958044172922057,1.227935701936115,0.7189062812551403,-0.010684955963028146,0.46183827153079804,0.4572010158501588,-0.9793520741748433,0.6000553418864081,-0.07992692327168324,-0.6967214530533161,-0.18928008611025168,-0.1416537988526861,0.41390077802624936,-1.4041967481455553,-1.0927123679018462,-1.1093889277636066,0.9157031446176175,0.9088074821295637
0.8132209142752458,-1.0958044172922057,1.3723987254904713,0.7383398044994932,-0.010684955963028146,0.45037648757392634,0.44510326753897983,-0.9793520741748433,0.3010334606746278,-0.2108832080357037,-0.7781793663969763,-0.28892820670541114,-0.26022991605418977,0.41390077802624936,-1.3383079748632594,-1.0419508984175423,-1.0531041798444225,0.9206121000127632,0.9136836439163473
0.8132209142752458,-1.0958044172922057,1.5168617490448273,0.7519338913370628,-0.010684955963028146,0.4417600142377524,0.437193736368894,-0.9793520741748433,0.3010334606746278,-0.3001654314499504,-0.8357979247554234,-0.34271425413051215,-0.3235981075960622,0.41390077802624936,-1.2844744831785941,-1.007088964713219,-1.0152636076042496,0.9260800554913516,0.9191445603297611
0.8132209142752458,-1.0958044172922057,1.6613247725991833,0.7615881681946692,-0.010684955963028146,0.4354358349333627,0.43174757932429897,-0.9643625532153545,0.12162033194755961,-0.36962939321559124,-0.880214839314745,-0.3854233149505516,-0.37165644250565627,0.41390077802624936,-1.2412817333719286,-0.9826925509763578,-0.9890667250594625,0.9314807871656934,0.9245530801087971
0.8132209142752458,-0.9855594853915648,-1.6613247691510074,0.7783188558378153,-0.010684955963028146,0.44039729433603747,0.4374477927441835,-1.1292467119670664,0.6598597181287641,-0.40883042217936044,-0.9226453149025,-0.41730653604829915,-0.40534886857150393,0.41390077802624936,-1.2035307075028718,-0.9628677674882502,-0.9684713730147211,0.9355447716951594,0.9287816522425676
0.8132209142752458,-0.9855594853915648,-1.5168617455966513,0.7837901024490679,-0.010684955963028146,0.4367062982374946,0.4343112581282181,-1.2791413497592896,0.6598597181287641,-0.460068357584582,-0.9651954638713792,-0.4682296747833461,-0.4575174451016804,0.41390077802624936,-1.16600407019728,-0.9445263782554307,-0.9494166929590776,0.9394414156851768,0.9326817220397117
0.8132209142752458,-0.9855594853915648,-1.372398722042295,0.7874145771296956,-0.010684955963028146,0.4342593018158857,0.43226604678099295,-1.309120248727601,0.5402509656440521,-0.5078844583848426,-1.001034162640703,-0.5134626374450806,-0.503671609472339,0.41390077802624936,-1.1415213738742098,-0.9394266683266148,-0.9437948559829853,0.943282339409642,0.9365257110641233
0.8132209142752458,-0.9855594853915648,-1.227935698487939,0.789920149001034,-0.010684955963028146,0.4324873893861151,0.43078469624858273,-1.2791413497592896,0.6598597181287641,-0.5550662806514108,-1.0357909305516082,-0.5686519577168121,-0.5591830631708689,0.41390077802624936,-1.1162645249562422,-0.9310441895612057,-0.9349851206167523,0.9469021794998197,0.9401484471129005
0.8132209142752458,-0.9855594853915648,-1.083472674933583,0.7915987719666437,-0.010684955963028146,0.4312723637199866,0.4297804989413971,-1.2791413497592896,0.6598597181287641,-0.5956208730839875,-1.065263283755316,-0.6155932165019401,-0.6062380466811007,0.41390077802624936,-1.0917321787469487,-0.9223923576283891,-0.926003107727929,0.9503318517159515,0.9435808360133522
0.8132209142752458,-0.9855594853915648,-0.9390096513792268,0.7927243935678224,-0.010684955963028146,0.43040879175893665,0.4290697895671312,-1.2791413497592896,1.0784903518252564,-0.6314719959363073,-1.0916192586214946,-0.6583470361723741,-0.6489175066922488,0.41390077802624936,-1.061547217093031,-0.9017612496021,-0.90503699873343,0.9535298354730616,0.9467815335461645
0.8132209142752458,-0.9855594853915648,-0.7945466278248707,0.7934672231990977,-0.010684955963028146,0.42979876854226473,0.4285707764067747,-1.2791413497592896,0.6598597181287641,-0.6634429035113794,-1.1155215812868922,-0.6975342385604392,-0.6879009228624376,0.41390077802624936,-1.027935690233117,-0.8821570234177392,-0.8851563036360125,0.956490918230179,0.9497450135038055
0.8132209142752458,-0.9855594853915648,-0.6500836042705146,0.7939392407252903,-0.010684955963028146,0.4293674009590077,0.42821986692176195,-1.1292467119670664,0.6598597181287641,-0.6830669582275041,-1.126888813055007,-0.7167929772441122,-0.7071786151989252,0.41390077802624936,-1.0006644056401321,-0.8647234541195157,-0.8674994951895253,0.9592077305328273,0.9524639076095657
0.8132209142752458,-0.9855594853915648,-0.5056205807161585,0.7941511962134231,-0.010684955963028146,0.4286979653302868,0.42816234077667786,-1.2791413497592896,0.6598597181287641,-0.6440908692798072,-1.1084149306194384,-0.6349456172244018,-0.694503674893601,0.41390077802624936,-0.995170862646514,-0.8851814994826878,-0.868115239947073,0.9613290549652358,0.9545869946736316
0.8132209142752458,-0.9855594853915648,-0.3611575571618023,0.7749883059063692,-0.010684955963028146,0.4084990004254375,0.41501249156840686,-0.9793520741748433,0.3010334606746278,-0.2912992637815643,-0.9999981529634133,-0.12589409414311062,-0.5589218500328353,-0.3220240592638838,-1.023980088618092,-1.0086250585012608,-0.8902143629653005,0.9622845676480594,0.9557118849179299
0.8132209142752458,-0.9855594853915648,-0.2166945336074462,-0.7030746009502787,-0.010684955963028146,1.2801720739767752,1.3145467303881182,-0.22987888521372726,-0.8950540641724933,0.03925008983673525,-0.7607160978339823,0.43531640926467813,-0.23679234346341244,-0.6580283257783399,-1.1252629642870338,-1.1335725060378594,-0.9621573690593995,0.8174512408838998,0.8166313638670175
0.8132209142752458,-0.9855594853915648,-0.07223151005309006,2.3468136556714185,-0.010684955963028146,-0.6865507261215884,-0.6874206446824462,0.3696996659551655,-1.4332934503536978,0.733294662683185,-0.5318324071283906,0.6111200560710357,-0.04064894423547018,-1.987094556855662,-1.1886641818620014,-1.124379040018408,-0.9594301874913957,0.9948340101273372,0.9805949647142035
0.8132209142752458,-0.9855594853915648,0.07223151350126605,-0.7030746009502787,-0.010684955963028146,-0.6865507261215884,2.8877401590638416,0.819383579331835,-1.7323153315654782,1.1839691777334638,-0.32006340147449547,0.5625285218945071,0.3134095962810512,-2.5024296580922436,-1.2385815990255282,-1.05176298755296,-0.9929539959525907,0.6944108289483604,0.7052142190240505
0.8132209142752458,-0.9855594853915648,0.2166945370556222,-0.7030746009502787,-0.010684955963028146,-0.6865507261215884,-0.6874206446824462,0.9692782171240583,-1.55290220283841,1.6958214920968582,-0.1703847031353548,0.40305108020337677,0.6036190201324049,-3.1789133105876304,-1.2205090404402843,-0.8978332910126586,-0.9604891811346958,-1.2676136780735823,-1.2761757670616813
0.8132209142752458,-0.9855594853915648,0.3611575606099783,-0.7030746009502787,-0.010684955963028146,-0.6865507261215884,-0.6874206446824462,1.1191728549162814,-1.493097826596054,1.7817459626549086,-0.06525650824609294,0.26975425052268304,0.9198366468020986,-2.956211197039365,-1.159768912155561,-0.7191684290064376,-0.9157642768162529,-1.2676136780735823,-1.2761757670616813
0.8132209142752458,-0.9855594853915648,0.5056205841643344,2.337900058431683,-0.010684955963028146,-0.6865507261215884,-0.6874206446824462,1.1191728549162814,-1.493097826596054,1.715142793244839,0.0006716965702941548,0.1266071582847796,1.165320847935089,-2.45320334396102,-1.1060455660922743,-0.5730668902203587,-0.8942789334127298,0.9421404334514069,0.9246726099309714
0.8132209142752458,-0.9855594853915648,0.6500836077186906,-0.7030746009502787,-0.010684955963028146,2.8721222156647093,-0.6874206446824462,0.9692782171240583,-1.55290220283841,1.5105134220539636,0.016281419276807207,-0.05063540267500415,1.4004265058827874,-1.289715368657328,-1.0113106909520309,-0.40900652177256097,-0.8726036262010269,0.8320699019084906,0.8319956535265407
0.8132209142752458,-0.9855594853915648,0.7945466312730467,2.3593528921823763,-0.010684955963028146,-0.6865507261215884,-0.6874206446824462,0.7894045374128574,-1.0146628166572054,0.7614219731231605,-0.05988094695210944,-0.047809793026945574,0.8629816950010977,0.41390077802624936,-0.9214631963595251,-0.3505028836893302,-0.6598199242781335,0.8997231116856327,0.8903407386266866
0.8132209142752458,-0.9855594853915648,0.9390096548274028,-0.7030746009502787,-0.010684955963028146,1.0830410632023577,1.4712171992577405,0.5195943037473887,0.06181595570520356,0.5642882048515793,-0.1795104942215427,-0.04389505135261859,-0.05507262919385946,0.41390077802624936,-0.651281771570466,-0.11995478951086984,-0.11213177532823096,0.9199628690476844,0.9125468825595727
0.8132209142752458,-0.9855594853915648,1.083472678381759,1.311787527656218,-0.010684955963028146,0.7627011571570776,-0.6874206446824462,0.3696996659551655,-0.596032182960713,0.24010713849063006,-0.27728364659997107,0.005673717724191999,-0.12202944982834107,0.41390077802624936,-0.5865019260867765,-0.1698109330713872,-0.11666688831201308,0.8882226286184578,0.8819151142095135
0.8132209142752458,-0.9855594853915648,1.227935701936115,-0.7030746009502787,-0.010684955963028146,1.0198566951834867,1.6262340529386736,0.2797628260995651,-0.17740154926422066,0.14195286234943727,-0.3536220440232157,0.06326012309483381,-0.26290551978582216,0.41390077802624936,-0.46266354094059325,-0.13509104954794315,-0.00018675821560280831,0.8406184691009454,0.8362365061214935
0.8132209142752458,-0.9855594853915648,1.3723987254904713,1.5195822023478558,-0.010684955963028146,0.5355485734174525,-0.6874206446824462,0.2198050281629423,0.0020115794628475024,-0.057502234576378784,-0.40975233864779903,0.14034315215031984,-0.24756880946645612,0.41043410338360153,-0.2964330706578099,-0.0862537636206632,0.07624900111654626,0.8878117365957086,0.8788237127812236
0.8132209142752458,-0.9855594853915648,1.5168617490448273,-0.7030746009502787,-0.010684955963028146,0.9923427862437405,1.5941545458360489,0.06991039037071911,0.36083783691698385,-0.107973804578005,-0.45269003455438844,0.1846328634833683,-0.2665926123977523,0.41390077802624936,-0.19808893801177804,-0.06360228996831203,0.12705602253480863,0.8193448311987128,0.8124869128923458
0.8132209142752458,-0.9855594853915648,1.6613247725991833,1.6576252463298597,-0.010684955963028146,0.4695380364528922,-0.6874206446824462,0.3097418680185427,-0.1175971730218646,-0.17995918698892183,-0.4745659111585996,0.23771105797815487,-0.22566922077251128,0.41390077802624936,-0.09494154040194955,-0.039149923641119806,0.1577124692385156,0.8954820805059445,0.8886863558310782
0.8132209142752458,-0.8753145534909239,-1.6613247691510074,-0.7030746009502787,-0.010684955963028146,0.9906459761235671,1.5844016677914876,0.3696996659551655,0.0020115794628475024,-0.22361847475961313,-0.4854805409824048,0.269771656742281,-0.22977783489690662,0.41390077802624936,0.006315064210689685,0.001957230000269662,0.21741940424459497,0.8083916649334939,0.8015247592179695
0.8132209142752458,-0.8753145534909239,-1.5168617455966513,2.358428386418416,-0.010684955963028146,-0.6865507261215884,-0.6874206446824462,0.5195943037473887,-0.2970103017489328,-0.27070678998461645,-0.4842107507466399,0.27912625647475064,-0.18343488096854163,0.41390077802624936,0.11383767727978862,0.06022621419691832,0.263057226588324,0.9273082379897967,0.9205385973483047
0.8132209142752458,-0.8753145534909239,-1.372398722042295,-0.7030746009502787,-0.010684955963028146,1.105686396932914,1.3012954259785172,0.5195943037473887,-0.2970103017489328,-0.2696729813642375,-0.4849761037654571,0.19414992126541836,-0.19412427592557416,0.41390077802624936,0.22521056671983702,0.15333132450777628,0.3291641951364177,0.8022201961666113,0.7953483012663339
0.8132209142752458,-0.8753145534909239,-1.227935698487939,2.3370536698214215,-0.010684955963028146,-0.6865507261215884,-0.6874206446824462,0.6694889415396119,-0.536227806718357,-0.2803896730020559,-0.47625594977924235,0.13860170132293026,-0.16983633657702438,0.41390077802624936,0.33077731169815316,0.22993844487966705,0.37331156580815367,0.9281546467978132,0.921385539821177
0.8132209142752458,-0.8753145534909239,-1.083472674933583,-0.7030746009502787,-0.010684955963028146,1.1684997511744302,1.2674405574456071,0.819383579331835,-0.8352496879301373,-0.26978545137227367,-0.4869931568577763,0.035649714474569986,-0.20304621002338968,0.41390077802624936,0.4335848727081045,0.3118606275919967,0.4269809269521936,0.8221558287244235,0.8153001618748567
0.8132209142752458,-0.8753145534909239,-0.9390096513792268,2.3139926260441177,-0.010684955963028146,-0.6865507261215884,-0.6874206446824462,0.7294467394762346,-0.41661905423364487,-0.2909350440462378,-0.5048175328905578,-0.030703623500212517,-0.21205765641149704,0.41390077802624936,0.5543073659654844,0.39984846146312086,0.49116642249801085,0.9186530833216243,0.9118761647046664
0.8132209142752458,-0.8753145534909239,-0.7945466278248707,-0.7030746009502787,-0.010684955963028146,1.20543293320823,1.2584179476646402,0.6694889415396119,-0.536227806718357,-0.2880409030254932,-0.5286937639757684,-0.1330314730458482,-0.2690159542203804,0.41390077802624936,0.6742884851936286,0.4900858930842602,0.5627596331660135,0.8410953267283967,0.8342552583840831
0.8132209142752458,-0.8753145534909239,-0.6500836042705146,2.3307340637542864,-0.010684955963028146,-0.6865507261215884,-0.6874206446824462,-0.22987888521372726,0.7196640943711202,-0.3480174964969667,-0.6123371080758876,-0.250214287716889,-0.35049410958447874,0.41390077802624936,0.779596857948492,0.49860760271398136,0.5549619463640478,0.9326769754471439,0.925911503789912
0.8132209142752458,-0.8753145534909239,-0.5056205807161585,-0.7030746009502787,-0.010684955963028146,1.2515695999451388,1.2802396017618565,-0.5296681607981737,0.7794684706134762,-0.35532216196075767,-0.6709694112965315,-0.3388136032053835,-0.4131087703917127,0.41390077802624936,0.81345374201314,0.4564366992447866,0.5000578204668404,0.876218146762224,0.8694066457979331
0.8132209142752458,-0.8753145534909239,-0.3611575571618023,1.4828676776126815,-0.010684955963028146,0.6045357977448471,-0.6874206446824462,-0.6046154796942852,0.6598597181287641,-0.38387711998942886,-0.6945200194610092,-0.33515663935462536,-0.4279572318549414,0.41390077802624936,0.7743286675937995,0.3313303940631589,0.381553374892691,0.9141462125524147,0.9073657559867622
0.8132209142752458,-0.8753145534909239,-0.2166945336074462,-0.7030746009502787,-0.010684955963028146,1.045531120534688,1.5112290388025025,-0.6795627985903968,1.0784903518252564,-0.37675489134099893,-0.6711663157550091,-0.24265750180860207,-0.43688648968559896,0.41390077802624936,0.6980302895251933,0.18287342472054713,0.27555815526177097,0.8379417394409362,0.83109897518588
0.8132209142752458,-0.8753145534909239,-0.07223151005309006,1.6361183039084848,-0.010684955963028146,0.46827918367294596,-0.6874206446824462,-0.5296681607981737,-0.2970103017489328,-0.3765665694670779,-0.617670922841572,-0.11262889707431346,-0.3748056476277418,0.41390077802624936,0.5504105729535588,-0.02967333317718318,0.08371261363516158,0.9114272433362611,0.9046444057887655
0.8132209142752458,-0.8753145534909239,0.07223151350126605,-0.7030746009502787,-0.010684955963028146,1.0409067847306643,1.5653199316881299,-0.6795627985903968,1.0784903518252564,-0.10707731399069345,-0.48131910788645405,0.1613516303373814,-0.2518955080799261,-0.24452053305761248,0.37686590316972984,-0.21777119467580383,-0.0539375636130347,0.8151174604712245,0.8131058481359335
0.8132209142752458,-0.8753145534909239,0.2166945370556222,1.6048008503221056,-0.010684955963028146,0.362471535375464,-0.6874206446824462,-0.6795627985903968,0.0020115794628475024,0.5546027062525576,-0.3715201722559922,0.3733685025833633,-0.033752429142530876,-1.7865654200862535,0.20145719348274455,-0.418538197344808,-0.27222519394142625,0.9048333790079347,0.8943292277443432
0.8132209142752458,-0.8753145534909239,0.3611575606099783,-0.7030746009502787,-0.010684955963028146,1.0196807591323134,1.5454847076771618,-0.5596470597664851,-0.17740154926422066,0.81920670922872,-0.3110572837694317,0.45049131728364455,0.3615069910991362,-2.2537455342561854,0.09598420484297608,-0.5127129129871106,-0.4860556619521507,0.7943311052783852,0.7926337053219874
0.8132209142752458,-0.8753145534909239,0.5056205841643344,2.3122407234549693,-0.010684955963028146,-0.6865507261215884,-0.6874206446824462,-0.6046154796942852,-0.17740154926422066,1.0171735402342434,-0.31614827289550956,0.4490200772938223,0.7337462915220233,-2.4071642278469034,-0.004178174121831516,-0.61419009227913,-0.7095919704656243,0.9444440170750086,0.9305876987337772
0.8132209142752458,-0.8753145534909239,0.6500836077186906,-0.7030746009502787,-0.010684955963028146,1.2609822832822226,1.3454899392358461,-0.6345943786625966,-0.23720592550657674,0.8915177315466252,-0.35963563142470406,0.3012586791272764,1.0237579745866414,-1.9494653581984491,-0.04071277777842002,-0.6301515445883337,-0.8559221836523998,0.817103618323971,0.8157250658317641
0.8132209142752458,-0.8753145534909239,0.7945466312730467,1.463462552462047,-0.010684955963028146,0.5633743975204557,-0.6874206446824462,-0.6795627985903968,-0.35681467799128885,0.22870778005984793,-0.46644273252706225,0.1939485064386427,0.6157186405355806,0.001012491825471105,-0.03137908120618914,-0.6554340912092749,-0.7905215747818475,0.8755890469898608,0.8663328463640045
0.8132209142752458,-0.8753145534909239,0.9390096548274028,-0.7030746009502787,-0.010684955963028146,1.0935901135191954,1.5016451830314972,-0.82945743638262,-0.35681467799128885,0.06035129425142805,-0.5970432674335046,0.11213015678492884,0.11181327107814891,0.3992911374260949,-0.026278398962783615,-0.7066773385207897,-0.7102795521115526,0.7886282259705171,0.786078190468525
0.8132209142752458,-0.8753145534909239,1.083472678381759,1.6177648936482476,-0.010684955963028146,0.46469299609002473,-0.6874206446824462,-0.6795627985903968,-0.9548584404148494,-0.19301617024744633,-0.6860023361370451,0.09262524442408562,0.006558210168257821,0.3735012673183617,-0.052242397231134184,-0.7811333203520074,-0.7587362626893032,0.8976345004413869,0.8872585475442833
0.8132209142752458,-0.8753145534909239,1.227935701936115,-0.7030746009502787,-0.010684955963028146,1.0766437689753936,1.5643495179170572,-0.82945743638262,-0.41661905423364487,-0.296937149882075,-0.7698057085956442,0.019123752267766827,-0.2566372182211128,0.368135316107975,-0.11572122288068368,-0.8496871713853207,-0.7703140109248382,0.7845232600844514,0.7815536592202611
0.8132209142752458,-0.8753145534909239,1.3723987254904713,1.6785085056961286,-0.010684955963028146,0.39217021024913085,-0.6874206446824462,-0.82945743638262,-0.6558365592030692,-0.46844344981090313,-0.8241673419712882,0.020714349191974634,-0.2772112112706449,0.38604278088951294,-0.1923158131345729,-0.9263073039875209,-0.8437444118020629,0.9084706541489463,0.8976674664423973
0.8132209142752458,-0.8753145534909239,1.5168617490448273,-0.7030746009502787,-0.010684955963028146,1.0209101149048692,1.5413371772095918,-0.82945743638262,-0.9548584404148494,-0.5037851881500824,-0.8619089866555802,0.0003192330288389828,-0.36026722418816026,0.37005555342262947,-0.25221671373080506,-0.9793614200171142,-0.8808786243646946,0.7946949046896032,0.787816899097585
0.8132209142752458,-0.8753145534909239,1.6613247725991833,1.7570716080087814,-0.010684955963028146,0.4019831951723264,-0.6874206446824462,-0.82945743638262,-1.2538803216266297,-0.5729431268706017,-0.904196132496175,-0.030658035782218023,-0.4099725852391241,0.3377445620522735,-0.3627378425013739,-1.0692429671392876,-0.9704376076039823,0.9149013120220425,0.9081214136981794
0.8132209142752458,-0.7650696215902829,-1.6613247691510074,-0.7030746009502787,-0.010684955963028146,1.0109205663345984,1.5517171948285606,-0.9793520741748433,-0.9548584404148494,-0.6186281825767351,-0.9400049129202179,-0.07438328827973469,-0.49735122802964166,0.28148941078869455,-0.4708924070349254,-1.1453502009967866,-1.0390571204517574,0.8004202518464842,0.7935469622852441
0.8132209142752458,-0.7650696215902829,-1.5168617455966513,1.7474388312852205,-0.010684955963028146,0.3595282151947488,-0.6874206446824462,-0.9793520741748433,-1.2538803216266297,-0.6789264925828238,-0.968677124331526,-0.09374480654579523,-0.5193663689528724,0.3177573253823348,-0.5781195309753367,-1.2209015957495628,-1.1189176870612596,0.8970751408723601,0.8902807690412463
0.8132209142752458,-0.7650696215902829,-1.372398722042295,-0.7030746009502787,-0.010684955963028146,1.0085410364724465,1.5475228067009947,-1.0093309731431546,-1.3734890741113417,-0.723231175108932,-1.005789092213973,-0.1662607751258331,-0.6168737342639581,0.10242174988895353,-0.6959423262659629,-1.2914262574985094,-1.1875564146390574,0.8075159580503644,0.8006483436382597
0.8132209142752458,-0.7650696215902829,-1.227935698487939,1.7686587469170865,-0.010684955963028146,0.3626448564437125,-0.6874206446824462,-1.1292467119670664,-0.9548584404148494,-0.7822936228174139,-1.0398786114475638,-0.20731873168687207,-0.6487921894858403,-0.10090914005150312,-0.8043653858153038,-1.3478005525268355,-1.25005505340316,0.9193646850355631,0.9125884314532395
0.8132209142752458,-0.7650696215902829,-1.083472674933583,-0.7030746009502787,-0.010684955963028146,1.0062561689921685,1.5499004145738147,-1.1292467119670664,-0.9548584404148494,-0.8154990848993016,-1.0723848935954103,-0.2689607862238238,-0.730490870583294,-0.40608829925472945,-0.8974483176537328,-1.3768575134195655,-1.2761604476311341,0.8131753396025434,0.8063125016842405
0.8132209142752458,-0.7650696215902829,-0.9390096513792268,1.7863374113038597,-0.010684955963028146,0.3697046827444764,-0.6874206446824462,-1.1292467119670664,-0.7156409354454252,-0.8562217284485368,-1.0919911506110924,-0.2816781018090872,-0.7322819301372243,-0.5383878758420679,-0.9687354314779083,-1.389306205721455,-1.2922042013271309,0.939779691619916,0.933020253419637
0.8132209142752458,-0.7650696215902829,-0.7945466278248707,-0.7030746009502787,-0.010684955963028146,1.004153199724132,1.5528074721673903,-1.1292467119670664,-0.7156409354454252,-0.8711854706805118,-1.110473034464585,-0.3104323477172128,-0.7812256229726139,-0.6201336243268633,-1.019077282862984,-1.3837893453759655,-1.281459018609514,0.8178236679491387,0.8109645450544472
0.8132209142752458,-0.7650696215902829,-0.6500836042705146,1.1555686286876368,-0.010684955963028146,0.18077404922325607,0.3271858615666891,-1.1292467119670664,-0.7156409354454252,-0.9143425667874137,-1.128464396610563,-0.33190664949541804,-0.7558073875221063,-0.5698010485528734,-1.0561189902118715,-1.3749611977224545,-1.2830940174550876,0.933098112809043,0.9263331329571709
0.8132209142752458,-0.7650696215902829,-0.5056205807161585,-0.7030746009502787,-0.010684955963028146,1.2514361312166626,1.3849756760355665,-1.0692888425551106,0.0020115794628475024,-0.8154676979203147,-1.0858944180407417,-0.04449100715694658,-0.6216691517793199,-0.8321981588154753,-1.0816824151263242,-1.3803795988586016,-1.2545008615621773,0.7809429634085366,0.7793826783575843
0.8132209142752458,-0.7650696215902829,-0.3611575571618023,1.1812379970602385,-0.010684955963028146,0.11544518600750421,0.19294734689712947,-0.9793520741748433,-0.6558365592030692,-0.3203786459174739,-0.9826830845758812,0.7489408451119828,-0.3377768543782893,-2.0213257855406725,-1.1494267926514958,-1.5327283094162933,-1.3128206240701359,0.9303460709191423,0.9191552033961191
0.8132209142752458,-0.7650696215902829,-0.2166945336074462,-0.7030746009502787,-0.010684955963028146,-0.6865507261215884,2.9134520448706156,-0.82945743638262,-1.7323153315654782,0.07864009456982107,-0.8087865293949487,0.905241237292697,-0.014910092036099073,-2.6989122062210065,-1.2808423288806154,-1.6076262733370252,-1.4372631854435367,0.6329691705807401,0.6427459690819487
0.8132209142752458,-0.7650696215902829,-0.07223151005309006,-0.7030746009502787,-0.010684955963028146,-0.6865507261215884,-0.6874206446824462,-0.7694996384459972,-0.9548584404148494,0.6794280677878158,-0.6831482651523285,0.7976732867804944,0.2167997951171645,-3.565906922946098,-1.3196482943224828,-1.5511968932003886,-1.4454210392588267,-1.2676136780735823,-1.2761757670616813
0.8132209142752458,-0.7650696215902829,0.07223151350126605,2.370527945188141,-0.010684955963028146,-0.6865507261215884,-0.6874206446824462,-0.82945743638262,-1.2538803216266297,1.2069974118788693,-0.6068175212592721,0.4239194797660552,0.24509869881888216,-4.3239977500994495,-1.3775728402243934,-1.4945238590512055,-1.4672055210729316,1.049619073932187,1.024670972617934
0.8132209142752458,-0.7650696215902829,0.2166945370556222,-0.7030746009502787,-0.010684955963028146,1.4771445121866393,1.117893289639267,-0.6795627985903968,-1.493097826596054,1.462231747732065,-0.5104825367807485,0.009922493041278619,0.344819458944457,-4.141717272491927,-1.442643113440602,-1.4177517002248887,-1.4946389151645245,0.8930113360856862,0.8927649016640717
0.8132209142752458,-0.7650696215902829,0.3611575606099783,2.370922472647878,-0.010684955963028146,-0.6865507261215884,-0.6874206446824462,-0.7395205965270196,-1.3734890741113417,1.7487458237272266,-0.45497148232593543,0.004712231308308176,0.610833710729927,-4.247976614494485,-1.4777872792640758,-1.4185033733957702,-1.5491228280170863,0.930582792176343,0.9222435347091134
0.8132209142752458,-0.7650696215902829,0.5056205841643344,-0.7030746009502787,-0.010684955963028146,1.4047580192557803,1.2176789776460155,-0.82945743638262,-1.2538803216266297,1.715672448515242,-0.39894555402209986,0.0048572831382906485,1.164856197773665,-3.3268449464302274,-1.5136867982109647,-1.4213218224808177,-1.6544166008275731,0.8731592839262022,0.8690234954090456
0.8132209142752458,-0.7650696215902829,0.6500836077186906,1.2933517002154726,-0.010684955963028146,0.8293979702403939,-0.6874206446824462,-0.82945743638262,-1.2538803216266297,1.3635432390527003,-0.39943607572961454,0.12314580718759781,1.425970872287797,-1.6998088886026965,-1.5244449162762979,-1.4482591994913754,-1.7019517685864476,0.8820198846057491,0.8748931465054768
0.8132209142752458,-0.7650696215902829,0.7945466312730467,-0.7030746009502787,-0.010684955963028146,1.1211009890787487,1.4479718253661893,-1.1292467119670664,-0.8352496879301373,0.9251076841211016,-0.4952944540100565,0.14959911663840145,0.6369387495714011,0.09055680264879941,-1.4882997991058098,-1.456163912533919,-1.5615542124688033,0.7957978064619519,0.7923359041383168
0.8132209142752458,-0.7650696215902829,0.9390096548274028,1.463192546611991,-0.010684955963028146,0.5910062944897637,-0.6874206446824462,-1.2791413497592896,-0.41661905423364487,0.15844345033004273,-0.6206203150659049,0.13264048554445057,0.45812248849967785,0.41390077802624936,-1.441596127490342,-1.4540420515114423,-1.5279764717540216,0.8744705075945991,0.8648295132409386
0.8132209142752458,-0.7650696215902829,1.083472678381759,-0.7030746009502787,-0.010684955963028146,1.0904544351945398,1.5314711295487013,-1.2791413497592896,-0.41661905423364487,0.07402686255415147,-0.7090269380449538,0.16536334952089665,0.11976358995225121,0.41390077802624936,-1.4019118893038274,-1.460656493483542,-1.459303572525672,0.7797516281824729,0.7765485525910635
0.8132209142752458,-0.7650696215902829,1.227935701936115,1.6062062424175527,-0.010684955963028146,0.47850962447023915,-0.6874206446824462,-1.309120248727601,-0.41661905423364487,-0.1438223118487426,-0.780253473077971,0.18121792897178093,0.04281475647691984,0.41390077802624936,-1.368349048254676,-1.4625368691985239,-1.4418116177288118,0.8858654816428091,0.8755931327928677
0.8132209142752458,-0.7650696215902829,1.3723987254904713,-0.7030746009502787,-0.010684955963028146,1.0671588075102714,1.574543569197918,-1.578930625343736,0.3010334606746278,-0.24899027000270255,-0.857348874214373,0.13437281882824126,-0.18442114365793896,0.41390077802624936,-1.3338481617823172,-1.453044338752458,-1.3929160252494048,0.7800776816073491,0.7768604763050938
0.8132209142752458,-0.7650696215902829,1.5168617490448273,1.0605661655481555,-0.010684955963028146,0.1959399041932941,0.3152857940086172,-1.578930625343736,0.3010334606746278,-0.4582472589079498,-0.9195108464027076,0.1051751287541692,-0.189396399501978,0.41390077802624936,-1.3081998982273277,-1.448517166957262,-1.3933148400719797,0.8929087029513949,0.8827997167633449
0.8132209142752458,-0.7650696215902829,1.6613247725991833,0.9061885738927955,-0.010684955963028146,0.3064481411968836,0.38608604477433534,-1.8187620315162265,0.48044658940169593,-0.5554834659137776,-0.9736762710953457,-0.03284458851075382,-0.257523389895002,0.41390077802624936,-1.2833896572665038,-1.420061371104833,-1.3783094460194292,0.9125312235653624,0.9051851554294925
0.8132209142752458,-0.654824689689642,-1.6613247691510074,0.861974264899167,-0.010684955963028146,0.34669659858260693,0.398968449704461,-1.728825263135959,0.3010334606746278,-0.6012607208706849,-1.0170954436283184,-0.18164953098557368,-0.34383032644629824,0.41390077802624936,-1.2633101345910627,-1.388680534314071,-1.3590617452667388,0.9239916239898981,0.9168851601465717
0.8132209142752458,-0.654824689689642,-1.5168617455966513,0.8381659122959951,-0.010684955963028146,0.369564205861762,0.40483120063245576,-1.8787199009281823,0.6598597181287641,-0.6688754664576846,-1.0819601556362852,-0.3914997433254174,-0.5024574973167443,0.41390077802624936,-1.2455248704930908,-1.3513014930916187,-1.331310653082156,0.933035742060183,0.9259993090873655
0.8132209142752458,-0.654824689689642,-1.372398722042295,0.8228078290438764,-0.010684955963028146,0.3844749430976671,0.4084414369049406,-1.938677752471305,0.24122908443227173,-0.7169812429181779,-1.1342414203516897,-0.5335643344778517,-0.608081186113019,0.41390077802624936,-1.243724700589202,-1.3394412789054786,-1.3269099340339308,0.9409918770098639,0.9339975734553947
0.8132209142752458,-0.654824689689642,-1.227935698487939,0.8121697418859004,-0.010684955963028146,0.39473069692967133,0.4110078351266274,-2.1785091765126285,0.6000553418864081,-0.7672494514517852,-1.1879594614160556,-0.6508068276160852,-0.6992274825767294,0.41390077802624936,-1.2397107724088083,-1.3343137011167496,-1.327174464095551,0.9480854263002387,0.9411216736615975
0.8132209142752458,-0.654824689689642,-1.083472674933583,0.8147863081992491,-0.010684955963028146,0.4115782997182367,0.42262142248218065,-2.0286145387204058,0.6598597181287641,-0.7902482603043905,-1.2250439461673723,-0.7138977427176619,-0.750364226524269,0.41390077802624936,-1.2389843415492126,-1.3344591127904588,-1.3297945453785982,0.9533892766096365,0.9466407175912741
0.8132209142752458,-0.654824689689642,-0.9390096513792268,0.8099858657702191,-0.010684955963028146,0.4160718863760257,0.42356286399472914,-2.1785091765126285,0.6000553418864081,-0.8300364873333719,-1.2737583179273526,-0.8069646545696166,-0.8312450907876927,0.41390077802624936,-1.2474161455280104,-1.3417309976989482,-1.3395484227064043,0.9582031480677593,0.9514585471874418
0.8132209142752458,-0.654824689689642,-0.7945466278248707,0.8061588419101035,-0.010684955963028146,0.4195027439732203,0.4245585892696388,-2.0286145387204058,0.24122908443227173,-0.8657202129644286,-1.3110024831494136,-0.889159310113685,-0.9031429898462838,0.41390077802624936,-1.272044658264503,-1.3589399975890795,-1.3589437275215421,0.9627580101624608,0.956017259052663
0.8132209142752458,-0.654824689689642,-0.6500836042705146,0.8031119145802754,-0.010684955963028146,0.4220417877937783,0.4253970066859913,-2.0286145387204058,0.6598597181287641,-0.8958641368043084,-1.3354155050110037,-0.9532332621887429,-0.9592273222026814,0.41390077802624936,-1.2957589864454393,-1.3687105560227593,-1.3703499624567037,0.9669161799149891,0.96017890267299
0.8132209142752458,-0.654824689689642,-0.5056205807161585,0.7906898537998662,-0.010684955963028146,0.41351914004494233,0.417758580548738,-1.728825263135959,0.12162033194755961,-0.7630919845268204,-1.2893826519187703,-0.6486708358111434,-0.9235851557046588,0.19895879878050496,-1.3415205153169922,-1.4415650576086299,-1.3864461199618532,0.9709738734467315,0.9641905199925399
0.8132209142752458,-0.654824689689642,-0.3611575571618023,0.7696803707299714,-0.010684955963028146,0.3919557816493062,0.4130839014062158,-1.4290359875515128,-0.057792796779508555,-0.2560458013207854,-1.1746788471008975,0.12081088715867994,-0.7573860588236169,-0.8925476426432296,-1.3915297606681456,-1.5733594322988584,-1.4018647398844957,0.9709564383958974,0.9645356009517624
0.8132209142752458,-0.654824689689642,-0.2166945336074462,-0.7030746009502787,-0.010684955963028146,1.245761199872815,1.3229652110527115,-0.82945743638262,-1.7323153315654782,0.07654174424547186,-1.0227889743128469,0.570208809075179,-0.504065463549623,-1.610038667507056,-1.485394075667427,-1.673344434080131,-1.4786583735633188,0.8227407117699291,0.8220273985105182
0.8132209142752458,-0.654824689689642,-0.07223151005309006,2.370124817674786,-0.010684955963028146,-0.6865507261215884,-0.6874206446824462,-0.5596470597664851,-2.330359093989039,0.8229476447867137,-0.8256305577881724,0.6650063964757246,-0.3284138688137631,-2.8516147409587758,-1.6008606705322377,-1.7121823631907882,-1.5408110380124094,1.006950831228636,0.9928553678099015
0.8132209142752458,-0.654824689689642,0.07223151350126605,-0.7030746009502787,-0.010684955963028146,-0.6865507261215884,2.913944050300571,-0.37977352300595046,-1.9117284602925464,1.1540508478050517,-0.6801390362374335,0.4523761622058168,-0.08776902759318703,-3.245312298872407,-1.6617844551922136,-1.6501344104417424,-1.5593187533100183,0.714593248359731,0.7248144490940535
0.8132209142752458,-0.654824689689642,0.2166945370556222,-0.7030746009502787,-0.010684955963028146,-0.6865507261215884,-0.6874206446824462,-0.07998424742150408,-2.4499678464737507,1.4371188950656169,-0.541049344801365,0.19531530911087755,0.22574207291731907,-3.5971314489346633,-1.7309113169279498,-1.6101657185171856,-1.624759865958062,-1.2676136780735823,-1.2761757670616813
0.8132209142752458,-0.654824689689642,0.3611575606099783,2.384131079998788,-0.010684955963028146,-0.6865507261215884,-0.6874206446824462,-0.07998424742150408,-2.2107503415043266,1.6312558607393506,-0.4560694160202023,-0.04639906037191603,0.5771998745268158,-3.582804778417869,-1.7594838623739395,-1.535765689276299,-1.6603216367222964,0.9515796261787358,0.9352604142136407
0.8132209142752458,-0.654824689689642,0.5056205841643344,-0.7030746009502787,-0.010684955963028146,1.5395440715301523,1.0558536432119057,-0.07998424742150408,-1.8519240840501903,1.5869884502507894,-0.3683342163712976,-0.26023032379407873,1.1754137655395405,-2.8795344558503193,-1.7758849551292908,-1.4621921535305735,-1.7357809384105614,0.9296344692052035,0.9239046717583719
0.8132209142752458,-0.654824689689642,0.6500836077186906,1.2071103625317874,-0.010684955963028146,0.9327537059483685,-0.6874206446824462,-0.22987888521372726,-1.672510955323122,1.2276585446923507,-0.35080902379132656,-0.13930351417429035,1.3383196238859363,-1.7693275347200743,-1.7690335118493548,-1.4593867166758354,-1.7400671333008666,0.9101027187012485,0.9039165837893613
0.8132209142752458,-0.654824689689642,0.7945466312730467,-0.7030746009502787,-0.010684955963028146,2.9148506182568927,-0.6874206446824462,-0.22987888521372726,-1.4332934503536978,0.858218108527777,-0.4055296773103429,0.061180494286685094,0.9244392060192863,-0.32781970578603975,-1.733315239089067,-1.473691712066634,-1.6464667246298588,0.6421479160023107,0.6504067254418179
0.8132209142752458,-0.654824689689642,0.9390096548274028,1.7046238226823927,-0.010684955963028146,0.3018022579335606,-0.6874206446824462,-0.6795627985903968,0.3010334606746278,0.186866321488811,-0.515254164965338,0.3632132167493904,0.34557949966384405,0.41390077802624936,-1.6597529071777704,-1.4847794335133975,-1.4893514799955898,0.8279192813532306,0.8142333991468212
0.8132209142752458,-0.654824689689642,1.083472678381759,-0.7030746009502787,-0.010684955963028146,0.7487336965617669,1.8471890476028197,-0.5296681607981737,-0.6558365592030692,0.1099361820966761,-0.5987541793182969,0.40805744050677184,-0.4158836513907596,0.41390077802624936,-1.6080249562991529,-1.4666604449836187,-1.2944300531209043,0.8160075467777224,0.8095359180702401
0.8132209142752458,-0.654824689689642,1.227935701936115,1.6157308017997507,-0.010684955963028146,0.4640785797020393,-0.6874206446824462,-0.6795627985903968,-0.596032182960713,-0.08803195669963852,-0.6675141903043077,0.3913168015915946,-0.38007141154118257,0.41390077802624936,-1.5733505362438782,-1.4539386042804814,-1.2923530063102049,0.8803329985018553,0.8714366060313666
0.8132209142752458,-0.654824689689642,1.3723987254904713,-0.7030746009502787,-0.010684955963028146,0.9435439622901796,1.7009818523730513,-0.6795627985903968,0.0020115794628475024,-0.1753400699146922,-0.7224957596251935,0.3115266909548357,-0.4599277669548115,0.41390077802624936,-1.5148740571407484,-1.3894219061359572,-1.2197009111735044,0.7990015419884093,0.794979682756512
0.8132209142752458,-0.654824689689642,1.5168617490448273,1.667782088820782,-0.010684955963028146,0.40349664268982055,-0.6874206446824462,-0.6795627985903968,0.0020115794628475024,-0.34695230089760093,-0.7653325680883935,0.26418343138375616,-0.42213730548978484,0.41390077802624936,-1.4537078075024203,-1.3228690108184944,-1.1666398709140489,0.8989033048108475,0.8888979891121198
0.8132209142752458,-0.654824689689642,1.6613247725991833,-0.7030746009502787,-0.010684955963028146,0.9597270456179223,1.6194928254787497,-0.7095416975587082,0.3010334606746278,-0.38312514028453587,-0.7934759901412459,0.23299065699672522,-0.44645860851017066,0.41390077802624936,-1.405418472773057,-1.2714524839733574,-1.1114200120666948,0.8010018995217321,0.794129056145285
0.8132209142752458,-0.5445797577890011,-1.6613247691510074,1.099958890314276,-0.010684955963028146,0.190287252503965,0.37761056092961337,-0.6795627985903968,0.3010334606746278,-0.45535769515497404,-0.8190791359470969,0.20344235592789556,-0.3924965311817832,0.41390077802624936,-1.3464452537888303,-1.2087659560218706,-1.064431699891252,0.9044070291050645,0.897618549272021
0.8132209142752458,-0.5445797577890011,-1.5168617455966513,-0.7030746009502787,-0.010684955963028146,1.1769925881179246,1.3471234725702514,-0.6795627985903968,0.3010334606746278,-0.5209009001288424,-0.8412270607607241,0.14937283578362878,-0.32715337301683534,0.41390077802624936,-1.2905428561656216,-1.1450974384230237,-1.0272540358368645,0.7632688546609739,0.7563652052892544
0.8132209142752458,-0.5445797577890011,-1.372398722042295,1.1992604844239574,-0.010684955963028146,0.18209273281251925,0.2614480161613598,-0.6795627985903968,0.3010334606746278,-0.6011842151094045,-0.8581260554162082,0.13277890643363383,-0.2307112039602224,0.41390077802624936,-1.2476993426945748,-1.1033970355147715,-1.0135107001880819,0.8894134246161453,0.8826126444046679
0.8132209142752458,-0.5445797577890011,-1.227935698487939,-0.7030746009502787,-0.010684955963028146,1.2252074340847436,1.3024700052681428,-0.6795627985903968,0.3010334606746278,-0.655214937749059,-0.8726496726114725,0.09752302307189382,-0.17325000982951763,0.41390077802624936,-1.2087393661978696,-1.0627127793584423,-0.9959466901536363,0.761370411290774,0.7544650085956472
0.8132209142752458,-0.5445797577890011,-1.083472674933583,1.2538701082286305,-0.010684955963028146,0.17423585971630962,0.21203891474164702,-0.82945743638262,1.0784903518252564,-0.7223458007433449,-0.8922044422422525,0.09036658021435853,-0.10911364008732248,0.41390077802624936,-1.1716815105850162,-1.0330928226343192,-0.9847927577246262,0.8907431617921289,0.8839434370481226
0.8132209142752458,-0.5445797577890011,-0.9390096513792268,-0.7030746009502787,-0.010684955963028146,1.2423027280559358,1.2799187104652785,-0.7694996384459972,0.7794684706134762,-0.7614454759208025,-0.9084967206864563,0.061005603223106226,-0.08490219305956755,0.41390077802624936,-1.1387086837177791,-1.0005013062485066,-0.9659145038264645,0.7578431387385298,0.7509349900287964
0.8132209142752458,-0.5445797577890011,-0.7945466278248707,1.289820840701835,-0.010684955963028146,0.17156983232492862,0.19005242209051718,-0.82945743638262,0.6598597181287641,-0.8093132344573123,-0.9214430148874854,0.07143690196784581,-0.03578110313978134,0.41390077802624936,-1.1214582404815998,-0.9925343513709823,-0.9686089330137476,0.8996075370703099,0.8928150468805661
0.8132209142752458,-0.5445797577890011,-0.6500836042705146,-0.7030746009502787,-0.010684955963028146,1.2504713071167686,1.2689851867376098,-0.82945743638262,1.0784903518252564,-0.8342397269360259,-0.9356006541846607,0.05174300779422543,-0.026845335324375268,0.41390077802624936,-1.1121373179092224,-0.9849245822154551,-0.9687283700287755,0.7562747031346324,0.7493651377409929
0.8132209142752458,-0.5445797577890011,-0.5056205807161585,1.3137513857334995,-0.010684955963028146,0.1703265648432135,0.1792713426473214,-0.7694996384459972,0.7794684706134762,-0.8563224283394529,-0.92612836691359,0.07454929980546975,0.016165320160852675,0.41390077802624936,-1.114492313240712,-0.9896367445515517,-0.9792545484939738,0.908166888830291,0.9013814872526295
0.8132209142752458,-0.5445797577890011,-0.3611575571618023,-0.7030746009502787,-0.010684955963028146,1.254241694096905,1.2632325722292033,-0.6795627985903968,0.3010334606746278,-0.8249563740052731,-0.8710723496172373,0.11302367605762087,0.066479364785801,0.41390077802624936,-1.1420275134910483,-1.0006444407819115,-0.9938776130889123,0.7551389084313288,0.7482285810585714
0.8132209142752458,-0.5445797577890011,-0.2166945336074462,1.9232787525838106,-0.010684955963028146,0.2563984140114674,-0.6874206446824462,-0.37977352300595046,0.0020115794628475024,-0.76609728776481,-0.7702969260786305,0.2205924554374233,0.14855318375438686,0.41390077802624936,-1.1907113961026803,-1.0294313978957184,-1.016664317753068,0.944900204281368,0.938144889871009
0.8132209142752458,-0.5445797577890011,-0.07223151005309006,-0.7030746009502787,-0.010684955963028146,1.1493758580495799,1.485154633688708,0.03993149140240772,-0.9548584404148494,-0.6368842881253501,-0.6174350549566819,0.3478509846528466,0.16345372509560355,0.41390077802624936,-1.232359697021393,-1.0349015226473461,-0.9922648858622288,0.7746679627934023,0.7736710358616986
0.8132209142752458,-0.5445797577890011,0.07223151350126605,1.7876026941924428,-0.010684955963028146,0.21896357365339467,-0.6874206446824462,-0.07998424742150408,-0.596032182960713,-0.5136321989118072,-0.5150704802408219,0.4774104503255919,0.21436424707313295,0.41390077802624936,-1.237474358358978,-1.0284426852626982,-0.9645843204707977,0.9224472739201426,0.9101423682600792
0.8132209142752458,-0.5445797577890011,0.2166945370556222,-0.7030746009502787,-0.010684955963028146,1.0509784437647702,1.4661352350080232,-0.13994204535812688,-0.6558365592030692,-0.4474043654587885,-0.45684381412015096,0.49701897113642257,0.1977938946439267,0.41390077802624936,-1.2329087379962302,-1.0070915671592808,-0.9322144875569925,0.7890432520774847,0.7821607233513727
0.8132209142752458,-0.5445797577890011,0.3611575606099783,1.7599148215685274,-0.010684955963028146,0.2510600832696862,-0.6874206446824462,-0.19989998624541588,-0.596032182960713,-0.4130107754431699,-0.4318786944218049,0.5112962155446975,0.19742770800182372,0.41390077802624936,-1.199727670829494,-0.9774891769460758,-0.8970336269805389,0.9149967554446496,0.9033754247999283
0.8132209142752458,-0.5445797577890011,0.5056205841643344,-0.7030746009502787,-0.010684955963028146,1.0328120527876248,1.4937741420821222,0.6694889415396119,-1.7921197078078341,-0.37115296948724397,-0.38250020497413273,0.538967131499754,0.18825107075072325,0.41390077802624936,-1.1951208362408037,-0.9632321099369174,-0.8715293481133906,0.7907596159992835,0.7838783505220697
0.8132209142752458,-0.5445797577890011,0.6500836077186906,2.450520627247042,-0.010684955963028146,-0.6865507261215884,-0.6874206446824462,-0.6795627985903968,0.3010334606746278,-0.4289632075132302,-0.45614664709755565,0.4629152137385434,0.12682122716771582,0.41390077802624936,-1.1307649429409328,-0.9232370682459837,-0.8330942109885359,1.0019852568539773,0.995276460731991
0.8132209142752458,-0.5445797577890011,0.7945466312730467,-0.7030746009502787,-0.010684955963028146,1.243460433296355,1.3879982042912744,-0.7095416975587082,0.7794684706134762,-0.4980969521041137,-0.5928380004828397,0.17907779282883954,-0.08615699261984039,0.41390077802624936,-1.028175262985087,-0.8164350674407933,-0.7406172089762455,0.8269191924579653,0.8273315343695048
0.8132209142752458,-0.5445797577890011,0.9390096548274028,1.6505097769674704,-0.010684955963028146,0.42456336352839935,-0.6874206446824462,-0.82945743638262,1.0784903518252564,-0.568329894854932,-0.7063669884168281,0.024842938707075775,-0.17177712578017013,0.41390077802624936,-0.9242983012704158,-0.7372541279136745,-0.678913688841437,0.9365788319781323,0.9262842157867948
0.8132209142752458,-0.5445797577890011,1.083472678381759,-0.7030746009502787,-0.010684955963028146,1.0432578635785954,1.5079241094709275,-0.82945743638262,1.0784903518252564,-0.5837572489223584,-0.7733277240331468,-0.014280440875796933,-0.284498325448494,0.41390077802624936,-0.8551656550819159,-0.7021833479128831,-0.6181545290174064,0.810231512153468,0.8033662143722547
0.8132209142752458,-0.5445797577890011,1.227935701936115,1.1354102821742718,-0.010684955963028146,0.20928939202384175,0.3186055755449231,-0.7694996384459972,0.8990772230981884,-0.6324548007158327,-0.8200935765847656,-0.015102677534897583,-0.2925056066891457,0.41390077802624936,-0.7912633592862783,-0.6776737277723289,-0.5900826818509661,0.9187052087313344,0.9119283566646911
0.8132209142752458,-0.5445797577890011,1.3723987254904713,0.9478572670154258,-0.010684955963028146,0.3037565915721577,0.3773726118749475,-0.82945743638262,1.0784903518252564,-0.6567731704766764,-0.8551940575786666,-0.05815820501169517,-0.294813396282488,0.41390077802624936,-0.7429089494633216,-0.6472713022655919,-0.5716773723304102,0.9354007977186842,0.9286377661723817
0.8132209142752458,-0.5445797577890011,1.5168617490448273,0.8933744940016217,-0.010684955963028146,0.3452480026416451,0.39425967324685257,-0.82945743638262,1.0784903518252564,-0.6566646238410135,-0.8861449336596351,-0.13726367101093684,-0.3234044355497945,0.41390077802624936,-0.7019506855555653,-0.6090953703719327,-0.5485867255731669,0.9419351671828243,0.9351773164263072
0.8132209142752458,-0.5445797577890011,1.6613247725991833,0.863834563997462,-0.010684955963028146,0.36993584723501904,0.40371958632344945,-0.6795627985903968,0.7794684706134762,-0.6499177311496346,-0.912326268882429,-0.23512143759031265,-0.37512545062851177,0.41390077802624936,-0.6499843670193035,-0.555638525814259,-0.5086141916972863,0.9461332398351997,0.9393788715454766
0.8132209142752458,-0.4343348258883602,-1.6613247691510074,0.8449253752721461,-0.010684955963028146,0.3861259387170001,0.40975125493200926,-0.6795627985903968,0.6598597181287641,-0.6398542810119797,-0.931656998811337,-0.3125799436685533,-0.41564685069553303,0.41390077802624936,-0.6067506440055607,-0.5146051081446237,-0.4788621473998781,0.949296712976226,0.9425447744382724
0.8132209142752458,-0.4343348258883602,-1.5168617455966513,-0.7030746009502787,-0.010684955963028146,1.2518495077173977,1.2736157276379039,-0.82945743638262,1.0784903518252564,-0.6583091707608447,-0.9604822808264085,-0.3658479488437169,-0.44036689028176434,0.41390077802624936,-0.5558749358341531,-0.48135842596272527,-0.4546057342381855,0.8046765611635013,0.7978066449206764
0.8132209142752458,-0.4343348258883602,-1.372398722042295,1.1249784171353496,-0.010684955963028146,0.2534934817800867,0.2637756285844522,-0.7545101174865084,1.0186859755829005,-0.7198171872487178,-0.9836676068682687,-0.352059736319383,-0.40573051642738456,0.41390077802624936,-0.5081917635506703,-0.46989248235496434,-0.4503950881727423,0.9141609514613672,0.9073804925401809
0.8132209142752458,-0.4343348258883602,-1.227935698487939,-0.7030746009502787,-0.010684955963028146,1.2606496574542019,1.2708134722213724,-0.82945743638262,1.0784903518252564,-0.7734660349773658,-1.003161844033015,-0.3513154132146729,-0.3894254458766796,0.41390077802624936,-0.45554721792784497,-0.4523079711851501,-0.4380609782917657,0.7866760395054782,0.7797914130406017
0.8132209142752458,-0.4343348258883602,-1.083472674933583,1.2191386125235948,-0.010684955963028146,0.21521253754690087,0.21988223854839065,-0.82945743638262,1.0784903518252564,-0.8388745374997489,-1.017764083856576,-0.31515274869864246,-0.34258285061886745,0.41390077802624936,-0.4122915621973725,-0.4535100843952469,-0.44327603069930793,0.9161043305295931,0.9093253082427505
0.8132209142752458,-0.4343348258883602,-0.9390096513792268,-0.7030746009502787,-0.010684955963028146,1.2604224677377047,1.2650405666727,-0.7994785374143086,0.8990772230981884,-0.882956895591367,-1.0342671822686902,-0.3191992803213535,-0.3383358993185665,0.41390077802624936,-0.36901662495768717,-0.4469731736287417,-0.43954859142409636,0.7759737941780361,0.7690803947974034
0.8132209142752458,-0.4343348258883602,-0.7945466278248707,1.2660008421927218,-0.010684955963028146,0.19215476870946235,0.19405697393930557,-0.82945743638262,1.0784903518252564,-0.9386145099751726,-1.0500647643525494,-0.30618357240012617,-0.31962538940329177,0.41390077802624936,-0.3222678828144341,-0.444590634259064,-0.43921167860108357,0.9145986251601398,0.9078184956556828
0.8132209142752458,-0.4343348258883602,-0.6500836042705146,-0.7030746009502787,-0.010684955963028146,1.2597689312051659,1.261615773773368,-0.82945743638262,1.0784903518252564,-0.9623953777208667,-1.058714645016127,-0.30190412898184327,-0.3112470390319758,0.41390077802624936,-0.27911176787527314,-0.4365486421867547,-0.43255377464819555,0.7710842510044376,0.7641868356906116
0.8132209142752458,-0.4343348258883602,-0.5056205807161585,1.2927007836572424,-0.010684955963028146,0.17875172602861703,0.17926062186573755,-0.7095416975587082,0.6598597181287641,-0.9766771070552734,-1.042225462113446,-0.24769287247799363,-0.2550357619729825,0.41390077802624936,-0.2594868067795261,-0.45171374600101416,-0.44887908964378714,0.9146306193771343,0.9078506295291098
0.8132209142752458,-0.4343348258883602,-0.3611575571618023,-0.7030746009502787,-0.010684955963028146,1.2585842393409639,1.259349871215002,-0.6795627985903968,0.3010334606746278,-0.9051586059567858,-0.9691203333069683,-0.1297491573502448,-0.15929097503255235,0.41390077802624936,-0.2944405676995226,-0.5043152532863404,-0.49492609839731916,0.768124426446865,0.7612245837790889
0.8132209142752458,-0.4343348258883602,-0.2166945336074462,1.2617635241079028,-0.010684955963028146,0.12564288721858027,0.12848998118487595,-0.5296681607981737,0.0020115794628475024,-0.676456729673797,-0.8026024770029054,0.204762742014536,0.05126959916903068,0.17431594732342953,-0.3926740726864455,-0.6290596015948576,-0.5820967780344593,0.918025421491598,0.9066383433360642
0.8132209142752458,-0.4343348258883602,-0.07223151005309006,-0.7030746009502787,-0.010684955963028146,1.290422807041564,1.3040939160473703,-0.4996892618298623,-0.2970103017489328,-0.34613296996696535,-0.6240358768562446,0.4680483907847231,0.23005819280557277,-0.5173013644450013,-0.5074043549181888,-0.7410506629769895,-0.6720372173345399,0.7550564064897531,0.7549926590777799
0.8132209142752458,-0.4343348258883602,0.07223151350126605,1.7705828297463835,-0.010684955963028146,0.16375793693502366,-0.6874206446824462,-0.5296681607981737,-0.35681467799128885,0.339042819629516,-0.4891027480878252,0.5784759345165801,0.31307677331078426,-2.0451371940367635,-0.6008071187906866,-0.8067264255363364,-0.7325085929066387,0.9208055032570669,0.9072114315245713
0.8132209142752458,-0.4343348258883602,0.2166945370556222,-0.7030746009502787,-0.010684955963028146,1.1217185434462438,1.4580169362277777,-0.37977352300595046,-1.4332934503536978,0.5795998194339916,-0.351847816570503,0.6923979840496148,0.5299723764207487,-2.083164646885372,-0.7123002766444504,-0.8871699851444915,-0.8475869211082063,0.7679155653224403,0.7680416724557343
0.8132209142752458,-0.4343348258883602,0.3611575606099783,2.3136683323555967,-0.010684955963028146,-0.6865507261215884,-0.6874206446824462,-0.31981572506932765,-1.2538803216266297,0.9843381829462422,-0.2869987595106482,0.6813856491173456,0.7658877137215415,-2.8001572717669836,-0.7744641033656806,-0.9270850016190214,-0.9582290485157682,0.9784993446665317,0.9619984576715
0.8132209142752458,-0.4343348258883602,0.5056205841643344,-0.7030746009502787,-0.010684955963028146,1.2711154467147172,1.3182537151773355,-0.37977352300595046,-1.4332934503536978,1.032564930054914,-0.26257773623113395,0.5669306377175751,1.2992401854407072,-2.3152944386018866,-0.8331844935603534,-0.96307878248977,-1.1612128014286418,0.7961927013762038,0.7975679946250338
0.8132209142752458,-0.4343348258883602,0.6500836077186906,2.3433288422781953,-0.010684955963028146,-0.6865507261215884,-0.6874206446824462,-0.37977352300595046,-1.4332934503536978,0.8873471867137491,-0.2797988749299931,0.5169557235168136,1.474395393839494,-1.5351994851309418,-0.847831451015062,-0.9833503192185054,-1.2335002533933193,0.9271870913479188,0.9152043743594215
0.8132209142752458,-0.4343348258883602,0.7945466312730467,-0.7030746009502787,-0.010684955963028146,1.3497714135071814,1.256762658988094,-0.6795627985903968,-0.596032182960713,0.5522650302134338,-0.3972346421373075,0.2499600633694748,0.9045601538416562,-0.15662746329685542,-0.7993782234573892,-0.9262658817210355,-1.1079541551388385,0.8113716206837821,0.8097721122736462
0.8132209142752458,-0.4343348258883602,0.9390096548274028,1.47598853055701,-0.010684955963028146,0.5922431814131426,-0.6874206446824462,-0.82945743638262,-0.35681467799128885,0.045114877639505,-0.5226085117006999,0.16031223036710698,0.6427586759365576,0.41390077802624936,-0.7364513310090588,-0.9099066889053702,-1.0479089972145175,0.8931220576456221,0.8835911924865438
0.8132209142752458,-0.4343348258883602,1.083472678381759,-0.7030746009502787,-0.010684955963028146,1.1299465349191256,1.491765956653733,-1.1292467119670664,-0.057792796779508555,-0.05359651737870416,-0.6478801022697593,0.11095979573387024,0.17890354639997472,0.41390077802624936,-0.680505308971256,-0.9140031558773202,-0.9384402784335731,0.7814922573812058,0.77888388695923
0.8132209142752458,-0.4343348258883602,1.227935701936115,1.627188581568215,-0.010684955963028146,0.45381236593833635,-0.6874206446824462,-1.2191834803473338,0.24122908443227173,-0.25187394869711827,-0.7421708984125693,0.10917192832088628,0.06612782560938214,0.41390077802624936,-0.6350351719076829,-0.9247343422136021,-0.9176641332472538,0.8979057323146715,0.8872960029508894
0.8132209142752458,-0.4343348258883602,1.3723987254904713,-0.7030746009502787,-0.010684955963028146,1.0886988402582194,1.551900232562919,-1.2791413497592896,0.3010334606746278,-0.34136672642873495,-0.8265030602296239,0.04423346733913281,-0.2003876950017221,0.41390077802624936,-0.6132863525721357,-0.9373778926643769,-0.8717828515401682,0.7814726654168664,0.778610442023571
0.8132209142752458,-0.4343348258883602,1.5168617490448273,1.0798469482568929,-0.010684955963028146,0.1923313323565375,0.29567418981253973,-1.4290359875515128,1.0784903518252564,-0.5349733829366703,-0.9038245883943129,0.0050031638358730215,-0.23420950701444615,0.41390077802624936,-0.5901965042708319,-0.9476252409036489,-0.8837020979320169,0.8981415548579117,0.88791985037895
0.8132209142752458,-0.4343348258883602,1.6613247725991833,0.9182832951323606,-0.010684955963028146,0.30482413220133353,0.3729606703259728,-1.4290359875515128,0.8990772230981884,-0.6073857590408872,-0.9484509313706018,-0.11773555035729642,-0.30248866830096627,0.41390077802624936,-0.5850729252352361,-0.9328314193942218,-0.8834324366640838,0.917424361594803,0.9100936557640561
0.8132209142752458,-0.32408989398771926,-1.6613247691510074,0.8698465389799611,-0.010684955963028146,0.3458607454405587,0.3901797098515085,-1.4290359875515128,1.0784903518252564,-0.639603185180085,-0.9908327026753412,-0.25902100596582484,-0.3922939079064862,0.41390077802624936,-0.57861795798849,-0.9082142314831086,-0.8722815611239408,0.9283786063167746,0.9212905709213672
0.8132209142752458,-0.32408989398771926,-1.5168617455966513,0.8538540226057136,-0.010684955963028146,0.37921631703543046,0.409068576479348,-1.4290359875515128,0.6598597181287641,-0.6496607502591798,-1.0229371744883087,-0.33349227321402647,-0.4409470926724742,0.41390077802624936,-0.5813872647491917,-0.9066891980908299,-0.8778409502274592,0.9356554932550953,0.9288925857419144
0.8132209142752458,-0.32408989398771926,-1.372398722042295,0.8375816461533061,-0.010684955963028146,0.39331975674282504,0.4137879168290537,-1.51897275593178,0.8990772230981884,-0.6675049017085927,-1.0592559583330725,-0.42125443242662214,-0.502703249241,0.41390077802624936,-0.5846275223724183,-0.9048345215307094,-0.8830418099366892,0.9417047369233473,0.9349466484304331
0.8132209142752458,-0.32408989398771926,-1.227935698487939,0.8263406594031348,-0.010684955963028146,0.4029691483342519,0.4171518366075877,-1.578930625343736,1.0784903518252564,-0.6897059581786159,-1.0948139116995848,-0.5076846014061788,-0.5666133970131849,0.41390077802624936,-0.5881700176525569,-0.9023346552177406,-0.8865869276258893,0.9469278827190905,0.9401740314070303
0.8132209142752458,-0.32408989398771926,-1.083472674933583,0.8183359803301766,-0.010684955963028146,0.4097380839344731,0.419590840566161,-1.728825263135959,1.0784903518252564,-0.7183230362698652,-1.1343221303064013,-0.5928772710590849,-0.6336817011364845,0.41390077802624936,-0.5934799042709223,-0.9054042403477623,-0.894511693665051,0.9514913724678128,0.9447413395950791
0.8132209142752458,-0.32408989398771926,-0.9390096513792268,0.8125166107151692,-0.010684955963028146,0.41461387649653497,0.42142582000135165,-1.728825263135959,0.8990772230981884,-0.742061400814848,-1.1655798433703684,-0.6550191327587763,-0.682211196192251,0.41390077802624936,-0.6031515092921091,-0.9156145037306521,-0.9084644262012408,0.9556031685799784,0.9488565221372663
0.8132209142752458,-0.32408989398771926,-0.7945466278248707,0.8082719467512179,-0.010684955963028146,0.4180886658068644,0.4227403447130181,-1.578930625343736,1.0784903518252564,-0.7639963218588786,-1.1903644093338208,-0.7136258741448948,-0.7304135645144055,0.41390077802624936,-0.6122791347346273,-0.9186292206228687,-0.9142052634939514,0.9592515877741006,0.952507912595469
0.8132209142752458,-0.32408989398771926,-0.6500836042705146,0.805074339315287,-0.010684955963028146,0.4206402615454609,0.4237439144622574,-1.578930625343736,1.0784903518252564,-0.7801782712127802,-1.2081306881147191,-0.7509564131091842,-0.7602187159373067,0.41390077802624936,-0.6163887474044901,-0.9180647066979395,-0.9156109956744805,0.9624846213756709,0.9557436094426508
0.8132209142752458,-0.32408989398771926,-0.5056205807161585,0.7844411981750818,-0.010684955963028146,0.40363711957253495,0.40850597078042583,-1.1592256109353778,0.8990772230981884,-0.576347960195278,-1.1314103099575377,-0.2753704193738494,-0.6495855938770634,0.41390077802624936,-0.6626622003456454,-1.044434499442624,-0.9443601620742231,0.9660814543884593,0.9593841521601424
0.8132209142752458,-0.32408989398771926,-0.3611575571618023,0.764167288441222,-0.010684955963028146,0.3822875621808216,0.4062528285669696,-0.7694996384459972,-0.17740154926422066,-0.028918505150302982,-0.99555771390333,0.5393741054913048,-0.44383589840461984,-0.2685916219182687,-0.7396028936899061,-1.2446553137443852,-1.0019314235081132,0.9648273889279513,0.9584612755022929
0.8132209142752458,-0.32408989398771926,-0.2166945336074462,-0.7030746009502787,-0.010684955963028146,1.242301682062766,1.3264991990347121,-0.37977352300595046,-0.35681467799128885,0.38548835568068474,-0.7685289606051627,1.0469577040531732,-0.17928802068374886,-0.3260368778122763,-0.8582991413478761,-1.3479498678696376,-1.0625189608571677,0.8147797237648615,0.8140168536813067
0.8132209142752458,-0.32408989398771926,-0.07223151005309006,2.335104324334621,-0.010684955963028146,-0.6865507261215884,-0.6874206446824462,-0.07998424742150408,-1.672510955323122,1.3989000169859775,-0.5910255053791862,1.115081503221342,-0.02386213481337639,-2.0994895752747844,-0.9551990889538623,-1.3659786382692702,-1.107477498824751,0.976039924042176,0.9620402112395199
0.8132209142752458,-0.32408989398771926,0.07223151350126605,-0.7030746009502787,-0.010684955963028146,-0.6865507261215884,2.8732418970148004,0.06991039037071911,-1.612706579080766,1.6436439090082182,-0.4209905040659224,0.9250047563447089,0.27199958329586005,-1.991313489415391,-1.0424811787455925,-1.3215955472122003,-1.1784788739731322,0.6893963645342497,0.6993521408786816
0.8132209142752458,-0.32408989398771926,0.2166945370556222,-0.7030746009502787,-0.010684955963028146,-0.6865507261215884,-0.6874206446824462,0.2198050281629423,-1.8519240840501903,1.8791338733925063,-0.2779613319093601,0.6581044159713586,0.5674324561597892,-2.1188305222481594,-1.112598628017141,-1.2526840767158796,-1.2404166828046954,-1.2676136780735823,-1.2761757670616813
0.8132209142752458,-0.32408989398771926,0.3611575606099783,-0.7030746009502787,-0.010684955963028146,-0.6865507261215884,-0.6874206446824462,0.1298681883073419,-1.7921197078078341,1.9300958649408018,-0.19770432702977134,0.42256759671061855,0.8984741318499049,-1.502097807807493,-1.1559899773686992,-1.1884719731958513,-1.3083137873083759,-1.2676136780735823,-1.2761757670616813
0.8132209142752458,-0.32408989398771926,0.5056205841643344,1.031686110491412,-0.010684955963028146,1.1168609511653378,-0.6874206446824462,0.06991039037071911,-1.8519240840501903,1.7570875672883743,-0.14336774157110688,0.1434497479147445,1.1722116667913733,-0.647108941121266,-1.1884352139400984,-1.122540195005164,-1.3710077394361762,0.9996254137364471,0.9815188647438182
0.8132209142752458,-0.32408989398771926,0.6500836077186906,-0.7030746009502787,-0.010684955963028146,2.9027827858573945,-0.6874206446824462,-0.07998424742150408,-1.8519240840501903,1.4648734851301237,-0.14153367742783216,0.10672594003358182,1.4022297716581211,0.41390077802624936,-1.2056632424218177,-1.1259122060546303,-1.4306171815223105,0.6869166329743862,0.6971965105924826
0.8132209142752458,-0.32408989398771926,0.7945466312730467,1.6583589384041655,-0.010684955963028146,0.3572996221470101,-0.6874206446824462,-0.40975242197426187,-1.3734890741113417,0.584719166485824,-0.24376883790596493,0.4571802788148363,0.7963463048635732,0.41390077802624936,-1.1656755614840653,-1.2164649673902708,-1.3039761711803393,0.8511799758221702,0.8383133367817727
0.8132209142752458,-0.32408989398771926,0.9390096548274028,-0.7030746009502787,-0.010684955963028146,0.7464304196016991,1.8227925232516407,-0.6795627985903968,-0.35681467799128885,0.3620383590051436,-0.38670547192479754,0.45217143190864156,-0.1866418622052701,0.41390077802624936,-1.0965653300500255,-1.206396537317755,-1.0518595893770388,0.8352089300297907,0.8289308597641457
0.8132209142752458,-0.32408989398771926,1.083472678381759,1.5758403489304746,-0.010684955963028146,0.48997245442028076,-0.6874206446824462,-0.6795627985903968,-0.9548584404148494,0.015307056032942525,-0.4819397396071677,0.45981939325291743,-0.18740597166512496,0.41390077802624936,-1.0517936656576894,-1.2125593464628608,-1.0564444859795163,0.8882370080418261,0.8795541955472171
0.8132209142752458,-0.32408989398771926,1.227935701936115,-0.7030746009502787,-0.010684955963028146,0.949625366579841,1.6950415980386797,-0.8894152343192429,-0.41661905423364487,-0.08479779007320312,-0.5874380870473485,0.3643628561104515,-0.3428261612988425,0.41390077802624936,-1.002527722486693,-1.191473244116748,-1.016089404296819,0.8060454822681635,0.8020219132214994
0.8132209142752458,-0.32408989398771926,1.3723987254904713,1.6517988891712876,-0.010684955963028146,0.4223791205910634,-0.6874206446824462,-1.2791413497592896,0.3010334606746278,-0.3105917935321405,-0.6985743031343254,0.24470421391850986,-0.36969286835589077,0.41390077802624936,-0.9591182967202478,-1.1718511261157116,-1.0187665838969224,0.9003141059860699,0.8904889228582863
0.8132209142752458,-0.32408989398771926,1.5168617490448273,-0.7030746009502787,-0.010684955963028146,0.9939083242210945,1.6484926965525466,-1.1292467119670664,0.3010334606746278,-0.35920630061037884,-0.7690681865956931,0.17524345131170282,-0.47400398147724976,0.41390077802624936,-0.9304895938786756,-1.1563001012375214,-0.9914679112646937,0.7989826689952384,0.7956399622194134
0.8132209142752458,-0.32408989398771926,1.6613247725991833,1.0607216831844188,-0.010684955963028146,0.16375453745722157,0.34691963037632695,-1.3390992191712454,0.5402509656440521,-0.5262595728954494,-0.8416048668418311,0.11344308306317019,-0.40781289779881014,0.41390077802624936,-0.9003374107904196,-1.1440240378577387,-1.0128923352400765,0.9094069343530148,0.8993906198206263
0.8132209142752458,-0.21384496208707834,-1.6613247691510074,0.9063381789921962,-0.010684955963028146,0.2827516889299186,0.4093263982023157,-1.2791413497592896,0.3010334606746278,-0.5931883822125076,-0.9037306587056398,-0.04068816260860608,-0.4200736403245112,0.41390077802624936,-0.8801810030969922,-1.1141882949809825,-1.0186336092311967,0.9261744204572062,0.9189218746336555
0.8132209142752458,-0.21384496208707834,-1.5168617455966513,-0.7030746009502787,-0.010684955963028146,1.2635491505210992,1.3740517748630756,-1.4290359875515128,0.6598597181287641,-0.6368404771338477,-0.9540442703872124,-0.17793951960842194,-0.4451110416672317,0.41390077802624936,-0.8715896446294576,-1.091486615806687,-1.0244554540788897,0.7812440325853104,0.7793249601900275
0.8132209142752458,-0.21384496208707834,-1.372398722042295,1.1357046548429126,-0.010684955963028146,0.18500420250121175,0.23621108712699818,-1.3990570885832014,0.24122908443227173,-0.7746548168064923,-0.9970271916994592,-0.2055192601274895,-0.3895792442663628,0.41390077802624936,-0.8719767209269065,-1.1049297678099834,-1.0606979284891012,0.9172428213747782,0.9064484055364447
0.8132209142752458,-0.21384496208707834,-1.227935698487939,-0.7030746009502787,-0.010684955963028146,1.2939827401959214,1.3426707397547626,-1.4290359875515128,0.6598597181287641,-0.8107557276999157,-1.0306526286934579,-0.24629374396936268,-0.3726557251645506,0.41390077802624936,-0.8702507848334875,-1.1056443561244826,-1.0765640551069897,0.7659826113361565,0.7642562202962916
0.8132209142752458,-0.21384496208707834,-1.083472674933583,1.2504942288479048,-0.010684955963028146,0.1993463901496306,0.22226758630254917,-1.4290359875515128,0.6598597181287641,-0.8775014463062173,-1.0599169450311419,-0.24589588752141076,-0.3465148814069598,0.41390077802624936,-0.8671520052841105,-1.1130741227607277,-1.090964185163823,0.9127278621799239,0.9059461346740888
0.8132209142752458,-0.21384496208707834,-0.9390096513792268,-0.7030746009502787,-0.010684955963028146,1.252116863571618,1.2743644042679252,-1.3990570885832014,0.5402509656440521,-0.9226542311603656,-1.085354148387004,-0.2688281674078398,-0.3447702054943625,0.41390077802624936,-0.8681657306309783,-1.1141152096207438,-1.0983841278414777,0.76682021274736,0.7599195801041169
0.8132209142752458,-0.21384496208707834,-0.7945466278248707,1.285354904524998,-0.010684955963028146,0.1851578588978666,0.19570305843263833,-1.4290359875515128,0.3010334606746278,-0.9819723519685112,-1.1096047066759633,-0.27140345904072866,-0.3271029206350345,0.41390077802624936,-0.871255110444614,-1.124781334805478,-1.1144902202354459,0.9159797687746651,0.9092006615617502
0.8132209142752458,-0.21384496208707834,-0.6500836042705146,-0.7030746009502787,-0.010684955963028146,1.2559284626826477,1.2663398208076713,-1.4290359875515128,0.3010334606746278,-1.0169309076058928,-1.1326477466338707,-0.3022804348721978,-0.3419774220372572,0.41390077802624936,-0.8811250739918285,-1.133839582064963,-1.1276596249994006,0.7660572045948796,0.7591557354185782
0.8132209142752458,-0.21384496208707834,-0.5056205807161585,1.3066538331494815,-0.010684955963028146,0.17639091944420598,0.18146863220355056,-1.099267812998755,-0.057792796779508555,-1.0031435231905288,-1.096480641841927,-0.21233503840146595,-0.2752460096246923,0.41390077802624936,-0.9127756713647913,-1.1605694140020832,-1.1492730302115415,0.9189232367381562,0.9121467441993829
0.8132209142752458,-0.21384496208707834,-0.3611575571618023,-0.7030746009502787,-0.010684955963028146,1.313417502490859,1.3215473484658757,-0.7395205965270196,-0.47642343047600094,-0.8722356266857797,-0.9724071766350525,0.013491596926447361,-0.11467723580300695,0.32939286889235736,-0.9773412510773525,-1.199632888438106,-1.1738213762600573,0.7572106238531168,0.7559357984965802
0.8132209142752458,-0.21384496208707834,-0.2166945336074462,1.2768947809458404,-0.010684955963028146,0.12164144034721808,0.1298364590553118,-0.37977352300595046,-0.6558365592030692,-0.7148802770122464,-0.7819616018608767,0.24980009192269412,0.12550214150805156,0.31884495525006507,-1.0497237956436853,-1.2094348930950338,-1.1860608317607513,0.9209483987767894,0.9093115950610969
0.8132209142752458,-0.21384496208707834,-0.07223151005309006,-0.7030746009502787,-0.010684955963028146,1.3111556468603183,1.323153269250641,-0.05000534845319268,-1.2538803216266297,-0.6660709091061315,-0.6609446783009693,0.2849780617300436,0.20221336054006278,0.41390077802624936,-1.0760001543612847,-1.1618314919068566,-1.148068615997842,0.7503360012835242,0.7492153161145689
0.8132209142752458,-0.21384496208707834,0.07223151350126605,1.8335852100435377,-0.010684955963028146,0.16586979714500413,-0.6874206446824462,0.06991039037071911,-1.8519240840501903,-0.3999779863142811,-0.4803818983261388,0.4982216580238773,0.3269121183975281,-0.24907833102580987,-1.1565513103056595,-1.1999306516416894,-1.1659296901254235,0.9315471122559796,0.91807472748643
0.8132209142752458,-0.21384496208707834,0.2166945370556222,-0.7030746009502787,-0.010684955963028146,1.141036782102057,1.463755744461364,0.06991039037071911,-2.031337212777258,-0.14225427069019186,-0.32249513674791924,0.628365475354552,0.467387010544883,-0.6593185761995874,-1.2405820556063658,-1.2431975102087056,-1.213615300486408,0.7660972872375187,0.7662452456591174
0.8132209142752458,-0.21384496208707834,0.3611575606099783,2.325522789597202,-0.010684955963028146,-0.6865507261215884,-0.6874206446824462,-0.07998424742150408,-1.612706579080766,0.314825803654984,-0.23271992341613087,0.6649757283745283,0.6364301570129247,-1.4286152515511925,-1.2841341645409865,-1.2525139418045823,-1.254859500131068,1.0227527390536457,1.0045207825613172
0.8132209142752458,-0.21384496208707834,0.5056205841643344,-0.7030746009502787,-0.010684955963028146,1.2740764441800034,1.3383916313044366,-0.5296681607981737,-0.6558365592030692,0.3653444541250905,-0.21841199661707875,0.5777796857326642,0.8219736735741262,-1.023952894028837,-1.2870237397154036,-1.2262074410935324,-1.291852113234384,0.8047098135800405,0.806192357839007
0.8132209142752458,-0.21384496208707834,0.6500836077186906,1.624130366668013,-0.010684955963028146,0.42698891709002573,-0.6874206446824462,-0.5296681607981737,0.0020115794628475024,0.25404884221934604,-0.286405263033329,0.5006527266943835,0.9158248687008372,-0.02629470346176163,-1.228717901968808,-1.1668924904505016,-1.274021280471668,0.9056583984236909,0.8953939437288482
0.8132209142752458,-0.21384496208707834,0.7945466312730467,-0.7030746009502787,-0.010684955963028146,1.1257405963830525,1.4953419910181407,-0.6795627985903968,0.0020115794628475024,0.023121106009874007,-0.4249411171939626,0.380447031886508,0.4620203418678406,0.38061744089619876,-1.1535323080006508,-1.123465039274415,-1.151085328611416,0.7788189428342465,0.7773467825679127
0.8132209142752458,-0.21384496208707834,0.9390096548274028,1.6796378002368733,-0.010684955963028146,0.36571118542120523,-0.6874206446824462,-0.82945743638262,0.6598597181287641,-0.33516387470646114,-0.5611850869509745,0.303206517987041,0.30774428205367144,0.41390077802624936,-1.0686599248228017,-1.0784959641124052,-1.0861203264044479,0.9107853818256586,0.8993187791227099
0.8132209142752458,-0.21384496208707834,1.083472678381759,-0.7030746009502787,-0.010684955963028146,1.09847657521159,1.5404657084080637,-0.82945743638262,0.6598597181287641,-0.37680589518185253,-0.6634682559366512,0.2298500776607047,0.03176568486253284,0.41390077802624936,-1.0001558558346422,-1.0370190462597193,-0.9891529729953602,0.777238104977694,0.7748868015187459
0.8132209142752458,-0.21384496208707834,1.227935701936115,1.1546400020646508,-0.010684955963028146,0.20739520299251257,0.30644810463584776,-0.8594363353509314,0.6000553418864081,-0.45914701897223914,-0.7262640795796609,0.1960140444975931,-0.018815269137103876,0.41390077802624936,-0.9494090927560959,-1.007623333637931,-0.9538804057528888,0.8940558214506011,0.8872589568929895
0.8132209142752458,-0.21384496208707834,1.3723987254904713,-0.7030746009502787,-0.010684955963028146,1.2244137344674415,1.3088980813128273,-0.82945743638262,0.6598597181287641,-0.534218787650195,-0.7818788045797501,0.1324357552472753,-0.05718674674093395,0.41390077802624936,-0.8902792115095143,-0.9560597685902961,-0.9073412378917283,0.7563600809608817,0.7494506916205629
0.8132209142752458,-0.21384496208707834,1.5168617490448273,1.1987109768313087,-0.010684955963028146,0.15436120499378048,0.19135993907178245,-1.1292467119670664,1.0784903518252564,-0.6886217996127788,-0.8667828938345027,0.041997182554603024,-0.09319265863677882,0.41390077802624936,-0.820205145633695,-0.9088030349046156,-0.8739691821278721,0.9012642263851303,0.8900826442675053
0.8132209142752458,-0.21384496208707834,1.6613247725991833,1.002936131245644,-0.010684955963028146,0.29466283155256917,0.3213117100026686,-1.1292467119670664,1.0784903518252564,-0.7107391574721705,-0.9063871294564073,-0.019658962731547044,-0.1273000962303432,0.41390077802624936,-0.7896851677572031,-0.8854502020385799,-0.8577962748772338,0.9201704719725643,0.9133948484042103
0.8132209142752458,-0.10360003018643743,-1.6613247691510074,0.9308529901665495,-0.010684955963028146,0.3391344863616685,0.3576232587096414,-1.1292467119670664,1.0784903518252564,-0.7061409650505988,-0.9347698982715081,-0.11213986519037254,-0.19335447022906435,0.41390077802624936,-0.761738789322902,-0.8510714558197511,-0.8300443092958316,0.9303185702719504,0.9235511991506749
0.8132209142752458,-0.10360003018643743,-1.5168617455966513,0.8901476822169455,-0.010684955963028146,0.3655161076950233,0.37837952859990076,-1.2791413497592896,1.0784903518252564,-0.7042538229390152,-0.9726312163369244,-0.2343746278828029,-0.29348129065332673,0.41390077802624936,-0.7351517572881098,-0.8177191577018403,-0.8020827284778175,0.9373982793673333,0.9306368205785064
0.8132209142752458,-0.10360003018643743,-1.372398722042295,0.8638053596487167,-0.010684955963028146,0.3829280237987369,0.39186742235528393,-1.2491624507909782,0.8990772230981884,-0.6956832159894217,-0.999712885020036,-0.3229739433712974,-0.36510088786391953,0.41390077802624936,-0.71950818682596,-0.7989967269914563,-0.7877542169601598,0.9429978065697417,0.9362410090390471
0.8132209142752458,-0.10360003018643743,-1.227935698487939,0.8456619340309913,-0.010684955963028146,0.3949391633684277,0.4011078993366329,-1.2791413497592896,1.0784903518252564,-0.6969589659061576,-1.0297989121897408,-0.41409135862828766,-0.4429163630588946,0.41390077802624936,-0.706039329584159,-0.7816214958591206,-0.7737250622022885,0.9475359525847775,0.9407827329329661
0.8132209142752458,-0.10360003018643743,-1.083472674933583,0.832685707295557,-0.010684955963028146,0.40355657809845447,0.4077490313041106,-1.2791413497592896,1.0784903518252564,-0.7019710741131183,-1.0570586993935953,-0.4914876996365358,-0.5102800577401573,0.41390077802624936,-0.6905143404036684,-0.7648888520335712,-0.7594703527158546,0.9513941316172847,0.9446439146030329
0.8132209142752458,-0.10360003018643743,-0.9390096513792268,0.8232234983020912,-0.010684955963028146,0.40981684722016476,0.41259053626737663,-1.2491624507909782,1.0784903518252564,-0.7028982977840211,-1.0749116022207146,-0.5388732314552103,-0.5505109497377769,0.41390077802624936,-0.6792561081931258,-0.7539329878539445,-0.7503645358279073,0.9547269224684726,0.9479794925344974
0.8132209142752458,-0.10360003018643743,-0.7945466278248707,0.8163344970183156,-0.010684955963028146,0.4143150362479013,0.4160668935113022,-1.2791413497592896,1.0784903518252564,-0.7102258495866566,-1.0949631555382542,-0.5868663232246112,-0.5930056889316864,0.41390077802624936,-0.6637511235784435,-0.7401554215316928,-0.7379101155350837,0.9575370212802228,0.9507919228195961
0.8132209142752458,-0.10360003018643743,-0.6500836042705146,0.8112694237727411,-0.010684955963028146,0.4176208976612957,0.4186344422558907,-1.2791413497592896,1.0784903518252564,-0.7236025876936095,-1.1172735439245118,-0.6395715272994428,-0.6413545319106821,0.41390077802624936,-0.6503458953170452,-0.727784477305903,-0.7265037714253199,0.9599788271109524,0.953235734594873
0.8132209142752458,-0.10360003018643743,-0.5056205807161585,0.8074303956711166,-0.010684955963028146,0.4201008428677556,0.42057945351767845,-1.2191834803473338,1.0784903518252564,-0.711435556068441,-1.109733425138219,-0.6429582803126336,-0.6422268698669807,0.41390077802624936,-0.6496146440801462,-0.7258300403134094,-0.7253102746718604,0.9621077007406293,0.9553663946100013
0.8132209142752458,-0.10360003018643743,-0.3611575571618023,0.7857155290367426,-0.010684955963028146,0.4029415341145672,0.407489640686277,-1.1292467119670664,1.0784903518252564,-0.29213886546946216,-0.9619566290508391,-0.03937855180076432,-0.4372494213353277,-0.06884036175661602,-0.7272824913405981,-0.8983138760520911,-0.783599904989556,0.9635296459689622,0.9569892575552417
0.8132209142752458,-0.10360003018643743,-0.2166945336074462,0.7592846975833595,-0.010684955963028146,0.38318167714243195,0.41125028167990896,-0.37977352300595046,-0.6558365592030692,0.4307078378651801,-0.743707170653977,0.6537454012634852,-0.21698164612564166,-1.3770192085325694,-0.8420643516094859,-1.0794180975003416,-0.8459246286120323,0.9577309637529028,0.9515428730208936
0.8132209142752458,-0.10360003018643743,-0.07223151005309006,-0.7030746009502787,-0.010684955963028146,-0.6865507261215884,2.9011887258545856,-0.10996314638981547,-1.2538803216266297,0.8567782308667559,-0.5783025551045574,0.6802351808886845,0.06549961208115217,-1.9860919344615338,-0.9270620645972187,-1.0870129025910127,-0.9290506075793805,0.66116739954877,0.6707697768255945
0.8132209142752458,-0.10360003018643743,0.07223151350126605,-0.7030746009502787,-0.010684955963028146,-0.6865507261215884,-0.6874206446824462,-0.22987888521372726,-0.2970103017489328,1.3697487063565563,-0.46066710033687885,0.4617216443946876,0.2977319255104826,-2.6349900795300867,-0.9544647044717163,-0.986775571976988,-0.9483550791253198,-1.2676136780735823,-1.2761757670616813
0.8132209142752458,-0.10360003018643743,0.2166945370556222,0.7460372108233831,-0.010684955963028146,0.660910750227823,0.18533742234994055,-0.37977352300595046,0.0020115794628475024,1.6390090984444952,-0.38231164982131505,0.1422934776128842,0.581156317757715,-2.75097870155929,-0.9789982557753354,-0.8781930643244413,-1.0058490449407091,0.9858745509121332,0.9681921082687909
0.8132209142752458,-0.10360003018643743,0.3611575606099783,-0.7030746009502787,-0.010684955963028146,2.912291700566107,-0.6874206446824462,-0.37977352300595046,0.0020115794628475024,1.6876039886608667,-0.3118017635240994,0.229897323113899,0.8250382488944813,-2.3779589204778717,-0.9924480725267885,-0.8742208641519476,-1.0439850436549822,0.694921298477935,0.704666715129673
0.8132209142752458,-0.10360003018643743,0.5056205841643344,2.3844295735264547,-0.010684955963028146,-0.6865507261215884,-0.6874206446824462,-0.22987888521372726,-0.2970103017489328,1.61726184537899,-0.232111815653907,0.4473441070068248,1.1528542271417166,-1.7585537108054696,-1.0151033638142066,-0.9148879875383692,-1.1101301141393143,0.9515898715178857,0.9343248477459029
0.8132209142752458,-0.10360003018643743,0.6500836077186906,-0.7030746009502787,-0.010684955963028146,1.095386711387775,1.5262971234668494,-0.22987888521372726,-0.2970103017489328,1.4045673283792883,-0.20807416465927303,0.5683770116794004,1.5289295360776558,-0.4654922204994034,-0.995019743818058,-0.9134525216647212,-1.1720779670342987,0.8429585405113442,0.8404681483705595
0.8132209142752458,-0.10360003018643743,0.7945466312730467,1.4070859759743937,-0.010684955963028146,0.6311235843319846,-0.6874206446824462,-0.22987888521372726,-0.2970103017489328,0.7262339002019376,-0.27391818064359025,0.5194572459333113,1.1459023771784151,0.41390077802624936,-0.9463953928661208,-0.884284739943855,-1.0617331220690776,0.850878007931436,0.8428865805260596
0.8132209142752458,-0.10360003018643743,0.9390096548274028,-0.7030746009502787,-0.010684955963028146,1.0447497636367902,1.5506850711927613,-0.37977352300595046,-0.35681467799128885,0.46792821767580073,-0.39315670209795506,0.4267666399717112,0.2829827413146685,0.41390077802624936,-0.8686865723985916,-0.8497481119972704,-0.8127014870058527,0.7858609059432876,0.7824343729613847
0.8132209142752458,-0.10360003018643743,1.083472678381759,1.5618091822845366,-0.010684955963028146,0.49266839721632016,-0.6874206446824462,-0.5296681607981737,-0.35681467799128885,0.07535427020713649,-0.4889663760953814,0.4138230435316752,0.2561339367156786,0.41390077802624936,-0.8182393957694406,-0.8535698040391838,-0.8123842256112722,0.8699291262093055,0.8598710723642337
0.8132209142752458,-0.10360003018643743,1.227935701936115,-0.7030746009502787,-0.010684955963028146,1.0566405093926283,1.585609716838253,-0.6795627985903968,0.4206422131593399,-0.014983340375542581,-0.571623110576698,0.37664667394096724,0.061762880835514726,0.41390077802624936,-0.7661074972728131,-0.8356196491976713,-0.7455772295125764,0.7760748096271984,0.7726687455548702
0.8132209142752458,-0.10360003018643743,1.3723987254904713,1.657137014119241,-0.010684955963028146,0.41742069456858133,-0.6874206446824462,-0.82945743638262,0.3010334606746278,-0.22334906985664277,-0.6499235948300013,0.3191912296511096,-0.0019845173179577303,0.41390077802624936,-0.7178027373360796,-0.8242146462018601,-0.7312312500585344,0.8891303297185817,0.8786683649472675
0.8132209142752458,-0.10360003018643743,1.5168617490448273,-0.7030746009502787,-0.010684955963028146,1.0478551081595193,1.593286424010235,-0.9793520741748433,0.6598597181287641,-0.28266980624637056,-0.7239033134043455,0.24958044200872068,-0.18989441333523804,0.41390077802624936,-0.6753923347657272,-0.8141314689349936,-0.6825363204983426,0.778378033765216,0.7753264420290721
0.8132209142752458,-0.10360003018643743,1.6613247725991833,1.0815766340408608,-0.010684955963028146,0.1732330137646906,0.3126638569086766,-0.9793520741748433,0.48044658940169593,-0.44670142790856243,-0.7818238383174896,0.2053396338640663,-0.1681543192676314,0.41390077802624936,-0.6420876249211634,-0.8130831169130545,-0.7021196239788168,0.894374325678209,0.8841714442774072
0.8132209142752458,0.00664490171420348,-1.6613247691510074,-0.7030746009502787,-0.010684955963028146,1.2571248696703523,1.380195776344036,-0.9793520741748433,0.3010334606746278,-0.5022740358909453,-0.8279412281295288,0.1258943321488657,-0.15211290309924055,0.41390077802624936,-0.6256862911469468,-0.8095542000531059,-0.7279536101452194,0.7518149249769539,0.7497851295134275
0.8132209142752458,0.00664490171420348,-1.5168617455966513,1.1614354777653282,-0.010684955963028146,0.13763885988730784,0.1929698343902078,-1.0542993930709548,0.48044658940169593,-0.6529707687515001,-0.8763365868357565,0.09170520138819678,-0.10524101291006016,0.41390077802624936,-0.6061815984649152,-0.8185072651175884,-0.7622776684420216,0.8713016421698099,0.8601093133111701
0.8132209142752458,0.00664490171420348,-1.372398722042295,-0.7030746009502787,-0.010684955963028146,1.2282692652916058,1.2806506522167298,-1.1292467119670664,0.6000553418864081,-0.6964397729620837,-0.9161982593821724,0.04083759678234314,-0.11786468708548994,0.41390077802624936,-0.5911167142980172,-0.8197089445866749,-0.7749689976220577,0.7495436950559309,0.7426286907594446
0.8132209142752458,0.00664490171420348,-1.227935698487939,1.2586293420674064,-0.010684955963028146,0.1782967189997208,0.20312047957977775,-1.204194030863178,0.6598597181287641,-0.7635614814208318,-0.9543858961437935,0.01954067267051645,-0.1024531119415162,0.41390077802624936,-0.5800696146133557,-0.8340343258049584,-0.8007580038522707,0.8868404065471799,0.8800376363690935
0.8132209142752458,0.00664490171420348,-1.083472674933583,-0.7030746009502787,-0.010684955963028146,1.249290799225246,1.2735958549696023,-1.2791413497592896,0.6598597181287641,-0.8108086932269559,-0.9815134860080341,-0.02333499053710287,-0.11429558794712631,0.41390077802624936,-0.5796789230329294,-0.84378352249388,-0.8198432527965867,0.7549719273774644,0.7480613621121391
0.8132209142752458,0.00664490171420348,-0.9390096513792268,1.2933617336113608,-0.010684955963028146,0.17360397524238727,0.18525155150427872,-1.3390992191712454,0.7794684706134762,-0.8786653801103125,-1.0138900060304175,-0.05720003406621094,-0.12376110577144135,0.41390077802624936,-0.5760419483576477,-0.8573197119438896,-0.8407379616011147,0.8982896629186051,0.8914963300239406
0.8132209142752458,0.00664490171420348,-0.7945466278248707,-0.7030746009502787,-0.010684955963028146,1.2545257858418435,1.2660779199580523,-1.2791413497592896,-1.0146628166572054,-0.9176787410955562,-1.0405208122078986,-0.10613471942909815,-0.15425631557768327,0.41390077802624936,-0.5996692687282608,-0.8988408713796278,-0.8880304342188495,0.7560856137173393,0.7491760186387856
0.8132209142752458,0.00664490171420348,-0.6500836042705146,1.3105030738147776,-0.010684955963028146,0.1675906651080848,0.17298980138311462,-1.2791413497592896,0.6598597181287641,-0.9630205017190212,-1.0581677654954087,-0.11715368530216673,-0.1540862422261288,0.41390077802624936,-0.6189821103936242,-0.934669396925445,-0.9274957428919701,0.9029054578198298,0.8961158301720141
0.8132209142752458,0.00664490171420348,-0.5056205807161585,-0.7030746009502787,-0.010684955963028146,1.313043455333311,1.3219056840532541,-0.8894152343192429,0.3010334606746278,-0.8419027270765832,-1.000094865753973,0.25569334055798204,-0.12071443290914462,0.2811330780911298,-0.6529320277402244,-1.03112385531798,-0.9330708531382345,0.7500352915923346,0.7487058816498566
0.8132209142752458,0.00664490171420348,-0.3611575571618023,1.250513399800762,-0.010684955963028146,0.08157864674914782,0.10675001421367908,-0.37977352300595046,-0.6558365592030692,-0.30584843633275466,-0.8621831221914112,1.1016032871793704,0.13262080983053334,-0.8841528635035425,-0.7236922743251576,-1.2230062155668793,-0.9861888825401439,0.9082373480047956,0.8964969338173714
0.8132209142752458,0.00664490171420348,-0.2166945336074462,-0.7030746009502787,-0.010684955963028146,-0.6865507261215884,2.8728088820318036,0.06991039037071911,-1.1342715691419176,0.1381295359716031,-0.6172242349887713,1.2638980498425603,0.4020202536852219,-1.6553919014026572,-0.8209272381537177,-1.2110501446174589,-1.0037218869875073,0.5947416532989045,0.6043478324058527
0.8132209142752458,0.00664490171420348,-0.07223151005309006,-0.7030746009502787,-0.010684955963028146,-0.6865507261215884,-0.6874206446824462,0.2198050281629423,-1.3734890741113417,0.7424779696184173,-0.4440721595625065,1.1443264387486083,0.6123562334129817,-2.8159907870898198,-0.8925570808041523,-1.1560535194731556,-1.030844351811459,-1.2676136780735823,-1.2761757670616813
0.8132209142752458,0.00664490171420348,0.07223151350126605,-0.7030746009502787,-0.010684955963028146,-0.6865507261215884,-0.6874206446824462,0.5195943037473887,-1.7921197078078341,1.046651798561444,-0.2942904864535614,0.8238141131461358,0.675118996373244,-3.0453584181572375,-0.95743911828667,-1.0618719724099404,-1.0318784536454115,-1.2676136780735823,-1.2761757670616813
0.8132209142752458,0.00664490171420348,0.2166945370556222,-0.7030746009502787,-0.010684955963028146,-0.6865507261215884,-0.6874206446824462,0.5195943037473887,-1.9715328365349023,1.2723496793972344,-0.18883388554167974,0.5142776523015372,0.6502614333592007,-3.3216990830624544,-1.0101506671540101,-0.9823607391034644,-1.0264214703189463,-1.2676136780735823,-1.2761757670616813
0.8132209142752458,0.00664490171420348,0.3611575606099783,-0.7030746009502787,-0.010684955963028146,-0.6865507261215884,-0.6874206446824462,0.5795521016840115,-1.9117284602925464,1.3657664833976013,-0.11217473562600355,0.25082623001137017,0.770436565564554,-3.247518999728241,-1.0301735503961382,-0.8873695060092378,-1.036519029295114,-1.2676136780735823,-1.2761757670616813
0.8132209142752458,0.00664490171420348,0.5056205841643344,2.370290368706937,-0.010684955963028146,-0.6865507261215884,-0.6874206446824462,0.5195943037473887,-1.7921197078078341,1.2895020095181455,-0.07485612242847585,-0.014071566240622172,1.0132345842406956,-2.59501327721833,-1.021908531472032,-0.7788446859110636,-1.0713913624451794,1.0231898735240421,0.9993382232680353
0.8132209142752458,0.00664490171420348,0.6500836077186906,-0.7030746009502787,-0.010684955963028146,1.454246048108973,1.1784239729845778,0.5195943037473887,-1.7921197078078341,1.1108316316355717,-0.0681731990232582,-0.25734420681122744,1.347573567205925,-1.60476354619997,-1.004499979860307,-0.6816893020458545,-1.1370642527741226,0.9835855264546918,0.9788544140159661
0.8132209142752458,0.00664490171420348,0.7945466312730467,1.2496460485598062,-0.010684955963028146,0.834135482505398,-0.6874206446824462,0.3696996659551655,-1.612706579080766,0.507062549309223,-0.1512446156856794,-0.3422741254349653,0.9658451502640096,0.41390077802624936,-0.9545010983203556,-0.6472270606825394,-1.032727613702895,0.9537422914533282,0.9475818102665441
0.8132209142752458,0.00664490171420348,0.9390096548274028,-0.7030746009502787,-0.010684955963028146,1.1416156347222668,1.4538319614694075,-0.07998424742150408,-0.8950540641724933,0.2660909798239628,-0.2991476950211641,-0.20149262132717602,0.11216155526219351,0.41390077802624936,-0.8680955941412164,-0.6825739168363985,-0.7817784359230798,0.8599575353317652,0.8575025807508748
0.8132209142752458,0.00664490171420348,1.083472678381759,1.5010607327064953,-0.010684955963028146,0.5798191883393016,-0.6874206446824462,-0.22987888521372726,-0.596032182960713,-0.095458900602399,-0.41595378542663347,-0.12204814847957533,0.03872811355105067,0.41390077802624936,-0.7947149904542512,-0.6970558785594068,-0.7492516099310206,0.93647781652897,0.9270320958727966
0.8132209142752458,0.00664490171420348,1.227935701936115,-0.7030746009502787,-0.010684955963028146,1.0968960795319067,1.544564707727781,-0.28983668315035005,-0.35681467799128885,-0.18311096279551678,-0.5035247820642282,-0.06143554750169917,-0.1479180316769276,0.41390077802624936,-0.733524879948272,-0.7014056502813826,-0.6759498167354254,0.8226407747775195,0.8197291102002516
0.8132209142752458,0.00664490171420348,1.3723987254904713,1.6240936372723518,-0.010684955963028146,0.4562400114863025,-0.6874206446824462,-0.37977352300595046,-0.35681467799128885,-0.3451514729782311,-0.5696519786655079,0.023542445442832915,-0.170597191044505,0.41390077802624936,-0.6833852433910667,-0.7178314223421318,-0.6586936790797537,0.9285071224131287,0.9183375293557312
0.8132209142752458,0.00664490171420348,1.5168617490448273,-0.7030746009502787,-0.010684955963028146,1.066205175537295,1.5744059248216804,-0.5296681607981737,0.0020115794628475024,-0.38441135252760067,-0.6370113936270831,0.0350653628166406,-0.3079855366729787,0.41390077802624936,-0.6348223522497456,-0.7156345241248703,-0.60768752318671,0.8088273614615534,0.806112330166969
0.8132209142752458,0.00664490171420348,1.6613247725991833,1.0700781831854937,-0.010684955963028146,0.18867501093157601,0.3105292185540935,-0.5296681607981737,0.24122908443227173,-0.5026120998104494,-0.6814380490430079,0.08163611778461344,-0.2268768229433575,0.41390077802624936,-0.5974138141880827,-0.7192710087553779,-0.6233573538694795,0.9197939108231069,0.9097780479116712
0.8132209142752458,0.1168898336148444,-1.6613247691510074,-0.7030746009502787,-0.010684955963028146,1.212442342638206,1.319011177618606,-0.5296681607981737,0.3010334606746278,-0.5410879587805436,-0.7145277389238346,0.06482253852064503,-0.19644020299985207,0.41390077802624936,-0.566164272206748,-0.7025756666567159,-0.6213380604234509,0.7779098037917856,0.7710180468976167
0.8132209142752458,0.1168898336148444,-1.5168617455966513,1.7850020738118446,-0.010684955963028146,0.32527141588471153,-0.6874206446824462,-0.6795627985903968,0.6598597181287641,-0.6097214733938243,-0.759682871258579,0.05219059629817135,-0.18245024577533142,0.41390077802624936,-0.5183041920762368,-0.6784624857995925,-0.6049653636504168,0.8991366109549981,0.8923438865198721
0.8132209142752458,0.1168898336148444,-1.372398722042295,-0.7030746009502787,-0.010684955963028146,1.0595829927788076,1.4753505050785263,-0.5896259587347964,0.24122908443227173,-0.6382463522342998,-0.7937723904921697,0.027917208635104312,-0.24599990314206827,0.41390077802624936,-0.4780569338207059,-0.656655722764836,-0.5689309760323836,0.7978747344247108,0.7909993806129769
0.8132209142752458,0.1168898336148444,-1.227935698487939,1.1654224984562997,-0.010684955963028146,0.17202473475450789,0.27068514616699485,-0.6795627985903968,0.3010334606746278,-0.6844303301272449,-0.8231445520279597,0.02840955598944482,-0.2367329398525824,0.41390077802624936,-0.4487374709115817,-0.6537407663049927,-0.5688563006043407,0.8892920982314751,0.8824912725133162
0.8132209142752458,0.1168898336148444,-1.083472674933583,-0.7030746009502787,-0.010684955963028146,1.2119038653543537,1.298710096425448,-0.6795627985903968,0.3010334606746278,-0.7203690749625696,-0.8506262916072711,-0.0005104634386607648,-0.22182670227471077,0.41390077802624936,-0.42899609770396185,-0.6494042236838315,-0.5788630263113098,0.766496316235989,0.7595951712545512
0.8132209142752458,0.1168898336148444,-0.9390096513792268,1.2414046888445627,-0.010684955963028146,0.172053447267021,0.21127988340551054,-0.6795627985903968,0.36083783691698385,-0.7710054266038768,-0.8712240286700575,0.00920137822936575,-0.1637478733409923,0.41390077802624936,-0.4120392154455488,-0.6545692116347004,-0.6004289405714057,0.8933542853330202,0.8865569238620682
0.8132209142752458,0.1168898336148444,-0.7945466278248707,-0.7030746009502787,-0.010684955963028146,1.2412897882702274,1.2790225577178598,-0.6795627985903968,0.3010334606746278,-0.8038865565695671,-0.8932411476950141,-0.02219198211684098,-0.15226344649654955,0.41390077802624936,-0.39445230987360447,-0.647116022983898,-0.6067728583677855,0.7655895138498255,0.7586878498475327
0.8132209142752458,0.1168898336148444,-0.6500836042705146,1.2813094751365357,-0.010684955963028146,0.16891112688573678,0.18701410029315896,-0.6795627985903968,0.3010334606746278,-0.8415620475754969,-0.9025033107736458,-0.009881640523128442,-0.1076334323051329,0.41390077802624936,-0.3850496819059375,-0.6533384715179226,-0.6238816103102143,0.8994966357675819,0.8927043180555724
0.8132209142752458,0.1168898336148444,-0.5056205807161585,-0.7030746009502787,-0.010684955963028146,1.2499861754845798,1.267943231360651,-0.5296681607981737,-0.2970103017489328,-0.8390733216999989,-0.8824413208240314,-0.0034347083311074274,-0.07581750934303959,0.41390077802624936,-0.3961883687593603,-0.6640219463430695,-0.6430991788726417,0.7618659621686041,0.754961139227412
0.8132209142752458,0.1168898336148444,-0.3611575571618023,1.8098669788355737,-0.010684955963028146,0.1793011862407531,-0.6874206446824462,-0.07998424742150408,-1.1342715691419176,-0.5295996705759654,-0.6937873678893596,0.5313979125774686,0.07483411646240369,-0.0793579987644747,-0.5206372546909969,-0.8445965700177214,-0.7123914256204182,0.9431094268436382,0.929510906962443
0.8132209142752458,0.1168898336148444,-0.2166945336074462,-0.7030746009502787,-0.010684955963028146,1.0899916878161866,1.4489993469103817,0.06991039037071911,-0.596032182960713,-0.07544447033512547,-0.4684389123552319,1.1081612876297782,0.2708928858886155,-0.7744280113442764,-0.6194393231808348,-0.9639928916690155,-0.7300126431465225,0.7682766685917768,0.7684929794041836
0.8132209142752458,0.1168898336148444,-0.07223151005309006,2.2877115788579188,-0.010684955963028146,-0.6865507261215884,-0.6874206446824462,0.3696996659551655,-1.1342715691419176,1.0183015097915828,-0.2877223660011663,1.233767883718601,0.3890206278905664,-2.863654361089893,-0.7081581264277907,-0.9819888061871166,-0.7493865497395896,0.9938500980833612,0.9765039337456747
0.8132209142752458,0.1168898336148444,0.07223151350126605,-0.7030746009502787,-0.010684955963028146,-0.6865507261215884,2.8329024722220324,0.6694889415396119,-1.3136846978689858,1.3755180254315744,-0.13705427494133646,1.092603442779658,0.6185252577102764,-2.8974628813787726,-0.7773382533327274,-0.9274341631323276,-0.8006787430909268,0.6492837048488299,0.6626116617878424
0.8132209142752458,0.1168898336148444,0.2166945370556222,-0.7030746009502787,-0.010684955963028146,-0.6865507261215884,-0.6874206446824462,0.819383579331835,-1.3136846978689858,1.8287885052022228,-0.010870522728941194,0.8665961143149665,0.8980127366808551,-3.295473695213253,-0.8162975067728372,-0.8256618230827867,-0.8432535627896632,-1.2676136780735823,-1.2761757670616813
0.8132209142752458,0.1168898336148444,0.3611575606099783,-0.7030746009502787,-0.010684955963028146,-0.6865507261215884,-0.6874206446824462,0.9692782171240583,-1.55290220283841,1.9129520354600327,0.0826911007195775,0.6953313464856604,1.2433251126877705,-2.8307879099262743,-0.8563685802379353,-0.7622714419068062,-0.9286115073285193,-1.2676136780735823,-1.2761757670616813
0.8132209142752458,0.1168898336148444,0.5056205841643344,-0.7030746009502787,-0.010684955963028146,-0.6865507261215884,-0.6874206446824462,0.5195943037473887,-1.0744671928995615,1.8140307400198492,0.11628105316452203,0.483476103421659,1.499887680366516,-2.110892221596856,-0.8558395438289065,-0.6767791369385476,-0.9795873126820953,-1.2676136780735823,-1.2761757670616813
0.8132209142752458,0.1168898336148444,0.6500836077186906,1.0545326904316108,-0.010684955963028146,1.060121993059245,-0.6874206446824462,0.3846891869146543,-0.7156409354454252,1.299997684512265,0.09932987534866389,0.12176574263376456,1.6584139464733603,0.19131627755789907,-0.8205155779320225,-0.5273538407904006,-0.9938372184860235,1.0163130940409444,0.9961186956947434
0.8132209142752458,0.1168898336148444,0.7945466312730467,-0.7030746009502787,-0.010684955963028146,1.1623202327254343,1.4068301723319763,0.24978407008191994,-0.2970103017489328,0.874239199614371,-0.026012684318504092,-0.06406885986658098,0.7209256903079515,0.41390077802624936,-0.7445097967657219,-0.4524012255023685,-0.7129161187595626,0.8891659187914184,0.8885844280032652
0.8132209142752458,0.1168898336148444,0.9390096548274028,1.4298506762374357,-0.010684955963028146,0.6180373729822948,-0.6874206446824462,-0.22987888521372726,0.36083783691698385,0.22742679897994764,-0.17937551378004218,0.014189503445563034,0.44302664761600624,0.41390077802624936,-0.6451647127726758,-0.463578948208773,-0.609737822219821,0.9321120438515618,0.9232212640935772
0.8132209142752458,0.1168898336148444,1.083472678381759,-0.7030746009502787,-0.010684955963028146,1.1108525571989336,1.5108184067195933,-0.37977352300595046,0.7196640943711202,0.06755460592890732,-0.3124091755108516,0.05441776353910224,0.09659211298806872,0.41390077802624936,-0.5537219143116685,-0.46191316585864606,-0.47778612251860325,0.8289348281286169,0.8266831260190796
0.8132209142752458,0.1168898336148444,1.227935701936115,1.5974990464646546,-0.010684955963028146,0.4879143582592319,-0.6874206446824462,-0.28983668315035005,0.4206422131593399,-0.13448664728634507,-0.3978441414504747,0.1345808645958161,0.0517594755213551,0.41390077802624936,-0.49714128960189646,-0.4830400398597288,-0.45591451937178157,0.9274135672659695,0.9174758503294401
0.8132209142752458,0.1168898336148444,1.3723987254904713,-0.7030746009502787,-0.010684955963028146,1.0767264024358139,1.5638558389992447,-0.5296681607981737,0.7196640943711202,-0.22761835289424825,-0.47458469709633416,0.18153870073294218,-0.09692613489004201,0.41390077802624936,-0.4473764373800167,-0.4950986905580895,-0.39907363602796136,0.8076187709274477,0.8049063888788677
0.8132209142752458,0.1168898336148444,1.5168617490448273,1.6688338037111787,-0.010684955963028146,0.4030969686996108,-0.6874206446824462,-0.5296681607981737,0.7196640943711202,-0.3626170189936152,-0.5366242128016582,0.22517526439726956,-0.0894876635667903,0.41390077802624936,-0.41022530746634595,-0.5100356466009217,-0.40206829537185024,0.9241900600323807,0.913655603529981
0.8132209142752458,0.1168898336148444,1.6613247725991833,-0.7030746009502787,-0.010684955963028146,1.058665447570192,1.58133583803748,-0.4996892618298623,0.8990772230981884,-0.3828537736953789,-0.5885728968416128,0.222299922693217,-0.19446930511724453,0.41390077802624936,-0.37866051280938046,-0.5092108880698016,-0.36408841633901223,0.7998662845612204,0.797296187084199
0.8132209142752458,0.2271347655154853,-1.6613247691510074,1.0926866491411378,-0.010684955963028146,0.17014534652653243,0.30194987386924704,-0.6795627985903968,1.0784903518252564,-0.49872665337003713,-0.6434368801077895,0.22094638190258054,-0.13548558830348495,0.41390077802624936,-0.3448123054238782,-0.5087541587859367,-0.3855827120599324,0.9152063355402427,0.9050494563334281
0.8132209142752458,0.2271347655154853,-1.5168617455966513,-0.7030746009502787,-0.010684955963028146,1.2377401058489348,1.3540050638241805,-0.82945743638262,1.0784903518252564,-0.5505903666688087,-0.7125607816654743,0.11543236530292983,-0.14798638651678683,0.41390077802624936,-0.298368452145054,-0.4773536952144576,-0.38543270615623193,0.7465531344809085,0.7446408443241638
0.8132209142752458,0.2271347655154853,-1.372398722042295,1.1651116423515573,-0.010684955963028146,0.13678114548800918,0.1890056554359693,-0.7994785374143086,0.8990772230981884,-0.6776710134233502,-0.7648434379318221,0.09176405098778968,-0.09470623009080444,0.41390077802624936,-0.2617032162635481,-0.4793293855164569,-0.41507120886714194,0.8850077490388899,0.8738877860833529
0.8132209142752458,0.2271347655154853,-1.227935698487939,-0.7030746009502787,-0.010684955963028146,1.2209153057114728,1.2703561916644497,-0.9793520741748433,1.0784903518252564,-0.712669456679861,-0.8114979664079766,0.04926800914092449,-0.10124144103020215,0.41390077802624936,-0.23381564643234637,-0.4794373870280261,-0.427731532460096,0.7521742308183693,0.7452614169625758
0.8132209142752458,0.2271347655154853,-1.083472674933583,1.2554940850202077,-0.010684955963028146,0.17250144614167903,0.19591266278672645,-0.9793520741748433,1.0784903518252564,-0.770626821169848,-0.8552587646975303,0.031104204556719226,-0.08462958744822421,0.41390077802624936,-0.21000997210151393,-0.49387272159242523,-0.45475508509427154,0.8883775669052513,0.8815759688065291
0.8132209142752458,0.2271347655154853,-0.9390096513792268,-0.7030746009502787,-0.010684955963028146,1.241495848924693,1.2644153097721318,-0.9793520741748433,1.0784903518252564,-0.8024192153019325,-0.8854317638011918,0.009822200061690736,-0.07705115145287983,0.41390077802624936,-0.1945507810712123,-0.5019025689164456,-0.4729586399495884,0.7544533694222451,0.7475423079528342
0.8132209142752458,0.2271347655154853,-0.7945466278248707,1.2885813579741066,-0.010684955963028146,0.16858305112800503,0.17954877555611318,-0.9793520741748433,1.0784903518252564,-0.8502745498259267,-0.9126713735163683,0.009655597674110866,-0.05490987957514703,0.41390077802624936,-0.18001131803036563,-0.5124513671578887,-0.49147749105664246,0.8965289025271568,0.8897340838442812
0.8132209142752458,0.2271347655154853,-0.6500836042705146,-0.7030746009502787,-0.010684955963028146,1.2534048995610039,1.264311135153034,-0.82945743638262,1.0784903518252564,-0.8604400076452887,-0.9175209285537829,0.013893597712398788,-0.036101719888644836,0.41390077802624936,-0.17444354122627778,-0.5154882048416314,-0.49964134947506467,0.7590788704342432,0.7521718371442065
0.8132209142752458,0.2271347655154853,-0.5056205807161585,1.242266844219791,-0.010684955963028146,0.09786606789558583,0.10734310876949579,-0.4397313209425732,0.8990772230981884,-0.6411529172675601,-0.8122918462211315,0.7196536373371216,0.13490418698106876,0.41390077802624936,-0.2390546735043544,-0.7374588536705448,-0.5561571108529315,0.9048801121338816,0.8931294266868328
0.8132209142752458,0.2271347655154853,-0.3611575571618023,-0.7030746009502787,-0.010684955963028146,1.240912393934536,1.2831067048328462,-0.07998424742150408,0.36083783691698385,-0.2550996146834114,-0.6203726189979968,1.4260353276617692,0.32474836221674636,0.19202195603739003,-0.3597851203842846,-0.938194626986806,-0.6191796785339618,0.7315410164844025,0.7313947295442336
0.8132209142752458,0.2271347655154853,-0.2166945336074462,2.287570394644353,-0.010684955963028146,-0.6865507261215884,-0.6874206446824462,0.2198050281629423,-0.2970103017489328,0.8140442050807807,-0.43163099835389673,1.6982097525732824,0.44851375101089586,-1.8193538506919087,-0.4741789402802629,-1.0098731482584513,-0.6592205557109462,1.019120496710813,0.9993480476369812
0.8132209142752458,0.2271347655154853,-0.07223151005309006,-0.7030746009502787,-0.010684955963028146,-0.6865507261215884,2.8189539509340125,0.33972062403618786,-0.7156409354454252,1.1518158333430306,-0.26705853026857296,1.6213728971949666,0.6204448894629896,-2.105072120869965,-0.5413342676989806,-0.9591289199793075,-0.6783370285915492,0.6251056031689927,0.6403443202233978
0.8132209142752458,0.2271347655154853,0.07223151350126605,-0.7030746009502787,-0.010684955963028146,-0.6865507261215884,-0.6874206446824462,0.3696996659551655,-0.8352496879301373,1.633714507426653,-0.12950928572674197,1.2948587413016193,0.7963210786726728,-2.69397129237863,-0.6010630808254878,-0.8509400322936247,-0.712411732096465,-1.2676136780735823,-1.2761757670616813
0.8132209142752458,0.2271347655154853,0.2166945370556222,-0.7030746009502787,-0.010684955963028146,-0.6865507261215884,-0.6874206446824462,0.2198050281629423,-0.596032182960713,1.7793697067874468,-0.05667063892590702,0.9334732966128857,0.8878327480303925,-2.5858103448364536,-0.6249314200612621,-0.7275237989587018,-0.7216245400947664,-1.2676136780735823,-1.2761757670616813
0.8132209142752458,0.2271347655154853,0.3611575606099783,-0.7030746009502787,-0.010684955963028146,-0.6865507261215884,-0.6874206446824462,0.2198050281629423,-0.6558365592030692,1.831610717729456,-0.0021795913125358204,0.5882922135021941,1.0727618847809546,-1.7894545097027834,-0.631407114930412,-0.5972462165815556,-0.7555396303309704,-1.2676136780735823,-1.2761757670616813
0.8132209142752458,0.2271347655154853,0.5056205841643344,1.0954454746747548,-0.010684955963028146,1.0109767361678208,-0.6874206446824462,0.06991039037071911,-0.2970103017489328,1.6538727946809495,0.014488405886359955,0.23541177925603268,1.3328365892315144,-0.5352658890375872,-0.6139489134324637,-0.45396572932658613,-0.809251787919152,1.0090619103218945,0.9884210979513275
0.8132209142752458,0.2271347655154853,0.6500836077186906,-0.7030746009502787,-0.010684955963028146,1.159605252853703,1.4613402739257797,-0.07998424742150408,0.0020115794628475024,1.375750158296998,-0.0018497937389727632,0.15166216809455216,1.6110595036646975,0.41390077802624936,-0.5864828855964288,-0.40748864510695254,-0.8748155036456929,0.8812690989631318,0.8807441722357816
0.8132209142752458,0.2271347655154853,0.7945466312730467,1.404798003376375,-0.010684955963028146,0.6169956683844149,-0.6874206446824462,-0.19989998624541588,0.3010334606746278,0.6073602945570585,-0.09966121376834199,0.22684045940546835,1.2061823947052193,0.41390077802624936,-0.5170581245433536,-0.42183766521029836,-0.7458366283678838,0.9094475562240303,0.9007885456518776
0.8132209142752458,0.2271347655154853,0.9390096548274028,-0.7030746009502787,-0.010684955963028146,1.1074158420399878,1.4880267572232688,-0.37977352300595046,0.7196640943711202,0.3729688744373098,-0.24583320373035647,0.21669346224749442,0.384904690033329,0.41390077802624936,-0.425468304574598,-0.41384425213114473,-0.47494103238000523,0.8161500828118606,0.813847178642638
0.8132209142752458,0.2271347655154853,1.083472678381759,1.564213613941969,-0.010684955963028146,0.4895433880219974,-0.6874206446824462,-0.37977352300595046,0.7196640943711202,0.02472903478755388,-0.34692520510856495,0.2847716736976685,0.32367991096989923,0.41390077802624936,-0.3635843007558199,-0.4375156677692591,-0.4537305906253305,0.9055244900435736,0.8953317227255245
0.8132209142752458,0.2271347655154853,1.227935701936115,-0.7030746009502787,-0.010684955963028146,1.0881030425486578,1.5526133475759794,-0.5146786398386849,1.0186859755829005,-0.08855965028385474,-0.43545567612156794,0.2944329544421011,0.12474698327722587,0.41390077802624936,-0.3085618630093147,-0.44059392771948713,-0.38271010992152904,0.7951332973595443,0.7923119572390113
0.8132209142752458,0.2271347655154853,1.3723987254904713,1.6611082680452458,-0.010684955963028146,0.4125512825648557,-0.6874206446824462,-0.5296681607981737,0.9588815993405444,-0.25625047057959544,-0.5031629788189692,0.31826372680682163,0.08313597451292484,0.41390077802624936,-0.266080600892605,-0.4487875122749026,-0.3676420496471997,0.9111730870282264,0.9006393380485127
0.8132209142752458,0.2271347655154853,1.5168617490448273,-0.7030746009502787,-0.010684955963028146,1.0650912974106936,1.5750600493877818,-0.5296681607981737,1.0784903518252564,-0.29866735709872444,-0.5707151235861921,0.26998964892105465,-0.10259144911742177,0.41390077802624936,-0.21315575032959733,-0.4243240855519473,-0.29073138079460165,0.7895337701571359,0.7868573857305416
0.8132209142752458,0.2271347655154853,1.6613247725991833,1.0904398851333732,-0.010684955963028146,0.17476790414216725,0.30019961475681656,-0.6495838996220854,1.0784903518252564,-0.43956023629366126,-0.6325459066500204,0.24968736592910776,-0.07722285230062144,0.41390077802624936,-0.16346874720116458,-0.4130858559746034,-0.29586433390113753,0.9050965224555746,0.8949197132528586
0.8132209142752458,0.3373796974161262,-1.6613247691510074,-0.7030746009502787,-0.010684955963028146,1.263501871629821,1.3733857266959932,-0.6795627985903968,1.0784903518252564,-0.4841068601161263,-0.6828790000447992,0.1921821895832561,-0.054512770505488695,0.41390077802624936,-0.12505082213220683,-0.39339227914211705,-0.30479241453637423,0.7575172650564458,0.7556592834456255
0.8132209142752458,0.3373796974161262,-1.5168617455966513,1.157744979756402,-0.010684955963028146,0.1276881699632981,0.17678584710422104,-0.6795627985903968,1.0784903518252564,-0.6010102789341858,-0.7175571453274076,0.21858410924286598,0.04019937010421106,0.41390077802624936,-0.10097496565352874,-0.40302588385178884,-0.34033311460234517,0.8626880080866135,0.8515005053480279
0.8132209142752458,0.3373796974161262,-1.372398722042295,-0.7030746009502787,-0.010684955963028146,1.2152079485793592,1.2616297892341701,-0.7694996384459972,1.0784903518252564,-0.6318322922992604,-0.749393743583789,0.19047057798946293,0.04522182333767671,0.41390077802624936,-0.07961611484181236,-0.39358139022261573,-0.34258647839592393,0.7400079804492422,0.7330853397003296
0.8132209142752458,0.3373796974161262,-1.227935698487939,1.2458213538808787,-0.010684955963028146,0.1643805643693926,0.18634397299942512,-1.1292467119670664,1.0784903518252564,-0.6976429404899125,-0.7989315656144694,0.16813425390736184,0.055386350774361645,0.41390077802624936,-0.042819282659928515,-0.38343315180420146,-0.34396819216392455,0.8686205986827902,0.8618027889082087
0.8132209142752458,0.3373796974161262,-1.083472674933583,-0.7030746009502787,-0.010684955963028146,1.234599615955698,1.25612401418467,-0.9193942762382205,1.0784903518252564,-0.7366386462994762,-0.8331038821291867,0.12980907382319268,0.04481901803136344,0.41390077802624936,-0.019890193941687204,-0.3699268904839038,-0.34011651219117944,0.7438285932381997,0.7369090659637904
0.8132209142752458,0.3373796974161262,-0.9390096513792268,1.278638441816938,-0.010684955963028146,0.1601454949235385,0.1704305677813156,-0.6945523195498856,1.0784903518252564,-0.7894825487961908,-0.8575311673879458,0.10220612501132796,0.039179743742977675,0.41390077802624936,-7.723813111446517e-05,-0.3616354973306616,-0.3395883254647582,0.878132407498129,0.8713226024167243
0.8132209142752458,0.3373796974161262,-0.7945466278248707,-0.7030746009502787,-0.010684955963028146,1.2393187187409123,1.2495290077262504,-0.6795627985903968,1.0784903518252564,-0.8203732211777992,-0.8816098691354072,0.04667116695043826,0.00054786674920771,0.41390077802624936,0.02824778094035478,-0.34149061297693917,-0.325044084932754,0.743501641099363,0.7365817916732822
0.8132209142752458,0.3373796974161262,-0.6500836042705146,1.2987998341826261,-0.010684955963028146,0.1591696355957023,0.16388288965135173,-0.6795627985903968,1.0784903518252564,-0.8555913732872178,-0.893785244113846,0.04801061699187642,0.013338359283817734,0.41390077802624936,0.04446738649023986,-0.3437660183170683,-0.3316214180290693,0.887873208630608,0.8810712418519367
0.8132209142752458,0.3373796974161262,-0.5056205807161585,-0.7030746009502787,-0.010684955963028146,1.2484224156956145,1.2530956287214625,-0.7095416975587082,1.0784903518252564,-0.8552833885559095,-0.885931330589838,0.03717483085838571,0.010998019766732963,0.41390077802624936,0.049319578283664234,-0.3409994012827538,-0.3319161894555549,0.750243793231175,0.7433294957442476
0.8132209142752458,0.3373796974161262,-0.3611575571618023,1.3137365148074511,-0.010684955963028146,0.15948050476578957,0.16145868560101367,-0.6795627985903968,0.6598597181287641,-0.8374575461775723,-0.8351432000365988,0.09445704181986428,0.06955533257946596,0.41390077802624936,0.013835334841448041,-0.3742905419182098,-0.36641296197335715,0.8961225040742101,0.8893273959047941
0.8132209142752458,0.3373796974161262,-0.2166945336074462,-0.7030746009502787,-0.010684955963028146,1.2556123635467111,1.2578828499223673,-0.6795627985903968,1.0784903518252564,-0.7734980758517481,-0.7508207790761472,0.1677579480170073,0.1388663264486229,0.41390077802624936,-0.04188196029331678,-0.4072303523353081,-0.3987428369826831,0.7551218328660789,0.7482115930872693
0.8132209142752458,0.3373796974161262,-0.07223151005309006,1.320114887907644,-0.010684955963028146,0.1560138219025267,0.15726743526317974,-0.6196050006537741,1.0784903518252564,-0.7271820110889001,-0.6716547501361089,0.23109337906055447,0.20025466887885865,0.41390077802624936,-0.0807407088666543,-0.4231996119826974,-0.4146270865845703,0.8934637486934113,0.8866664246409437
0.8132209142752458,0.3373796974161262,0.07223151350126605,-0.7030746009502787,-0.010684955963028146,1.2547303821058713,1.2565833866014138,-0.5296681607981737,1.0784903518252564,-0.6439659752592555,-0.5809903357515491,0.30994189610382716,0.28184512147986857,0.41390077802624936,-0.12192649458312277,-0.43583188516720395,-0.4289029759438702,0.7509503621469349,0.7440366456339949
0.8132209142752458,0.3373796974161262,0.2166945370556222,1.907983736391559,-0.010684955963028146,0.23253774081683176,-0.6874206446824462,-0.6795627985903968,1.0784903518252564,-0.587855865261723,-0.5217756684611324,0.38695364254572184,0.3404610241553381,0.41390077802624936,-0.14852871080642008,-0.4553823274662853,-0.442698497052601,0.9190763775970286,0.9123000452898086
0.8132209142752458,0.3373796974161262,0.3611575606099783,-0.7030746009502787,-0.010684955963028146,1.092790137942874,1.4142556471394274,-0.6795627985903968,1.0784903518252564,-0.5401385026661917,-0.492786183434751,0.42041917189167816,0.3057465304839763,0.41390077802624936,-0.16471168148880067,-0.46831388194791135,-0.43205681185806133,0.7765624518221759,0.7696696522598006
0.8132209142752458,0.3373796974161262,0.5056205841643344,1.846027875119074,-0.010684955963028146,0.2791208374386436,-0.6874206446824462,-0.6795627985903968,1.0784903518252564,-0.5382448216006526,-0.5024386765529795,0.4321932361482555,0.27016051260440954,0.41390077802624936,-0.1546197395667728,-0.47377945241893066,-0.4209766814602749,0.9102918081185416,0.903508053780697
0.8132209142752458,0.3373796974161262,0.6500836077186906,-0.7030746009502787,-0.010684955963028146,1.1104657489247134,1.5258113936163578,-0.6795627985903968,0.6598597181287641,-0.5720708304129258,-0.5719626490068642,0.3504776660769292,0.07817129739410211,0.41390077802624936,-0.1136108616973326,-0.46084616297326336,-0.36726408717368375,0.7766771277235381,0.775149603388047
0.8132209142752458,0.3373796974161262,0.7945466312730467,1.8320857548616414,-0.010684955963028146,0.3064654000841866,-0.6874206446824462,-0.7395205965270196,1.0784903518252564,-0.6228451539826959,-0.6550097135277776,0.28723423933697095,-0.003681995841128395,0.41390077802624936,-0.06280287982703535,-0.4480482007228153,-0.34652964668548203,0.9124339827148342,0.9056522223031258
0.8132209142752458,0.3373796974161262,0.9390096548274028,-0.7030746009502787,-0.010684955963028146,1.0349109426822987,1.5021972248383222,-0.6795627985903968,1.0784903518252564,-0.6421193746621965,-0.7280981437229356,0.22647990199951193,-0.11671160603691236,0.41390077802624936,-0.008498437279845217,-0.4294259641858148,-0.3070339874728936,0.7899139261624353,0.7830320220722565
0.8132209142752458,0.3373796974161262,1.083472678381759,1.1997365332252836,-0.010684955963028146,0.17148139360241557,0.2892495653365602,-0.82945743638262,1.0784903518252564,-0.6906384130126831,-0.7902225440358011,0.17714736018867278,-0.15022256627789565,0.41390077802624936,0.03235498342156602,-0.41990925267842377,-0.3024654670607765,0.9106333194235388,0.9038500646246239
0.8132209142752458,0.3373796974161262,1.227935701936115,-0.7030746009502787,-0.010684955963028146,1.2108306763620604,1.31512010916512,-0.8594363353509314,1.0784903518252564,-0.7323432074460483,-0.8438223032699861,0.1003146491483565,-0.17081202054120542,0.41390077802624936,0.06688961253504726,-0.4049313081101166,-0.3071117197898039,0.7646611423286097,0.7577586282847389
0.8132209142752458,0.3373796974161262,1.3723987254904713,1.2697318321207671,-0.010684955963028146,0.17411211872431323,0.22160122435649357,-0.82945743638262,1.0784903518252564,-0.7865622519596238,-0.8790828126223671,0.07455510187866904,-0.13610729184696643,0.41390077802624936,0.08494578183746035,-0.40919910278114224,-0.33383045693407287,0.9081244695313545,0.9013391196615506
0.8132209142752458,0.3373796974161262,1.5168617490448273,-0.7030746009502787,-0.010684955963028146,1.2382570356734877,1.2840457407066004,-0.82945743638262,1.0784903518252564,-0.8205131547924489,-0.9096844094165663,0.024197250846753796,-0.13399480179607906,0.41390077802624936,0.09985352170427325,-0.40428221468817543,-0.3477194315024598,0.7592415376610971,0.752334553254872
0.8132209142752458,0.3373796974161262,1.6613247725991833,1.3002924809887415,-0.010684955963028146,0.17099322859003424,0.19306992988265406,-0.82945743638262,1.0784903518252564,-0.8672379041775213,-0.9349424505884778,0.0068979551692440735,-0.11009095154769064,0.41390077802624936,0.11124961670568814,-0.41004815080884005,-0.368613921957783,0.9090900478105359,0.9023053872822442
0.8132209142752458,0.44762462931676716,-1.6613247691510074,-0.7030746009502787,-0.010684955963028146,1.2488991793824442,1.2707530174725388,-0.82945743638262,1.0784903518252564,-0.8784129764876267,-0.9422835775898782,0.00768040618354953,-0.07912214035099552,0.41390077802624936,0.11355881845279717,-0.4155293359562308,-0.3851986358086819,0.7578003599540092,0.7508922130890113
0.8132209142752458,0.44762462931676716,-1.5168617455966513,1.2943682982202618,-0.010684955963028146,0.14561649289497972,0.15615341531537902,-0.82945743638262,1.0784903518252564,-0.9079952041827213,-0.9510092977798662,0.022400265890170926,-0.04203312974261941,0.41390077802624936,0.11904585393705602,-0.4218172793828134,-0.399780869102322,0.8765844625725314,0.8697732175642248
0.8132209142752458,0.44762462931676716,-1.372398722042295,-0.7030746009502787,-0.010684955963028146,1.2379300582085844,1.2484454243388488,-0.7994785374143086,1.0784903518252564,-0.9176800488863474,-0.9603765229547174,0.0044403627355410254,-0.043104835981840776,0.41390077802624936,0.12575774729406386,-0.41535497207008293,-0.3991852124716163,0.7471022487107855,0.7401852883328738
0.8132209142752458,0.44762462931676716,-1.227935698487939,1.3049999353380242,-0.010684955963028146,0.1486931249051957,0.15358863828505373,-0.82945743638262,1.0784903518252564,-0.9448879824001668,-0.9714372656275695,0.007120920553617132,-0.028377622984552812,0.41390077802624936,0.13376608112677355,-0.41594659480815693,-0.4041369357381647,0.8867464010669096,0.8799434861666959
0.8132209142752458,0.44762462931676716,-1.083472674933583,-0.7030746009502787,-0.010684955963028146,1.2403059270946417,1.2451810770878056,-0.82945743638262,1.0784903518252564,-0.9515125966525763,-0.9818697230495199,-0.01571106635322407,-0.042094974597730137,0.41390077802624936,0.14126128579555516,-0.4077894444976082,-0.3990181753299411,0.7481965228291132,0.7412805007959816
0.8132209142752458,0.44762462931676716,-0.9390096513792268,1.3147921713890898,-0.010684955963028146,0.15166144432267095,0.15371467283928336,-0.82945743638262,1.0784903518252564,-0.9801636773043947,-0.9982392325710769,-0.03174633894088653,-0.05149213758218596,0.41390077802624936,0.15123705662457534,-0.405015020125108,-0.3985057097462658,0.8955847136402357,0.8887888976819505
0.8132209142752458,0.44762462931676716,-0.7945466278248707,-0.7030746009502787,-0.010684955963028146,1.248622409589695,1.2506349740137392,-0.82945743638262,1.0784903518252564,-0.981014395214017,-1.0049033700385601,-0.046272243629131356,-0.061270134674428864,0.41390077802624936,0.1549068098655191,-0.4017654324758042,-0.39684494569452544,0.7550706061703294,0.7481602198246566
0.8132209142752458,0.44762462931676716,-0.6500836042705146,1.3241359504775212,-0.010684955963028146,0.15456030979366644,0.15516339035848226,-0.82945743638262,1.0784903518252564,-1.004009280694249,-1.0165819613302391,-0.0563562468495129,-0.06790380913314759,0.41390077802624936,0.16483148469512512,-0.3997528741879279,-0.395999279224319,0.9035426460178375,0.8967533907817283
0.8132209142752458,0.44762462931676716,-0.5056205807161585,-0.7030746009502787,-0.010684955963028146,1.2563359816216315,1.2568852419736185,-0.8594363353509314,0.9588815993405444,-0.9880849661261978,-1.001930321448191,-0.060202192513048196,-0.06935879072443674,0.41390077802624936,0.1536192870878282,-0.4033097673430421,-0.4004276194469519,0.7613675354061004,0.7544623478290577
0.8132209142752458,0.44762462931676716,-0.3611575571618023,1.3277295187154585,-0.010684955963028146,0.15296480411199545,0.1531431244396254,-0.6795627985903968,1.0784903518252564,-0.9135729319068405,-0.9031872580622796,0.0606284684651518,0.02312205261271558,0.41390077802624936,0.08414367105420402,-0.4455329366039802,-0.43373198695731874,0.9033242585254315,0.8965350032470365
0.8132209142752458,0.44762462931676716,-0.2166945336074462,-0.7030746009502787,-0.010684955963028146,1.3074620357788507,1.3122797818998417,-0.4697103628615509,0.8990772230981884,-0.6638613965645372,-0.6933198067724095,0.426255228662573,0.22146094419708853,0.2892332422880591,-0.04090752102147023,-0.5428034787074287,-0.4771352235390821,0.7509534177744006,0.7507055500790405
0.8132209142752458,0.44762462931676716,-0.07223151005309006,1.801825212031387,-0.010684955963028146,0.12622702210429776,-0.6874206446824462,-0.25985778418203864,0.8392728468558323,0.08358615934183025,-0.48045704207707723,0.815230360281573,0.37594125478274176,-1.0662097598106322,-0.16469505118710456,-0.6444335517055853,-0.5063407397768656,0.9278001940117847,0.913859254511254
0.8132209142752458,0.44762462931676716,0.07223151350126605,-0.7030746009502787,-0.010684955963028146,1.1098030076522796,1.440049743037176,-0.07998424742150408,0.7196640943711202,0.24996984274184827,-0.2876277405370216,0.8734085771185434,0.5152451634234607,-0.9551469133065886,-0.26160512158542754,-0.625114943976519,-0.5141170283567603,0.7539535047174045,0.7542591061964907
0.8132209142752458,0.44762462931676716,0.2166945370556222,2.313807366555758,-0.010684955963028146,-0.6865507261215884,-0.6874206446824462,-0.22987888521372726,0.7196640943711202,0.42914960513756273,-0.17572965030858562,0.8680955358031853,0.5967461037341788,-0.9798514825184711,-0.31425954898172437,-0.6029642243205802,-0.5203474045666419,1.0055231342309556,0.9878093263100961
0.8132209142752458,0.44762462931676716,0.3611575606099783,-0.7030746009502787,-0.010684955963028146,1.2423788763587027,1.3409497666798296,-0.22987888521372726,0.36083783691698385,0.40436108458731207,-0.13188814206432023,0.737741186102136,0.6287540712463529,-0.48548295062716135,-0.33352442789292064,-0.5541713968468578,-0.5240704768577574,0.7915199280098824,0.7925860161977295
0.8132209142752458,0.44762462931676716,0.5056205841643344,1.6000378539598719,-0.010684955963028146,0.41109766585667845,-0.6874206446824462,-0.37977352300595046,0.7196640943711202,0.19507270870307794,-0.16185171275101443,0.6782152305477286,0.5916691293784445,0.41390077802624936,-0.3031500254109861,-0.521917981578588,-0.4984600802770743,0.8808630599957693,0.8707198364470267
0.8132209142752458,0.44762462931676716,0.6500836077186906,-0.7030746009502787,-0.010684955963028146,1.0980770058206972,1.5252819438956022,-0.5296681607981737,1.0784903518252564,0.04580473728181987,-0.26777100435154466,0.5706456223003262,0.34269720391644687,0.41390077802624936,-0.2257612779963909,-0.476258282292899,-0.4013302750596122,0.7750646551355753,0.7728443561497771
0.8132209142752458,0.44762462931676716,0.7945466312730467,1.6756823130758352,-0.010684955963028146,0.3514826449306934,-0.6874206446824462,-0.5896259587347964,0.8990772230981884,-0.2398991623182441,-0.4102859984345561,0.4676049466187767,0.24153529591717346,0.41390077802624936,-0.12984372328480154,-0.441414348840504,-0.3650281913164893,0.8874003053445831,0.8764922672257648
0.8132209142752458,0.44762462931676716,0.9390096548274028,-0.7030746009502787,-0.010684955963028146,1.0776866241657606,1.561265698168587,-0.6795627985903968,1.0784903518252564,-0.3013359042080012,-0.5348444191451722,0.3575619974532732,-0.003000888686816868,0.41390077802624936,-0.046579900013038016,-0.4081735221622449,-0.27946194163625004,0.7786765865429003,0.7762982358572977
0.8132209142752458,0.44762462931676716,1.083472678381759,1.1448825245636256,-0.010684955963028146,0.1951825005389866,0.3146103324723392,-0.6795627985903968,1.0784903518252564,-0.3886335550967259,-0.6069511101498293,0.3288641145419408,-0.009309877656204292,0.41390077802624936,0.005819770442783511,-0.4000512880030268,-0.2790464230995078,0.886880489189819,0.880077752542289
0.8132209142752458,0.44762462931676716,1.227935701936115,-0.7030746009502787,-0.010684955963028146,1.2133845732856305,1.3189076305574547,-0.7694996384459972,1.0784903518252564,-0.46582067537931554,-0.6722218071455053,0.2690339645783701,-0.00922687535066095,0.41390077802624936,0.047535556643741365,-0.3886230798631635,-0.2890378643621407,0.7561186863910864,0.7492091758839777
0.8132209142752458,0.44762462931676716,1.3723987254904713,1.2378765168476806,-0.010684955963028146,0.19129213814226528,0.2392812051936392,-0.6795627985903968,1.0784903518252564,-0.5552474096759807,-0.7207869350668161,0.23371011407343828,0.018350233792067076,0.41390077802624936,0.07970820087864329,-0.3837094448277741,-0.3071488391546206,0.8933390071956914,0.8865415732855904
0.8132209142752458,0.44762462931676716,1.5168617490448273,-0.7030746009502787,-0.010684955963028146,1.2403161778277065,1.2865584827238723,-0.6795627985903968,1.0784903518252564,-0.614086879054577,-0.7589029069548571,0.18472901212495668,0.022412464275129374,0.41390077802624936,0.10641285011963408,-0.3716126249205054,-0.3140050041854708,0.7501963411340596,0.7432818066199897
0.8132209142752458,0.44762462931676716,1.6613247725991833,1.2812763290965488,-0.010684955963028146,0.1814508591038246,0.20374144816771247,-0.6495838996220854,1.0784903518252564,-0.6701505624790248,-0.7769673255253585,0.20172659999610287,0.07959861155021014,0.41390077802624936,0.11942112031011194,-0.37954769983377123,-0.33714739970425267,0.8960838593739079,0.8892887124520699
0.8132209142752458,0.557869561217408,-1.6613247691510074,-0.7030746009502787,-0.010684955963028146,1.2501778014333012,1.2722589473578485,-0.82945743638262,1.0784903518252564,-0.7099015174704593,-0.8073149642724046,0.1764303897147594,0.08549991272472292,0.41390077802624936,0.14100628783621466,-0.3708963016419649,-0.3396099420360338,0.7488175341758316,0.7419020968061588
0.8132209142752458,0.557869561217408,-1.5168617455966513,1.2789283352909862,-0.010684955963028146,0.14721754234045104,0.1578726626059596,-1.1292467119670664,1.0784903518252564,-0.7833633956845486,-0.8666395640873423,0.12581144538887573,0.0591076208062214,0.41390077802624936,0.1694392833592761,-0.3741801548310838,-0.35147132588860946,0.8583030029304501,0.8514769677974284
0.8132209142752458,0.557869561217408,-1.372398722042295,-0.7030746009502787,-0.010684955963028146,1.2387271050040303,1.2493484802236774,-0.9493731752065319,1.0784903518252564,-0.8228527925177594,-0.9080222018147895,0.06701986652797952,0.018271300226991544,0.41390077802624936,0.18189031793350136,-0.37968758130959884,-0.36319995342466416,0.7395474794158724,0.7326244130572874
0.8132209142752458,0.557869561217408,-1.227935698487939,1.298139421731859,-0.010684955963028146,0.15283928493161028,0.15777884269297707,-0.9793520741748433,1.0784903518252564,-0.8760471829464938,-0.9438066300973246,0.03151117854827005,-0.004319160598387567,0.41390077802624936,0.18728817643765058,-0.397136982154699,-0.3853038801253975,0.8780554775831086,0.8712454401856289
0.8132209142752458,0.557869561217408,-1.083472674933583,-0.7030746009502787,-0.010684955963028146,1.2414123786697369,1.2463173753427026,-0.82945743638262,0.6598597181287641,-0.9004623292258802,-0.9669279447957928,-0.019831367192326213,-0.04592284562984654,0.41390077802624936,0.17957846497887556,-0.4129570348945389,-0.4044528870375163,0.7424704567010637,0.7355496189109102
0.8132209142752458,0.557869561217408,-0.9390096513792268,1.3099001742225824,-0.010684955963028146,0.15483179732090785,0.15689105738484335,-0.82945743638262,0.6598597181287641,-0.9373708009328192,-0.982183517787235,-0.03736606126820749,-0.056824628839298785,0.41390077802624936,0.1649842906556373,-0.4400122810246505,-0.43401802441561216,0.8894853217329867,0.8826846897769374
0.8132209142752458,0.557869561217408,-0.7945466278248707,-0.7030746009502787,-0.010684955963028146,1.2495326328461214,1.2515447238499962,-0.82945743638262,0.6598597181287641,-0.9514164740294291,-0.996145644176876,-0.07370361684781682,-0.08801396576934924,0.41390077802624936,0.1501553639577321,-0.4573051013650258,-0.4530469392650887,0.7512708435452559,0.7443573703452058
0.8132209142752458,0.557869561217408,-0.6500836042705146,1.3201243838001808,-0.010684955963028146,0.1571427100311158,0.15775834246672893,-0.82945743638262,1.0784903518252564,-0.9742210759495533,-1.0026093983085234,-0.072171040655602,-0.08501123530410487,0.41390077802624936,0.14382235225675757,-0.46949821177658513,-0.4658705880632362,0.8995370778958053,0.892744638903121
0.8132209142752458,0.557869561217408,-0.5056205807161585,-0.7030746009502787,-0.010684955963028146,1.3069743937630542,1.3127757618634575,-0.6795627985903968,1.0784903518252564,-0.8025617644981643,-0.925640628307962,0.5210395541815201,0.011504171080928627,0.41390077802624936,0.09280516601150045,-0.6528357656869638,-0.4885092519665349,0.7508486277266041,0.7504908466827034
0.8132209142752458,0.557869561217408,-0.3611575571618023,1.2437723911063336,-0.010684955963028146,0.06227154792059362,0.08968530164645529,-0.22987888521372726,0.36083783691698385,-0.23099637650770669,-0.7161468084463689,1.3156691201323047,0.2627423849834969,-0.5865149152461635,-0.03477334988425368,-0.8638685505881786,-0.5477497930711527,0.888682051195075,0.8769239254363225
0.8132209142752458,0.557869561217408,-0.2166945336074462,-0.7030746009502787,-0.010684955963028146,-0.6865507261215884,2.8327882566757925,0.2198050281629423,-0.2970103017489328,0.2397115317763168,-0.5100483728864376,1.4732293910648668,0.5147333158726102,-1.3609073810701322,-0.14020657041127058,-0.8637113194719382,-0.5813207649605854,0.5783000408767973,0.5879049089058179
0.8132209142752458,0.557869561217408,-0.07223151005309006,-0.7030746009502787,-0.010684955963028146,-0.6865507261215884,-0.6874206446824462,0.6694889415396119,-1.0744671928995615,0.9057778823329785,-0.31881378872740845,1.3725426993670329,0.7500318321184829,-2.4273668944156968,-0.23936197255743485,-0.8047954105584,-0.6242964737993422,-1.2676136780735823,-1.2761757670616813
0.8132209142752458,0.557869561217408,0.07223151350126605,-0.7030746009502787,-0.010684955963028146,-0.6865507261215884,-0.6874206446824462,0.819383579331835,-1.55290220283841,1.2176238659521006,-0.1669433976525639,1.067278222132318,0.8130785931633983,-2.5983541873794844,-0.3368538624962569,-0.7168205889175854,-0.6464217987221463,-1.2676136780735823,-1.2761757670616813
0.8132209142752458,0.557869561217408,0.2166945370556222,-0.7030746009502787,-0.010684955963028146,-0.6865507261215884,-0.6874206446824462,1.1191728549162814,-2.1509459652619705,1.4993494659655828,-0.030828146357807718,0.7894608666006867,0.8319510389492919,-2.7182252055318274,-0.4222456413285282,-0.6367021181966639,-0.6577228985151945,-1.2676136780735823,-1.2761757670616813
0.8132209142752458,0.557869561217408,0.3611575606099783,-0.7030746009502787,-0.010684955963028146,-0.6865507261215884,-0.6874206446824462,1.1191728549162814,-2.2705547177466827,1.6151765729625518,0.05904377976454032,0.542815563766089,0.9802484915200599,-2.2078356760813818,-0.481703308231729,-0.5697489883619299,-0.715563602867813,-1.2676136780735823,-1.2761757670616813
0.8132209142752458,0.557869561217408,0.5056205841643344,-0.7030746009502787,-0.010684955963028146,-0.6865507261215884,-0.6874206446824462,1.1191728549162814,-2.330359093989039,1.5426517268502988,0.1259627688525599,0.33390611615213156,1.2890243918741278,-1.4139462221681105,-0.5337619369933475,-0.5230372502557141,-0.8283040661335426,-1.2676136780735823,-1.2761757670616813
0.8132209142752458,0.557869561217408,0.6500836077186906,1.0757891562913544,-0.010684955963028146,1.0056242845182461,-0.6874206446824462,0.6694889415396119,-1.0744671928995615,1.061168930238252,0.09502093785272293,-0.018353496261704787,1.3800917547727625,0.41390077802624936,-0.49634592734686467,-0.36954975267543216,-0.8268417815089691,1.0434156109483097,1.018182590952268
0.8132209142752458,0.557869561217408,0.7945466312730467,-0.7030746009502787,-0.010684955963028146,1.1136139791674073,1.4666402099688702,0.3696996659551655,-0.7156409354454252,0.7063083997084602,-0.01922121993970873,-0.17685701852295274,0.7318649059297077,0.41390077802624936,-0.41895211853610104,-0.2967094561076496,-0.6136737849856205,0.9202804745613318,0.9199646904623854
0.8132209142752458,0.557869561217408,0.9390096548274028,1.440218578377572,-0.010684955963028146,0.6052835782619918,-0.6874206446824462,0.2198050281629423,-0.596032182960713,0.0802519467198743,-0.15997868518132718,-0.10486738086885128,0.37465227780253935,0.41390077802624936,-0.3160098279805247,-0.2978209174465899,-0.47046356358629143,0.9605142808886294,0.9520600851110212
0.8132209142752458,0.557869561217408,1.083472678381759,-0.7030746009502787,-0.010684955963028146,1.0932246435056405,1.5284385603658517,0.2198050281629423,-0.8352496879301373,-0.044613956329908534,-0.2734666223624881,-0.051828972018859935,-0.11726088600006682,0.41390077802624936,-0.24285409489475482,-0.31822669701801876,-0.29375857417000634,0.8523842525292654,0.8503852347983224
0.8132209142752458,0.557869561217408,1.227935701936115,1.5881853675638873,-0.010684955963028146,0.4691744492270432,-0.6874206446824462,0.009952592434096328,-0.47642343047600094,-0.23177778150539982,-0.36915801452973357,0.017596149281151406,-0.12377900822949972,0.41390077802624936,-0.1758214460784041,-0.34058214243082774,-0.2885452685561025,0.9336332071011358,0.9237994691409103
0.8132209142752458,0.557869561217408,1.3723987254904713,-0.7030746009502787,-0.010684955963028146,1.0718135817155383,1.5683788583047273,-0.22987888521372726,0.36083783691698385,-0.3192343289752454,-0.45786242941064953,0.045467651195383686,-0.25609119325033264,0.41390077802624936,-0.10393564139316837,-0.3317680913601521,-0.21850080879777564,0.8235118083480543,0.8210013659787374
0.8132209142752458,0.557869561217408,1.5168617490448273,1.6704486429457865,-0.010684955963028146,0.40084253962057614,-0.6874206446824462,-0.22987888521372726,0.0020115794628475024,-0.4377077506380423,-0.5194907418122272,0.10363260615075559,-0.23246727234612954,0.41390077802624936,-0.05526405074365959,-0.3472619708602328,-0.2219906841381603,0.9384122084575907,0.9279514930666445
0.8132209142752458,0.557869561217408,1.6613247725991833,-0.7030746009502787,-0.010684955963028146,1.0556993247383735,1.5841485527531176,-0.40975242197426187,0.24122908443227173,-0.4610027741048359,-0.5904626230226198,0.07971646042324539,-0.34239080606878675,0.41390077802624936,-0.013026940737358156,-0.3533907313360286,-0.19475642452134875,0.8110056643590589,0.8085495923629487
0.8132209142752458,0.6681144931180489,-1.6613247691510074,1.0915376461441844,-0.010684955963028146,0.16951210226148927,0.30379991469515055,-0.37977352300595046,0.0020115794628475024,-0.5649257154256513,-0.6444791517643242,0.07397903889673864,-0.2809747962033699,0.41390077802624936,0.006412676851079953,-0.38190313039030405,-0.25094640888564773,0.9256078711764951,0.915485392246143
0.8132209142752458,0.6681144931180489,-1.5168617455966513,-0.7030746009502787,-0.010684955963028146,1.1702670612342534,1.2891172456572115,-0.5296681607981737,0.3010334606746278,-0.5977283779438746,-0.6887889169010114,0.047316025943160346,-0.25001168124332973,0.41390077802624936,0.018989041235189016,-0.39675854312319636,-0.28823259249482297,0.7491324435475974,0.7422172953098377
0.8132209142752458,0.6681144931180489,-1.372398722042295,1.192700614358863,-0.010684955963028146,0.17509430631082717,0.2291444708718805,-0.5746365807259739,0.6000553418864081,-0.6580038016111186,-0.7313627222359269,0.04296198444088645,-0.18942813567762695,0.41390077802624936,0.035744913760057666,-0.41299758967900363,-0.32945364712377373,0.8816704646178994,0.8748634687242862
0.8132209142752458,0.6681144931180489,-1.227935698487939,-0.7030746009502787,-0.010684955963028146,1.2140199095370137,1.2660128631176117,-0.5296681607981737,0.0020115794628475024,-0.6943924264785881,-0.7600704181962892,0.030334186556412266,-0.14569812687769004,0.41390077802624936,0.03787696664127324,-0.4322090633785214,-0.36998755680520584,0.7518665111582877,0.7449535867356062
0.8132209142752458,0.6681144931180489,-1.083472674933583,1.2406351632135142,-0.010684955963028146,0.16508917244232538,0.19016098961523945,-0.82945743638262,1.0784903518252564,-0.754782281840055,-0.8018336451067299,0.028368941477049728,-0.10248728936144581,0.41390077802624936,0.053505111896052844,-0.4476213995686622,-0.40220651041849126,0.8797908942408704,0.8729823067455116
0.8132209142752458,0.6681144931180489,-0.9390096513792268,-0.7030746009502787,-0.010684955963028146,1.2394107661398615,1.2642059146040256,-0.7994785374143086,0.8392728468558323,-0.7920235863033336,-0.8404269189683242,-0.0033054049855230513,-0.09928274936899803,0.41390077802624936,0.06388458932421798,-0.45321926104782856,-0.42022708864018227,0.7591574180343925,0.7522502274214202
0.8132209142752458,0.6681144931180489,-0.7945466278248707,1.2796754649490705,-0.010684955963028146,0.16548267507283287,0.17746523087766386,-0.82945743638262,0.6598597181287641,-0.8409009593305866,-0.873118625279366,-0.006271093257964706,-0.07670530851311591,0.41390077802624936,0.07069505939707674,-0.4706775535836402,-0.44707377841846646,0.8930176270834098,0.8862198252026142
0.8132209142752458,0.6681144931180489,-0.6500836042705146,-0.7030746009502787,-0.010684955963028146,1.2522831764856284,1.264250471218218,-0.6795627985903968,0.6598597181287641,-0.8530333344997906,-0.8827112817070324,-0.014006914567829985,-0.06798192895012956,0.41390077802624936,0.06584744696209043,-0.4794896528197694,-0.46178112580645936,0.7620282699098738,0.7551236506637243
0.8132209142752458,0.6681144931180489,-0.5056205807161585,1.246733497067763,-0.010684955963028146,0.10706024325948246,0.1167067439978202,-0.31981572506932765,0.18142470818991568,-0.6509365001759156,-0.7743345111406272,0.6031372322164003,0.07062948006296801,0.18598526092570497,-0.0015074440769807583,-0.6617840596003329,-0.49091349506063336,0.9062616152339912,0.8945566209505686
0.8132209142752458,0.6681144931180489,-0.3611575571618023,-0.7030746009502787,-0.010684955963028146,1.2412278654745708,1.282798992253142,0.06991039037071911,-0.596032182960713,-0.26906355085557637,-0.5821307117495867,1.324207285278873,0.2715853855162369,-0.5360158179827889,-0.12291250276049706,-0.8613211896345799,-0.544849678932944,0.7328606880640283,0.7327199959801562
0.8132209142752458,0.6681144931180489,-0.2166945336074462,-0.7030746009502787,-0.010684955963028146,-0.6865507261215884,-0.6874206446824462,0.3696996659551655,-1.1342715691419176,0.3534867150220214,-0.388124158111496,1.5515648390638015,0.3933725526949368,-1.7584896640787833,-0.2474450222383445,-0.9180896468060328,-0.5788444666289015,-1.2676136780735823,-1.2761757670616813
0.8132209142752458,0.6681144931180489,-0.07223151005309006,-0.7030746009502787,-0.010684955963028146,-0.6865507261215884,-0.6874206446824462,0.6844784624991007,-1.3136846978689858,0.7385258258476579,-0.23782761115352835,1.4599078309992763,0.3879521766437193,-2.2837310472048524,-0.3124699839079028,-0.8517929839904154,-0.5293091109794185,-1.2676136780735823,-1.2761757670616813
0.8132209142752458,0.6681144931180489,0.07223151350126605,-0.7030746009502787,-0.010684955963028146,-0.6865507261215884,-0.6874206446824462,0.819383579331835,-1.3136846978689858,1.0996212489741062,-0.10931579421298541,1.129886736290753,0.2969311973864175,-2.686472002926614,-0.3571382512070848,-0.7086283055852008,-0.4441055393283589,-1.2676136780735823,-1.2761757670616813
0.8132209142752458,0.6681144931180489,0.2166945370556222,-0.7030746009502787,-0.010684955963028146,-0.6865507261215884,-0.6874206446824462,0.9692782171240583,-0.23720592550657674,1.3512925088169,-0.003845277791670755,0.8422133161287126,0.25581006497444087,-2.653209626543479,-0.27754297608193923,-0.4148737364191349,-0.20688353935617104,-1.2676136780735823,-1.2761757670616813
0.8132209142752458,0.6681144931180489,0.3611575606099783,-0.7030746009502787,-0.010684955963028146,-0.6865507261215884,-0.6874206446824462,1.0592150569796586,-1.4332934503536978,1.466154466210024,0.07884694123870009,0.582821687342855,0.5154860328591552,-2.617935018456449,-0.3101258344253454,-0.31337638817013574,-0.29397124629548554,-1.2676136780735823,-1.2761757670616813
0.8132209142752458,0.6681144931180489,0.5056205841643344,-0.7030746009502787,-0.010684955963028146,-0.6865507261215884,-0.6874206446824462,0.9692782171240583,-1.3136846978689858,1.3988542443082883,0.11880810967756217,0.3277459721496759,0.8226759381788704,-1.9347776970403312,-0.3019673458396403,-0.1843631608380671,-0.3718020386971283,-1.2676136780735823,-1.2761757670616813
0.8132209142752458,0.6681144931180489,0.6500836077186906,-0.7030746009502787,-0.010684955963028146,-0.6865507261215884,-0.6874206446824462,0.819383579331835,-1.0744671928995615,1.095803807654832,0.10564403775390596,0.09990850402440558,0.953392363188228,-0.5136343982207158,-0.24270996561338845,-0.046869212401752354,-0.37355123417681435,-1.2676136780735823,-1.2761757670616813
0.8132209142752458,0.6681144931180489,0.7945466312730467,0.5022817702626531,-0.010684955963028146,0.5243823871303879,0.5047273388377658,0.6694889415396119,-0.8352496879301373,0.3464311837039385,0.0020709010437863656,-0.3761797834764685,0.32807252317894775,0.41390077802624936,-0.14489366428205955,0.18032671437846398,-0.11143720650774898,1.111119328450033,1.0909967200917476
0.8132209142752458,0.6681144931180489,0.9390096548274028,-0.7030746009502787,-0.010684955963028146,1.2916840656058008,1.2474511633658139,0.3696996659551655,-0.596032182960713,0.07902066169003648,-0.1561630524947875,-0.6233099738570077,-0.2505739811759812,0.41390077802624936,-0.01567164074477151,0.2909701424415373,0.1312398116480609,0.928330794734075,0.929762247067974
0.8132209142752458,0.6681144931180489,1.083472678381759,1.490302244797864,-0.010684955963028146,0.5773947853701621,-0.6874206446824462,0.2198050281629423,-0.2970103017489328,-0.2992022435322918,-0.28435481271837054,-0.4660729612884067,-0.30250738450711817,0.41390077802624936,0.09469836919734131,0.22400747030457632,0.15738800232017663,1.0110958797573406,1.0017619769567143
0.8132209142752458,0.6681144931180489,1.227935701936115,-0.7030746009502787,-0.010684955963028146,1.1176301745424648,1.5215793520120098,0.2198050281629423,-0.2970103017489328,-0.390829989730409,-0.3713747551824169,-0.3542545777239178,-0.42395847372317697,0.3676299292101217,0.17845628114268522,0.17690840147614645,0.2135020011612038,0.8774177501567245,0.8755133097951827
0.8132209142752458,0.6681144931180489,1.3723987254904713,1.6105401319377932,-0.010684955963028146,0.4422514218289604,-0.6874206446824462,0.06991039037071911,-0.2970103017489328,-0.5303457652222984,-0.44706190676419527,-0.24494849185472525,-0.41837534805324694,0.41390077802624936,0.23169927660770562,0.08474364167565827,0.16453741033307878,0.965984033795139,0.9559499211905134
0.8132209142752458,0.6681144931180489,1.5168617490448273,-0.7030746009502787,-0.010684955963028146,1.0759988095868478,1.5633270168364357,0.06991039037071911,0.0020115794628475024,-0.5556116294113072,-0.5047242989773564,-0.18341087463536085,-0.49211557279566276,0.41390077802624936,0.294009883817819,0.05374200296316678,0.19194023553599915,0.8450345697601427,0.8429199424456049
0.8132209142752458,0.6681144931180489,1.6613247725991833,1.720928091000301,-0.010684955963028146,0.42213477658658033,-0.6874206446824462,-0.020026449484881293,0.06181595570520356,-0.5891845807054991,-0.5502328852517,-0.14095130296289127,-0.4681344164783859,0.41390077802624936,0.3335818072131684,0.02190432845328701,0.166223939590986,0.9508085296006107,0.9440579319302843
0.8132209142752458,0.7783594250186899,-1.6613247691510074,-0.7030746009502787,-0.010684955963028146,1.0138389918778705,1.5411227615779148,-0.07998424742150408,0.36083783691698385,-0.5950304055417976,-0.5916871878527273,-0.10106204971771109,-0.48044154264542,0.41390077802624936,0.3817952210000058,0.010120669555468016,0.17652216148636876,0.8333723181800744,0.8265257314415931
0.8132209142752458,0.7783594250186899,-1.5168617455966513,2.3996688685379715,-0.010684955963028146,-0.6865507261215884,-0.6874206446824462,-0.07998424742150408,0.0020115794628475024,-0.6171294543301136,-0.6285688540540575,-0.0987959256995849,-0.4611638503089324,0.4000946327245252,0.40660040056466157,-0.012973219927407685,0.1445005955542263,0.9934924099270747,0.9867767441990181
0.8132209142752458,0.7783594250186899,-1.372398722042295,-0.7030746009502787,-0.010684955963028146,1.140758338720236,1.3058688591056915,-0.07998424742150408,0.06181595570520356,-0.5909808313571,-0.656176528993738,-0.17123480959283208,-0.4804570038591977,0.31513490304600866,0.41656990490318757,-0.010702151997381726,0.12435416947456214,0.8493537890543961,0.8425204181084741
0.8132209142752458,0.7783594250186899,-1.227935698487939,0.9972217539518926,-0.010684955963028146,0.24849708620553804,0.3120032475771294,-0.07998424742150408,0.0020115794628475024,-0.6023808436832777,-0.6804820535449579,-0.19910714037466426,-0.44354864532759236,0.3938471656577447,0.4237999888202919,-0.023831709250218013,0.08272261834057958,0.9009473398426514,0.8941560732416728
0.8132209142752458,0.7783594250186899,-1.083472674933583,-0.7030746009502787,-0.010684955963028146,1.206204457770331,1.2661825129491142,-0.07998424742150408,0.36083783691698385,-0.6250278568130723,-0.7013685374284799,-0.2075823115836402,-0.39269264447233165,0.41390077802624936,0.4508905092644057,-0.007774183307228891,0.07385130849859192,0.7830389441072586,0.7761512796718162
0.8132209142752458,0.7783594250186899,-0.9390096513792268,1.1514312862261296,-0.010684955963028146,0.20822802275436816,0.23676563916560855,-0.10996314638981547,0.4206422131593399,-0.6722672218744498,-0.7185750648424344,-0.16332575495458773,-0.3011248264961561,0.41390077802624936,0.4811677811436803,-0.001578409845338934,0.059490262949418414,0.8990037810316334,0.8922110528647502
0.8132209142752458,0.7783594250186899,-0.7945466278248707,-0.7030746009502787,-0.010684955963028146,1.2265161807388931,1.2545331547906178,0.06991039037071911,0.36083783691698385,-0.6917644208838359,-0.7174708691689227,-0.12020060259939856,-0.22200979559576225,0.41390077802624936,0.5186211487142631,0.02956939958762978,0.07554242308980004,0.7681427602116595,0.7612430044708623
0.8132209142752458,0.7783594250186899,-0.6500836042705146,1.2119960888258647,-0.010684955963028146,0.1781391401286789,0.1916425493336318,0.06991039037071911,0.36083783691698385,-0.7213525336374906,-0.7106446160165447,-0.05285925444553544,-0.1283229775839508,0.41390077802624936,0.555389540670058,0.05177390312884807,0.08625485342669625,0.8837975408196553,0.8769922866702372
0.8132209142752458,0.7783594250186899,-0.5056205807161585,-0.7030746009502787,-0.010684955963028146,1.2240053787339218,1.237410236223868,0.06991039037071911,0.36083783691698385,-0.7189076187534951,-0.691565061032903,-0.0004524427066677754,-0.05676685272465588,0.41390077802624936,0.5795420411478572,0.07019987185867958,0.09628166726050746,0.7505707453700118,0.7436565653604027
0.8132209142752458,0.7783594250186899,-0.3611575571618023,1.830717450497423,-0.010684955963028146,0.26800998419026545,-0.6874206446824462,0.06991039037071911,0.36083783691698385,-0.6973787667501066,-0.6416967456531878,0.1035845318299614,0.02804360108257952,0.41390077802624936,0.5662517788851409,0.0514763567957698,0.08466767305697491,0.9115962015608386,0.9048136714787282
0.8132209142752458,0.7783594250186899,-0.2166945336074462,-0.7030746009502787,-0.010684955963028146,1.0653632556348616,1.4073173664843426,0.06991039037071911,0.7196640943711202,-0.6261787127092563,-0.5688323551599017,0.18703575065547798,0.03413369181479872,0.41390077802624936,0.5520986690851475,0.061245722441671195,0.12729467821565957,0.7790592589472892,0.7721685214360448
0.8132209142752458,0.7783594250186899,-0.07223151005309006,1.7902841192434957,-0.010684955963028146,0.2926846492696989,-0.6874206446824462,0.06991039037071911,1.0784903518252564,-0.551196527700492,-0.4842483226221091,0.30733925184014166,0.09854185342024366,0.41390077802624936,0.5319692555046182,0.061834308992672955,0.15111177277728624,0.9026473471703688,0.8958575311384799
0.8132209142752458,0.7783594250186899,0.07223151350126605,-0.7030746009502787,-0.010684955963028146,1.0271126452036021,1.4571555083533916,0.06991039037071911,1.0784903518252564,-0.4510864504311819,-0.407850784283774,0.40689785473451195,0.12628008468549698,0.41390077802624936,0.4943095757854574,0.04457618793312313,0.16363016938711755,0.7814138895238485,0.7745249372625742
0.8132209142752458,0.7783594250186899,0.2166945370556222,1.7657159160695959,-0.010684955963028146,0.29944364793480627,-0.6874206446824462,0.06991039037071911,-0.2970103017489328,-0.3830708669667045,-0.3502558822913632,0.4779102574883315,0.170450331204051,0.41390077802624936,0.44295375803464887,-0.0016107235506076381,0.12627869936570588,0.8865093203241248,0.8797062685915246
0.8132209142752458,0.7783594250186899,0.3611575606099783,-0.7030746009502787,-0.010684955963028146,1.0024854682140811,1.4736420831625205,0.2198050281629423,0.0020115794628475024,-0.32285494778045626,-0.30368762997369353,0.5275809772799298,0.17620922646219042,0.41390077802624936,0.40620271943714564,-0.033868693099485724,0.11082743623694527,0.7730792162539971,0.7661834340044998
0.8132209142752458,0.7783594250186899,0.5056205841643344,2.4213861539374255,-0.010684955963028146,-0.6865507261215884,-0.6874206446824462,0.2198050281629423,0.7196640943711202,-0.3084117062833464,-0.29375960976869087,0.5287123815537931,0.19597109891434744,0.41390077802624936,0.419874273544547,-0.01411699497161671,0.12355348294054533,0.9876198534234607,0.9808995201515244
0.8132209142752458,0.7783594250186899,0.6500836077186906,-0.7030746009502787,-0.010684955963028146,1.1388950064874181,1.2859005928100928,0.3696996659551655,0.36083783691698385,-0.3033145916749631,-0.318326745897252,0.4161629367661925,0.13109340465891717,0.41390077802624936,0.47741318926219983,0.0749747097707672,0.19726489924435306,0.8162342024385651,0.8093738159826338
0.8132209142752458,0.7783594250186899,0.7945466312730467,1.6292533111077268,-0.010684955963028146,0.4426339415311842,-0.6874206446824462,0.1298681883073419,0.48044658940169593,-0.33495593597067336,-0.37784477129330907,0.32676542177899437,0.07625736187804391,0.41390077802624936,0.5649883579939661,0.1488579365978598,0.2597804600718282,0.8916291140144083,0.8848302910198375
0.8132209142752458,0.7783594250186899,0.9390096548274028,-0.7030746009502787,-0.010684955963028146,1.0715278163815283,1.537721815880545,-0.05000534845319268,0.5402509656440521,-0.3884066533944669,-0.4911142349763712,0.20999206770230414,-0.11331664899057103,0.41390077802624936,0.6716782508839333,0.19500104023954845,0.3428876610075631,0.7922088821320161,0.7898134974114732
0.8132209142752458,0.7783594250186899,1.083472678381759,1.7170917504154324,-0.010684955963028146,0.37800725353037035,-0.6874206446824462,-0.22987888521372726,0.7196640943711202,-0.4563660018549262,-0.5655148977110649,0.18295191999077143,-0.15253523835979932,0.41390077802624936,0.7265601746320495,0.1809716872608071,0.334170724053372,0.8923036887131737,0.8855053070361576
0.8132209142752458,0.7783594250186899,1.227935701936115,-0.7030746009502787,-0.010684955963028146,1.0215643836326267,1.5291453997994482,-0.28983668315035005,0.4206422131593399,-0.4916717759473498,-0.6276434726767604,0.1575206042906443,-0.2259654250785679,0.41390077802624936,0.7554925612437249,0.13870362580530105,0.3121783737962936,0.8058382388288678,0.7989693999202868
0.8132209142752458,0.7783594250186899,1.3723987254904713,1.7531146875054735,-0.010684955963028146,0.36481456007598717,-0.6874206446824462,-0.37977352300595046,0.7196640943711202,-0.543039182640892,-0.677396985103653,0.14948058857161578,-0.24477439851316365,0.41390077802624936,0.7710320115561252,0.09050957779632292,0.26614009901095376,0.907264400271138,0.9004782593326717
0.8132209142752458,0.7783594250186899,1.5168617490448273,-0.7030746009502787,-0.010684955963028146,1.0127547153579768,1.5391264997505067,-0.37977352300595046,0.7196640943711202,-0.5659235597992744,-0.7178097118236172,0.12347735422755775,-0.3075680839009813,0.41390077802624936,0.7752811741489163,0.054022416526337484,0.24438946132359352,0.8057131378455636,0.7988441392162274
0.8132209142752458,0.7783594250186899,1.6613247725991833,1.1446338396798315,-0.010684955963028146,0.1766937344668852,0.3142882906528595,-0.5596470597664851,0.7794684706134762,-0.6181416844024391,-0.7603111565094808,0.10498531807379215,-0.2931663701411182,0.41390077802624936,0.7811191331008498,0.015031268403785224,0.1882979524506612,0.9040135721331494,0.8972247558167754
0.8132209142752458,0.8886043569193308,-1.6613247691510074,-0.7030746009502787,-0.010684955963028146,1.2025832294162189,1.3254524323801644,-0.5296681607981737,0.7196640943711202,-0.660038070186703,-0.7948821523694547,0.06238401004173968,-0.26309675058780924,0.41390077802624936,0.7721537133545852,-0.01815273820212216,0.12163637692236492,0.7746983393252678,0.7678038408575037
0.8132209142752458,0.8886043569193308,-1.5168617455966513,1.2086954599142987,-0.010684955963028146,0.15343304295449064,0.20983472204800774,-0.6795627985903968,1.0784903518252564,-0.7264267619070294,-0.8335923165102864,0.036638553521250505,-0.21346544061335956,0.41390077802624936,0.7637373345831576,-0.05782442596986363,0.04787976233316274,0.8643752536760915,0.8575541586878405
0.8132209142752458,0.8886043569193308,-1.372398722042295,-0.7030746009502787,-0.010684955963028146,1.2048063832994742,1.2593335547083964,-0.6795627985903968,1.0784903518252564,-0.7675809764173337,-0.8649049958365139,-0.002235336914052348,-0.1892141199290201,0.41390077802624936,0.7467146541745556,-0.0887705458330344,-0.010461398396866717,0.7428977053178943,0.7359773883087602
0.8132209142752458,0.8886043569193308,-1.227935698487939,1.2469223399117968,-0.010684955963028146,0.1541655519713551,0.18057289782809613,-0.6795627985903968,0.3010334606746278,-0.8215142686430499,-0.8917382726762457,-0.017532088470204037,-0.15511400606829778,0.41390077802624936,0.7122311210604886,-0.14855198493266253,-0.09218732226301063,0.8733402849178507,0.8665264683019788
0.8132209142752458,0.8886043569193308,-1.083472674933583,-0.7030746009502787,-0.010684955963028146,1.2173974214825445,1.2435582122384887,-0.82945743638262,0.3010334606746278,-0.8543927830271579,-0.9224101427930816,-0.054252580880967086,-0.15458751105176308,0.41390077802624936,0.6693543469860493,-0.21331884320488775,-0.1730472731829013,0.7409140638642372,0.7339920470842891
0.8132209142752458,0.8886043569193308,-0.9390096513792268,1.2770834446220904,-0.010684955963028146,0.1588505553792315,0.1715302584893408,-0.5296681607981737,-0.2970103017489328,-0.8913947617756619,-0.9329567073923829,-0.058086922398103785,-0.13109785858299777,0.41390077802624936,0.5994294717877648,-0.29771573525158773,-0.2695870988489825,0.8891287120334529,0.8823277377052386
0.8132209142752458,0.8886043569193308,-0.7945466278248707,-0.7030746009502787,-0.010684955963028146,1.2306788151577333,1.2433174391730641,-0.37977352300595046,-0.8950540641724933,-0.90795858604057,-0.9383162658505184,-0.1058321827551347,-0.15789132831162545,0.31574043573468075,0.4782770008749374,-0.4096306750864088,-0.39070911469032416,0.7460813096516361,0.7391635539625069
0.8132209142752458,0.8886043569193308,-0.6500836042705146,1.2912230077771751,-0.010684955963028146,0.1550454937255136,0.16099193937839978,-0.37977352300595046,-0.35681467799128885,-0.9248173171288752,-0.9291890832133872,-0.09082636372654787,-0.1300823009622322,0.3539705091368066,0.3648540049678282,-0.5030099097157879,-0.4900315826224294,0.8901881160501124,0.8833879508539768
0.8132209142752458,0.8886043569193308,-0.5056205807161585,-0.7030746009502787,-0.010684955963028146,1.2838849313325684,1.2956865222398297,-0.07998424742150408,-1.493097826596054,-0.7316016900674842,-0.785796020485151,0.648690966639296,0.0627955271662451,0.17863036773021831,0.18070450511690847,-0.8037696130689975,-0.6273140598097355,0.7507623511863943,0.7505428339683751
0.8132209142752458,0.8886043569193308,-0.3611575571618023,2.2994402603153574,-0.010684955963028146,-0.6865507261215884,-0.6874206446824462,0.06991039037071911,-1.8519240840501903,-0.14367910875711518,-0.6147250094945973,1.054980313552604,0.1623584201616689,-1.4389325969774134,-0.03554412821503905,-0.99578242092675,-0.7471908301360791,1.0473115359671588,1.0268839117229835
0.8132209142752458,0.8886043569193308,-0.2166945336074462,-0.7030746009502787,-0.010684955963028146,-0.6865507261215884,2.833236333049502,0.2198050281629423,-2.031337212777258,0.465895910786403,-0.4290246234370883,1.30917079814909,0.361464676198271,-2.6713069025331966,-0.223431348626878,-1.106643370106498,-0.8595692704202434,0.6372066069045862,0.653397836437119
0.8132209142752458,0.8886043569193308,-0.07223151005309006,-0.7030746009502787,-0.010684955963028146,-0.6865507261215884,-0.6874206446824462,0.2198050281629423,-2.031337212777258,1.006775949549458,-0.29475596024409656,1.1419136051652998,0.5369901399796287,-3.5693409919824326,-0.3648175942888495,-1.10310187475725,-0.9519733437981294,-1.2676136780735823,-1.2761757670616813
0.8132209142752458,0.8886043569193308,0.07223151350126605,-0.7030746009502787,-0.010684955963028146,-0.6865507261215884,-0.6874206446824462,0.2198050281629423,-2.031337212777258,1.2676403247584176,-0.19807239225427525,0.7895238605382792,0.5588832186888252,-3.8269928220405367,-0.47518133774046817,-1.047586278494101,-0.9936433243921574,-1.2676136780735823,-1.2761757670616813
0.8132209142752458,0.8886043569193308,0.2166945370556222,-0.7030746009502787,-0.010684955963028146,-0.6865507261215884,-0.6874206446824462,0.06991039037071911,-1.8519240840501903,1.4583384545469058,-0.13760811221677147,0.39688347639252197,0.5282065430577189,-3.8885557002175144,-0.5548057761482983,-0.9729251371650028,-1.014357895102722,-1.2676136780735823,-1.2761757670616813
0.8132209142752458,0.8886043569193308,0.3611575606099783,-0.7030746009502787,-0.010684955963028146,-0.6865507261215884,-0.6874206446824462,0.2198050281629423,-2.031337212777258,1.5284438876955901,-0.09212666118582227,0.15269908146202688,0.6586365287381425,-3.5508734094638728,-0.6616178656029021,-0.955352120131962,-1.095708039987398,-1.2676136780735823,-1.2761757670616813
0.8132209142752458,0.8886043569193308,0.5056205841643344,-0.7030746009502787,-0.010684955963028146,-0.6865507261215884,-0.6874206446824462,0.2198050281629423,-2.2107503415043266,1.4429777978098266,-0.058867202089912446,-0.09033484523980725,1.0220482898420673,-2.7138467383983524,-0.7392647442220849,-0.9302636726131381,-1.223518201146493,-1.2676136780735823,-1.2761757670616813
0.8132209142752458,0.8886043569193308,0.6500836077186906,1.0447673295481021,-0.010684955963028146,1.1016030487963506,-0.6874206446824462,0.06991039037071911,-1.612706579080766,0.9923810963116194,-0.07910661478479804,-0.37124139031626524,1.1608021047715382,-0.9108242494676696,-0.7581114554022266,-0.8566606424787111,-1.2611443544675482,1.0751287102159288,1.0525551924528076
0.8132209142752458,0.8886043569193308,0.7945466312730467,-0.7030746009502787,-0.010684955963028146,1.1115196916426808,1.483565866154477,-0.16992108727710448,-1.0146628166572054,0.633888830754892,-0.18811306215304827,-0.4706408506314548,0.579539400295807,0.41390077802624936,-0.6995057901873705,-0.8180882713016211,-1.111351122892579,0.9413993539195631,0.9405803099978113
0.8132209142752458,0.8886043569193308,0.9390096548274028,1.4217386756620332,-0.010684955963028146,0.6566306507760057,-0.6874206446824462,-0.22987888521372726,-0.8950540641724933,0.00698296764747493,-0.31429751014091517,-0.28350326826406663,0.23664548362295842,0.41390077802624936,-0.6297913244583716,-0.8708316118973214,-1.019653518366837,0.9771358158456326,0.9691235812494681
0.8132209142752458,0.8886043569193308,1.083472678381759,-0.7030746009502787,-0.010684955963028146,1.0865836328700953,1.5352350129250563,-0.37977352300595046,-0.8950540641724933,-0.12004994474319082,-0.42781536566735706,-0.20074249614926667,-0.23911071178197102,0.41390077802624936,-0.5655402743648458,-0.893297010656246,-0.884865899193623,0.8618058304629682,0.8595173950821835
0.8132209142752458,0.8886043569193308,1.227935701936115,0.9825083163855743,-0.010684955963028146,0.2633635779303574,0.3403652059984396,-0.7395205965270196,-0.1175971730218646,-0.35085344082750664,-0.5476696484141339,-0.17562449240190167,-0.22712338861570686,0.41390077802624936,-0.508399280793574,-0.8970490872660034,-0.8849866463038797,0.9466444283359429,0.9374103136179547
0.8132209142752458,0.8886043569193308,1.3723987254904713,-0.7030746009502787,-0.010684955963028146,1.2891220099355056,1.348283199655146,-0.6795627985903968,-0.35681467799128885,-0.43685768662381547,-0.6217704319205456,-0.14572392260311456,-0.2204197318209418,0.41390077802624936,-0.48074959658228633,-0.9049574871071346,-0.8864347382301409,0.7974647411159221,0.7957134403121542
0.8132209142752458,0.8886043569193308,1.5168617490448273,1.1233494236458286,-0.010684955963028146,0.20620120178909865,0.22952382965046214,-0.82945743638262,-0.057792796779508555,-0.607101314543819,-0.6926198566479275,-0.09218570659038361,-0.15589520423811748,0.41390077802624936,-0.45366992198710476,-0.9213921508585954,-0.9066414286903309,0.9283029346012989,0.9176823667516557
0.8132209142752458,0.8886043569193308,1.6613247725991833,-0.7030746009502787,-0.010684955963028146,1.3078093055112496,1.3285500584034546,-0.7994785374143086,-0.057792796779508555,-0.6446885296713483,-0.7448941636086154,-0.08903766744596399,-0.1375142623007354,0.41390077802624936,-0.43476825850570633,-0.9222923803255108,-0.911969367636757,0.7730303262145449,0.7714445882493484
0.8132209142752458,0.9988492888199717,-1.6613247691510074,1.1977608500742771,-0.010684955963028146,0.1687898439776896,0.1778290575970728,-0.9793520741748433,0.3010334606746278,-0.7628932003265704,-0.8013215543595941,-0.05514692902125903,-0.09111190476154038,0.41390077802624936,-0.41223178951881256,-0.9320012391004728,-0.9255764533817417,0.9214266943465774,0.9102504363184835
0.8132209142752458,0.9988492888199717,-1.5168617455966513,-0.7030746009502787,-0.010684955963028146,1.3061708618099552,1.3145622101507954,-0.9793520741748433,-0.057792796779508555,-0.7903881939190402,-0.8552281505767776,-0.10557854926956535,-0.1307878205593506,0.41390077802624936,-0.4034456878082278,-0.929474047103854,-0.9258317036021577,0.755414633874416,0.7539087037040892
0.8132209142752458,0.9988492888199717,-1.372398722042295,1.274845997339079,-0.010684955963028146,0.18152930859156532,0.18506767702599183,-1.099267812998755,0.24122908443227173,-0.8440932766517063,-0.8980016434720571,-0.09611122354350929,-0.11697444667113294,0.41390077802624936,-0.39615583121256354,-0.9409380388770684,-0.9387018607809285,0.899759958958014,0.8929677339479326
0.8132209142752458,0.9988492888199717,-1.227935698487939,-0.7030746009502787,-0.010684955963028146,1.258084673003031,1.2614178838342787,-1.1292467119670664,0.3010334606746278,-0.8780010223884245,-0.9395324813749661,-0.1156385153295498,-0.1318351143557651,0.41390077802624936,-0.39783645575933224,-0.9485651576730084,-0.9476264478288884,0.7634210968058859,0.756517483007915
0.8132209142752458,0.9988492888199717,-1.083472674933583,1.3005893620063544,-0.010684955963028146,0.1742469995435688,0.1754491486784495,-1.1292467119670664,0.3010334606746278,-0.9256189928838306,-0.966837493984478,-0.11434050866810665,-0.12693309584014664,0.41390077802624936,-0.4075873559871571,-0.9608643177615905,-0.9610612560512827,0.9075331157453331,0.9007472014325639
0.8132209142752458,0.9988492888199717,-0.9390096513792268,-0.7030746009502787,-0.010684955963028146,1.2584522350029255,1.259569098124268,-1.1892045813790224,0.6000553418864081,-0.9517891944048977,-0.9947158255826312,-0.1428535541046614,-0.15213406054967316,0.41390077802624936,-0.4135489576169183,-0.9604999753129233,-0.9614841984609883,0.7619799190987979,0.7550751428420543
0.8132209142752458,0.9988492888199717,-0.7945466278248707,1.3191355568018672,-0.010684955963028146,0.17185120448762536,0.1719838259950809,-1.2791413497592896,1.0784903518252564,-0.9954399815354468,-1.024838033076862,-0.1520854814323459,-0.15911764668862363,0.41390077802624936,-0.4088654790291067,-0.9558758624019212,-0.9574163527754871,0.9157671330516064,0.9089880049089435
0.8132209142752458,0.9988492888199717,-0.6500836042705146,-0.7030746009502787,-0.010684955963028146,1.2587302599874786,1.2588168653325504,-0.9793520741748433,0.3010334606746278,-0.9939883337573056,-1.0256743551937877,-0.14738414440571398,-0.1545329899294944,0.41390077802624936,-0.42039799070820283,-0.9540283425684709,-0.9555527423124838,0.7618132975305177,0.7549085379186812
0.8132209142752458,0.9988492888199717,-0.5056205807161585,1.2630691197478214,-0.010684955963028146,0.10265927929688597,0.10705678545646374,-0.5896259587347964,0.36083783691698385,-0.7249522277900435,-0.9279853916474293,0.6354846191700918,0.043254180447443405,0.41390077802624936,-0.47000931391297496,-1.1346069783474684,-0.9870443747245665,0.9244438568548312,0.9126426701567947
0.8132209142752458,0.9988492888199717,-0.3611575571618023,-0.7030746009502787,-0.010684955963028146,1.2571763325343104,1.296493980130828,0.2198050281629423,-0.8352496879301373,-0.3104276657878552,-0.6736084876605077,1.408988836602229,0.27552962252573265,-0.15919748376589266,-0.6079629688973213,-1.2944921558299434,-1.0277927033251164,0.7464760248230959,0.7465496373405985
0.8132209142752458,0.9988492888199717,-0.2166945336074462,-0.7030746009502787,-0.010684955963028146,-0.6865507261215884,-0.6874206446824462,0.6694889415396119,-1.9715328365349023,0.37860545274702945,-0.4384878656270274,1.6550274083537,0.4067172076812627,-1.5055551665626228,-0.7380854389148515,-1.3342897369259297,-1.046872493539312,-1.2676136780735823,-1.2761757670616813
0.8132209142752458,0.9988492888199717,-0.07223151005309006,-0.7030746009502787,-0.010684955963028146,-0.6865507261215884,-0.6874206446824462,0.7294467394762346,-2.0911415890196143,0.7806196880413807,-0.2729392245549758,1.5701430774479566,0.40648447572650387,-1.9440982425021227,-0.8257550870417608,-1.3066693262593734,-1.0358672569187737,-1.2676136780735823,-1.2761757670616813
0.8132209142752458,0.9988492888199717,0.07223151350126605,-0.7030746009502787,-0.010684955963028146,-0.6865507261215884,-0.6874206446824462,0.819383579331835,-2.509772222716107,1.1632374242172618,-0.1306093067474238,1.2584001710524246,0.3212598241396454,-2.3277311484384597,-0.9120564710711504,-1.2459158735556224,-1.0229931694543164,-1.2676136780735823,-1.2761757670616813
0.8132209142752458,0.9988492888199717,0.2166945370556222,-0.7030746009502787,-0.010684955963028146,-0.6865507261215884,-0.6874206446824462,0.819383579331835,-2.1509459652619705,1.4597600231368515,-0.017469257302088946,0.9623037983402021,0.29740642627305774,-2.3233852869112974,-0.9664418959570347,-1.167678971337461,-1.006375484873492,-1.2676136780735823,-1.2761757670616813
0.8132209142752458,0.9988492888199717,0.3611575606099783,-0.7030746009502787,-0.010684955963028146,-0.6865507261215884,-0.6874206446824462,0.6694889415396119,-2.0911415890196143,1.5836287357084067,0.04070522565820804,0.6666873399683215,0.557121454066263,-1.735597034989158,-0.9932260814235286,-1.0783148772405973,-1.058313336823435,-1.2676136780735823,-1.2761757670616813
0.8132209142752458,0.9988492888199717,0.5056205841643344,-0.7030746009502787,-0.010684955963028146,-0.6865507261215884,-0.6874206446824462,0.44464698485127707,-1.55290220283841,1.5070248901186558,0.06777576193377316,0.3571367883745246,0.8729973065366607,-0.7307027287924511,-0.9950023904597664,-0.9661717896343489,-1.1095488685561257,-1.2676136780735823,-1.2761757670616813
0.8132209142752458,0.9988492888199717,0.6500836077186906,0.5519683112903445,-0.010684955963028146,0.5215233739991647,0.5441833712280246,0.2198050281629423,-1.1342715691419176,1.0134234501407118,0.03608875540379689,-0.00722511986544943,1.1581403347574963,0.41390077802624936,-0.9634494057271938,-0.8285737433555578,-1.1493164817032975,1.1094976889796728,1.0903554753436788
0.8132209142752458,0.9988492888199717,0.7945466312730467,-0.7030746009502787,-0.010684955963028146,2.911850709845687,-0.6874206446824462,-0.05000534845319268,-0.2970103017489328,0.6571511594519077,-0.07587891237180432,-0.19364490289132427,0.8532549640387492,0.41390077802624936,-0.8964032598543941,-0.7546211179668142,-1.0553885492250836,0.7540092249829566,0.7676464462800173
0.8132209142752458,0.9988492888199717,0.9390096548274028,0.8898457845013886,-0.010684955963028146,-0.1054355703858834,0.765959839243971,-0.22987888521372726,-0.2970103017489328,-0.016827979286414857,-0.2287331299635648,0.10661155630479564,-0.04485846312346723,0.41390077802624936,-0.8140220476668507,-0.8396749107736411,-0.7983013569490193,0.9933777340257125,0.9787369309373222
0.8132209142752458,0.9988492888199717,1.083472678381759,-0.7030746009502787,-0.010684955963028146,1.12936579951121,1.4913814728185892,-0.37977352300595046,0.0020115794628475024,-0.16482739364028823,-0.3575281275210701,0.11737523095709507,-0.2743964566150134,0.41390077802624936,-0.7429099135387822,-0.840132724410032,-0.7245368817884441,0.8277431334169689,0.8273067687727871
0.8132209142752458,0.9988492888199717,1.227935701936115,1.0852187567481844,-0.010684955963028146,0.17477825947454903,0.30620659941948575,-0.37977352300595046,-0.35681467799128885,-0.367143936817071,-0.44769714976981356,0.1541852410686473,-0.14889615688538932,0.41390077802624936,-0.6927613592835659,-0.850159298475052,-0.7630816302141105,0.9446340052062623,0.9344525645421987
0.8132209142752458,0.9988492888199717,1.3723987254904713,-0.7030746009502787,-0.010684955963028146,1.2618414620719591,1.3743467270978702,-0.5296681607981737,-0.35681467799128885,-0.4661044659809882,-0.5246422634043387,0.12303639666441103,-0.10845124913916288,0.41390077802624936,-0.6463604073627404,-0.8392086391875491,-0.7734752707119926,0.78550825058518,0.7840629667885103
0.8132209142752458,0.9988492888199717,1.5168617490448273,1.1771501049070363,-0.010684955963028146,0.16053899755404602,0.2105828757130738,-0.5296681607981737,-0.35681467799128885,-0.6166560340637288,-0.5850954110342961,0.1513969304625842,-0.01782168271486448,0.41390077802624936,-0.6119327906253906,-0.8474098142106451,-0.801142298452726,0.9266422909450522,0.9157033704321288
0.8132209142752458,0.9988492888199717,1.6613247725991833,-0.7030746009502787,-0.010684955963028146,1.2944486255537841,1.3411420085974013,-0.5896259587347964,-0.47642343047600094,-0.6543315250696586,-0.6392726639099522,0.12088299863987123,-3.070814531498541e-05,0.41390077802624936,-0.5807189194360999,-0.8386109440753307,-0.8065202393670521,0.7652762221631887,0.7638747073022283
0.8132209142752458,1.1090942207206127,-1.6613247691510074,1.2292658923302042,-0.010684955963028146,0.14360023646072595,0.16514726202380395,-0.5296681607981737,-0.6558365592030692,-0.7467217132989977,-0.6919957460498556,0.10190193060216471,0.017506377019043114,0.41390077802624936,-0.5611240856984979,-0.8448988875019132,-0.8238119679431068,0.9188721897851988,0.9075272440513094
0.8132209142752458,1.1090942207206127,-1.5168617455966513,-0.7030746009502787,-0.010684955963028146,1.226904871800819,1.247432754999387,-0.6795627985903968,0.3010334606746278,-0.7658030348368084,-0.737219064380822,0.0644238532050932,-0.003640494688356725,0.41390077802624936,-0.532293891085651,-0.8257758969685004,-0.8090725232220077,0.7448793696008382,0.737960682789701
0.8132209142752458,1.1090942207206127,-1.372398722042295,1.2810701069774948,-0.010684955963028146,0.16525255657546006,0.17475219328250827,-0.6196050006537741,0.06181595570520356,-0.8078472009804687,-0.7793357452308619,0.04404034118835615,-0.00850670828785844,0.41390077802624936,-0.5046254074028806,-0.8074817855058056,-0.7951195723366132,0.8920042372215288,0.8852056637833097
0.8132209142752458,1.1090942207206127,-1.227935698487939,-0.7030746009502787,-0.010684955963028146,1.246379381836212,1.2556320087547144,-0.6795627985903968,0.3010334606746278,-0.8310140609497327,-0.8165625160661316,0.004585414565523499,-0.034798095442758255,0.41390077802624936,-0.47545055581285317,-0.7779847943581079,-0.7690737874415506,0.754314607986741,0.7474035387414742
0.8132209142752458,1.1090942207206127,-1.083472674933583,1.3034366964251258,-0.010684955963028146,0.16376572958413924,0.16792713454024813,-0.82945743638262,0.3010334606746278,-0.8726678515422442,-0.8558919203767337,-0.00538006058807237,-0.0349990912218681,0.41390077802624936,-0.4524527767180409,-0.7703043254178987,-0.7642792756024612,0.8984992430141981,0.8917061212358048
0.8132209142752458,1.1090942207206127,-0.9390096513792268,-0.7030746009502787,-0.010684955963028146,1.255765287748147,1.259842922574868,-0.8894152343192429,0.6000553418864081,-0.8947675542259559,-0.8949464933760332,-0.043105140529914036,-0.06499303220247575,0.41390077802624936,-0.4312896332248354,-0.7581608783520208,-0.7542031148483642,0.7590037379471438,0.7520965169822885
0.8132209142752458,1.1090942207206127,-0.7945466278248707,1.3192122406132964,-0.010684955963028146,0.16402921526363112,0.16565228928114653,-0.9793520741748433,0.3010334606746278,-0.9350533956509577,-0.934440100697945,-0.058757476286422756,-0.07520557077668084,0.41390077802624936,-0.4212991602450404,-0.769437710879283,-0.7671844117723804,0.9059055447628336,0.8991184029310855
0.8132209142752458,1.1090942207206127,-0.6500836042705146,-0.7030746009502787,-0.010684955963028146,1.2571583414517884,1.2587440686107714,-0.9793520741748433,0.3010334606746278,-0.9414838029708861,-0.9534667767457412,-0.07505301330045376,-0.08928097155102552,0.41390077802624936,-0.4282207400147384,-0.7863612007493724,-0.7848501725362645,0.7587387970715829,0.7518314636951039
0.8132209142752458,1.1090942207206127,-0.5056205807161585,1.2653488506277892,-0.010684955963028146,0.10089620550940079,0.10610096240764423,-0.5296681607981737,-0.35681467799128885,-0.6827537423330313,-0.864314978236553,0.6807598540794211,0.08177701519667605,0.16123760573405166,-0.48882975403681406,-1.0020159298565376,-0.8405008343646974,0.9211630116705612,0.9093517112342925
0.8132209142752458,1.1090942207206127,-0.3611575571618023,-0.7030746009502787,-0.010684955963028146,1.2493234342121462,1.2895527708719934,-0.07998424742150408,-0.596032182960713,-0.28998493403649045,-0.6375652309025182,1.3956929714322355,0.27777963600443206,-0.4695632633447836,-0.5960988152597635,-1.1488722864358227,-0.8610171439972998,0.7375117125525051,0.7374817448035914
0.8132209142752458,1.1090942207206127,-0.2166945336074462,-0.7030746009502787,-0.010684955963028146,-0.6865507261215884,-0.6874206446824462,0.3696996659551655,-1.1342715691419176,0.3655020429154202,-0.4197255842584591,1.631796736131307,0.4068303186662678,-1.6494937801178031,-0.6963108441107942,-1.1751410516789749,-0.8636897382641026,-1.2676136780735823,-1.2761757670616813
0.8132209142752458,1.1090942207206127,-0.07223151005309006,-0.7030746009502787,-0.010684955963028146,-0.6865507261215884,-0.6874206446824462,0.819383579331835,-1.7921197078078341,0.7780250311118021,-0.23891649976666374,1.5605456195087164,0.42234442607003037,-2.1139012532651806,-0.7795440579866822,-1.1380282190016056,-0.844589423224655,-1.2676136780735823,-1.2761757670616813
0.8132209142752458,1.1090942207206127,0.07223151350126605,-0.7030746009502787,-0.010684955963028146,-0.6865507261215884,-0.6874206446824462,1.1191728549162814,-2.4499678464737507,1.1722971449227335,-0.07445257265491767,1.24792742892769,0.35667169992718983,-2.534057096215964,-0.8703228494741706,-1.0662345394917208,-0.8312030885257272,-1.2676136780735823,-1.2761757670616813
0.8132209142752458,1.1090942207206127,0.2166945370556222,-0.7030746009502787,-0.010684955963028146,-0.6865507261215884,-0.6874206446824462,1.1191728549162814,-2.4499678464737507,1.4609049939744754,0.04909488629538809,0.9837316835328129,0.3360977068776578,-2.690028342986623,-0.9329294278507019,-0.9947741899482654,-0.8212874144371614,-1.2676136780735823,-1.2761757670616813
0.8132209142752458,1.1090942207206127,0.3611575606099783,-0.7030746009502787,-0.010684955963028146,-0.6865507261215884,-0.6874206446824462,1.1191728549162814,-2.1509459652619705,1.595395583351493,0.13606055827264565,0.7356333757955907,0.6283626584133495,-2.1553499658047865,-0.9562128143007301,-0.8958398173292363,-0.873371778703528,-1.2676136780735823,-1.2761757670616813
0.8132209142752458,1.1090942207206127,0.5056205841643344,-0.7030746009502787,-0.010684955963028146,-0.6865507261215884,-0.6874206446824462,1.1191728549162814,-2.1509459652619705,1.5479495873451188,0.18843992732955298,0.511954336419018,0.9796153955032685,-1.153180556707104,-0.9604419723277129,-0.8009654774372905,-0.9423037492633777,-1.2676136780735823,-1.2761757670616813
0.8132209142752458,1.1090942207206127,0.6500836077186906,-0.7030746009502787,-0.010684955963028146,-0.6865507261215884,-0.6874206446824462,0.5195943037473887,-1.0744671928995615,1.23468072734526,0.14775863127753106,0.1890117710136392,1.1292970335811856,0.41390077802624936,-0.9131747986054982,-0.6667699125139404,-0.9502127941597935,-1.2676136780735823,-1.2761757670616813
0.8132209142752458,1.1090942207206127,0.7945466312730467,0.517719045675173,-0.010684955963028146,0.5365576430284323,0.5186180202017284,0.3696996659551655,-1.1342715691419176,0.4696630021602191,0.030562906607936556,-0.2990470223649885,0.5689061539572302,0.41390077802624936,-0.8400014711425715,-0.4922620243506087,-0.7743451739439323,1.128227606888053,1.1081756525653081
0.8132209142752458,1.1090942207206127,0.9390096548274028,-0.7030746009502787,-0.010684955963028146,1.3080634818515295,1.260707488238986,0.06991039037071911,-0.596032182960713,0.17798446033093146,-0.14283408178434978,-0.5664032399182838,-0.09601961951381377,0.41390077802624936,-0.7261051141842859,-0.3716366975465781,-0.535226156080406,0.9347830217422236,0.936283376630126
0.8132209142752458,1.1090942207206127,1.083472678381759,0.932786031385032,-0.010684955963028146,0.33319837052330287,0.29995235692594613,-0.22987888521372726,0.7196640943711202,-0.2562818575585823,-0.29827588835518415,-0.4311005506458324,-0.2786653791138405,0.41390077802624936,-0.6064255095564582,-0.3700860734346906,-0.42308091274697246,1.002956766645298,0.9940827999050719
0.8132209142752458,1.1090942207206127,1.227935701936115,-0.7030746009502787,-0.010684955963028146,1.3296893906387242,1.2909200104511551,-0.22987888521372726,0.0020115794628475024,-0.37537909542874254,-0.406395221997078,-0.3538509192027665,-0.1923641387991992,0.41390077802624936,-0.5203138073739505,-0.37169980686357934,-0.42832587899557284,0.8395364174924808,0.8390894619284938
0.8132209142752458,1.1090942207206127,1.3723987254904713,1.0962424129767114,-0.010684955963028146,0.24450317048499895,0.22309690412867927,-0.37977352300595046,-0.35681467799128885,-0.5559732335650514,-0.5029312855869091,-0.27167449874589594,-0.16912512074325106,0.41390077802624936,-0.46394793047303706,-0.4147232282885545,-0.45038591750614054,0.9597852441238566,0.9495284680382909
0.8132209142752458,1.1090942207206127,1.5168617490448273,-0.7030746009502787,-0.010684955963028146,1.3288691227949072,1.3071160259311139,-0.22987888521372726,-0.8950540641724933,-0.6177493471651037,-0.5584054639417246,-0.20582428340425263,-0.14281420363410574,0.41390077802624936,-0.44748778809572115,-0.48010751688896763,-0.502039042093019,0.7968343831440142,0.7955329175327744
0.8132209142752458,1.1090942207206127,1.6613247725991833,1.1819673891077351,-0.010684955963028146,0.18822962703984264,0.17695492167427265,-0.4996892618298623,-0.41661905423364487,-0.7396779520980349,-0.625186689486357,-0.12483314361523881,-0.08519839736562416,0.41390077802624936,-0.42217285363124957,-0.5438706984633166,-0.5582711678538452,0.9393008568217517,0.9283364855247094
0.8132209142752458,1.2193391526212536,-1.6613247691510074,-0.7030746009502787,-0.010684955963028146,1.3232964895830737,1.3121546886825317,-0.6795627985903968,0.0020115794628475024,-0.7627584978750852,-0.6960535086005302,-0.14107563310287624,-0.11501168626946101,0.41390077802624936,-0.3962715202678409,-0.5717578598512185,-0.5815685913080381,0.7747860538078145,0.7734980860333812
0.8132209142752458,1.2193391526212536,-1.5168617455966513,1.2116526241844865,-0.010684955963028146,0.13777530969631824,0.13192178181460917,-0.6795627985903968,0.0020115794628475024,-0.8391524430428616,-0.745180823102936,-0.08164499732245725,-0.06588083137255206,0.41390077802624936,-0.3807660536154283,-0.616817044708122,-0.6237331328509476,0.9019294544587063,0.890530471751953
0.8132209142752458,1.2193391526212536,-1.372398722042295,-0.7030746009502787,-0.010684955963028146,1.244839679890154,1.2390496267657727,-0.7994785374143086,-0.057792796779508555,-0.8514142895003862,-0.788045462585002,-0.09300297004388487,-0.08087658124071553,0.41390077802624936,-0.3711930253100924,-0.639342950337986,-0.6451099566996831,0.7607360989774399,0.7538303134268756
0.8132209142752458,1.2193391526212536,-1.227935698487939,1.2812458705733174,-0.010684955963028146,0.17124866012211806,0.16797195263691816,-0.8144679154231312,0.0020115794628475024,-0.8846302139086027,-0.8280922114068772,-0.07890724763998806,-0.07067055265125893,0.41390077802624936,-0.37133835968578455,-0.6770326585590786,-0.6818201351065849,0.900939790645383,0.8941485002906103
0.8132209142752458,1.2193391526212536,-1.083472674933583,-0.7030746009502787,-0.010684955963028146,1.2590013814171106,1.2556790756006924,-0.82945743638262,-0.057792796779508555,-0.8985490312984742,-0.861545791859378,-0.08784492696970811,-0.08241049639708022,0.41390077802624936,-0.37165843273871857,-0.7026511375925113,-0.7066394525182627,0.7674261256995418,0.7605258255378162
0.8132209142752458,1.2193391526212536,-0.9390096513792268,1.3048053591249116,-0.010684955963028146,0.1660730859175696,0.16398580915455668,-0.6945523195498856,-0.23720592550657674,-0.9267149215667877,-0.8854428962087382,-0.07566637532437966,-0.07274154154937464,0.41390077802624936,-0.37719415403374,-0.7314660710014836,-0.734905193778569,0.9051443340382742,0.898356400314724
0.8132209142752458,1.2193391526212536,-0.7945466278248707,-0.7030746009502787,-0.010684955963028146,1.2584413566739587,1.256284878204923,-0.9793520741748433,0.6598597181287641,-0.9447513182624949,-0.9243965817646481,-0.10549234703917577,-0.10369326403610493,0.41390077802624936,-0.3676526991997402,-0.7373267795329028,-0.7402842264389191,0.764065834201162,0.7571628212430446
0.8132209142752458,1.2193391526212536,-0.6500836042705146,1.32434916014014,-0.010684955963028146,0.16935159460957172,0.16786270525775399,-0.82945743638262,0.3010334606746278,-0.9652319759468021,-0.9408530632201617,-0.09540585721599452,-0.09698960724133986,0.41390077802624936,-0.36894865763771173,-0.7492646333598899,-0.7513056209006133,0.9178348941319681,0.9110572626181602
0.8132209142752458,1.2193391526212536,-0.5056205807161585,-0.7030746009502787,-0.010684955963028146,1.294806355217882,1.299641601603846,-0.4996892618298623,0.0020115794628475024,-0.7741558946196806,-0.8210370481243258,0.6293518277984328,0.028810151786715074,0.2981147765505633,-0.43123323481038767,-0.9371178649286911,-0.7687386214121763,0.754747788115711,0.7545476970342747
0.8132209142752458,1.2193391526212536,-0.3611575571618023,1.2391002328104423,-0.010684955963028146,0.06395512622716819,0.0936172659594467,-0.07998424742150408,-0.596032182960713,-0.18073666861424162,-0.6225281314091747,1.3879687542687689,0.2777145361569471,-1.0074754179813168,-0.5290953297260972,-1.1037988965608312,-0.8104673379422966,0.8907692244969838,0.879077304304638
0.8132209142752458,1.2193391526212536,-0.2166945336074462,-0.7030746009502787,-0.010684955963028146,-0.6865507261215884,2.833171903767008,0.3696996659551655,-1.3734890741113417,0.4466040349312223,-0.40373527236895235,1.5650778675449688,0.5872708209327411,-2.070235359496283,-0.6495459537035754,-1.1366263680562572,-0.8893534120507578,0.5794201979571879,0.5891618141078259
0.8132209142752458,1.2193391526212536,-0.07223151005309006,-0.7030746009502787,-0.010684955963028146,-0.6865507261215884,-0.6874206446824462,0.6694889415396119,-1.8519240840501903,1.0464209734868117,-0.2194201752755025,1.4764337932060796,0.8274599632209223,-2.583028387926381,-0.7423346015076425,-1.1021297527178744,-0.9428090093232945,-1.2676136780735823,-1.2761757670616813
0.8132209142752458,1.2193391526212536,0.07223151350126605,-0.7030746009502787,-0.010684955963028146,-0.6865507261215884,-0.6874206446824462,0.9692782171240583,-2.1509459652619705,1.366676051892824,-0.0704268157759391,1.1857242310256062,0.8920853955673483,-2.7267783547593214,-0.8175382718906867,-1.0194351857014206,-0.9508130361238001,-1.2676136780735823,-1.2761757670616813
0.8132209142752458,1.2193391526212536,0.2166945370556222,-0.7030746009502787,-0.010684955963028146,-0.6865507261215884,-0.6874206446824462,0.9692782171240583,-2.1509459652619705,1.5932808856422547,0.07412053845976792,0.916049670795391,0.9189577988610516,-2.750406938962871,-0.8880015832337413,-0.9383707258369952,-0.9483976572202566,-1.2676136780735823,-1.2761757670616813
0.8132209142752458,1.2193391526212536,0.3611575606099783,-0.7030746009502787,-0.010684955963028146,-0.6865507261215884,-0.6874206446824462,0.6095311436029891,-1.2538803216266297,1.3630286233763953,0.171432391700491,0.6723841469824332,0.8867252368750544,-1.3768072720915343,-0.906819854187794,-0.8223471742819352,-0.8919050408580991,-1.2676136780735823,-1.2761757670616813
0.8132209142752458,1.2193391526212536,0.5056205841643344,2.327371084453988,-0.010684955963028146,-0.6865507261215884,-0.6874206446824462,0.3696996659551655,-0.8352496879301373,0.9166907425894646,0.1820937592526149,0.32153526722362635,0.8019953441290817,0.41390077802624936,-0.8678242068990449,-0.6534709793965747,-0.8064444721929851,1.0155218662701035,0.9900130550692591
0.8132209142752458,1.2193391526212536,0.6500836077186906,-0.7030746009502787,-0.010684955963028146,1.4014164894752932,1.2060434257623394,0.06991039037071911,-0.2970103017489328,0.7086480374337706,0.08812580292865142,-0.103115154762663,0.5490775541614011,0.41390077802624936,-0.7865994032265448,-0.4710672698814111,-0.6885138483290608,0.9833362232020438,0.9791673611017616
0.8132209142752458,1.2193391526212536,0.7945466312730467,1.3150136227697595,-0.010684955963028146,0.7880002801589273,-0.6874206446824462,0.06991039037071911,-0.6558365592030692,0.2110781063001785,-0.06239895838401809,-0.286802161311668,0.21162435724210915,0.41390077802624936,-0.6879882216779144,-0.38980567472779604,-0.5625577994425602,0.9699047633192983,0.9635472285009407
0.8132209142752458,1.2193391526212536,0.9390096548274028,-0.7030746009502787,-0.010684955963028146,1.1126460170880037,1.5091834090833132,-0.07998424742150408,-0.2970103017489328,0.0470294833577021,-0.2329140447727218,-0.16039902345934137,-0.13714970315481956,0.41390077802624936,-0.5756081144003575,-0.4189298654771253,-0.42701054338583266,0.8670021945826879,0.8645499280746883
0.8132209142752458,1.2193391526212536,1.083472678381759,1.5454400552289238,-0.010684955963028146,0.5491165692211873,-0.6874206446824462,-0.22987888521372726,0.36083783691698385,-0.1682845385966093,-0.35331172816285883,-0.07330410266466508,-0.15690425187413454,0.41390077802624936,-0.49458432046140177,-0.43437885278263805,-0.4049243029706885,0.9457608127699607,0.9364929631676372
0.8132209142752458,1.2193391526212536,1.227935701936115,-0.7030746009502787,-0.010684955963028146,1.0706351658103557,1.5706776030622864,-0.15493156631761568,-0.41661905423364487,-0.2634021245208255,-0.43888584919681234,-0.018760470253255612,-0.2931679976373053,0.41390077802624936,-0.43073167455198735,-0.4491735417740858,-0.35111891027205555,0.8303671984388917,0.8275341619790126
0.8132209142752458,1.2193391526212536,1.3723987254904713,1.0306284830641523,-0.010684955963028146,0.21694543443143513,0.32932510201287896,-0.22987888521372726,-0.596032182960713,-0.40840669796303813,-0.5090895942865011,0.036126313344512405,-0.22743993662410253,0.41390077802624936,-0.3921739585412361,-0.49132622812084725,-0.39959265208778083,0.9301118660610311,0.9204452658433192
0.8132209142752458,1.2193391526212536,1.5168617490448273,-0.7030746009502787,-0.010684955963028146,1.2702901581036847,1.366892384624886,-0.5296681607981737,0.0020115794628475024,-0.46502226910133787,-0.5868772920171968,0.013356491507663687,-0.1903191898400775,0.41390077802624936,-0.352778942992915,-0.5086648081378111,-0.4388970373969608,0.7813948367878855,0.7796074107972203
0.8132209142752458,1.2193391526212536,1.6613247725991833,1.1509495040557247,-0.010684955963028146,0.18014718551654915,0.22261975090345473,-0.4397313209425732,0.48044658940169593,-0.5958327351921486,-0.6400554113155608,0.04408675777395054,-0.10300727439323203,0.41390077802624936,-0.30371376853659804,-0.5059795175429312,-0.456431351939553,0.9188592483041673,0.9080235793574272
0.8132209142752458,1.3295840845218945,-1.6613247691510074,-0.7030746009502787,-0.010684955963028146,1.2420834878875295,1.2819699882059852,-0.5296681607981737,0.7196640943711202,-0.6287570222539459,-0.682001627175046,0.029021260278170907,-0.0904169638896383,0.41390077802624936,-0.2612074404579116,-0.486005310276769,-0.4456420626825657,0.7706721007821437,0.7637746215435925
0.8132209142752458,1.3295840845218945,-1.5168617455966513,1.2285083709406643,-0.010684955963028146,0.17565563854544136,0.1943555869287874,-0.5296681607981737,1.0784903518252564,-0.6866463816227948,-0.7237676371873735,0.02820731229506926,-0.06399944578023635,0.41390077802624936,-0.19301790108878736,-0.44096455941280405,-0.4093950029390534,0.8759151004147371,0.8691033184067305
0.8132209142752458,1.3295840845218945,-1.372398722042295,-0.7030746009502787,-0.010684955963028146,1.2368631451753105,1.2550889619451209,-0.4996892618298623,0.7794684706134762,-0.7193588065764308,-0.7528600969835593,0.016407553142895027,-0.052971531616281965,0.41390077802624936,-0.13825817390530779,-0.40086997416000236,-0.376788042788831,0.751310926187895,0.7443974865184012
0.8132209142752458,1.3295840845218945,-1.227935698487939,1.2650492820934205,-0.010684955963028146,0.16787229876907403,0.1764698193817274,-0.5296681607981737,1.0784903518252564,-0.7683375333899956,-0.7808636681666098,0.021192605797116848,-0.030575556585264205,0.41390077802624936,-0.07808443995371321,-0.3643732705877899,-0.3462457927192366,0.8831220674069294,0.8763162472821519
0.8132209142752458,1.3295840845218945,-1.083472674933583,-0.7030746009502787,-0.010684955963028146,1.2404586420974437,1.2489483074398746,-0.5296681607981737,1.0784903518252564,-0.7872919992210677,-0.7985989849390197,0.020102644903248548,-0.01870785438875367,0.41390077802624936,-0.03196210584101397,-0.3344280081059283,-0.3207135651538734,0.7483750074216722,0.741459181506184
0.8132209142752458,1.3295840845218945,-0.9390096513792268,1.2848200886906136,-0.010684955963028146,0.15979838209011502,0.16363348766416455,-0.31981572506932765,0.7794684706134762,-0.8161137465711271,-0.8035438612160507,0.03840818584703668,0.008858676028758046,0.41390077802624936,0.007344696802658139,-0.3076930797119367,-0.2972722495737146,0.8838147961276973,0.8770094793158925
0.8132209142752458,1.3295840845218945,-0.7945466278248707,-0.7030746009502787,-0.010684955963028146,1.2417213650521184,1.2455017591984017,-0.37977352300595046,1.0784903518252564,-0.826272011541138,-0.8140813807342205,0.029741546222483876,0.00724013107066291,0.41390077802624936,0.06144306822013548,-0.2619160534829566,-0.2536500087395327,0.7471150104490248,0.7401981828171152
0.8132209142752458,1.3295840845218945,-0.6500836042705146,1.2967695048575874,-0.010684955963028146,0.15455743331244928,0.1560420760763936,-0.37977352300595046,1.0784903518252564,-0.8482546669490445,-0.8206738533281234,0.04952247149409374,0.03164118140421783,0.41390077802624936,0.10659891668353849,-0.2325927756098913,-0.22597337363378794,0.8845745689099199,0.8777698445374296
0.8132209142752458,1.3295840845218945,-0.5056205807161585,-0.7030746009502787,-0.010684955963028146,1.2488027388121816,1.2504431504681317,-0.10996314638981547,0.5402509656440521,-0.7937792954404098,-0.7544374199777945,0.13169640534816462,0.09976491680486757,0.41390077802624936,0.09197220481350349,-0.23484063839586525,-0.22343178888986767,0.7524765581946878,0.7455641303307193
0.8132209142752458,1.3295840845218945,-0.3611575571618023,1.24830390269201,-0.010684955963028146,0.09430367665727926,0.09744882100101865,0.2198050281629423,0.0020115794628475024,-0.5449139007399599,-0.5537695119741072,0.5627216480452837,0.3588907909783339,0.40967252957900235,-0.004169256423820553,-0.3525041647109382,-0.2818303754607606,0.8900150237413165,0.8782839865122617
0.8132209142752458,1.3295840845218945,-0.2166945336074462,-0.7030746009502787,-0.010684955963028146,1.2519758636923188,1.2676476515679098,0.3696996659551655,-0.596032182960713,-0.2478152199768828,-0.33094185097377476,0.916131728687781,0.578970590378407,0.11849282034349934,-0.14361698735330092,-0.4715294209279051,-0.3598972033527966,0.716687611373324,0.7164442914265537
0.8132209142752458,1.3295840845218945,-0.07223151005309006,2.2758537174284226,-0.010684955963028146,-0.6865507261215884,-0.6874206446824462,0.5345838247068775,-0.41661905423364487,0.4532619978488053,-0.12148212411029262,1.0744338361222534,0.7196009084116324,-1.1089510517433654,-0.25356521428138173,-0.49735002327214606,-0.382172752528506,1.0174422382609403,0.9972325335239777
0.8132209142752458,1.3295840845218945,0.07223151350126605,-0.7030746009502787,-0.010684955963028146,-0.6865507261215884,2.813638744314227,0.5195943037473887,-0.536227806718357,0.6638771274906288,0.06537464078110204,1.0210124904411082,0.9301712475903381,-1.0780374435007143,-0.3563272227258175,-0.46764266773444396,-0.44410291913790123,0.6183242671085021,0.6336017330112583
0.8132209142752458,1.3295840845218945,0.2166945370556222,-0.7030746009502787,-0.010684955963028146,-0.6865507261215884,-0.6874206446824462,0.44464698485127707,-0.2970103017489328,0.8971235767727536,0.19868939580245887,0.842077381842329,1.1620341193851913,-1.1496638091690468,-0.41711314459492144,-0.3853576606669832,-0.50261766748575,-1.2676136780735823,-1.2761757670616813
0.8132209142752458,1.3295840845218945,0.3611575606099783,1.2711820161621425,-0.010684955963028146,0.7954789221249097,-0.6874206446824462,0.3696996659551655,-0.17740154926422066,0.9159086836963759,0.2514646611027362,0.6374797034830507,1.2821425242468725,-0.6209510934565706,-0.4353994869135634,-0.30002562300203717,-0.5308294764924697,0.9840920416428401,0.9643978551121676
0.8132209142752458,1.3295840845218945,0.5056205841643344,-0.7030746009502787,-0.010684955963028146,1.2670488344688717,1.2923792918624513,0.5195943037473887,-0.536227806718357,0.893329021792324,0.2965982243978594,0.6351638474089305,1.3766951702302341,0.1220654632066648,-0.4464087466363946,-0.2847742047267244,-0.5489991872210419,0.7954543179862416,0.7967838871785442
0.8132209142752458,1.3295840845218945,0.6500836077186906,1.5477317903504004,-0.010684955963028146,0.444530850144755,-0.6874206446824462,0.3696996659551655,-0.596032182960713,0.7170532088482876,0.2480365753539067,0.7018810582600691,1.4418397738603528,0.41390077802624936,-0.4103325608613427,-0.3072012174062359,-0.5689100145087225,0.8863252637050105,0.8758917526739505
0.8132209142752458,1.3295840845218945,0.7945466312730467,-0.7030746009502787,-0.010684955963028146,1.148070040176306,1.4125413680159222,0.2198050281629423,0.0020115794628475024,0.49131609428876377,0.10565934481428231,0.6751981524840931,1.0644632817228077,0.41390077802624936,-0.32518854942245695,-0.29771465089906196,-0.4418176763604211,0.7587206430495804,0.7576544490390424
0.8132209142752458,1.3295840845218945,0.9390096548274028,1.610167821283237,-0.010684955963028146,0.36046939984900356,-0.6874206446824462,-0.07998424742150408,0.36083783691698385,0.06264188982207164,-0.07065015970233939,0.5989406755581074,0.8398907790981779,0.41390077802624936,-0.2076908885809333,-0.26720487449227126,-0.35971422671917075,0.8716469280734411,0.8603129642924432
0.8132209142752458,1.3295840845218945,1.083472678381759,-0.7030746009502787,-0.010684955963028146,1.1237628324974502,1.499101481488871,-0.22987888521372726,0.7196640943711202,-0.04137586633109977,-0.2107793396930561,0.542385381481741,0.5035231221356978,0.41390077802624936,-0.10690957317039186,-0.24137451297529822,-0.23019624725470011,0.767615215116835,0.7655166049623012
0.8132209142752458,1.3295840845218945,1.227935701936115,1.6880353942595148,-0.010684955963028146,0.3372156118915302,-0.6874206446824462,-0.19989998624541588,0.8392728468558323,-0.22899218712031796,-0.31291361272779933,0.4872200983704066,0.38269861895168195,0.41390077802624936,-0.012997777454673657,-0.20500077497951097,-0.16758111918983432,0.8888734772686655,0.877665255943027
0.8132209142752458,1.3295840845218945,1.3723987254904713,-0.7030746009502787,-0.010684955963028146,1.095056386744728,1.543249137086204,-0.22987888521372726,0.7196640943711202,-0.28998885740886376,-0.40427449835948265,0.389310941999837,0.1075492310678832,0.41390077802624936,0.08845332938215063,-0.15324614701683098,-0.042410035694604595,0.7745487933222375,0.7723480208436593
0.8132209142752458,1.3295840845218945,1.5168617490448273,1.7170492876506924,-0.010684955963028146,0.31722260304182953,-0.6874206446824462,-0.37977352300595046,1.0784903518252564,-0.39530721150380227,-0.4816502970109604,0.3593913082462522,0.07429460147637199,0.41390077802624936,0.17302564407287407,-0.1368804480860108,-0.023649908716241955,0.8996159849815388,0.8882905156323023
0.8132209142752458,1.3295840845218945,1.6613247725991833,-0.7030746009502787,-0.010684955963028146,1.0754860637349746,1.563096075512171,-0.4697103628615509,1.0186859755829005,-0.4107424123159753,-0.5488058497593417,0.2966866454462288,-0.09024770428617737,0.41390077802624936,0.2376167717851423,-0.1248630027836303,0.032199014190152975,0.779710287340289,0.7774591487877307
0.8132209142752458,1.4398290164225354,-1.6613247691510074,1.1255607124324178,-0.010684955963028146,0.14731225702198336,0.27058839765026255,-0.5296681607981737,0.7196640943711202,-0.5132274376619561,-0.6071674963215131,0.27015625130863447,-0.06006822874023755,0.41390077802624936,0.2693869145152251,-0.15487397702855507,-0.022895730562848434,0.8972440990969376,0.8867869778348832
0.8132209142752458,1.4398290164225354,-1.5168617455966513,-0.7030746009502787,-0.010684955963028146,1.2186601444372194,1.3273031007640144,-0.6795627985903968,0.6598597181287641,-0.5631020011674369,-0.6842336748881057,0.13264214327965038,-0.11016337512801766,0.41390077802624936,0.2820052161818722,-0.1884188561550472,-0.09236789705538366,0.7167631033460077,0.7147106996563197
0.8132209142752458,1.4398290164225354,-1.372398722042295,1.1721351986409014,-0.010684955963028146,0.11916275033256195,0.1678546515974422,-0.6345943786625966,0.6000553418864081,-0.6681509503594051,-0.7241558799005553,0.1427137134860334,-0.031167151449283895,0.41390077802624936,0.27731739925448773,-0.25552010854480484,-0.18931057700432855,0.8656503490432755,0.854406062463759
0.8132209142752458,1.4398290164225354,-1.227935698487939,-0.7030746009502787,-0.010684955963028146,1.2073563054489989,1.2533941371179533,-0.6795627985903968,-0.35681467799128885,-0.6931428323776746,-0.7575482321115506,0.106923210522358,-0.03381997023429654,0.41390077802624936,0.24793864570453392,-0.32244070780376494,-0.2705445601120487,0.734504256155025,0.7275771435113639
0.8132209142752458,1.4398290164225354,-1.083472674933583,1.253426130460589,-0.010684955963028146,0.16015323527299558,0.1819008104426185,-0.82945743638262,1.0784903518252564,-0.7543605193099194,-0.808197903345931,0.06203505678218184,-0.04561524885048004,0.41390077802624936,0.23494724683461735,-0.3721255236652066,-0.33346166512715864,0.8715662235597866,0.8647509182893719
0.8132209142752458,1.4398290164225354,-0.9390096513792268,-0.7030746009502787,-0.010684955963028146,1.234318871388903,1.255568834588113,-0.5296681607981737,-0.9548584404148494,-0.7820850301862305,-0.8302679013067331,0.01943789308812887,-0.06056868381777829,0.41390077802624936,0.16197733929388675,-0.4680584084928339,-0.44098969617580375,0.7457245202093101,0.738806397216455
0.8132209142752458,1.4398290164225354,-0.7945466278248707,1.2817031067573537,-0.010684955963028146,0.15863345949682367,0.16873793940696027,-0.5296681607981737,-0.9548584404148494,-0.8230071118311113,-0.8467229912113033,0.0127340119401389,-0.046415163226451644,0.41390077802624936,0.06680718408316215,-0.590159322213967,-0.5722378747391424,0.8809712651566158,0.8741636871112485
0.8132209142752458,1.4398290164225354,-0.6500836042705146,-0.7030746009502787,-0.010684955963028146,1.2392676742742224,1.2492610404831497,-0.6795627985903968,-0.6558365592030692,-0.842896648077833,-0.8681020841287549,-0.01310925095713845,-0.05664885925108936,0.41390077802624936,-0.010787875480011028,-0.6815596134837694,-0.6698770886514126,0.7457229025241813,0.7388049644959838
0.8132209142752458,1.4398290164225354,-0.5056205807161585,1.3037491650399218,-0.010684955963028146,0.16334560642745838,0.16793393308466717,-0.6795627985903968,-0.35681467799128885,-0.8565244820166807,-0.8599072406236374,0.008065829617502959,-0.024731217777300776,0.41390077802624936,-0.09190952307822223,-0.7538102391480244,-0.7465370926168955,0.8970521337949708,0.890257845513706
0.8132209142752458,1.4398290164225354,-0.3611575571618023,-0.7030746009502787,-0.010684955963028146,1.2552883148626834,1.2598939639545064,-0.5296681607981737,0.0020115794628475024,-0.8129887804757501,-0.7978969474881229,0.054697920787868386,0.02362088019406918,0.41390077802624936,-0.17236909185383573,-0.7784488972391482,-0.7722911629743398,0.7573813795056152,0.7504728353396359
0.8132209142752458,1.4398290164225354,-0.2166945336074462,1.3186277953028238,-0.010684955963028146,0.163433574453045,0.1657030691783071,-0.5296681607981737,0.0020115794628475024,-0.7638890830140069,-0.7119227555579695,0.14590651148084763,0.11117122383232837,0.41390077802624936,-0.24473693426939377,-0.786974076796952,-0.7803620046315154,0.9024320153054284,0.8956420090447306
0.8132209142752458,1.4398290164225354,-0.07223151005309006,-0.7030746009502787,-0.010684955963028146,1.2550678195024734,1.2580922450904732,-0.5296681607981737,0.3010334606746278,-0.6898727015044834,-0.6219492462167602,0.2183967851652886,0.18254181412629114,0.383040736136827,-0.30415941241828104,-0.77173740571599,-0.7650801804856828,0.7533932464344171,0.7464814807810368
0.8132209142752458,1.4398290164225354,0.07223151350126605,1.3227746336568678,-0.010684955963028146,0.16095321084931707,0.1626657933108595,-0.37977352300595046,0.0020115794628475024,-0.6309024530467754,-0.5318504972906536,0.3150883350316053,0.2834384402470633,0.41390077802624936,-0.3537326546423577,-0.7596245373913395,-0.7547247510986413,0.8972529064937507,0.8904586310540366
0.8132209142752458,1.4398290164225354,0.2166945370556222,-0.7030746009502787,-0.010684955963028146,1.2548192915253107,1.256798429791037,-0.37977352300595046,0.0020115794628475024,-0.5572515990633694,-0.46316354272916627,0.3766557914845661,0.35481716802196167,0.41390077802624936,-0.391412579946192,-0.7472447014748382,-0.745630070020139,0.7475909693625156,0.7406744600366353
0.8132209142752458,1.4398290164225354,0.3611575606099783,1.8133204378666472,-0.010684955963028146,0.1575185876767109,-0.6874206446824462,-0.25985778418203864,-0.1175971730218646,0.05811366420782474,-0.3178835369218097,0.6300804024187447,0.6395126347913381,-0.8137457146141325,-0.46617928312669904,-0.7906615259961719,-0.8001988115387673,0.930704118561013,0.9169174986943518
0.8132209142752458,1.4398290164225354,0.5056205841643344,-0.7030746009502787,-0.010684955963028146,1.1625189714277109,1.4555004288628275,-0.37977352300595046,0.0020115794628475024,0.09879707403332649,-0.2518405291526,0.64509948332893,0.8330813350512497,-0.6271182109935081,-0.5046068489502632,-0.7891262996901508,-0.851454758922107,0.7559964612924558,0.7553019220252207
0.8132209142752458,1.4398290164225354,0.6500836077186906,1.7614275351664186,-0.010684955963028146,0.2502837471390039,-0.6874206446824462,-0.37977352300595046,0.0020115794628475024,-0.02518410854626485,-0.2868707368238642,0.6376537656790296,0.8375325371230348,0.19390027185821332,-0.47958860870880504,-0.7729609891060976,-0.8390859315175665,0.9014108965034869,0.8893900262568238
0.8132209142752458,1.4398290164225354,0.7945466312730467,-0.7030746009502787,-0.010684955963028146,1.1344560206730967,1.5011171976126165,-0.34979462403763906,0.12162033194755961,-0.19317572072396275,-0.40098487192951193,0.4750829901050731,0.4193555293223766,0.41390077802624936,-0.39642022890764533,-0.6965765947430053,-0.6843960006756594,0.7626917005555288,0.761262857883107
0.8132209142752458,1.4398290164225354,0.9390096548274028,1.7510019409999265,-0.010684955963028146,0.2773456824300463,-0.6874206446824462,-0.37977352300595046,0.36083783691698385,-0.4345566287268429,-0.5171418038199299,0.4038998406256742,0.3016061801839321,0.41390077802624936,-0.3047626826377794,-0.6433706693598006,-0.6149017809134391,0.9018652862819253,0.8900556272529042
0.8132209142752458,1.4398290164225354,1.083472678381759,-0.7030746009502787,-0.010684955963028146,1.1035916910109196,1.5336232349327918,-0.37977352300595046,0.36083783691698385,-0.46185022253748054,-0.6080406945384363,0.2884684231932218,0.019100509534331386,0.41390077802624936,-0.22318888364852588,-0.5737105618796708,-0.4858595843662366,0.7701835598732056,0.7682999714892685
0.8132209142752458,1.4398290164225354,1.227935701936115,1.1959802806397346,-0.010684955963028146,0.18428314710955745,0.2859441130400298,-0.31981572506932765,0.18142470818991568,-0.5210153318230653,-0.6570205046408519,0.25855873585083583,-0.0034923925353284122,0.41390077802624936,-0.17415600572014053,-0.5431615319114464,-0.45631519016259714,0.8947323733200797,0.8879360196528401
0.8132209142752458,1.4398290164225354,1.3723987254904713,-0.7030746009502787,-0.010684955963028146,1.2201128197515436,1.3086470581342786,-0.37977352300595046,0.36083783691698385,-0.5690177928110602,-0.6987023258211095,0.20991746961831317,-0.009184560449795718,0.41390077802624936,-0.12788665009969297,-0.5044935208415812,-0.4309176840565981,0.7530634184109066,0.7461513410495861
0.8132209142752458,1.4398290164225354,1.5168617490448273,1.2645311288629217,-0.010684955963028146,0.181388308712266,0.2210455217949815,-0.37977352300595046,0.36083783691698385,-0.627862493352821,-0.7252670333287835,0.20941020264717444,0.03703144877597357,0.41390077802624936,-0.09329779174155048,-0.48739935388393163,-0.42985738031806914,0.8953490708397877,0.8885533175016034
0.8132209142752458,1.4398290164225354,1.6613247725991833,-0.7030746009502787,-0.010684955963028146,1.2430014514934131,1.2809332624785792,-0.34979462403763906,0.12162033194755961,-0.6644688653870117,-0.7481309111027405,0.1760888962636007,0.04484505797035743,0.41390077802624936,-0.07213464824834495,-0.47236133618569537,-0.42877152972257815,0.7494545426310474,0.7425394527415199
0.8132209142752458,1.5500739483231762,-1.6613247691510074,1.2966127330468382,-0.010684955963028146,0.17523949016280602,0.19334459107718271,-0.22987888521372726,0.36083783691698385,-0.712653109294972,-0.7631784472281588,0.16364013378070486,0.0655419269820174,0.41390077802624936,-0.03551086761164681,-0.4402003077526234,-0.40763620009435597,0.8978778721818954,0.8910841158769215
0.8132209142752458,1.5500739483231762,-1.5168617455966513,-0.7030746009502787,-0.010684955963028146,1.2239589366371793,1.2417962387110593,-0.37977352300595046,0.7196640943711202,-0.7402677657448292,-0.7853131523078244,0.12828147083657726,0.0555743265839745,0.41390077802624936,0.010232343826153935,-0.39333285662370343,-0.3688429702736225,0.7244007340680806,0.7174652070995086
0.8132209142752458,1.5500739483231762,-1.372398722042295,1.2859710625331877,-0.010684955963028146,0.1502384229147126,0.15871672804382947,-0.34979462403763906,0.6598597181287641,-0.7792118138181438,-0.8028543477236435,0.12589267441366592,0.07157098660721943,0.41390077802624936,0.05537951561041115,-0.35888666367777017,-0.3405892382195804,0.8682073700037436,0.8613893467150715
0.8132209142752458,1.5500739483231762,-1.227935698487939,-0.7030746009502787,-0.010684955963028146,1.232465371491882,1.2408779122495355,-0.37977352300595046,0.7196640943711202,-0.795097548557857,-0.8177404639396385,0.10263796503087577,0.06203304520257736,0.41390077802624936,0.08861842730478602,-0.32817433021916087,-0.3143899538335405,0.7342296091686905,0.7273022658552335
0.8132209142752458,1.5500739483231762,-1.083472674933583,1.294635616553562,-0.010684955963028146,0.14772171104833148,0.15153448423709281,-0.37977352300595046,0.36083783691698385,-0.8270972275303337,-0.8316684973311685,0.10076803972550172,0.06990198926732344,0.41390077802624936,0.11214982216706505,-0.3210076275056737,-0.31074264871649204,0.8721174947031688,0.865302720345163
0.8132209142752458,1.5500739483231762,-0.9390096513792268,-0.7030746009502787,-0.010684955963028146,1.2340257841027038,1.2377932557571367,-0.4397313209425732,0.6598597181287641,-0.8421786709335092,-0.8502443108733342,0.0627337921688974,0.0395597641026712,0.41390077802624936,0.13282851774129667,-0.3073200624430631,-0.29951447755784844,0.7363705255654384,0.7294450016571911
0.8132209142752458,1.5500739483231762,-0.7945466278248707,1.304535711610423,-0.010684955963028146,0.15036660937768095,0.15184523001353784,-0.37977352300595046,0.36083783691698385,-0.8671143179477606,-0.8594146315897078,0.06528504664138915,0.04709588519715036,0.41390077802624936,0.14255941340331313,-0.3133152306876809,-0.30743181972404676,0.8820984322058985,0.8752918521451953
0.8132209142752458,1.5500739483231762,-0.6500836042705146,-0.7030746009502787,-0.010684955963028146,1.2419690562347452,1.2433944196144857,-0.37977352300595046,0.36083783691698385,-0.8584482422704156,-0.8501016769016455,0.0692660977237081,0.0545571414670218,0.41390077802624936,0.13586824766870914,-0.32078793768394753,-0.31628216804237325,0.7440272090234743,0.7371078047605906
0.8132209142752458,1.5500739483231762,-0.5056205807161585,1.3094687381994008,-0.010684955963028146,0.14837043601228883,0.14867224474018736,-0.05000534845319268,0.36083783691698385,-0.8432419048466883,-0.8009534891350902,0.11338174686077761,0.10046392641723748,0.41390077802624936,0.12855910956383196,-0.30828079878091785,-0.30463869669619215,0.8834784973636711,0.8766729946794976
0.8132209142752458,1.5500739483231762,-0.3611575571618023,-0.7030746009502787,-0.010684955963028146,1.30078127740285,1.3034372812494834,0.2198050281629423,0.0020115794628475024,-0.642815773258467,-0.5968178361806893,0.45587812781539366,0.28487796062457477,0.3324263547654167,0.03261431972047942,-0.37594895067116135,-0.3174230426374749,0.7354299315343594,0.7341967214373274
0.8132209142752458,1.5500739483231762,-0.2166945336074462,1.7879490255183605,-0.010684955963028146,0.11338729904508937,-0.6874206446824462,0.5195943037473887,-0.536227806718357,0.08220251668482716,-0.3520120195818129,1.0589696533109219,0.4480596795746882,-1.280373862448621,-0.06112442445005307,-0.503712136411493,-0.29570406558481127,0.9102375257953264,0.8963812928079048
0.8132209142752458,1.5500739483231762,-0.07223151005309006,-0.7030746009502787,-0.010684955963028146,-0.6865507261215884,2.8192700309530014,0.8793413772684578,-1.1342715691419176,0.4644396857404928,-0.1212678252650238,1.1469862748766868,0.7079643106736935,-1.9994974965999825,-0.1423060857456894,-0.4665854240217934,-0.32007030839652034,0.621268993271538,0.630390187737735
0.8132209142752458,1.5500739483231762,0.07223151350126605,-0.7030746009502787,-0.010684955963028146,-0.6865507261215884,-0.6874206446824462,0.9692782171240583,-1.3136846978689858,0.8207839049228085,0.07640755243508811,1.0231219584828535,0.9310557917680402,-2.4009645047036527,-0.24768845129215727,-0.4085478406541495,-0.3838605918816421,-1.2676136780735823,-1.2761757670616813
0.8132209142752458,1.5500739483231762,0.2166945370556222,-0.7030746009502787,-0.010684955963028146,-0.6865507261215884,-0.6874206446824462,1.1191728549162814,-1.9117284602925464,0.7426852544588095,0.20991921191492244,0.8099861149770067,1.0212369829927859,-1.9814270037868789,-0.33848073983609467,-0.36368991162603365,-0.4445730249758446,-1.2676136780735823,-1.2761757670616813
0.8132209142752458,1.5500739483231762,0.3611575606099783,-0.7030746009502787,-0.010684955963028146,-0.6865507261215884,-0.6874206446824462,1.149151896835259,-1.7323153315654782,0.43703166023563234,0.1802262978867009,0.5139983239203709,0.8127091515289211,-0.9137098456263801,-0.29393201789403256,-0.2369670536989501,-0.35124271427117953,-1.2676136780735823,-1.2761757670616813
0.8132209142752458,1.5500739483231762,0.5056205841643344,-0.7030746009502787,-0.010684955963028146,-0.6865507261215884,-0.6874206446824462,0.9692782171240583,-1.3136846978689858,0.18349876020168152,0.1208335120755412,0.2276602094617693,0.5331191402985536,0.3790325755321935,-0.20815653702842465,-0.08495449242425511,-0.2058457255857369,-1.2676136780735823,-1.2761757670616813
0.8132209142752458,1.5500739483231762,0.6500836077186906,0.7129993881777891,-0.010684955963028146,0.4948848567432883,0.31619774029768627,0.819383579331835,-1.0744671928995615,-0.2484678075816508,-0.027821700544799342,-0.334878139841059,-0.03945192078984024,0.41390077802624936,-0.053601502611777936,0.1996414184384374,0.07569941616805421,1.0803793566588638,1.0578114345131833
0.8132209142752458,1.5500739483231762,0.7945466312730467,-0.7030746009502787,-0.010684955963028146,1.3520282483705068,1.2227431610872526,0.3696996659551655,-0.35681467799128885,-0.4067039543530022,-0.21887329575478404,-0.5875542833325281,-0.2361096088129138,0.41390077802624936,0.10114104448196415,0.3309827506433889,0.1790211681353522,0.883826479409184,0.8855480839759426
0.8132209142752458,1.5500739483231762,0.9390096548274028,1.051425741894239,-0.010684955963028146,0.27375719366215134,0.2163014974993852,0.2198050281629423,0.36083783691698385,-0.6022977989680417,-0.35973999774545184,-0.42978762436759105,-0.2386769840481024,0.41390077802624936,0.24042897990384265,0.3020886595000334,0.2218398838958549,0.9899009691980495,0.980313946827482
0.8132209142752458,1.5500739483231762,1.083472678381759,-0.7030746009502787,-0.010684955963028146,1.344527640547957,1.2906955538923361,0.1298681883073419,0.36083783691698385,-0.6686040998685275,-0.44813827141884094,-0.3609982445167029,-0.22778008332721153,0.41390077802624936,0.3482487692336853,0.30829722832172773,0.25369201084506937,0.8295996967166086,0.8287593426562997
0.8132209142752458,1.5500739483231762,1.227935701936115,1.2016468201352346,-0.010684955963028146,0.23694231345586433,0.21077145687595847,0.03993149140240772,0.7196640943711202,-0.7238523757347131,-0.5028477925303109,-0.27889144893822393,-0.17415978019812015,0.41390077802624936,0.42365923380303777,0.30169764197923155,0.2595278300418698,0.9526859430641345,0.9459368424911756
0.8132209142752458,1.5500739483231762,1.3723987254904713,-0.7030746009502787,-0.010684955963028146,1.2713556067465208,1.2458406404894422,0.054920869411230304,0.6598597181287641,-0.7516605852216558,-0.5467032162840093,-0.21217175148428566,-0.1329507629920388,0.41390077802624936,0.49076900865624007,0.2987570947997795,0.2677235674441934,0.8009564245953298,0.7940834137645574
0.8132209142752458,1.5500739483231762,1.5168617490448273,1.2558877166410256,-0.010684955963028146,0.20189683529574023,0.1888896095123861,0.06991039037071911,0.7196640943711202,-0.7801194206271798,-0.5789858066177197,-0.1292642698043034,-0.07267562795379609,0.41390077802624936,0.552793285454542,0.2904539906392587,0.2691133601327718,0.9327465359076881,0.9259812977442982
0.8132209142752458,1.5500739483231762,1.6613247725991833,-0.7030746009502787,-0.010684955963028146,1.264193273115109,1.2512054241869912,-0.0050369285253924825,0.8392728468558323,-0.792332878825433,-0.6074632008969651,-0.08109794470652336,-0.04150419348180401,0.41390077802624936,0.6113502648586355,0.29408266793158055,0.2801037490073837,0.7818538998789185,0.7749653964703126
0.8132209142752458,1.6603188802238171,-1.6613247691510074,1.2882201557221407,-0.010684955963028146,0.18279469882882332,0.17586788671816594,0.2198050281629423,0.7196640943711202,-0.800517033596251,-0.6172416293755627,-0.00771912495498974,0.018590289479667912,0.41390077802624936,0.6669962184093127,0.3027525001163254,0.2942684986214383,0.9206036521015344,0.9138283486839452
0.8132209142752458,1.6603188802238171,-1.5168617455966513,-0.7030746009502787,-0.010684955963028146,1.2123664035340729,1.2053683825980255,0.2198050281629423,0.7196640943711202,-0.7948399137720067,-0.6236824229166454,0.03258621982534015,0.04955665943208233,0.41390077802624936,0.7204773405131123,0.3283707622792528,0.3239281812052143,0.7267792704359897,0.7198457744996966
0.8132209142752458,1.6603188802238171,-1.372398722042295,1.2603930697302799,-0.010684955963028146,0.1393151162416933,0.13536848694556872,0.2797628260995651,0.6000553418864081,-0.8040938414099593,-0.6296667877483244,0.07562931428813924,0.08550723645756499,0.41390077802624936,0.7813697927206175,0.3571013330617184,0.3557041042819521,0.8600910842262983,0.853266435666042
0.8132209142752458,1.6603188802238171,-1.227935698487939,-0.7030746009502787,-0.010684955963028146,1.2071665622879832,1.2031409702603706,0.24978407008191994,0.6598597181287641,-0.7969238783976537,-0.6371540275987718,0.08940094946047521,0.09457239021984744,0.41390077802624936,0.8508699926784881,0.3995047217124437,0.400398876410132,0.7245508192994873,0.7176156427489917
0.8132209142752458,1.6603188802238171,-1.083472674933583,1.2660366757494645,-0.010684955963028146,0.13527930849470066,0.13282624970481727,0.2198050281629423,1.0784903518252564,-0.8011957770168413,-0.6388892916250719,0.12433191672305449,0.12565024366107988,0.41390077802624936,0.9141735976130654,0.43487868667944757,0.4374874539889595,0.857985756902387,0.8511595178758661
0.8132209142752458,1.6603188802238171,-0.9390096513792268,-0.7030746009502787,-0.010684955963028146,1.206076637404972,1.203548464553548,0.15984723022631953,0.7794684706134762,-0.7958966087312302,-0.6485911848017877,0.12749321774907252,0.12648596295316822,0.41390077802624936,0.9651004017838871,0.46308898512003643,0.46694341676465323,0.7221208764930365,0.7151834974118381
0.8132209142752458,1.6603188802238171,-0.7945466278248707,1.270329356679451,-0.010684955963028146,0.13269047539925655,0.1309923684960328,0.06991039037071911,1.0784903518252564,-0.8082983888034045,-0.6624287673820031,0.14080980460906345,0.13790610369821957,0.41390077802624936,1.0162373744051294,0.4778669750825869,0.4826036400824114,0.8562368595352174,0.8494091428086828
0.8132209142752458,1.6603188802238171,-0.6500836042705146,-0.7030746009502787,-0.010684955963028146,1.2126007060041253,1.2108308561492263,0.06991039037071911,1.0784903518252564,-0.8059927536386631,-0.6709881972342662,0.12789438966742403,0.12406017988625942,0.41390077802624936,1.0633570445818654,0.5014525100006583,0.5068969542597159,0.7267550051590557,0.7198214182516851
0.8132209142752458,1.6603188802238171,-0.5056205807161585,1.2790974696788115,-0.010684955963028146,0.13521785639597042,0.13390308684429544,0.0998892893390305,0.9588815993405444,-0.7894099664072838,-0.6466534501132368,0.1776596003654109,0.17207457239880108,0.41390077802624936,1.0751038220320899,0.49016505081864326,0.4959412829086679,0.8617285410623636,0.8549052632108193
0.8132209142752458,1.6603188802238171,-0.3611575571618023,-0.7030746009502787,-0.010684955963028146,1.212416820404861,1.2111099102493796,0.06991039037071911,0.7196640943711202,-0.7247063631213133,-0.5852964901456035,0.23162799866248987,0.2186193358543695,0.41390077802624936,1.034946704832129,0.4539864962774992,0.4626159538746399,0.7244095414648937,0.7174740080966893
0.8132209142752458,1.6603188802238171,-0.2166945336074462,1.859780973364689,-0.010684955963028146,0.21242894052322578,-0.6874206446824462,0.06991039037071911,1.0784903518252564,-0.6347042008765561,-0.49429253733087763,0.34057601372852564,0.29082645918851413,0.41390077802624936,0.9764446777292923,0.4018868273411111,0.426581347907402,0.8955395981994176,0.8887440739986351
0.8132209142752458,1.6603188802238171,-0.07223151005309006,-0.7030746009502787,-0.010684955963028146,1.0594368675329757,1.3729717476373702,0.009952592434096328,0.8392728468558323,-0.5374928418957595,-0.4174580519963451,0.40267726091582196,0.2730159546647192,0.41390077802624936,0.9244106328919203,0.3589388768519313,0.42021821538099957,0.7559666239889666,0.7490568981653173
0.8132209142752458,1.6603188802238171,0.07223151350126605,1.79933370483107,-0.010684955963028146,0.2571654408029378,-0.6874206446824462,-0.07998424742150408,1.0784903518252564,-0.46316716786413664,-0.363832549069709,0.4674872474195909,0.28646721065130165,0.41390077802624936,0.8905470002990477,0.3141019842628159,0.39780488785705875,0.8849933696155217,0.878189222286805
0.8132209142752458,1.6603188802238171,0.2166945370556222,-0.7030746009502787,-0.010684955963028146,1.0273992473321483,1.4349194568255879,-0.07998424742150408,0.7196640943711202,-0.4039333995620182,-0.33626105445455445,0.4941469449027696,0.24739265469463387,0.41390077802624936,0.8609431351290333,0.27256412579818046,0.38545876876981794,0.7670119983065348,0.7601113599729138
0.8132209142752458,1.6603188802238171,0.3611575606099783,1.7715978152411191,-0.010684955963028146,0.28114859979776596,-0.6874206446824462,-0.13994204535812688,0.9588815993405444,-0.39172321084074274,-0.33902328307701296,0.5026610728889409,0.23038450579109118,0.41390077802624936,0.8560870870337665,0.2391185733630512,0.3624910526148794,0.8761095821157934,0.8692979637164698
0.8132209142752458,1.6603188802238171,0.5056205841643344,-0.7030746009502787,-0.010684955963028146,1.0086936468759315,1.463878955004835,-0.22987888521372726,1.0784903518252564,-0.4112655286324226,-0.3816193532270213,0.4450812984590982,0.12607990265448069,0.41390077802624936,0.8724864926570617,0.22165225661854865,0.36670453721998497,0.7680372511926946,0.7611373925046946
0.8132209142752458,1.6603188802238171,0.6500836077186906,1.7692931800392153,-0.010684955963028146,0.30822800317474536,-0.6874206446824462,-0.22987888521372726,1.0784903518252564,-0.4643592191702409,-0.4464635398585745,0.39915042927824806,0.0632471573581721,0.41390077802624936,0.9070129271291275,0.20284611389317325,0.35536457126848164,0.8854946722626991,0.8786906744517488
0.8132209142752458,1.6603188802238171,0.7945466312730467,-0.7030746009502787,-0.010684955963028146,1.060391127101854,1.5475698735469727,-0.28983668315035005,1.0784903518252564,-0.5474627849918494,-0.5623644263754246,0.25501366912606416,-0.14338382729959925,0.41390077802624936,0.9758464689059624,0.21700038428288623,0.4015353840211376,0.776103568473935,0.7740251224924548
0.8132209142752458,1.6603188802238171,0.9390096548274028,1.1580796651763783,-0.010684955963028146,0.15607747058691368,0.2818981423667809,-0.37977352300595046,0.7196640943711202,-0.6027287160337151,-0.6405626316343951,0.21271324003277534,-0.1518386699917101,0.41390077802624936,1.0147522161580063,0.19371434753243957,0.3614069488130268,0.8758158823934957,0.869004051345507
0.8132209142752458,1.6603188802238171,1.083472678381759,-0.7030746009502787,-0.010684955963028146,1.192054889764145,1.3041432839391516,-0.5296681607981737,1.0784903518252564,-0.6562853645115893,-0.7179426049387028,0.12019918286995385,-0.1755952318351638,0.41390077802624936,1.0249887693991309,0.1560033860018414,0.2908465298837477,0.7549420900739752,0.7480314796565956
0.8132209142752458,1.6603188802238171,1.227935701936115,1.2437052031874412,-0.010684955963028146,0.17146387321682013,0.2227514334792017,-0.5296681607981737,0.8990772230981884,-0.7289906857530166,-0.7787728628742955,0.05726906808275772,-0.1679346072823696,0.41390077802624936,0.9928903589746986,0.08149405402635451,0.18187084360725114,0.8945449015879154,0.8877483332711039
0.8132209142752458,1.6603188802238171,1.3723987254904713,-0.7030746009502787,-0.010684955963028146,1.236231365300705,1.2856842945045766,-0.5296681607981737,-1.4332934503536978,-0.7907635298760911,-0.8536821374787669,-0.02790370874775083,-0.19456939613275268,0.3560712417721229,0.8590000410381041,-0.12902214533157128,-0.05997841271314621,0.7609631141238669,0.7540575019587481
0.8132209142752458,1.6603188802238171,1.5168617490448273,1.2803733234666337,-0.010684955963028146,0.16705344301603628,0.1908811123587009,-0.5296681607981737,1.0784903518252564,-0.8399887752537817,-0.882002286501419,-0.04284653383874528,-0.16512799010767373,0.41390077802624936,0.7540826008825321,-0.24734083744272986,-0.1991616197282724,0.8953235473633089,0.8885277332074737
0.8132209142752458,1.6603188802238171,1.6613247725991833,-0.7030746009502787,-0.010684955963028146,1.247946488803321,1.2714734539949732,-0.5296681607981737,0.8990772230981884,-0.8601974124535363,-0.8960819989457692,-0.06687872103024146,-0.15596193158178956,0.41390077802624936,0.7010001239817091,-0.26637621229205843,-0.2314059018493151,0.759466575636811,0.7525598997175671
0.8132209142752458,1.770563812124458,-1.6613247691510074,1.3088165674666845,-0.010684955963028146,0.17181658211370246,0.18313652433551975,-0.5296681607981737,1.0784903518252564,-0.8977388549033765,-0.9122212067862094,-0.0776291338009425,-0.14212658649504573,0.41390077802624936,0.6847723237904084,-0.23990326346829896,-0.21403665930555488,0.9110030503468962,0.9042201158549171
0.8132209142752458,1.770563812124458,-1.5168617455966513,-0.7030746009502787,-0.010684955963028146,1.2263402446877198,1.2375803044273346,-0.5296681607981737,1.0784903518252564,-0.9193965242996901,-0.9354141863582579,-0.13448033361047315,-0.18015059366292477,0.35226104377724765,0.6785516268805991,-0.18508360465620557,-0.1655004696172556,0.7341952782953987,0.7272678805639231
0.8132209142752458,1.770563812124458,-1.372398722042295,1.2917510152357783,-0.010684955963028146,0.14865458005688575,0.15386544363589916,-0.6196050006537741,0.7794684706134762,-0.9667496671598949,-0.973775766987792,-0.18730655235489013,-0.2191551672835462,0.19418557091345306,0.6474438039919791,-0.18686649707911845,-0.17245729363152051,0.8802413296778825,0.8734329996709018
0.8132209142752458,1.770563812124458,-1.227935698487939,-0.7030746009502787,-0.010684955963028146,1.2338753702848755,1.239016366194615,-0.6795627985903968,1.0784903518252564,-0.9934220603447513,-1.0014105771708668,-0.2635971839848719,-0.28498250556416355,-0.1435176805871042,0.5996449426532189,-0.19175692697045585,-0.1810202943963247,0.7444170711395474,0.7374979140774814
0.8132209142752458,1.770563812124458,-1.083472674933583,1.2999099577705135,-0.010684955963028146,0.15283008019171537,0.1549830720418915,-0.6795627985903968,0.6598597181287641,-1.02881545642018,-1.0215177925261385,-0.28427825946997304,-0.29892119665878975,-0.4705262932169602,0.5210785770634463,-0.2508031750575947,-0.24313605782980344,0.891303060589532,0.8845038354267414
0.8132209142752458,1.770563812124458,-0.9390096513792268,-0.7030746009502787,-0.010684955963028146,1.2493035603419185,1.2513869976194747,-0.7095416975587082,0.8990772230981884,-1.0352680961835572,-1.0339506044290885,-0.30217599755461044,-0.31205834588125725,-0.6650047610434064,0.45797212556057076,-0.2900324469948116,-0.2844184685853042,0.7596207949524361,0.752714224179758
0.8132209142752458,1.770563812124458,-0.7945466278248707,1.309337408213939,-0.010684955963028146,0.155934954017518,0.15655688277840046,-0.6795627985903968,1.0784903518252564,-1.052007164414475,-1.0386129958646286,-0.2804588375696345,-0.28757754823453324,-0.5987082475213282,0.4257532057035579,-0.3016291635171835,-0.2973181029067235,0.9008321247129129,0.8940408415809122
0.8132209142752458,1.770563812124458,-0.6500836042705146,-0.7030746009502787,-0.010684955963028146,1.2569278045571477,1.2574830955105285,-0.6795627985903968,1.0784903518252564,-1.0458258912402547,-1.039552292751359,-0.28198975602664955,-0.2868386649655788,-0.460224086107956,0.41652893169611016,-0.28252330575367823,-0.27891999890992614,0.7670545973482633,0.7601539322383457
0.8132209142752458,1.770563812124458,-0.5056205807161585,1.3181705591187876,-0.010684955963028146,0.15855297032240168,0.1584094338360895,-0.6795627985903968,0.8392728468558323,-1.0398577879649866,-1.0208115804224118,-0.24319709461613687,-0.2471391504730553,-0.3408747576566225,0.383024899250058,-0.2964106085515404,-0.293529307504962,0.9088281625624407,0.9020434041103552
0.8132209142752458,1.770563812124458,-0.3611575571618023,-0.7030746009502787,-0.010684955963028146,1.2569890997569024,1.2568561651221033,-0.6795627985903968,1.0784903518252564,-0.9884321845812397,-0.9730486816199156,-0.19449366331362172,-0.20372568968151408,-0.3489260134440821,0.3353971613055622,-0.30826626845707217,-0.3038299312415976,0.7665216599696757,0.759620550874328
0.8132209142752458,1.770563812124458,-0.2166945336074462,1.324703374848541,-0.010684955963028146,0.1613277810034498,0.16121880157601312,-0.6795627985903968,0.6598597181287641,-0.9334520058272333,-0.8906688657763165,-0.08754902123654387,-0.10502781090954687,-0.29534685087005796,0.2561597991951809,-0.359378525983471,-0.3530484621949098,0.9139754568999161,0.9071948529019752
0.8132209142752458,1.770563812124458,-0.07223151005309006,-0.7030746009502787,-0.010684955963028146,1.2559052416342764,1.2565084980198136,-0.6196050006537741,0.6598597181287641,-0.864165249713789,-0.8118639443060655,-0.030170661633476915,-0.05100795746651647,-0.35957640184907275,0.17361855048117053,-0.3980825375571926,-0.3912687437022372,0.7628056574857226,0.7559016178796228
0.8132209142752458,1.770563812124458,0.07223151350126605,1.3251778111398138,-0.010684955963028146,0.16031259233242626,0.1607442108790696,-0.6795627985903968,1.0784903518252564,-0.8133019963702229,-0.7403173525560883,0.05693006123439868,0.03837982936700607,-0.2904187463730188,0.11301676702504973,-0.4262384015009866,-0.42107930558653284,0.908530688241509,0.9017456029266846
0.8132209142752458,1.770563812124458,0.2166945370556222,-0.7030746009502787,-0.010684955963028146,1.255501488270704,1.2561131365135993,-0.5296681607981737,0.3010334606746278,-0.7635104775799781,-0.6900677522179078,0.1009246957018828,0.09032299767526585,-0.1957006245193632,0.061520435275852214,-0.4510273508521857,-0.44917429776868234,0.757389647674052,0.7504812269881105
0.8132209142752458,1.770563812124458,0.3611575606099783,1.3205982825881024,-0.010684955963028146,0.15628771521405882,0.15594721023350042,-0.4996892618298623,0.24122908443227173,-0.7628304263685967,-0.6773162751489413,0.12184034071775555,0.12065871285516959,-0.1089347771482881,0.023853766009601766,-0.4804427986899436,-0.4822181746777178,0.8954734528519235,0.8886777595082507
0.8132209142752458,1.770563812124458,0.5056205841643344,-0.7030746009502787,-0.010684955963028146,1.2563700809989695,1.2552709537495685,-0.5296681607981737,0.3010334606746278,-0.7656631012221587,-0.6924946170630301,0.1096186879572323,0.11481844278767396,0.049449284489541286,0.013636494277690087,-0.49318762766662766,-0.49716985482588655,0.7529805569837469,0.7460684479366056
0.8132209142752458,1.770563812124458,0.6500836077186906,1.3264638774913078,-0.010684955963028146,0.16112428303225035,0.15957778984274687,-0.6795627985903968,1.0784903518252564,-0.8165093532854404,-0.744496875814302,0.08309906909843667,0.08731619846955366,0.3887735004182362,0.04479926946756677,-0.47577487793689943,-0.47915910231841174,0.8987967173351299,0.8920037177451224
0.8132209142752458,1.770563812124458,0.7945466312730467,-0.7030746009502787,-0.010684955963028146,1.258135089873819,1.2561602033595771,-0.6795627985903968,0.7794684706134762,-0.8608611162800288,-0.8177049793905842,0.012334497756987174,0.014287189560911212,0.41390077802624936,0.0911816629357749,-0.44556243099268183,-0.44753405854219364,0.7511786354929066,0.7442650622119855
0.8132209142752458,1.770563812124458,0.9390096548274028,1.3339195864749687,-0.010684955963028146,0.1648451422357932,0.16332645493890222,-0.6945523195498856,0.36083783691698385,-0.9181887795040924,-0.8851325803483814,-0.025306866557264607,-0.024975342205369424,0.41390077802624936,0.11828664451179838,-0.4541268641119193,-0.45533916921712264,0.906323806240059,0.8995369619830487
0.8132209142752458,1.770563812124458,1.083472678381759,-0.7030746009502787,-0.010684955963028146,1.259091546028354,1.2574577840066916,-0.724531218518197,0.36083783691698385,-0.9428072872514976,-0.9333407754527349,-0.0753887046784132,-0.07552374628126365,0.41390077802624936,0.1112443142906546,-0.47998997307517144,-0.4808840610363645,0.7527339498729805,0.7458216106668415
0.8132209142752458,1.770563812124458,1.227935701936115,1.3362679386160985,-0.010684955963028146,0.16381034119283447,0.16254891064334778,-0.7545101174865084,0.3010334606746278,-0.9775082081030291,-0.9676626836938573,-0.09180691409722938,-0.09254003266574197,0.41390077802624936,0.0919529233042906,-0.5205816255257978,-0.5214286698288321,0.9094612166762301,0.9026768712330087
0.8132209142752458,1.770563812124458,1.3723987254904713,-0.7030746009502787,-0.010684955963028146,1.2589513829435905,1.2576119540755168,-0.7694996384459972,0.36083783691698385,-0.9977116141396192,-0.9972261834843517,-0.1461226079186664,-0.14647200131466767,0.41390077802624936,0.06062239898426175,-0.548792357707397,-0.5496182072166618,0.7554681972264629,0.748558311441316
0.8132209142752458,1.770563812124458,1.5168617490448273,1.3373409744727573,-0.010684955963028146,0.1631778814226687,0.16207787610810034,-0.7545101174865084,0.4206422131593399,-1.0233155422481321,-1.0130912557889609,-0.15379294868813959,-0.15441825144830215,0.41390077802624936,0.02792794890628593,-0.5777736307938264,-0.5786521009794691,0.9128887319788568,0.9061072133899299
0.8132209142752458,1.770563812124458,1.6613247725991833,-0.7030746009502787,-0.010684955963028146,1.2587624765771108,1.2575916630352508,-0.7395205965270196,0.48044658940169593,-1.028386501040693,-1.0269309256955912,-0.18840645965995723,-0.18868843866057894,0.41390077802624936,-0.00017075345079699326,-0.5839563920254068,-0.5847796347138878,0.7582718252976973,0.7513639874727646
1.141007478202282,-1.5367841448947694,-1.6613247691510074,1.336798096088106,-0.010684955963028146,0.16204031155076962,0.1610277624778385,-0.7095416975587082,0.5402509656440521,-1.0414820641275555,-1.0325033914480524,-0.1625433039402823,-0.16349723892817516,0.41390077802624936,-0.02308272982961186,-0.5977708263335355,-0.5986199174096034,0.9124593264485209,0.9056773972485496
1.141007478202282,-1.5367841448947694,-1.5168617455966513,-0.7030746009502787,-0.010684955963028146,1.2387423765043104,1.2376620961463451,-0.6795627985903968,0.5402509656440521,-1.0268799260493249,-1.0274464953200855,-0.14971492009663234,-0.1510428243562063,0.41390077802624936,-0.03908686451404287,-0.5981180360122952,-0.5989227677566668,0.7350993845396806,0.7281725412043522
1.141007478202282,-1.5367841448947694,-1.372398722042295,1.9011916648787723,-0.010684955963028146,0.22241618790852272,-0.6874206446824462,-0.6795627985903968,0.48044658940169593,-1.0159199853243583,-1.0129124414927464,-0.10870006465078819,-0.13616995045017072,0.41390077802624936,-0.054653067920476056,-0.6059900016085598,-0.598425368268123,0.9051678803440397,0.8983801425396765
1.141007478202282,-1.5367841448947694,-1.227935698487939,-0.7030746009502787,-0.010684955963028146,1.0932051880326807,1.4089724459749067,-0.7095416975587082,0.4206422131593399,-0.9698203599374404,-0.995280099490141,-0.0971680297333816,-0.20199159249413312,0.41390077802624936,-0.07481718821758859,-0.6095826783970252,-0.5763026635357764,0.7673425453012136,0.7604423184017767
1.141007478202282,-1.5367841448947694,-1.083472674933583,1.8479636038543124,-0.010684955963028146,0.2759420641953892,-0.6874206446824462,-0.7545101174865084,0.3010334606746278,-0.9406553175047127,-0.9773061317309543,-0.06729149709499159,-0.22750747771586818,0.41390077802624936,-0.09676581219235433,-0.6253259589780388,-0.5740272464725125,0.8987675990028091,0.8919744493126379
1.141007478202282,-1.5367841448947694,-0.9390096513792268,-0.7030746009502787,-0.010684955963028146,1.0543975862384622,1.4673924427605876,-0.7994785374143086,0.24122908443227173,-0.8918282944229176,-0.9606339598792286,-0.05644742228550188,-0.2929019020107105,0.41390077802624936,-0.12202386620464788,-0.6416001385556818,-0.5652249349792429,0.7715934623344675,0.76469667950403
1.141007478202282,-1.5367841448947694,-0.7945466278248707,1.8200143254339591,-0.010684955963028146,0.30009864885778287,-0.6874206446824462,-0.9793520741748433,0.6598597181287641,-0.872764628060787,-0.9514107602270094,-0.03253210542559158,-0.3073093120072285,0.41390077802624936,-0.13786193889098286,-0.6599129008818203,-0.5715599004582256,0.8906838466707345,0.8838840814857416
1.141007478202282,-1.5367841448947694,-0.6500836042705146,-0.7030746009502787,-0.010684955963028146,1.033817670621144,1.4980804447101244,-0.6795627985903968,0.3010334606746278,-0.8035726867796987,-0.9111935464145794,0.05745970763073468,-0.32566421400561657,0.41390077802624936,-0.16838384491839603,-0.6917488404276588,-0.5692888503790576,0.7731856239869226,0.7662898646680798
1.141007478202282,-1.5367841448947694,-0.5056205807161585,1.7243442831323623,-0.010684955963028146,0.23390276190352047,-0.6874206446824462,-0.4697103628615509,-0.2970103017489328,-0.42662095420633744,-0.7760983019612651,1.1162203673036042,-0.20092720998775382,0.12430244069693235,-0.2590614084825167,-0.9962103064334289,-0.613529456161245,0.8907915126032048,0.8793802223471346
1.141007478202282,-1.5367841448947694,-0.3611575571618023,-0.7030746009502787,-0.010684955963028146,0.9762066680093252,1.5231168689806203,-0.07998424742150408,-2.0911415890196143,-0.03088215302316702,-0.5362039644167803,1.892153995671048,0.021706944678010983,-0.5096029478972872,-0.4420149727245068,-1.2249027481344954,-0.7330966073151762,0.7435943883800885,0.7427707347604532
1.141007478202282,-1.5367841448947694,-0.2166945336074462,-0.7030746009502787,-0.010684955963028146,-0.6865507261215884,-0.6874206446824462,0.06991039037071911,-2.569576598958463,0.6238999246923309,-0.33769087304879936,2.08720477701468,0.1653945142987493,-1.2895791238023768,-0.5908783466403729,-1.302125238564775,-0.8206190475212558,-1.2676136780735823,-1.2761757670616813
1.141007478202282,-1.5367841448947694,-0.07223151005309006,-0.7030746009502787,-0.010684955963028146,-0.6865507261215884,-0.6874206446824462,0.08489991133020793,-2.689185351443175,0.9556478685706903,-0.19802438374673126,1.8993485664381786,0.1846673241466755,-1.58520833381368,-0.7027433966030803,-1.296506123776103,-0.8712937493214069,-1.2676136780735823,-1.2761757670616813
1.141007478202282,-1.5367841448947694,0.07223151350126605,-0.7030746009502787,-0.010684955963028146,-0.6865507261215884,-0.6874206446824462,0.2198050281629423,-2.2107503415043266,1.2817821204781747,-0.05797730526166951,1.5085490972317992,0.1393651540299765,-1.5425124568325974,-0.8141109836280951,-1.2416449342622717,-0.8978910843078047,-1.2676136780735823,-1.2761757670616813
1.141007478202282,-1.5367841448947694,0.2166945370556222,-0.7030746009502787,-0.010684955963028146,-0.6865507261215884,-0.6874206446824462,0.06991039037071911,-2.569576598958463,1.491182966370445,0.031706065707860824,1.1400279313755277,0.1504427068276382,-1.606065441480615,-0.9055164241650024,-1.2072452600396952,-0.9604457296429398,-1.2676136780735823,-1.2761757670616813
1.141007478202282,-1.5367841448947694,0.3611575606099783,-0.7030746009502787,-0.010684955963028146,-0.6865507261215884,-0.6874206446824462,0.3247313889780315,-2.7489897276855313,1.5953485028830128,0.13188173078990362,0.8584093890307557,0.5202716853973942,-1.0205025221893456,-0.9990580149038332,-1.1861037472795142,-1.1091812776698378,-1.2676136780735823,-1.2761757670616813
1.141007478202282,-1.5367841448947694,0.5056205841643344,-0.7030746009502787,-0.010684955963028146,-0.6865507261215884,-0.6874206446824462,0.2198050281629423,-2.7489897276855313,1.4848722219079038,0.20055894449478784,0.5584687283901976,0.8852377053600228,0.016011070729503415,-1.0782847721841473,-1.1646251093190634,-1.2497095157865576,-1.2676136780735823,-1.2761757670616813
1.141007478202282,-1.5367841448947694,0.6500836077186906,1.1490632256287912,-0.010684955963028146,0.9603599760850146,-0.6874206446824462,0.06991039037071911,-2.569576598958463,1.0199454028160186,0.1990456328439447,0.2227748638279596,1.0410183853991883,0.41390077802624936,-1.1273651308289694,-1.1365747528760293,-1.335821310955,1.0020246205254482,0.9857943073044344
1.141007478202282,-1.5367841448947694,0.7945466312730467,-0.7030746009502787,-0.010684955963028146,2.911379594521975,-0.6874206446824462,-0.07998424742150408,-1.8519240840501903,0.7287010475293821,0.11614189807019164,0.12167290946257578,0.7361997420241133,0.41390077802624936,-1.0854789442903428,-1.105062926300151,-1.2605367978051807,0.6696979924620144,0.682113238819681
1.141007478202282,-1.5367841448947694,0.9390096548274028,1.7567904937561352,-0.010684955963028146,0.2393349182326396,-0.6874206446824462,-0.22987888521372726,-2.0911415890196143,0.15672239764893112,-0.022929703203613993,0.48477411008310217,0.17069608312830678,0.41390077802624936,-1.0409376939331005,-1.217122844067671,-1.146403921660415,0.8532727211506344,0.8397126953334952
1.141007478202282,-1.5367841448947694,1.083472678381759,-0.7030746009502787,-0.010684955963028146,0.6267285302307979,1.9692220831804066,-0.37977352300595046,-1.672510955323122,0.05569490513965156,-0.14470084737479216,0.5284919027722197,-0.5290678737243204,0.41390077802624936,-0.988190956311447,-1.2314636230918208,-0.9640373557127633,0.8444910275568209,0.8379201573495861
1.141007478202282,-1.5367841448947694,1.227935701936115,1.605153094184886,-0.010684955963028146,0.4251633452106405,-0.6874206446824462,-0.33480510307815026,-1.612706579080766,-0.13719377422395984,-0.2322495791972941,0.5060677187245293,-0.6299506661275021,0.41390077802624936,-0.961382909977302,-1.2356695012336234,-0.946500857678123,0.8675462760143859,0.8594099410468384
1.141007478202282,-1.5367841448947694,1.3723987254904713,-0.7030746009502787,-0.010684955963028146,0.8923583911215945,1.751678911884701,-0.22987888521372726,-1.672510955323122,-0.15308016285906864,-0.28917166630861746,0.4887825137962178,-0.5007917549692225,0.41390077802624936,-0.9452360921246956,-1.2367101543526293,-0.9888547079815977,0.7973782848329203,0.7934917002099238
1.141007478202282,-1.5367841448947694,1.5168617490448273,1.664592543935118,-0.010684955963028146,0.391551191491198,-0.6874206446824462,-0.22987888521372726,-1.672510955323122,-0.24530818503030913,-0.3347289568659767,0.46300224483653285,-0.40029712040667004,0.41390077802624936,-0.9523904961181394,-1.2430049292001244,-1.0306832100983137,0.8725460015195442,0.8631047224678852
1.141007478202282,-1.5367841448947694,1.6613247725991833,-0.7030746009502787,-0.010684955963028146,0.9656826169292476,1.6760431179562072,-0.4547208419020621,-1.0744671928995615,-0.2563923658804318,-0.38610640924370515,0.433513622234896,-0.3607977879451628,0.41390077802624936,-0.9454431273298691,-1.2367516850543674,-1.0422035324929853,0.7755605654989896,0.7723011504168135
1.141007478202282,-1.4265392129941283,-1.6613247691510074,1.7443254327076347,-0.010684955963028146,0.4024385159991736,-0.6874206446824462,-0.5296681607981737,-0.9548584404148494,-0.3007840164941493,-0.42543859665619377,0.4301136073401068,-0.29603320467473765,0.41390077802624936,-0.9362557292087911,-1.233399626091376,-1.0568704852780892,0.8738433849929491,0.8670299672104529
1.141007478202282,-1.4265392129941283,-1.5168617455966513,-0.7030746009502787,-0.010684955963028146,0.9485509223957439,1.5924496800817394,-0.37977352300595046,-1.1940759453842735,-0.323255785657934,-0.46045210571613837,0.3931544010605726,-0.29759234602200274,0.41390077802624936,-0.9395584107180943,-1.2190233887396327,-1.0502911870389307,0.7560370831634713,0.7491275108171155
1.141007478202282,-1.4265392129941283,-1.372398722042295,2.4202563218933295,-0.010684955963028146,-0.6865507261215884,-0.6874206446824462,-0.5896259587347964,-0.536227806718357,-0.34886363713882024,-0.48686026374269076,0.3814789720483833,-0.22666768968331205,0.41390077802624936,-0.9370990542179899,-1.2071693553628895,-1.0594135984664432,0.9303773461649684,0.9236101453643498
1.141007478202282,-1.4265392129941283,-1.227935698487939,-0.7030746009502787,-0.010684955963028146,1.1945447719057187,1.4253190753619949,-0.6795627985903968,0.3010334606746278,-0.34684375426193814,-0.5447153857614995,0.15875976135249456,-0.289230270612558,0.41390077802624936,-0.8868410773979905,-1.0920735758289002,-0.9770544619063672,0.7962072605423642,0.7952670455481777
1.141007478202282,-1.4265392129941283,-1.083472674933583,1.6280892580169417,-0.010684955963028146,0.4853604613356617,-0.6874206446824462,-0.6795627985903968,0.0020115794628475024,-0.3677069407526474,-0.5703428837088583,0.13912803224886666,-0.2581931045760037,0.41390077802624936,-0.8617813819117245,-1.0610652141307486,-0.9581063362626682,0.864239368125261,0.8574182549174231
1.141007478202282,-1.4265392129941283,-0.9390096513792268,-0.7030746009502787,-0.010684955963028146,1.0183761964508435,1.5447678273164234,-0.8444469573421088,0.0020115794628475024,-0.39151657989574606,-0.6133244134701618,0.1106514569867075,-0.30700741146451693,0.41390077802624936,-0.8351208391230581,-1.0296467503073414,-0.9187381929856855,0.7765946257819625,0.7697017861332276
1.141007478202282,-1.4265392129941283,-0.7945466278248707,1.716732698176871,-0.010684955963028146,0.4122489905387614,-0.6874206446824462,-0.9793520741748433,-0.6558365592030692,-0.4406509338134539,-0.6427411046361375,0.12044452767952421,-0.29906278882706955,0.41390077802624936,-0.8420790537602607,-1.0496530544082672,-0.939608883377685,0.8675964242533829,0.8607779844225462
1.141007478202282,-1.4265392129941283,-0.6500836042705146,-0.7030746009502787,-0.010684955963028146,1.0060474933547783,1.5537057167746302,-0.9793520741748433,-1.2538803216266297,-0.4537759221931165,-0.656652439416348,0.13533762071452468,-0.31886697618009185,0.41390077802624936,-0.8766679121184032,-1.1025064567853358,-0.9863906372053829,0.7694218099202699,0.7625232425491166
1.141007478202282,-1.4265392129941283,-0.5056205807161585,1.6879072892941598,-0.010684955963028146,0.32591574767735537,-0.6874206446824462,-0.9044047552787317,-1.0146628166572054,-0.309452053857681,-0.5796662750289954,0.6708092985426235,-0.18806185262853609,0.41390077802624936,-0.9454303533300156,-1.2619324109731362,-1.0561763531560169,0.8729700147661169,0.8621591269568484
1.141007478202282,-1.4265392129941283,-0.3611575571618023,-0.7030746009502787,-0.010684955963028146,0.9951391443840881,1.573368571536328,-0.82945743638262,-1.2538803216266297,0.021901591097156246,-0.4177008776359517,1.54396412317272,-0.03581609430780452,-0.3281003468975205,-1.0692523491933679,-1.4850272080655418,-1.1424076945140895,0.7586223237422997,0.7571364182515027
1.141007478202282,-1.4265392129941283,-0.2166945336074462,2.3002156984832687,-0.010684955963028146,-0.6865507261215884,-0.6874206446824462,-0.5296681607981737,-1.4332934503536978,0.7738342155216638,-0.26927318359484137,1.7985740147747553,0.10957383632466584,-1.7851878332195246,-1.175550345408583,-1.5560132618142142,-1.207387216943177,0.9212615107206341,0.9061465108657133
1.141007478202282,-1.4265392129941283,-0.07223151005309006,-0.7030746009502787,-0.010684955963028146,-0.6865507261215884,2.860433020957391,-0.5446576817576625,-1.8519240840501903,1.2683347616685012,-0.15472418881941113,1.6576772980705798,0.336244181534499,-2.634363586094499,-1.2732201072698939,-1.5707834444385789,-1.3107292753865218,0.6448584373072354,0.6549957291112887
1.141007478202282,-1.4265392129941283,0.07223151350126605,-0.7030746009502787,-0.010684955963028146,-0.6865507261215884,-0.6874206446824462,-0.37977352300595046,-2.0911415890196143,1.5814806893339948,-0.03590174109709424,1.2939246075165323,0.5704189116631623,-2.822786727034224,-1.3443430872468947,-1.5174008780289223,-1.3796234715339406,-1.2676136780735823,-1.2761757670616813
1.141007478202282,-1.4265392129941283,0.2166945370556222,-0.7030746009502787,-0.010684955963028146,-0.6865507261215884,-0.6874206446824462,-0.5296681607981737,-1.9117284602925464,1.7750337264194944,0.03521486141140196,0.9503009666260523,0.7523518279332285,-2.7447848008457383,-1.3930337183867512,-1.4652350635884606,-1.4342689627980574,-1.2676136780735823,-1.2761757670616813
1.141007478202282,-1.4265392129941283,0.3611575606099783,2.3613663797357463,-0.010684955963028146,-0.6865507261215884,-0.6874206446824462,-0.5746365807259739,-1.672510955323122,1.9527114910916095,0.08032615989143228,0.5984624189529651,1.0606012332707617,-2.22725580809866,-1.435503170579068,-1.4116673982026506,-1.5146585895308,0.9048493761164319,0.8879984453305168
1.141007478202282,-1.4265392129941283,0.5056205841643344,-0.7030746009502787,-0.010684955963028146,1.419442926566309,1.1761281568307682,-0.5296681607981737,-1.9117284602925464,1.9139368019257448,0.12267453397353244,0.29961337694147516,1.7178623134485438,-1.6292969359787086,-1.4751126929173823,-1.3690101626256366,-1.6551713248539786,0.8875232494143821,0.882185079681171
1.141007478202282,-1.4265392129941283,0.6500836077186906,1.2141883858273805,-0.010684955963028146,0.8772460910018541,-0.6874206446824462,-0.82945743638262,-1.7323153315654782,1.529310299094706,0.14096716689873567,0.27803795331608216,2.0611134655344663,0.1197050502067833,-1.5143308006186753,-1.3951033711948624,-1.7382902074721704,0.8448224732654602,0.8388720977655671
1.141007478202282,-1.4265392129941283,0.7945466312730467,1.2172715050495186,-0.010684955963028146,0.9026760677492554,-0.6874206446824462,-1.0393099435867992,-1.3734890741113417,0.9312569164209396,0.04499189833905613,0.4258640031554203,1.480036295624067,0.41390077802624936,-1.496020115394652,-1.4455894151376143,-1.6563925519564482,0.816001795008375,0.8105169222443525
1.141007478202282,-1.4265392129941283,0.9390096548274028,0.5108236839350756,-0.010684955963028146,0.3101959347245508,0.7844802247642993,-0.9793520741748433,-1.493097826596054,0.5934349382132316,-0.08749070921820487,0.47071900219160046,0.5387291196555711,0.41390077802624936,-1.435287940732479,-1.450246383930148,-1.4732791225537638,0.8605841187050389,0.8522565724081512
1.141007478202282,-1.4265392129941283,1.083472678381759,1.2597933951581914,-0.010684955963028146,0.8516166433569575,-0.6874206446824462,-1.1292467119670664,-1.2538803216266297,0.4599951587368775,-0.2054121277047324,0.40810219935716646,0.3813795332920177,0.41390077802624936,-1.3849234335740783,-1.4378952833555803,-1.441020211035999,0.8210448385264302,0.8153955401233725
1.141007478202282,-1.4265392129941283,1.227935701936115,-0.7030746009502787,-0.010684955963028146,0.988462256182816,1.6594119956334308,-1.2341729298314894,-1.0146628166572054,0.34862761833762157,-0.3266113444382126,0.3826526485698415,0.06260999260091293,0.41390077802624936,-1.3440283166089941,-1.4437053526240449,-1.3839009324560538,0.7704055422214537,0.765237429144757
1.141007478202282,-1.4265392129941283,1.3723987254904713,1.540148334736952,-0.010684955963028146,0.555204667867136,-0.6874206446824462,-1.2791413497592896,-1.0146628166572054,0.1266340549176738,-0.39827969689572884,0.43471382251955093,0.045107898604578006,0.41390077802624936,-1.3183410079978486,-1.4593658971073402,-1.3854676971751259,0.8331976081861496,0.8243506570918555
1.141007478202282,-1.4265392129941283,1.5168617490448273,-0.7030746009502787,-0.010684955963028146,1.009832001242708,1.6340218378671634,-1.578930625343736,-0.057792796779508555,0.045475174002458076,-0.48488913183150056,0.41669506976532816,-0.09836646901564704,0.41390077802624936,-1.278892727280327,-1.4555350965042102,-1.3534309559732496,0.7507549817319181,0.7467219731458568
1.141007478202282,-1.4265392129941283,1.6613247725991833,1.6357028138180538,-0.010684955963028146,0.4423277793303613,-0.6874206446824462,-1.773793647326093,0.6000553418864081,-0.1709203909361081,-0.5845040018833918,0.353392793425777,-0.11925782382166836,0.41390077802624936,-1.241670978839164,-1.4469532053093073,-1.3533060602281015,0.8458209444755966,0.8359180328281659
1.141007478202282,-1.3162942810934875,-1.6613247691510074,-0.7030746009502787,-0.010684955963028146,1.0211405472001929,1.6207908244978282,-1.578930625343736,-0.057792796779508555,-0.22162540159394895,-0.626724353278708,0.2893163547479194,-0.2538354835349783,0.41390077802624936,-1.2431544499542309,-1.4460887594757432,-1.3360178252393238,0.746552235766948,0.7430828631488365
1.141007478202282,-1.3162942810934875,-1.5168617455966513,1.6715566165202695,-0.010684955963028146,0.37079722261041226,-0.6874206446824462,-1.728825263135959,0.3010334606746278,-0.37549548880915207,-0.6790257954827903,0.251547344823283,-0.24365549488451568,0.41390077802624936,-1.2391484753963873,-1.4501813227786002,-1.351042434021897,0.8452209630355543,0.8347376758341942
1.141007478202282,-1.3162942810934875,-1.372398722042295,-0.7030746009502787,-0.010684955963028146,1.0323755598378352,1.608239874756378,-1.6688673937240033,0.06181595570520356,-0.4097112192771786,-0.7279415942418139,0.17274690210080448,-0.36533199232249114,0.41390077802624936,-1.2441660061313122,-1.4504416758200438,-1.3411007763779594,0.7486097515081597,0.745541206803179
1.141007478202282,-1.3162942810934875,-1.227935698487939,1.085731534945172,-0.010684955963028146,0.15517190200009318,0.31069750867671214,-0.5296681607981737,-1.9117284602925464,-0.46423497904508465,-0.6996624959719893,0.24197392404443976,-0.19716769379549665,0.41390077802624936,-1.282015367697355,-1.477643743282148,-1.3929077279796225,0.8543190039434703,0.8441917888753846
1.141007478202282,-1.3162942810934875,-1.083472674933583,-0.7030746009502787,-0.010684955963028146,1.1887409742033426,1.328057425415553,-1.578930625343736,-0.057792796779508555,-0.521238310152951,-0.7436821227369975,0.17024537968430675,-0.1941234621774806,0.41390077802624936,-1.2840567974852697,-1.4742230448042737,-1.4051852854165547,0.7202783331311808,0.7133395861653163
1.141007478202282,-1.3162942810934875,-0.9390096513792268,1.2209112985756538,-0.010684955963028146,0.19153271657133686,0.25558087232774046,-1.5939200748278917,0.06181595570520356,-0.6013372266319653,-0.7829057691759085,0.13425594849665537,-0.14910935888590263,0.41390077802624936,-1.2912620564592625,-1.4774337041979015,-1.4258740909209524,0.8558002642931974,0.8489721630649462
1.141007478202282,-1.3162942810934875,-0.7945466278248707,-0.7030746009502787,-0.010684955963028146,1.2327697555043162,1.294668832436797,-1.578930625343736,-0.057792796779508555,-0.6637992765019591,-0.8216896855167353,0.061962116433390654,-0.15008016036152227,0.41390077802624936,-1.3026068144423981,-1.4742760696427852,-1.4374796786801,0.717858455921088,0.7109176745458146
1.141007478202282,-1.3162942810934875,-0.6500836042705146,1.2707233466358365,-0.010684955963028146,0.18299824909968126,0.21302323938053092,-1.578930625343736,0.3010334606746278,-0.7170420551899649,-0.8338601900668724,0.060170933550007084,-0.09772686301410717,0.41390077802624936,-1.317653622194409,-1.475940550769881,-1.450680853253354,0.8565523081353595,0.8497247506610679
1.141007478202282,-1.3162942810934875,-0.5056205807161585,1.009000781556555,-0.010684955963028146,0.27107673156502604,0.2965573730290667,-1.2791413497592896,0.3010334606746278,-0.5468984732654819,-0.7473718200631682,0.4143079310776166,0.014307533263250266,0.2271836089882639,-1.359758653862602,-1.5235978442785905,-1.451455556231999,0.8787287940823293,0.8714345592878363
1.141007478202282,-1.3162942810934875,-0.3611575571618023,-0.7030746009502787,-0.010684955963028146,1.2875751952358925,1.3322311041308885,-0.6795627985903968,-0.9548584404148494,-0.30493886783753194,-0.5856784708795405,0.8307401308108989,0.2192491768787866,-0.1360929182352323,-1.4264591786827607,-1.5805545450485217,-1.4713286091072484,0.7244675983867432,0.7236529221405613
1.141007478202282,-1.3162942810934875,-0.2166945336074462,2.3491281451014268,-0.010684955963028146,-0.6865507261215884,-0.6874206446824462,-0.22987888521372726,-1.672510955323122,0.15796741448207569,-0.337407692431837,1.0563280522700411,0.39319515561054025,-0.8929773379549988,-1.5275914175609768,-1.597140692847836,-1.4804102984080647,0.9800580741596555,0.9621771383817025
1.141007478202282,-1.3162942810934875,-0.07223151005309006,-0.7030746009502787,-0.010684955963028146,1.2348843352965382,1.3296493307395156,-0.05000534845319268,-2.1509459652619705,0.5035812102232662,-0.11113385552041213,1.1979591456677279,0.5959982692361953,-1.3766489020037276,-1.6256945313418476,-1.6222019231182623,-1.5210092761525285,0.75493310293437,0.7571259798594977
1.141007478202282,-1.3162942810934875,0.07223151350126605,2.3124417497082956,-0.010684955963028146,-0.6865507261215884,-0.6874206446824462,-0.22987888521372726,-2.4499678464737507,0.9824327317635829,0.05946472392488979,1.1366793062719323,0.6732538857427995,-2.4405686715146886,-1.7404833811578249,-1.6552864945975543,-1.5830917413322747,0.9012978382872537,0.8876101780828031
1.141007478202282,-1.3162942810934875,0.2166945370556222,-0.7030746009502787,-0.010684955963028146,-0.6865507261215884,-0.6874206446824462,0.06991039037071911,-2.2705547177466827,1.138125879341605,0.2024577157569262,1.0240129911527458,0.7603534129372252,-2.2664768590355164,-1.783857859188822,-1.6134258243859896,-1.5762635249996393,-1.2676136780735823,-1.2761757670616813
1.141007478202282,-1.3162942810934875,0.3611575606099783,2.3453917801398703,-0.010684955963028146,-0.6865507261215884,-0.6874206446824462,-0.06499472646201526,-2.2107503415043266,1.1735918578059406,0.247941949889762,0.7887778796983693,0.7711412714135788,-2.163622473920799,-1.8117815818497978,-1.573225189456165,-1.580768069094749,0.8766459346074309,0.8714382434261909
1.141007478202282,-1.3162942810934875,0.5056205841643344,-0.7030746009502787,-0.010684955963028146,2.8961821505582064,-0.6874206446824462,-0.22987888521372726,-2.2705547177466827,1.108511610772128,0.23496156269062193,0.5160149587909273,0.7247136876834834,-2.03724547282305,-1.8333325246970475,-1.5444561241590338,-1.594026014461252,0.7150354156283063,0.7178070132690825
1.141007478202282,-1.3162942810934875,0.6500836077186906,2.391084223349133,-0.010684955963028146,-0.6865507261215884,-0.6874206446824462,-0.5296681607981737,-2.330359093989039,0.8639050367829547,0.14067494120064183,0.5892122565380828,0.5936172423144324,-1.3810157242778054,-1.8330707782094826,-1.5974233835513107,-1.6085860853106044,0.8709310125324919,0.858685393837083
1.141007478202282,-1.3162942810934875,0.7945466312730467,-0.7030746009502787,-0.010684955963028146,0.9481176720247811,1.6757477473494484,-0.6795627985903968,-2.2107503415043266,0.6426928783607,-0.006485049931118516,0.4850874220358643,0.11438064631333753,-0.3836649579988253,-1.7988506787150367,-1.5985839660596697,-1.5374940952422296,0.8528111416605119,0.8466319165123067
1.141007478202282,-1.3162942810934875,0.9390096548274028,1.3966344024792632,-0.010684955963028146,0.6729413452704734,-0.6874206446824462,-0.9793520741748433,-1.493097826596054,0.2397978459685306,-0.2260084732165755,0.24766741558815183,-0.21072799202661646,0.2705630392159822,-1.7478510868469364,-1.5753565927808686,-1.493806786345016,0.8360096841686129,0.8292710285388953
1.141007478202282,-1.3162942810934875,1.083472678381759,-0.7030746009502787,-0.010684955963028146,0.9640790048005101,1.6825128220113346,-1.2791413497592896,0.6598597181287641,0.11276297189167818,-0.40447070704248855,0.19768504157899122,-0.37139278812334214,0.4071898455554467,-1.6367228315550264,-1.489917963262637,-1.3777849712294896,0.7808863444290239,0.7761469815104024
1.141007478202282,-1.3162942810934875,1.227935701936115,0.9397816375001171,-0.010684955963028146,0.23350769028325816,0.42226423741770414,-1.0842782920392662,-0.596032182960713,-0.12264590946356053,-0.48879034490105344,0.18709957346067024,-0.30260666177453277,0.40494122320578163,-1.589447222172531,-1.4527899496499064,-1.3552987150711442,0.8578989411338009,0.8488378966893532
1.141007478202282,-1.3162942810934875,1.3723987254904713,0.8281228413477308,-0.010684955963028146,0.32941145685108236,0.45769385802404267,-0.9793520741748433,-1.2538803216266297,-0.21143771133113784,-0.5370354161054045,0.11397687379750569,-0.25380862984789077,0.41390077802624936,-1.5864385836787245,-1.452693550710363,-1.3818611141847734,0.8701800471470824,0.8630109816141937
1.141007478202282,-1.3162942810934875,1.5168617490448273,0.8067543956231664,-0.010684955963028146,0.36370068194938576,0.44896954745358436,-0.9793520741748433,-1.7921197078078341,-0.26364145023560015,-0.5823011767401416,0.008119706011496449,-0.2560138871814442,0.41390077802624936,-1.6100003469180137,-1.4813242526252028,-1.4338131588330287,0.8762264149306608,0.8692357427131462
1.141007478202282,-1.3162942810934875,1.6613247725991833,0.8079705865390122,-0.010684955963028146,0.3918905116755059,0.45001851056094455,-1.0393099435867992,-1.9117284602925464,-0.2835054845618951,-0.6176583988830822,-0.04758019670177331,-0.26196075824919646,0.41390077802624936,-1.6348607198027914,-1.5161801139553817,-1.4802036308857176,0.8799873531126399,0.8731789987987814
1.141007478202282,-1.2060493491928466,-1.6613247691510074,0.8041578961015936,-0.010684955963028146,0.40293923292959344,0.44317394522585135,-1.2791413497592896,-1.3136846978689858,-0.30981758138379856,-0.6581323538445518,-0.10544593045358137,-0.27124318275246,0.41390077802624936,-1.6607027625253705,-1.5500030210694877,-1.524752436570486,0.8832212854281707,0.8764155143433754
1.141007478202282,-1.2060493491928466,-1.5168617455966513,-0.7030746009502787,-0.010684955963028146,1.2543582177360293,1.291110788066852,-1.1292467119670664,-1.55290220283841,-0.34617285758609445,-0.6853726593352001,-0.1277010255108923,-0.2523235395771398,0.41390077802624936,-1.6808825490487185,-1.5742906742480116,-1.55775624640044,0.7575916785723766,0.7506832405745593
1.141007478202282,-1.2060493491928466,-1.372398722042295,1.6968909411373274,-0.010684955963028146,0.4654969464403917,-0.6874206446824462,-1.6538779442398477,-0.596032182960713,-0.428281194615662,-0.7265653503588861,-0.09275016542591541,-0.2183853615870364,0.41390077802624936,-1.685501675599532,-1.5965352988326844,-1.5804910931284548,0.8730295096303032,0.8662153632853606
1.141007478202282,-1.2060493491928466,-1.227935698487939,-0.7030746009502787,-0.010684955963028146,1.0648067872684874,1.4901190354164717,-1.8787199009281823,0.3010334606746278,-0.4926663508439952,-0.7793545311685965,-0.09065810360376819,-0.29105794883069863,0.41390077802624936,-1.675988419972756,-1.6013159922484113,-1.5709892999575952,0.7630064301845024,0.7561026080943064
1.141007478202282,-1.2060493491928466,-1.083472674933583,1.1282319249197992,-0.010684955963028146,0.22245143787834754,0.31519668078023244,-1.728825263135959,0.6598597181287641,-0.5696468401815882,-0.8168018628283799,-0.07406251651857344,-0.29056888622646776,0.41390077802624936,-1.6629341151790324,-1.594946722382394,-1.5613480908194681,0.8678807773504911,0.8610624817732694
1.141007478202282,-1.2060493491928466,-0.9390096513792268,0.941004636791744,-0.010684955963028146,0.3144521855320949,0.37593906033945257,-1.5939200748278917,0.6000553418864081,-0.6074962673627367,-0.8417078416116356,-0.10761176149211968,-0.29580291396425956,0.41390077802624936,-1.6465670060836688,-1.5673071186761314,-1.5381912842531693,0.8847025457778978,0.8778979706824316
1.141007478202282,-1.2060493491928466,-0.7945466278248707,0.8873695065626874,-0.010684955963028146,0.3535591505715321,0.39397769054294957,-1.728825263135959,0.6598597181287641,-0.6230884030698439,-0.8737615218151724,-0.19206839671631476,-0.34095616817983665,0.41390077802624936,-1.6248319248234357,-1.528540323091166,-1.5057952494347877,0.891517853226096,0.8847189481717846
1.141007478202282,-1.2060493491928466,-0.6500836042705146,0.8587481697856256,-0.010684955963028146,0.3761033367625613,0.40433020020526905,-1.578930625343736,0.6598597181287641,-0.5932890821034237,-0.8751913404094174,-0.17378109085972443,-0.3629981627901549,0.41390077802624936,-1.6141586453986392,-1.507187361588455,-1.4755922048548564,0.895922989574975,0.8891276337362288
1.141007478202282,-1.2060493491928466,-0.5056205807161585,0.808241309060203,-0.010684955963028146,0.35225270510235646,0.383657186335895,-0.9793520741748433,-0.057792796779508555,-0.21542647324404848,-0.7576609477379582,0.7978473489764734,-0.21826329937300207,-0.1582658950140894,-1.6286323102892968,-1.6348940525621927,-1.4482101228263926,0.8995951348176547,0.8929558628354565
1.141007478202282,-1.2060493491928466,-0.3611575571618023,-0.7030746009502787,-0.010684955963028146,1.240235636353626,1.3283825004317735,-0.6795627985903968,0.0020115794628475024,0.07760432426325542,-0.6265789362051327,1.4523361254741913,-0.0564503047162602,-0.7044016493571659,-1.582957789228067,-1.6251365063588226,-1.3356091847025326,0.7543785964207299,0.7533442118384097
1.141007478202282,-1.2060493491928466,-0.2166945336074462,2.3355371937000724,-0.010684955963028146,-0.6865507261215884,-0.6874206446824462,-0.5296681607981737,-1.4332934503536978,0.7592373086065974,-0.4548559835976412,1.634536972416576,0.08277467035938325,-2.1674513036907106,-1.6331063434832833,-1.6443055818745815,-1.351309911797782,0.9376567495023785,0.9225630313742061
1.141007478202282,-1.2060493491928466,-0.07223151005309006,-0.7030746009502787,-0.010684955963028146,-0.6865507261215884,2.873016812898035,-0.37977352300595046,-1.672510955323122,1.1175477912433593,-0.301385308937997,1.4796962160792855,0.3160013839590467,-2.761163295588379,-1.684465535498204,-1.617464386933062,-1.4023724017856654,0.6398330085828063,0.6500475219522357
1.141007478202282,-1.2060493491928466,0.07223151350126605,-0.7030746009502787,-0.010684955963028146,-0.6865507261215884,-0.6874206446824462,-0.37977352300595046,-1.9117284602925464,1.5687604622041833,-0.17853988743858812,1.091867408350947,0.5260867292739894,-3.3708462121497744,-1.7389136252890303,-1.5666157355056842,-1.467844301671586,-1.2676136780735823,-1.2761757670616813
1.141007478202282,-1.2060493491928466,0.2166945370556222,2.3614007799502192,-0.010684955963028146,-0.6865507261215884,-0.6874206446824462,-0.22987888521372726,-2.0911415890196143,1.8147003289049017,-0.0744769247964255,0.75061930200178,0.7096902703801388,-3.5598911885813282,-1.7801476147785311,-1.5098384950787722,-1.5128565535435514,0.8950249945856246,0.878125159214304
1.141007478202282,-1.2060493491928466,0.3611575606099783,-0.7030746009502787,-0.010684955963028146,-0.6865507261215884,-0.6874206446824462,-0.33480510307815026,-2.2705547177466827,1.9048286929610019,-0.010798162079889383,0.4299354008061283,1.0030318106436131,-3.2235713463771987,-1.8238551808811807,-1.4818482117656673,-1.6027672973517786,-1.2676136780735823,-1.2761757670616813
1.141007478202282,-1.2060493491928466,0.5056205841643344,0.9059585224585077,-0.010684955963028146,1.295381233064046,-0.6874206446824462,-0.37977352300595046,-1.9117284602925464,1.809360619104766,0.011504224888444443,0.05931968652490994,1.2995933521133132,-2.5867104924678834,-1.8406826360090023,-1.4205525827990184,-1.668455690474263,0.9239486654625853,0.9166768016551787
1.141007478202282,-1.2060493491928466,0.6500836077186906,-0.7030746009502787,-0.010684955963028146,2.9122711990999774,-0.6874206446824462,-1.2791413497592896,-0.41661905423364487,1.4169141812382358,-0.1419420976296919,-0.01571106635322407,1.2913923988263936,-2.0396652746058592,-1.7908698210329554,-1.4136694382710266,-1.6743283015120727,0.6428115263907578,0.6513590752065048
1.141007478202282,-1.2060493491928466,0.7945466312730467,1.6008670424628968,-0.010684955963028146,0.4260655143196589,-0.6874206446824462,-1.4290359875515128,1.0784903518252564,0.6738987283229679,-0.22622833826561753,0.41607259019780335,1.1061418315788745,0.41390077802624936,-1.7302415255016668,-1.4568242832221283,-1.6010052192690092,0.7863915066655779,0.7742684802982173
1.141007478202282,-1.2060493491928466,0.9390096548274028,0.5024741964623611,-0.010684955963028146,0.11008426181325365,0.9720006055336221,-1.4290359875515128,0.6598597181287641,0.3686551265128063,-0.36753755345625605,0.419137742582233,-0.11552027882793736,0.41390077802624936,-1.6764661193635055,-1.4598277228480765,-1.3542929986338164,0.8762247972455318,0.8664290433099325
1.141007478202282,-1.2060493491928466,1.083472678381759,0.6353502207298578,-0.010684955963028146,0.31143836541173,0.6569047019973493,-1.2791413497592896,0.3010334606746278,0.17789553055713542,-0.48446888344662276,0.26928013825554037,-0.27991366868936485,0.41390077802624936,-1.6180576075803512,-1.4136695467062792,-1.2999325622565712,0.8672561711479305,0.860535854662902
1.141007478202282,-1.2060493491928466,1.227935701936115,0.6955557919232478,-0.010684955963028146,0.3731067755294994,0.574457289525947,-1.578930625343736,1.0784903518252564,0.06652406678550614,-0.5767648913122064,0.18292456735997473,-0.2914322729537372,0.41390077802624936,-1.5765035450379163,-1.3912188951417055,-1.2925685169753467,0.8677608889081578,0.8608639476508222
1.141007478202282,-1.2060493491928466,1.3723987254904713,0.723595639658268,-0.010684955963028146,0.39267458815564527,0.5208312078925991,-1.578930625343736,1.0784903518252564,-0.07185196903192367,-0.6191508372697758,0.05187479774260951,-0.3071506311289839,0.41390077802624936,-1.552580976557481,-1.3545760208490158,-1.2797640829072219,0.87065402888986,0.8637396223110098
1.141007478202282,-1.2060493491928466,1.5168617490448273,0.7420836049240741,-0.010684955963028146,0.4029481238715374,0.488166816783956,-1.728825263135959,1.0784903518252564,-0.18400745338282834,-0.6814380490430079,-0.08488586963806566,-0.3445749059519076,0.41390077802624936,-1.5210287148815038,-1.3198360768038446,-1.2659757673222496,0.8747681616583229,0.8678265597924778
1.141007478202282,-1.2060493491928466,1.6613247725991833,0.7547989633664219,-0.010684955963028146,0.4089821446706034,0.4667087279236711,-1.728825263135959,1.0784903518252564,-0.2662589935040233,-0.7321440780905921,-0.18166113513197227,-0.36562494163617354,0.41390077802624936,-1.4975279294151003,-1.2970577339059752,-1.2598255252705313,0.8793418967461952,0.8723936633061736
1.141007478202282,-1.0958044172922057,-1.6613247691510074,0.7636944646600026,-0.010684955963028146,0.41273213478392734,0.4521270006677621,-1.728825263135959,1.0784903518252564,-0.3369973973956089,-0.7789335870082471,-0.2706848308316155,-0.39879819641832853,0.41390077802624936,-1.4752037980484134,-1.2755600113410706,-1.2505998346691465,0.8839222823173754,0.8769779594655246
1.141007478202282,-1.0958044172922057,-1.5168617455966513,0.7796472953701575,-0.010684955963028146,0.4245377366957374,0.45158510438107025,-1.728825263135959,1.0784903518252564,-0.36645538496554725,-0.8105468413382282,-0.3028954546313235,-0.4058615298704481,0.41390077802624936,-1.4600408192033947,-1.2673961380448617,-1.2481141473216562,0.8873749616108965,0.8805726551279356
1.141007478202282,-1.0958044172922057,-1.372398722042295,0.7846411494217059,-0.010684955963028146,0.42557243313937915,0.4442839906399917,-1.8187620315162265,1.0784903518252564,-0.404710881187338,-0.8459924269660687,-0.3467773631052212,-0.42509365231369617,0.41390077802624936,-1.444669841077742,-1.259360218346697,-1.245619070958359,0.8906299238331035,0.8838302521308925
1.141007478202282,-1.0958044172922057,-1.227935698487939,0.7879808369101214,-0.010684955963028146,0.42632450222852025,0.4393420764053062,-1.728825263135959,1.0784903518252564,-0.44904433511085073,-0.8814547112052288,-0.4083423329553823,-0.4651740009140068,0.41390077802624936,-1.4254960672975767,-1.243974990969701,-1.2348544551615146,0.8937623014710957,0.8869652491963795
1.141007478202282,-1.0958044172922057,-1.083472674933583,0.7902102216428658,-0.010684955963028146,0.426885259166891,0.4359344367565083,-1.728825263135959,1.0784903518252564,-0.48791645469065376,-0.9115017749485212,-0.46018717246151786,-0.5002335237770389,0.41390077802624936,-1.4075011167869147,-1.229337966835504,-1.2238286937157246,0.8967582543298811,0.8899635237940371
1.141007478202282,-1.0958044172922057,-0.9390096513792268,0.7917059143013043,-0.010684955963028146,0.4272799123898854,0.4335203259298077,-1.2791413497592896,0.3010334606746278,-0.5024597421832842,-0.914905508555843,-0.47760831167621287,-0.5055204451409122,0.41390077802624936,-1.3947782129327875,-1.2134760580881683,-1.2106435678090237,0.8995316856120421,0.8927391126955889
1.141007478202282,-1.0958044172922057,-0.7945466278248707,0.7926848870715136,-0.010684955963028146,0.4274835672600603,0.43172477805224746,-1.4290359875515128,-0.057792796779508555,-0.5261111386406575,-0.9297178725718428,-0.5160097475795729,-0.5344540723556084,0.41390077802624936,-1.388750090096242,-1.2091626121758066,-1.2084117114121182,0.9018208898122756,0.8950302374034992
1.141007478202282,-1.0958044172922057,-0.6500836042705146,0.7933937644077752,-0.010684955963028146,0.4271459206648242,0.43082423239920414,-1.1292467119670664,-0.7156409354454252,-0.5068898834881972,-0.9133434926219842,-0.41560404199810486,-0.5349301149903423,0.2988798438129817,-1.4037450787922432,-1.25071803715136,-1.22633370496784,0.903654446034526,0.8968653476528402
1.141007478202282,-1.0958044172922057,-0.5056205807161585,0.7619771414531108,-0.010684955963028146,0.38788665901985303,0.40371299696501256,-0.8744258563104202,-1.0146628166572054,-0.16877822962025643,-0.7933201364355958,0.6220072319957203,-0.34985287608675175,-0.5647262188274252,-1.4579487754537959,-1.4808636196722451,-1.278286732187517,0.9053179655754464,0.8987514218160878
1.141007478202282,-1.0958044172922057,-0.3611575571618023,-0.7030746009502787,-0.010684955963028146,1.2466825106568422,1.321963001012356,-0.6795627985903968,-1.1940759453842735,0.11871145830507948,-0.6590125098161916,1.3464590648657844,-0.1398106594207678,-1.2515505064678283,-1.5070652869283923,-1.6095209625053477,-1.3187743518375306,0.7641093319568512,0.7629520353187318
1.141007478202282,-1.0958044172922057,-0.2166945336074462,2.335624985914092,-0.010684955963028146,-0.6865507261215884,-0.6874206446824462,-0.5296681607981737,-1.672510955323122,0.7386330646925297,-0.48418361550324546,1.527608907691496,0.0019979658519354783,-2.609659016882617,-1.591667969996126,-1.6572737874715795,-1.3706477907720565,0.9313407675306445,0.9171455059236364
1.141007478202282,-1.0958044172922057,-0.07223151005309006,-0.7030746009502787,-0.010684955963028146,-0.6865507261215884,2.8866452796334054,-0.5146786398386849,-1.9117284602925464,1.0885462226595213,-0.34307965407674423,1.3672959674596668,0.2307799873645624,-3.222116903438446,-1.6671680935833184,-1.6552188309999447,-1.4503102054781989,0.6511994035270718,0.6609826586120109
1.141007478202282,-1.0958044172922057,0.07223151350126605,-0.7030746009502787,-0.010684955963028146,-0.6865507261215884,-0.6874206446824462,-0.5296681607981737,-1.9117284602925464,1.5069451148803974,-0.23790901688371163,0.9564006032937153,0.4228554598727874,-3.9797582390190525,-1.724666036093894,-1.6028372304068497,-1.51184341323326,-1.2676136780735823,-1.2761757670616813
1.141007478202282,-1.0958044172922057,0.2166945370556222,2.361364588057909,-0.010684955963028146,-0.6865507261215884,-0.6874206446824462,-0.37977352300595046,-2.0911415890196143,1.7264545296926161,-0.14420615101444756,0.6126841292320467,0.595922590663494,-4.20822688694098,-1.772482732828676,-1.5537267960783219,-1.5604617022225657,0.8922285562260743,0.8756541257500731
1.141007478202282,-1.0958044172922057,0.3611575606099783,-0.7030746009502787,-0.010684955963028146,-0.6865507261215884,-0.6874206446824462,-0.7994785374143086,-1.493097826596054,1.7757039691999423,-0.12809825307023168,0.24483849046969364,0.8316816883303229,-4.077889469162128,-1.8008839138615362,-1.50592983796429,-1.6266105938179818,-1.2676136780735823,-1.2761757670616813
1.141007478202282,-1.0958044172922057,0.5056205841643344,0.8949268036797136,-0.010684955963028146,1.308651539211634,-0.6874206446824462,-0.5296681607981737,-1.8519240840501903,1.68231005153842,-0.0855397547956926,-0.05168806452687696,1.139769157797237,-3.6086738335695054,-1.8306960193310498,-1.459012615054436,-1.6921026910053472,0.9265342655269979,0.9190727196318447
1.141007478202282,-1.0958044172922057,0.6500836077186906,-0.7030746009502787,-0.010684955963028146,2.9039589005776034,-0.6874206446824462,-0.5296681607981737,-1.9117284602925464,1.4491950352308027,-0.06904083103640828,0.1362178781056183,1.335814907253952,-2.9233400879319875,-1.8528745753031792,-1.5109722940797439,-1.737664746175009,0.6467516681364642,0.6545648895981432
1.141007478202282,-1.0958044172922057,0.7945466312730467,1.604656978591784,-0.010684955963028146,0.437904378814271,-0.6874206446824462,-0.6795627985903968,-1.9117284602925464,0.8152467187132139,-0.12800154027967203,0.49939367681013563,1.2100086382411486,-1.2632058462388267,-1.8492134987413813,-1.600625910300995,-1.7356582261574613,0.7871158701177561,0.7751242237682703
1.141007478202282,-1.0958044172922057,0.9390096548274028,-0.7030746009502787,-0.010684955963028146,0.7238097713099519,1.8453988339678036,-0.82945743638262,-1.7323153315654782,0.5892003116315907,-0.26231473310284953,0.5232982183912472,0.07564542331168517,-0.469457295124266,-1.8117030096997553,-1.6158256049608275,-1.541061266201115,0.7889461909697486,0.7818348817813358
1.141007478202282,-1.0958044172922057,1.083472678381759,1.537145841017485,-0.010684955963028146,0.5365576430284323,-0.6874206446824462,-0.82945743638262,-1.493097826596054,0.22963304204456408,-0.3671945361487316,0.49944340886612965,-0.01139714151619123,0.41390077802624936,-1.7739997055660004,-1.6082682100322963,-1.520245599808726,0.8264971563821056,0.8182360107948374
1.141007478202282,-1.0958044172922057,1.227935701936115,-0.7030746009502787,-0.010684955963028146,0.945359492635134,1.7000930211350072,-1.0243204941026434,-0.8950540641724933,0.1250581670143763,-0.448433975994293,0.4845826416675253,-0.16092416745633162,0.41390077802624936,-1.7392888916620863,-1.5977790511797718,-1.4813671046235166,0.7567603681588968,0.7522739696463727
1.141007478202282,-1.0958044172922057,1.3723987254904713,1.6297797060562764,-0.010684955963028146,0.4486400343126145,-0.6874206446824462,-0.9793520741748433,-0.9548584404148494,-0.08368878348233486,-0.5167966991859906,0.42455356347997864,-0.17332324715793823,0.4082751464512975,-1.7112403212289569,-1.5754904018825517,-1.4664465392370325,0.8404442983353969,0.8309172243603821
1.141007478202282,-1.0958044172922057,1.5168617490448273,-0.7030746009502787,-0.010684955963028146,0.9913324614409569,1.6514120961190675,-0.9793520741748433,-1.2538803216266297,-0.12920382638562294,-0.5633002443847965,0.39561448009707534,-0.24642467964690773,0.41390077802624936,-1.6964501985683427,-1.5699110828315765,-1.4508458160775835,0.7484839315536871,0.744775724722816
1.141007478202282,-1.0958044172922057,1.6613247725991833,1.6792878855552813,-0.010684955963028146,0.3904292592171886,-0.6874206446824462,-1.1592256109353778,-0.9548584404148494,-0.26454971094003177,-0.5953636654449366,0.39550092523588903,-0.1972734810476597,0.41390077802624936,-1.690311448072688,-1.5747894764098775,-1.466495012760499,0.8533316767864444,0.8431166344988746
1.141007478202282,-0.9855594853915648,-1.6613247691510074,-0.7030746009502787,-0.010684955963028146,0.9792067856191646,1.5914872153779873,-1.2791413497592896,-0.7156409354454252,-0.29894199316485925,-0.6308725666406974,0.3598422122205977,-0.23794298326770932,0.41390077802624936,-1.6817316585106812,-1.5725107095769184,-1.4627122219618696,0.7520439172940941,0.7451310393996904
1.141007478202282,-0.9855594853915648,-1.5168617455966513,1.739972909737888,-0.010684955963028146,0.3882656223452992,-0.6874206446824462,-1.578930625343736,-0.057792796779508555,-0.3581541829189242,-0.664444428923379,0.3605857064577079,-0.20823629536412913,0.41390077802624936,-1.6716946688899101,-1.5752695192730473,-1.4717543900566163,0.8459331039778694,0.8390970348795562
1.141007478202282,-0.9855594853915648,-1.372398722042295,-0.7030746009502787,-0.010684955963028146,0.9887990659835163,1.5758198128748555,-1.6538779442398477,0.3010334606746278,-0.3996438457671504,-0.7009976891020895,0.32898098487352667,-0.24408596762601006,0.41390077802624936,-1.6581086764796409,-1.5700656030665023,-1.465006744580554,0.7538765748023841,0.7469653309516193
1.141007478202282,-0.9855594853915648,-1.227935698487939,1.1347194112002734,-0.010684955963028146,0.18462895245151859,0.34569756586875927,-2.0286145387204058,1.0784903518252564,-0.4812087957230083,-0.7498919188214918,0.28321008713945717,-0.22588649151349238,0.41390077802624936,-1.6387199138717519,-1.5614584464577486,-1.4687493591254994,0.8585461949281665,0.851720325603191
1.141007478202282,-0.9855594853915648,-1.083472674933583,0.9340328599918928,-0.010684955963028146,0.2735542709871953,0.38532973285596644,-2.1785091765126285,1.0784903518252564,-0.5626593139846434,-0.8079349002176466,0.13233712000288722,-0.23635780198145023,0.41390077802624936,-1.6155490832317538,-1.5328043225283516,-1.4665496000617,0.8773541212083198,0.870020873531401
1.141007478202282,-0.9855594853915648,-0.9390096513792268,0.8811273009781168,-0.010684955963028146,0.32348130317378504,0.39897367935401407,-2.1035618576165174,1.0784903518252564,-0.6083267145150968,-0.8655075373949646,-0.0966209771174477,-0.34366025309474374,0.41390077802624936,-1.5958841130043901,-1.4912474878945148,-1.447305502070889,0.8856674050859108,0.8786139215693594
1.141007478202282,-0.9855594853915648,-0.7945466278248707,0.8514700160756248,-0.010684955963028146,0.35328258997741674,0.40501727156355494,-2.1785091765126285,1.0784903518252564,-0.6333127114748063,-0.9177540133367863,-0.26557569094583283,-0.4356585438124137,0.41390077802624936,-1.5821267561809913,-1.464936541338109,-1.435600674598158,0.8919567851244135,0.8849704929516686
1.141007478202282,-0.9855594853915648,-0.6500836042705146,0.8423641718039647,-0.010684955963028146,0.38174646991404454,0.4184099856970718,-1.728825263135959,1.0784903518252564,-0.5829163394436694,-0.904072284462221,-0.15682909070657275,-0.41917851742159284,0.41390077802624936,-1.5863296431516716,-1.4823221822546924,-1.4344278118445524,0.8960664243230738,0.8892711104577086
1.141007478202282,-0.9855594853915648,-0.5056205807161585,0.7979141675908613,-0.010684955963028146,0.35430515290028797,0.394034066165132,-1.1142572624829108,0.0020115794628475024,-0.19394077833676693,-0.7791583224855907,0.8677316629268292,-0.23868023904047664,0.06976607068043039,-1.6222966473808056,-1.6518880253464587,-1.4493467396120006,0.8993533807622752,0.8927417734621784
1.141007478202282,-0.9855594853915648,-0.3611575571618023,-0.7030746009502787,-0.010684955963028146,1.234657354778675,1.333946219998322,-0.6795627985903968,-1.493097826596054,0.12339988829123838,-0.633044777663195,1.6167768263535218,-0.019929290277190474,-0.1764691392243249,-1.6800078915870487,-1.7702684171163352,-1.4895917732954767,0.754955750526175,0.7539113644706787
1.141007478202282,-0.9855594853915648,-0.2166945336074462,2.323796687168908,-0.010684955963028146,-0.6865507261215884,-0.6874206446824462,-0.5296681607981737,-1.9117284602925464,0.8396553260386447,-0.4292549251182051,1.8256829584970797,0.14324998742864226,-1.308782661434861,-1.761886579440731,-1.805164724795726,-1.5263609059876757,0.9277965991559426,0.9128807064293781
1.141007478202282,-0.9855594853915648,-0.07223151005309006,-0.7030746009502787,-0.010684955963028146,-0.6865507261215884,2.873011792434464,-0.30482620410983885,-2.569576598958463,1.2431610967302664,-0.2549826511825805,1.6928055358219354,0.43263020197265606,-1.526519406936015,-1.8402454277876,-1.8013409724840137,-1.6018100544379172,0.6401461205266511,0.6502603832793955
1.141007478202282,-0.9855594853915648,0.07223151350126605,-0.7030746009502787,-0.010684955963028146,-0.6865507261215884,-0.6874206446824462,-0.22987888521372726,-2.629380975200819,1.6188240014789808,-0.10818237596966428,1.3076531415736734,0.6481220896212257,-1.9538985561710929,-1.9033739325166377,-1.7534440370671034,-1.654392145716635,-1.2676136780735823,-1.2761757670616813
1.141007478202282,-0.9855594853915648,0.2166945370556222,-0.7030746009502787,-0.010684955963028146,-0.6865507261215884,-0.6874206446824462,-0.07998424742150408,-2.808794103927887,1.8405030412136645,0.00942872665650647,1.001012744123125,0.8394863462956775,-1.6696789793975,-1.9601224268659945,-1.7223754938037705,-1.7071497897560153,-1.2676136780735823,-1.2761757670616813
1.141007478202282,-0.9855594853915648,0.3611575606099783,2.361452021936361,-0.010684955963028146,-0.6865507261215884,-0.6874206446824462,0.009952592434096328,-2.7489897276855313,2.0071934015541997,0.08854187666069933,0.6952509463284702,1.1426514535446344,-1.6929686981925811,-1.9964451749401062,-1.68044228040823,-1.7664323630825578,0.8986815022053913,0.8816013484263059
1.141007478202282,-0.9855594853915648,0.5056205841643344,-0.7030746009502787,-0.010684955963028146,2.9149594015465596,-0.6874206446824462,0.06991039037071911,-2.9284028564125992,1.9897330867019802,0.1747679393115908,0.46953952359694295,1.5508095948173553,-1.0917154953490655,-2.03439733105214,-1.6529172927639437,-1.8404020864956487,0.7587939781087587,0.7610037401521605
1.141007478202282,-0.9855594853915648,0.6500836077186906,2.383694268942095,-0.010684955963028146,-0.6865507261215884,-0.6874206446824462,-0.07998424742150408,-2.9882072326549554,1.6664145083677735,0.22439551637811436,0.5095100058669133,1.916434750735769,-0.10689576226777874,-2.0702070704717563,-1.6860099968871793,-1.9156658564710116,0.8396920747504426,0.8296580677404907
1.141007478202282,-0.9855594853915648,0.7945466312730467,-0.7030746009502787,-0.010684955963028146,1.0882750038257853,1.5076783159419318,-0.28983668315035005,-2.689185351443175,1.3542343842015208,0.15718778046935922,0.5838602584455296,1.4116342583754191,0.41390077802624936,-2.0594772721230794,-1.7088303042277968,-1.8518588692717224,0.838797135388558,0.8319362979641596
1.141007478202282,-0.9855594853915648,0.9390096548274028,1.312117554713818,-0.010684955963028146,0.7596959141807057,-0.6874206446824462,-0.82945743638262,-1.2538803216266297,0.7008823757161106,0.002650482011672498,0.5589461561277399,0.9642656652144055,0.41390077802624936,-2.010983432886627,-1.7036656415826856,-1.7817514157678094,0.8102306134395075,0.8037536629225561
1.141007478202282,-0.9855594853915648,1.083472678381759,-0.7030746009502787,-0.010684955963028146,1.0154574571096204,1.5799888894985845,-0.9793520741748433,-2.031337212777258,0.5651232292717083,-0.1518026276139443,0.4997409723344937,0.21388494944602485,0.41390077802624936,-1.9750208875064987,-1.7105455330530999,-1.6716574540389084,0.7602923140237356,0.7559472602603503
1.141007478202282,-0.9855594853915648,1.227935701936115,1.5350083693577854,-0.010684955963028146,0.5619745448612101,-0.6874206446824462,-1.1592256109353778,-1.4332934503536978,0.295922995560161,-0.2754099232548122,0.5082352074982673,0.24017633660092466,0.41390077802624936,-1.9363383237235938,-1.7126010317009979,-1.6769805893028287,0.827854214462489,0.8187882221993347
1.141007478202282,-0.9855594853915648,1.3723987254904713,-0.7030746009502787,-0.010684955963028146,1.0331223989611271,1.6101809114845054,-1.2791413497592896,-1.0146628166572054,0.17428798965983575,-0.3782065745385681,0.4719647901942499,0.06261731633375499,0.41390077802624936,-1.9081182683679023,-1.7095515070927032,-1.6482250907761467,0.741428128249654,0.7375179721640792
1.141007478202282,-0.9855594853915648,1.5168617490448273,1.6322991634308526,-0.010684955963028146,0.44662953084079504,-0.6874206446824462,-1.2791413497592896,-1.0146628166572054,-0.05054478756762975,-0.4609829824010088,0.4528444723997602,0.05151046860472508,0.41390077802624936,-1.887292069248192,-1.7082922485044971,-1.648227929315809,0.8386378832747541,0.8286578241771927
1.141007478202282,-0.9855594853915648,1.6613247725991833,-0.7030746009502787,-0.010684955963028146,1.0329904992224057,1.6087274872807087,-1.264151900275134,-1.0744671928995615,-0.10864208567226642,-0.5354685297432441,0.3901016816901414,-0.10100708157925624,0.41390077802624936,-1.8688136348940168,-1.6996387900428918,-1.622119805722775,0.7384393651025527,0.7349910626014688
1.141007478202282,-0.8753145534909239,-1.6613247691510074,1.683690396336684,-0.010684955963028146,0.3857193611718691,-0.6874206446824462,-1.1292467119670664,-1.2538803216266297,-0.25557565053137843,-0.5694829052258964,0.3707716603928771,-0.08807825186874065,0.41390077802624936,-1.8643174279644354,-1.6969129446635471,-1.6250611878606915,0.8508947240111016,0.840417389131006
1.141007478202282,-0.8753145534909239,-1.5168617455966513,-0.7030746009502787,-0.010684955963028146,1.0363967759801083,1.6042456776137046,-1.2791413497592896,-1.0146628166572054,-0.2905198204700578,-0.6162090985756311,0.3053715201579794,-0.20874977041116685,0.41390077802624936,-1.8569629783129078,-1.687380510044532,-1.6040922403265303,0.7407371969568072,0.7376254261994243
1.141007478202282,-0.8753145534909239,-1.372398722042295,1.697897326578445,-0.010684955963028146,0.33971041020100246,-0.6874206446824462,-1.4290359875515128,-0.7156409354454252,-0.41327364139218464,-0.6621407163367391,0.27412238277415524,-0.19681534087098423,0.41390077802624936,-1.8466319456766402,-1.682007977020226,-1.606277151644403,0.8488452966955345,0.838047874145882
1.141007478202282,-0.8753145534909239,-1.227935698487939,-0.7030746009502787,-0.010684955963028146,1.0425285971405576,1.5972917080099607,-1.4290359875515128,-0.7156409354454252,-0.4385839704680915,-0.7083903034883922,0.1884274193557098,-0.3238812919326219,0.41390077802624936,-1.8362093258716112,-1.6669610676312783,-1.5817114468341051,0.7454148233785154,0.7425695398714165
1.141007478202282,-0.8753145534909239,-1.083472674933583,1.727245188718464,-0.010684955963028146,0.3340799335668747,-0.6874206446824462,-1.578930625343736,-0.41661905423364487,-0.5401450416201473,-0.7497812905214991,0.16256343476843496,-0.3068959279756989,0.41390077802624936,-1.828744730598705,-1.663466091005387,-1.5860337785178058,0.8718757406477893,0.8609458173920376
1.141007478202282,-0.8753145534909239,-0.9390096513792268,-0.7030746009502787,-0.010684955963028146,1.0023302428276715,1.5528825699349726,-1.5639411758595803,-0.35681467799128885,-0.5532602215688766,-0.7808448822288752,0.12981984910199137,-0.36182555178733183,0.41390077802624936,-1.8199887562462653,-1.6557614410038526,-1.573285569369918,0.7556475805329824,0.7487376061745776
1.141007478202282,-0.8753145534909239,-0.7945466278248707,1.1502555872294031,-0.010684955963028146,0.18309312068018904,0.33106207781544456,-1.578930625343736,-0.057792796779508555,-0.5952932714908123,-0.8034680216896406,0.12341933349556476,-0.3227233283954829,0.41390077802624936,-1.8115323683432212,-1.6489601650915586,-1.5747664136768997,0.8638931835076692,0.8570717412377293
1.141007478202282,-0.8753145534909239,-0.6500836042705146,-0.7030746009502787,-0.010684955963028146,1.198597367843088,1.3327762428003034,-1.4290359875515128,-0.057792796779508555,-0.5994441994618217,-0.7984431312333697,0.22078723932339978,-0.25817357462175816,0.41390077802624936,-1.8057647868999147,-1.6506311523338093,-1.5707435479275882,0.7282592725861721,0.7213270027926345
1.141007478202282,-0.8753145534909239,-0.5056205807161585,1.1803401872960513,-0.010684955963028146,0.11785316688387669,0.19204669665109514,-0.9643625532153545,-0.8352496879301373,-0.388098014767763,-0.6965022837797458,1.103478185690344,0.017017314414812256,0.04202452213766939,-1.8231473084742025,-1.7643623826493378,-1.5870703913676134,0.865761969317172,0.854748687330745
1.141007478202282,-0.8753145534909239,-0.3611575571618023,-0.7030746009502787,-0.010684955963028146,1.2363280150696017,1.3580751954783647,-0.5296681607981737,-1.4332934503536978,-0.10829552111262009,-0.5359910571224548,1.6495867214279574,0.2796056867263855,-0.5099278394744786,-1.8519897950491726,-1.8097123908536596,-1.5916383659067186,0.7073632742901494,0.7067398616515976
1.141007478202282,-0.8753145534909239,-0.2166945336074462,2.323572369103699,-0.010684955963028146,-0.6865507261215884,-0.6874206446824462,-0.07998424742150408,-1.8519240840501903,0.5260497099100732,-0.29445886411770117,1.8150353253087663,0.4424586514466998,-1.9397162819108282,-1.903804271700383,-1.7949632446682953,-1.5748985149458063,0.966607741283739,0.948025339589578
1.141007478202282,-0.8753145534909239,-0.07223151005309006,-0.7030746009502787,-0.010684955963028146,-0.6865507261215884,2.8588356767978933,0.15984723022631953,-2.1509459652619705,0.9294122775100673,-0.083335538101499,1.7037101179662177,0.7105536571074083,-2.638233172872302,-1.9307435528066081,-1.7288920187427907,-1.5686670469899007,0.606615462145279,0.6197563317256322
1.141007478202282,-0.8753145534909239,0.07223151350126605,-0.7030746009502787,-0.010684955963028146,-0.6865507261215884,-0.6874206446824462,0.2198050281629423,-2.2107503415043266,1.3995682980802389,0.08451194512889083,1.3790120109842512,0.9288578581673288,-3.1839566991927053,-1.9545967078538773,-1.6420372248258701,-1.573760697239572,-1.2676136780735823,-1.2761757670616813
1.141007478202282,-0.8753145534909239,0.2166945370556222,-0.7030746009502787,-0.010684955963028146,-0.6865507261215884,-0.6874206446824462,0.5195943037473887,-2.569576598958463,1.5383419022981686,0.22119494920851507,1.0677432168558618,1.0941715971225752,-3.3393468674794273,-1.9777889891728746,-1.5663023576257293,-1.5839316215485537,-1.2676136780735823,-1.2761757670616813
1.141007478202282,-0.8753145534909239,0.3611575606099783,-0.7030746009502787,-0.010684955963028146,-0.6865507261215884,-0.6874206446824462,0.6544994205801231,-2.569576598958463,1.595235378979581,0.3158983402060147,0.8256633167615124,1.3255022776642387,-2.844056062723832,-1.9812773757177844,-1.4921101987640375,-1.5994000250898914,-1.2676136780735823,-1.2761757670616813
1.141007478202282,-0.8753145534909239,0.5056205841643344,2.3502837773063776,-0.010684955963028146,-0.6865507261215884,-0.6874206446824462,0.6694889415396119,-2.689185351443175,1.5679411312735478,0.3526276315790532,0.5952538724737528,1.6943628960026558,-2.0359691962330797,-1.9754614699920132,-1.4308446063623532,-1.6520709844949646,0.9374230838726436,0.9169553634496639
1.141007478202282,-0.8753145534909239,0.6500836077186906,-0.7030746009502787,-0.010684955963028146,2.8876527038537665,-0.6874206446824462,0.5195943037473887,-2.569576598958463,1.4397992122920138,0.3502216399980805,0.34517291343757023,2.1353061342169024,-1.1884004339549656,-1.9691233968948703,-1.37471971241496,-1.7239233756690697,0.7649568192216204,0.7685889716757586
1.141007478202282,-0.8753145534909239,0.7945466312730467,1.5058074248004112,-0.010684955963028146,0.5597952180917726,-0.6874206446824462,0.44464698485127707,-2.509772222716107,1.0131455445975992,0.2948504364130695,0.4547608142907287,2.010507285343929,0.41390077802624936,-1.9478717994781507,-1.3962263266705761,-1.7017800369368692,0.829617670995819,0.8207258742995479
1.141007478202282,-0.8753145534909239,0.9390096548274028,-0.7030746009502787,-0.010684955963028146,2.915463151857172,-0.6874206446824462,-0.5296681607981737,0.3010334606746278,0.7226963261119628,0.1119630705874496,0.6680897839473521,1.2168197097842637,0.41390077802624936,-1.8360825499485365,-1.3724204513192633,-1.4962072083280304,0.5704100512746106,0.5783234884170377
1.141007478202282,-0.8753145534909239,1.083472678381759,1.8274608968606505,-0.010684955963028146,0.13976667149312894,-0.6874206446824462,-0.5296681607981737,0.7196640943711202,0.2692152920239443,-0.016084664113501426,0.9670183972484324,0.5218707004012438,0.41390077802624936,-1.7441152944369385,-1.378557452874255,-1.290210127214257,0.7791951444981197,0.7645106305171182
1.141007478202282,-0.8753145534909239,1.227935701936115,-0.7030746009502787,-0.010684955963028146,0.5862739075912919,2.009677187821289,-0.5446576817576625,0.8392728468558323,0.22765043120522885,-0.12719096185519743,0.9698962255552847,-0.28440799941010864,0.41390077802624936,-1.6752311386984198,-1.34671283850821,-1.053003302511803,0.7854307814417834,0.7781538135419426
1.141007478202282,-0.8753145534909239,1.3723987254904713,1.6539874236493453,-0.010684955963028146,0.402231723149489,-0.6874206446824462,-0.82945743638262,1.0784903518252564,0.08188080015021207,-0.22081868397352308,0.9242803260623965,-0.2359867328507859,0.41390077802624936,-1.6474770933185172,-1.3469608299308595,-1.0777302582098487,0.8266916380831619,0.818276331642386
1.141007478202282,-0.8753145534909239,1.5168617490448273,-0.7030746009502787,-0.010684955963028146,0.8751671795767249,1.7696394111238747,-0.5296681607981737,1.0784903518252564,0.015033073862203254,-0.29874692834949257,0.748657372392817,-0.30500152241388623,0.41390077802624936,-1.539834452854568,-1.2181610031758674,-0.9546020498747665,0.7591881540518423,0.7548964621318519
1.141007478202282,-0.8753145534909239,1.6613247725991833,1.688550859973258,-0.010684955963028146,0.3780592393909132,-0.6874206446824462,-0.5446576817576625,0.6598597181287641,-0.12969751740927007,-0.35845768355119717,0.66396865424065,-0.23571005849897475,0.41390077802624936,-1.4184563882839498,-1.0965858919944926,-0.8586618111250774,0.8474300019505095,0.8377619440746876
1.141007478202282,-0.7650696215902829,-1.6613247691510074,-0.7030746009502787,-0.010684955963028146,0.9581501063150167,1.6841087018689576,-0.82945743638262,1.0784903518252564,-0.1714225825998975,-0.4352928646612013,0.5333051369248382,-0.28903334357391597,0.41390077802624936,-1.3003282220911645,-0.9914278780536606,-0.7616088648277065,0.7506663685354109,0.7471180180189858
1.141007478202282,-0.7650696215902829,-1.5168617455966513,1.6815674372674654,-0.010684955963028146,0.3287043654682459,-0.6874206446824462,-0.82945743638262,1.0784903518252564,-0.26580911347187863,-0.4680938077212925,0.547417436680733,-0.18840769556829998,0.41390077802624936,-1.2468111881764559,-0.9666551939903485,-0.7607372148021283,0.8316670983113861,0.821304284021234
1.141007478202282,-0.7650696215902829,-1.372398722042295,-0.7030746009502787,-0.010684955963028146,1.003280632221821,1.6372181996740163,-0.9044047552787317,1.0784903518252564,-0.2722382130010159,-0.4998615242059804,0.5146390385750935,-0.17965013858538403,0.41390077802624936,-1.2237982248931385,-0.9525208756871101,-0.757564600856324,0.7492499953336333,0.7462074218223186
1.141007478202282,-0.7650696215902829,-1.227935698487939,1.7527676395084208,-0.010684955963028146,0.3627062562427843,-0.6874206446824462,-0.82945743638262,1.0784903518252564,-0.32824762310763234,-0.5410681307390995,0.4669095267024607,-0.16902502972774291,0.41390077802624936,-1.1746241099097687,-0.9195808483995067,-0.7388710703854267,0.8412925045713345,0.8344525644604119
1.141007478202282,-0.7650696215902829,-1.083472674933583,-0.7030746009502787,-0.010684955963028146,0.9822088906160269,1.5786145375960305,-0.82945743638262,1.0784903518252564,-0.3665750478229346,-0.5891865708076099,0.38619108435381394,-0.22759617625806647,0.41390077802624936,-1.0923221929288633,-0.8593778130378493,-0.678940327444423,0.7535280535284948,0.746616361179689
1.141007478202282,-0.7650696215902829,-0.9390096513792268,1.7603919453765557,-0.010684955963028146,0.3544296260875032,-0.6874206446824462,-0.8894152343192429,0.12162033194755961,-0.42122239382060134,-0.6197137196263423,0.33532845295355973,-0.23171536910767812,0.41390077802624936,-1.0375407740475193,-0.8472267755042908,-0.6798838143583817,0.8472322848791953,0.8403971263700553
1.141007478202282,-0.7650696215902829,-0.7945466278248707,-0.7030746009502787,-0.010684955963028146,0.9920877731089247,1.564807007659962,-0.9793520741748433,-0.057792796779508555,-0.4529827470783033,-0.6537322697618244,0.2666435104202589,-0.29209791889427106,0.41390077802624936,-1.0116351023445378,-0.8753553137644348,-0.712061718321164,0.7555967133228171,0.7486868469350241
1.141007478202282,-0.7650696215902829,-0.6500836042705146,1.7724669581599124,-0.010684955963028146,0.35616534715359616,-0.6874206446824462,-0.9793520741748433,-0.057792796779508555,-0.49289063696467195,-0.6749812526660771,0.23490368341729406,-0.2896208696974678,0.41390077802624936,-1.007857854689732,-0.9276031052558465,-0.7787623783571201,0.8590566644577412,0.8522311927883744
1.141007478202282,-0.7650696215902829,-0.5056205807161585,-0.7030746009502787,-0.010684955963028146,0.9970628304228079,1.5582795682737687,-0.8744258563104202,-0.23720592550657674,-0.4680223411761631,-0.6502332149148865,0.2515440293528834,-0.2796353668413666,0.3624037163125055,-1.0265638108526196,-0.9807821386964114,-0.8342202378377109,0.7578609332749481,0.7509527966975107
1.141007478202282,-0.7650696215902829,-0.3611575571618023,1.7818291915300661,-0.010684955963028146,0.35912059165644794,-0.6874206446824462,-0.82945743638262,-0.35681467799128885,-0.42563945721760316,-0.5883704261793621,0.33840023627878857,-0.18130774345197015,0.3812940072271959,-1.065016924675891,-1.0395904798393907,-0.901839711327483,0.8685048443246753,0.8616871478987421
1.141007478202282,-0.7650696215902829,-0.2166945336074462,-0.7030746009502787,-0.010684955963028146,1.0142475568100242,1.5803744192636386,-0.9793520741748433,-0.057792796779508555,-0.042115422023477136,-0.4318508634029388,1.0100532030352325,-0.02367415900376353,-0.48828936174196863,-1.1479715207436527,-1.230984122404914,-0.9764574951804327,0.7518194185467566,0.7501183393601737
1.141007478202282,-0.7650696215902829,-0.07223151005309006,2.3474468346190616,-0.010684955963028146,-0.6865507261215884,-0.6874206446824462,-0.6046154796942852,-0.35681467799128885,0.46356935096900365,-0.21145285034961525,1.094639970472612,0.17299980398118125,-1.496198522036699,-1.2308084996052158,-1.23724951129896,-1.015384791412916,0.9516326503024064,0.9360918014356822
1.141007478202282,-0.7650696215902829,0.07223151350126605,-0.7030746009502787,-0.010684955963028146,1.1666895553946421,1.413110144701317,-0.724531218518197,-0.35681467799128885,0.780628188681523,-0.041181285375989765,0.9912403951203057,0.3991086630064565,-1.898864950658316,-1.3016841942265611,-1.2167182721402967,-1.0793237707065093,0.774664008451976,0.77533708509543
1.141007478202282,-0.7650696215902829,0.2166945370556222,2.336968744291941,-0.010684955963028146,-0.6865507261215884,-0.6874206446824462,-0.82945743638262,-0.6558365592030692,1.0383917919247414,0.06287054485862642,0.9644555386295421,0.5568154847830837,-2.221351864384107,-1.3642218412076563,-1.24058595558558,-1.1519272831451408,0.8911315859658651,0.8790605210076888
1.141007478202282,-0.7650696215902829,0.3611575606099783,-0.7030746009502787,-0.010684955963028146,1.2423506345431161,1.3635138218276033,-0.6046154796942852,-1.0744671928995615,1.2924340764718327,0.1333811269313137,0.8472553177389034,1.1164682948861782,-2.4446164246412736,-1.4167458773979011,-1.2524968090346749,-1.3237196338025374,0.7813878268189934,0.7797455659855211
1.141007478202282,-0.7650696215902829,0.5056205841643344,2.336095480514123,-0.010684955963028146,-0.6865507261215884,-0.6874206446824462,-0.6795627985903968,-1.493097826596054,1.5079684611744475,0.09744223649407197,0.78455148380648,1.5923172575737738,-2.6522081686352905,-1.4399976903765932,-1.296636679820209,-1.4791255316869971,0.8457206479976027,0.8356361962440322
1.141007478202282,-0.7650696215902829,0.6500836077186906,-0.7030746009502787,-0.010684955963028146,2.91306280673094,-0.6874206446824462,-0.6795627985903968,-1.1940759453842735,1.0431227251116115,-0.03960604970816959,0.5765198069808165,1.1098419441603016,-1.1149108907830265,-1.381550615575013,-1.2510866085748777,-1.3800735984196442,0.6416155178520994,0.6477277428349
1.141007478202282,-0.7650696215902829,0.7945466312730467,1.6592449230946278,-0.010684955963028146,0.3722778259423723,-0.6874206446824462,-0.994341523658999,0.0020115794628475024,0.5439769060747219,-0.13010347797953278,0.7707947682509422,0.9494172037511768,0.41390077802624936,-1.3443175392471876,-1.2954282773654624,-1.3453812941889398,0.7717573877608661,0.7601563883305822
1.141007478202282,-0.7650696215902829,0.9390096548274028,-0.7030746009502787,-0.010684955963028146,0.7851552833361805,1.8105448931842698,-1.2791413497592896,0.6598597181287641,0.3932978283898473,-0.2995060193890649,0.6980044444953375,-0.0084538146617769,0.41390077802624936,-1.2657203232426744,-1.2753701412138037,-1.1122093444420618,0.7534397998175719,0.7471904727399614
1.141007478202282,-0.7650696215902829,1.083472678381759,1.608943030313773,-0.010684955963028146,0.4725992400638525,-0.6874206446824462,-1.2791413497592896,0.3010334606746278,0.12323183717457968,-0.4381531976251628,0.6128349831352286,-0.025022539594796032,0.41390077802624936,-1.2056589040822447,-1.2622308247882352,-1.114694704265745,0.8169538925781487,0.8079967669353924
1.141007478202282,-0.7650696215902829,1.227935701936115,-0.7030746009502787,-0.010684955963028146,0.9614175797790766,1.6827546410066696,-1.3390992191712454,0.6598597181287641,0.012349487158828627,-0.5362999814318683,0.49909942881217123,-0.18746293403167433,0.41390077802624936,-1.1621359584303086,-1.2395268684736356,-1.075991543491993,0.7385443348931413,0.7343578001531684
1.141007478202282,-0.7650696215902829,1.3723987254904713,1.028049183649816,-0.010684955963028146,0.17399413069475117,0.376171152186619,-1.2791413497592896,0.3010334606746278,-0.18923273148874126,-0.5750386723670378,0.44833791925910477,-0.11628438828779222,0.41390077802624936,-1.1498960563819645,-1.2339756341530785,-1.101467436962517,0.8374363027095405,0.8276993341819145
1.141007478202282,-0.7650696215902829,1.5168617490448273,0.8852343640841762,-0.010684955963028146,0.2895119427868298,0.4285707764067747,-1.2791413497592896,0.3010334606746278,-0.2831713440147644,-0.6263973388070315,0.2728177451719129,-0.14197685684583028,0.41390077802624936,-1.1352741648892328,-1.2029801762499839,-1.1057846374399045,0.8548183294199345,0.8474886833541249
1.141007478202282,-0.7650696215902829,1.6613247725991833,0.8578216931760443,-0.010684955963028146,0.34587256516337833,0.4394306666687357,-1.5339622054159359,0.3010334606746278,-0.29943176081613304,-0.6582882075502019,0.21206175009925407,-0.12922542421971125,0.41390077802624936,-1.12628175103007,-1.1963766862383949,-1.117405946341798,0.8635876207610927,0.8567657530799371
1.141007478202282,-0.654824689689642,-1.6613247691510074,0.8385658147892432,-0.010684955963028146,0.3712353891492735,0.4358637318945504,-1.728825263135959,1.0784903518252564,-0.3305709134480539,-0.7064316955356917,0.09954960435364894,-0.16605484918624103,0.41390077802624936,-1.1125921205077816,-1.180928783285408,-1.1200079046408467,0.870354397655423,0.8635382227476202
1.141007478202282,-0.654824689689642,-1.5168617455966513,0.8267253326347673,-0.010684955963028146,0.38764461620034363,0.4329883659772667,-1.1292467119670664,-0.057792796779508555,-0.34482452528045154,-0.7255502139457459,0.00794813041831718,-0.1920760719740782,0.41390077802624936,-1.1112250615045876,-1.1667330906292097,-1.1216221603119636,0.8760488290520623,0.8692371754336176
1.141007478202282,-0.654824689689642,-1.372398722042295,-0.7030746009502787,-0.010684955963028146,1.251103086991374,1.2929269407636517,-1.2941307992434452,0.4206422131593399,-0.386693447458102,-0.7543170508211986,-0.0704685466054077,-0.21767414575326305,0.41390077802624936,-1.106239586278729,-1.1530714415919656,-1.1207284570167002,0.7499851433533377,0.7430705826876542
1.141007478202282,-0.654824689689642,-1.227935698487939,1.1227707117044348,-0.010684955963028146,0.2646062178161706,0.28475112538397734,-1.4290359875515128,0.3010334606746278,-0.47479735136955115,-0.7878200313321867,-0.08346270396903761,-0.19121105775062164,0.41390077802624936,-1.0995638457514954,-1.1601048773800324,-1.1379997699421058,0.8597382491253986,0.852913372407051
1.141007478202282,-0.654824689689642,-1.083472674933583,0.9338413296311033,-0.010684955963028146,0.34241942791166535,0.35765913410557565,-1.578930625343736,0.3010334606746278,-0.5291517522300074,-0.8190144288282333,-0.1151536277836084,-0.19349199365687636,0.41390077802624936,-1.103188528464654,-1.1736506091322692,-1.1591198151259916,0.8776055813744729,0.8707951566089448
1.141007478202282,-0.654824689689642,-0.9390096513792268,0.8815780871219393,-0.010684955963028146,0.37222081931461404,0.3830990781355885,-1.743814712620115,0.48044658940169593,-0.5527626071728561,-0.8507410945600937,-0.17589967644506843,-0.23229313025410725,0.41390077802624936,-1.1055252063623915,-1.181558358361885,-1.1723757953496514,0.8852442905532985,0.8784401530436299
1.141007478202282,-0.654824689689642,-0.7945466278248707,0.8544476054731558,-0.010684955963028146,0.38935627942352935,0.3970155939683435,-1.8787199009281823,0.6598597181287641,-0.5667252355542299,-0.8841411003012772,-0.24965314435175678,-0.2896127322165322,0.41390077802624936,-1.106206566694202,-1.1856072222579523,-1.1802378951670343,0.8904633022648233,0.8836634425331663
1.141007478202282,-0.654824689689642,-0.6500836042705146,0.8378647312515731,-0.010684955963028146,0.39946057344453545,0.40596959074717387,-1.1292467119670664,-0.7156409354454252,-0.5192838168156247,-0.8603956750047371,-0.1293927442822879,-0.3147136059105506,0.41390077802624936,-1.1406891357328084,-1.239589977790637,-1.1999121410913096,0.894289487080336,0.8874926950041592
1.141007478202282,-0.654824689689642,-0.5056205807161585,0.7948013065166268,-0.010684955963028146,0.3652708222966873,0.38684089239082936,-0.9643625532153545,-1.3136846978689858,-0.14649216674881052,-0.7555471818550794,0.9534755295336688,-0.2359265154918623,-0.5826243677214452,-1.2423482418502667,-1.5217318904522017,-1.277141163084512,0.8969505791174321,0.8903446274393942
1.141007478202282,-0.654824689689642,-0.3611575571618023,-0.7030746009502787,-0.010684955963028146,-0.6865507261215884,2.897344305875113,-0.82945743638262,-1.493097826596054,0.1392575055289426,-0.6158396418001838,1.24436910032132,0.03807711507620095,-1.2144441619975652,-1.3325789564383788,-1.596894436389228,-1.3649932014152435,0.6148449858817495,0.6231107396975761
1.141007478202282,-0.654824689689642,-0.2166945336074462,-0.7030746009502787,-0.010684955963028146,-0.6865507261215884,-0.6874206446824462,-0.6795627985903968,-1.672510955323122,0.5565467372635549,-0.4343445226933396,1.379633661684176,0.2968571463099033,-2.0527121750748636,-1.4551888684288357,-1.6516722391938254,-1.4570540298431773,-1.2676136780735823,-1.2761757670616813
1.141007478202282,-0.654824689689642,-0.07223151005309006,2.347696952845125,-0.010684955963028146,-0.6865507261215884,-0.6874206446824462,-0.5596470597664851,-1.8519240840501903,1.1946466356475485,-0.3094959636110446,1.103170675810781,0.3847769315826397,-3.14411497724996,-1.541563281174369,-1.626356511385595,-1.5009541200404726,0.9595975926489003,0.9375337322528368
1.141007478202282,-0.654824689689642,0.07223151350126605,-0.7030746009502787,-0.010684955963028146,-0.6865507261215884,2.8971723549978075,-0.37977352300595046,-2.2705547177466827,1.4623801819868567,-0.17423999502377863,0.702941179920341,0.5176286315895043,-3.3297712995968296,-1.6405277963793257,-1.5898265181908406,-1.5647884008903623,0.6573431919039704,0.6679006517447041
1.141007478202282,-0.654824689689642,0.2166945370556222,-0.7030746009502787,-0.010684955963028146,-0.6865507261215884,-0.6874206446824462,-0.37977352300595046,-2.2705547177466827,1.693071861958532,-0.07459938127943626,0.36115928283683857,0.8184477030847214,-3.4858426921583074,-1.7012344230417915,-1.5434629656806578,-1.6379747965312184,-1.2676136780735823,-1.2761757670616813
1.141007478202282,-0.654824689689642,0.3611575606099783,0.9978637121209373,-0.010684955963028146,1.1872962484371092,-0.6874206446824462,-0.40975242197426187,-2.390163470231395,1.8273819762063752,-0.021062937613171625,0.02178358839584544,1.1995039641013545,-3.299578508150886,-1.7633377540278663,-1.516316959244137,-1.738412264677656,0.9714805683776719,0.9531569349689533
1.141007478202282,-0.654824689689642,0.5056205841643344,-0.7030746009502787,-0.010684955963028146,2.911692137281134,-0.6874206446824462,-0.37977352300595046,-2.2705547177466827,1.7584627093052352,0.03185078700596444,0.24314428509549835,1.6344230251789607,-2.8320187715645946,-1.7995011886321066,-1.5678149209639614,-1.8156794977816992,0.6563999017310099,0.6668209945324273
1.141007478202282,-0.654824689689642,0.6500836077186906,1.6289093089629973,-0.010684955963028146,0.4270133933302009,-0.6874206446824462,-0.5296681607981737,-2.330359093989039,1.4041442580583616,0.06043672225878766,0.6892789552711918,1.8698004749899089,-1.760090832245945,-1.8327063576853588,-1.6702978372236559,-1.870071594793641,0.7990031596735382,0.787067790965465
1.141007478202282,-0.654824689689642,0.7945466312730467,-0.7030746009502787,-0.010684955963028146,2.9115515557991025,-0.6874206446824462,-0.6345943786625966,-2.330359093989039,1.1124055578526826,0.01636073768057554,0.9419575853654605,1.7942919756401825,-0.6083501911024919,-1.8327750480619298,-1.7273026832457323,-1.8720956919221754,0.5407422452383404,0.5477512803037127
1.141007478202282,-0.654824689689642,0.9390096548274028,1.8429037264744654,-0.010684955963028146,0.12125421367572983,-0.6874206446824462,-0.9793520741748433,-2.031337212777258,0.44207646321237093,-0.11931617506703988,1.1334334607507244,1.0200114783638812,0.41390077802624936,-1.7892222160707136,-1.7641246925756833,-1.7586466854868563,0.7511716255240146,0.7362805110256099
1.141007478202282,-0.654824689689642,1.083472678381759,-0.7030746009502787,-0.010684955963028146,0.5915767791646144,1.9521953901654336,-1.2791413497592896,-1.3136846978689858,0.34804238195859616,-0.2657936104611096,1.0418411043589915,-0.11649433529593126,0.41390077802624936,-1.7524311683415936,-1.761831829159889,-1.5696167568561963,0.7556305049677325,0.7484201562530153
1.141007478202282,-0.654824689689642,1.227935701936115,1.6637966806398636,-0.010684955963028146,0.4059419655223576,-0.6874206446824462,-1.3390992191712454,-1.2538803216266297,0.12959031600099657,-0.3839620292400736,0.9177728865355828,-0.11491485024632711,0.41390077802624936,-1.7186065808048772,-1.75030711364523,-1.5793953076441452,0.8124394726116706,0.8037024943342966
1.141007478202282,-0.654824689689642,1.3723987254904713,-0.7030746009502787,-0.010684955963028146,0.893192047677986,1.75161678364801,-1.2791413497592896,-1.3136846978689858,0.03759769617215736,-0.47201450250405164,0.7364042226634976,-0.2328318314920454,0.41390077802624936,-1.7067282070542749,-1.7347268112488434,-1.5722495023931224,0.7395050601169358,0.735130855184594
1.141007478202282,-0.654824689689642,1.5168617490448273,1.6911731596556856,-0.010684955963028146,0.3754583773740155,-0.6874206446824462,-1.2791413497592896,-1.612706579080766,-0.1559795350429778,-0.5482429674027752,0.6064701088355976,-0.2110648837373512,0.41390077802624936,-1.7067098896205226,-1.7356359324064703,-1.6013407128221908,0.8340222681163216,0.8241267433496317
1.141007478202282,-0.654824689689642,1.6613247725991833,-0.7030746009502787,-0.010684955963028146,0.9688718501042008,1.6734839366509038,-1.4590148865198243,-1.3734890741113417,-0.20751564674857426,-0.6020097127501567,0.47063445769641066,-0.3086812912929743,0.41390077802624936,-1.7211787341338771,-1.7398961366098153,-1.6123837238551604,0.7394513170220969,0.7358152862211539
1.141007478202282,-0.5445797577890011,-1.6613247691510074,1.7112356514047637,-0.010684955963028146,0.3524291641501146,-0.6874206446824462,-1.4290359875515128,-1.612706579080766,-0.3516825801890756,-0.6504676912488332,0.38310272367658715,-0.28252498632160583,0.41390077802624936,-1.7431321784859461,-1.7568776393400347,-1.651735272592578,0.8508776484458517,0.8404337630792491
1.141007478202282,-0.5445797577890011,-1.5168617455966513,-0.7030746009502787,-0.010684955963028146,1.0054840168341659,1.635499109272922,-1.578930625343736,-1.3734890741113417,-0.3831794136023673,-0.7005795280436266,0.2844301802465098,-0.37165237376518845,0.41390077802624936,-1.7622071345313952,-1.769064352071692,-1.6663101911878573,0.7434676697116553,0.7402679767715012
1.141007478202282,-0.5445797577890011,-1.372398722042295,1.717664908155531,-0.010684955963028146,0.33057847143071345,-0.6874206446824462,-1.5039833064476245,-1.2538803216266297,-0.49182871084228397,-0.7379649356864328,0.2363268490863221,-0.3410635829281869,0.41390077802624936,-1.7781006415567173,-1.7782038173353587,-1.6901605840032166,0.8577912752013307,0.8470259146419054
1.141007478202282,-0.5445797577890011,-1.227935698487939,-0.7030746009502787,-0.010684955963028146,1.026284532411011,1.6137835124686428,-1.578930625343736,-1.0744671928995615,-0.5105379659000215,-0.7782350284347085,0.15307455848478152,-0.4315963133293514,0.41390077802624936,-1.7885254305315328,-1.7756191546548727,-1.6856469784161077,0.7487535457418427,0.7458572240042701
1.141007478202282,-0.5445797577890011,-1.083472674933583,1.145681971214554,-0.010684955963028146,0.1797234536834322,0.34320176791603935,-1.578930625343736,-1.0744671928995615,-0.5706564546723314,-0.8097446122194134,0.12105871857105,-0.3930010549997917,0.41390077802624936,-1.7958740957302963,-1.7772576113213496,-1.6997981903794643,0.8601196633302428,0.8532948854011143
1.141007478202282,-0.5445797577890011,-0.9390096513792268,-0.7030746009502787,-0.010684955963028146,1.192773905469118,1.340771749409042,-1.6238990095338697,-1.1342715691419176,-0.6232983034918184,-0.8389442214382338,0.0676879338134988,-0.3435520245983,0.41390077802624936,-1.810535996354645,-1.7795025463555039,-1.719925401729106,0.726710428946614,0.7197767992427228
1.141007478202282,-0.5445797577890011,-0.7945466278248707,1.2340967932824654,-0.010684955963028146,0.1828870077260649,0.25167934457514807,-1.578930625343736,-1.0744671928995615,-0.6974794666410227,-0.8669651870080756,0.029861732024469352,-0.28214740720619297,0.41390077802624936,-1.8236115108085027,-1.7816494559213263,-1.739088382990332,0.8591900336094822,0.8523646404665554
1.141007478202282,-0.5445797577890011,-0.6500836042705146,-0.7030746009502787,-0.010684955963028146,1.2834981230583482,1.352281580517462,-1.2791413497592896,-1.3136846978689858,-0.6768301039446613,-0.8297940782105381,0.28280394201550624,-0.14761043489756112,0.41390077802624936,-1.852751414663082,-1.819272584897335,-1.7601958730949416,0.7130242735274573,0.7111724941153472
1.141007478202282,-0.5445797577890011,-0.5056205807161585,1.789211620890188,-0.010684955963028146,0.18520288890382977,-0.6874206446824462,-0.664573277630908,-2.031337212777258,-0.33993992667562495,-0.7019404648661779,1.4948628354222528,0.004739483179146394,-0.37057497155004987,-1.900519305077669,-1.9723068231218346,-1.7675051127257606,0.8948772460105153,0.8818899392640898
1.141007478202282,-0.5445797577890011,-0.3611575571618023,-0.7030746009502787,-0.010684955963028146,-0.6865507261215884,2.900292573107167,-0.22987888521372726,-2.4499678464737507,0.023558562029503058,-0.5319889566095124,1.7862926835470392,0.2797659951008173,-1.2297035857521024,-1.958125103530404,-1.9942155152940158,-1.7942136966320061,0.6314064867461899,0.6390491409173716
1.141007478202282,-0.5445797577890011,-0.2166945336074462,-0.7030746009502787,-0.010684955963028146,-0.6865507261215884,-0.6874206446824462,0.06991039037071911,-2.569576598958463,0.6252096771696358,-0.2945221796856215,1.8718483972087014,0.516447069357652,-2.543629170640742,-2.023521595780608,-1.9755134704111168,-1.7963943501403852,-1.2676136780735823,-1.2761757670616813
1.141007478202282,-0.5445797577890011,-0.07223151005309006,-0.7030746009502787,-0.010684955963028146,-0.6865507261215884,-0.6874206446824462,0.42965746389178827,-2.9284028564125992,0.9505638318702181,-0.11672858608796602,1.6074943381022435,0.6046370189974511,-3.0459639508459095,-2.0765487588518767,-1.9269971528314722,-1.7937712119684706,-1.2676136780735823,-1.2761757670616813
1.141007478202282,-0.5445797577890011,0.07223151350126605,-0.7030746009502787,-0.010684955963028146,-0.6865507261215884,-0.6874206446824462,0.5195943037473887,-2.9882072326549554,1.2669609274424316,0.030238675238146717,1.198619753144848,0.5565534578969566,-3.5039562709511816,-2.1178969912834638,-1.8544911621473923,-1.768376326052929,-1.2676136780735823,-1.2761757670616813
1.141007478202282,-0.5445797577890011,0.2166945370556222,-0.7030746009502787,-0.010684955963028146,-0.6865507261215884,-0.6874206446824462,0.6694889415396119,-2.9882072326549554,1.4909135614674744,0.1501562735528439,0.8881367255011637,0.5740539243971045,-3.469959103940062,-2.137819610677685,-1.7731152762375584,-1.7340701723909209,-1.2676136780735823,-1.2761757670616813
1.141007478202282,-0.5445797577890011,0.3611575606099783,-0.7030746009502787,-0.010684955963028146,-0.6865507261215884,-0.6874206446824462,0.7744153023547011,-3.1078159851396676,1.5904717510229327,0.2302073288928237,0.6271959431710933,0.8814643554501751,-3.170505722102606,-2.149835967728592,-1.7052252658205374,-1.7589644927544488,-1.2676136780735823,-1.2761757670616813
1.141007478202282,-0.5445797577890011,0.5056205841643344,-0.7030746009502787,-0.010684955963028146,-0.6865507261215884,-0.6874206446824462,0.6694889415396119,-2.9882072326549554,1.5257753405863135,0.27584185052753635,0.41248027801983744,1.2735835217987859,-2.612100943898281,-2.1540200552277895,-1.6515387553979002,-1.8056144728370473,-1.2676136780735823,-1.2761757670616813
1.141007478202282,-0.5445797577890011,0.6500836077186906,1.0960349366831714,-0.010684955963028146,1.0403309654906474,-0.6874206446824462,0.6694889415396119,-2.9882072326549554,1.2031937023629018,0.2948699181262758,0.1373476246442818,1.6630799780418457,-1.5044046544541458,-2.1541091116984665,-1.5923440594499798,-1.8562370983518526,1.0167558005378958,0.9947529037369192
1.141007478202282,-0.5445797577890011,0.7945466312730467,-0.7030746009502787,-0.010684955963028146,2.9114569980165457,-0.6874206446824462,0.3696996659551655,-2.868598480170243,0.9098307259946539,0.23259870918889167,0.11496737057938601,1.65736990766932,-0.29836519842590054,-2.1361207892065965,-1.5895136824871485,-1.856444639271019,0.6786570921916343,0.6910382686582675
1.141007478202282,-0.5445797577890011,0.9390096548274028,1.7133000226087083,-0.010684955963028146,0.2764063805634973,-0.6874206446824462,-0.0050369285253924825,-2.509772222716107,0.28592624275285317,0.0915455393718211,0.4800280142060756,0.8966529636165128,0.41390077802624936,-2.091687756319812,-1.6531832844385215,-1.7353598519690965,0.8530315063236311,0.8398535112883856
1.141007478202282,-0.5445797577890011,1.083472678381759,-0.7030746009502787,-0.010684955963028146,0.6891113536835929,1.854831029901769,-0.37977352300595046,-2.0911415890196143,0.16279773976907091,-0.054769780337353705,0.5217440916414351,-0.1724940378505984,0.41390077802624936,-2.043386852684921,-1.6573709454578909,-1.5374955145120608,0.8302011160989878,0.8242053383011984
1.141007478202282,-0.5445797577890011,1.227935701936115,1.6075322631848146,-0.010684955963028146,0.4518194351517708,-0.6874206446824462,-0.5896259587347964,-1.7921197078078341,-0.07476507301913955,-0.17769939066883247,0.5041016447775668,-0.29098227025799733,0.41390077802624936,-2.0017213189173493,-1.6518168918207665,-1.5109737283505251,0.8763328226635861,0.867896967769923
1.141007478202282,-0.5445797577890011,1.3723987254904713,-0.7030746009502787,-0.010684955963028146,0.9352820806385937,1.708077022514729,-0.6795627985903968,-1.493097826596054,-0.1148822094320871,-0.2760138563642061,0.47175674442667503,-0.30911176403446866,0.41390077802624936,-1.964413165213026,-1.6394287063898167,-1.4997700123028197,0.7851613469964198,0.7814517313924481
1.141007478202282,-0.5445797577890011,1.5168617490448273,1.670177920424596,-0.010684955963028146,0.4000981062815751,-0.6874206446824462,-0.6795627985903968,-1.493097826596054,-0.24103890199270364,-0.35359142990246295,0.4282453397699325,-0.26736323184235566,0.41390077802624936,-1.9272648070163045,-1.618304651705301,-1.4934186706334767,0.8739861007698795,0.864323762914581
1.141007478202282,-0.5445797577890011,1.6613247725991833,-0.7030746009502787,-0.010684955963028146,0.988682751543026,1.6527054930465392,-0.7395205965270196,-1.55290220283841,-0.26330927137465615,-0.42408044293552905,0.37320687340138287,-0.31277932669215336,0.41390077802624936,-1.8972450637944547,-1.6021499677760005,-1.4771546025898326,0.7672384742245855,0.7640460197357213
1.141007478202282,-0.4343348258883602,-1.6613247691510074,1.702187140823892,-0.010684955963028146,0.3628751841397193,-0.6874206446824462,-0.6795627985903968,-1.672510955323122,-0.3541059165250177,-0.47330307867755117,0.3621050207683243,-0.2548380211862469,0.41390077802624936,-1.8770145427999902,-1.5983730594934025,-1.4871714815348251,0.8752780919595213,0.8649789255186565
1.141007478202282,-0.4343348258883602,-1.5168617455966513,-0.7030746009502787,-0.010684955963028146,1.0149346697233161,1.625356517743664,-0.6795627985903968,-1.672510955323122,-0.35789327865609616,-0.514680150201225,0.3266709308726058,-0.2870022283323848,0.41390077802624936,-1.8598573738646282,-1.590853400032769,-1.479362222225005,0.759475383033624,0.7565778619420612
1.141007478202282,-0.4343348258883602,-1.372398722042295,2.4593080903670437,-0.010684955963028146,-0.6865507261215884,-0.6874206446824462,-0.8444469573421088,-1.493097826596054,-0.3902107507908145,-0.5512897681931394,0.30040743210217924,-0.24684864240365362,0.41390077802624936,-1.8466177255635956,-1.587450376501065,-1.4891751630127104,0.9499337214314416,0.9431823350479867
1.141007478202282,-0.4343348258883602,-1.227935698487939,-0.7030746009502787,-0.010684955963028146,1.1486442904265681,1.3630954498633556,-0.9793520741748433,-1.2538803216266297,-0.3871139021974465,-0.5895602022358871,0.17018818781991366,-0.2810521022722583,0.41390077802624936,-1.8325552388569029,-1.5648974704933087,-1.4838607617169823,0.8076957008424681,0.8008282523945803
1.141007478202282,-0.4343348258883602,-1.083472674933583,1.6384582351637804,-0.010684955963028146,0.4977667771249318,-0.6874206446824462,-1.1292467119670664,-0.7156409354454252,-0.41946406910194284,-0.6309776287369169,0.0916977415797977,-0.29481583752676865,0.41390077802624936,-1.8119534283006578,-1.5438686219605577,-1.4744040576569146,0.8777522514928295,0.8709421127944262
1.141007478202282,-0.4343348258883602,-0.9390096513792268,-0.7030746009502787,-0.010684955963028146,1.0208882536476187,1.5439145576953401,-1.2491624507909782,-0.536227806718357,-0.44493656423594835,-0.6713590455606567,0.05528393018099758,-0.35252766607029057,0.41390077802624936,-1.7898274144411332,-1.5283655254640078,-1.4532568279970308,0.7759894318009491,0.7690961547225874
1.141007478202282,-0.4343348258883602,-0.7945466278248707,1.1038036517849794,-0.010684955963028146,0.21505082700283798,0.3454948646520813,-1.4290359875515128,-0.057792796779508555,-0.5086665172779313,-0.7132774304012759,0.04363834040240472,-0.3323922832431885,0.41390077802624936,-1.7660017355444926,-1.516525371799595,-1.447332904896092,0.8736129547334721,0.8667995038889318
1.141007478202282,-0.4343348258883602,-0.6500836042705146,-0.7030746009502787,-0.010684955963028146,1.2590764837267077,1.3775135936812437,-0.9793520741748433,-0.6558365592030692,-0.4951119196233863,-0.6866097481237974,0.3483541072859858,-0.19612202749526927,0.41390077802624936,-1.7578239654495746,-1.553604264242907,-1.4533131620918702,0.7315571933356918,0.7295933905631438
1.141007478202282,-0.4343348258883602,-0.5056205807161585,1.7363997666272941,-0.010684955963028146,0.24838464193977633,-0.6874206446824462,-0.4547208419020621,-1.3734890741113417,-0.20207131368514902,-0.5606138552887481,1.4281704905991113,-0.009741164145792236,-0.06371429464981863,-1.7803370556065476,-1.7144224186385764,-1.459729899348052,0.892165646248838,0.8799512637921114
1.141007478202282,-0.4343348258883602,-0.3611575571618023,-0.7030746009502787,-0.010684955963028146,-0.6865507261215884,2.9004331460871544,0.06991039037071911,-1.8519240840501903,0.18208634614727381,-0.3279806305664238,1.8132234207353852,0.3137790379155284,-0.7327475661026592,-1.8401998752220845,-1.7482728683068376,-1.4924851186083365,0.6437463686524894,0.6506771002621814
1.141007478202282,-0.4343348258883602,-0.2166945336074462,-0.7030746009502787,-0.010684955963028146,-0.6865507261215884,-0.6874206446824462,0.5195943037473887,-2.390163470231395,0.8046679990038584,-0.11264090519201041,2.0162081227452586,0.5792749321653993,-1.9642415202879886,-1.8911917544864996,-1.7546659939284224,-1.5148573964817742,-1.2676136780735823,-1.2761757670616813
1.141007478202282,-0.4343348258883602,-0.07223151005309006,-0.7030746009502787,-0.010684955963028146,-0.6865507261215884,-0.6874206446824462,0.6544994205801231,-2.509772222716107,1.1510291971821731,0.04927091748971606,1.8010556443688555,0.6804897337907543,-2.3854325912392134,-1.9257830230332937,-1.6990674446970502,-1.5097383085497433,-1.2676136780735823,-1.2761757670616813
1.141007478202282,-0.4343348258883602,0.07223151350126605,-0.7030746009502787,-0.010684955963028146,-0.6865507261215884,-0.6874206446824462,0.819383579331835,-2.689185351443175,1.4799189642865436,0.19187984126140054,1.4191159409378054,0.6554873236160569,-2.4982584694560446,-1.942964775892902,-1.6026257816643197,-1.4691773235669154,-1.2676136780735823,-1.2761757670616813
1.141007478202282,-0.4343348258883602,0.2166945370556222,-0.7030746009502787,-0.010684955963028146,-0.6865507261215884,-0.6874206446824462,0.819383579331835,-2.689185351443175,1.686470134044967,0.352290180475302,1.137484136711435,0.7180905919499809,-2.5265554777920682,-1.9772136771417348,-1.5321351685846831,-1.461502130668845,-1.2676136780735823,-1.2761757670616813
1.141007478202282,-0.4343348258883602,0.3611575606099783,-0.7030746009502787,-0.010684955963028146,-0.6865507261215884,-0.6874206446824462,0.8943308982279466,-2.868598480170243,1.5474990534175785,0.4749317397615168,0.9148047116603414,0.9221607113573123,-1.5537718713840794,-1.9996537385825641,-1.4755995219005185,-1.4889222054589448,-1.2676136780735823,-1.2761757670616813
1.141007478202282,-0.4343348258883602,0.5056205841643344,-0.7030746009502787,-0.010684955963028146,-0.6865507261215884,-0.6874206446824462,0.9692782171240583,-2.9284028564125992,1.4261242978846858,0.5371618979460734,0.6665704696367356,1.2079522968087169,-0.5744298801633958,-2.00484456188154,-1.415534524615395,-1.5356178205253475,-1.2676136780735823,-1.2761757670616813
1.141007478202282,-0.4343348258883602,0.6500836077186906,1.1091489434442814,-0.010684955963028146,0.9947873768810587,-0.6874206446824462,0.819383579331835,-2.808794103927887,1.1162295381259122,0.504673358072754,0.35364725577894623,1.5869375689272343,0.41390077802624936,-1.982335448535842,-1.3418666501999252,-1.6004801986060577,1.005563756101971,0.984064194998202
1.141007478202282,-0.4343348258883602,0.7945466312730467,-0.7030746009502787,-0.010684955963028146,2.8880426501074963,-0.6874206446824462,0.5195943037473887,-2.808794103927887,0.8529444421625927,0.4024082792493402,0.26945585818671913,1.5218287702132325,0.41390077802624936,-1.9468573510746874,-1.333090659902905,-1.5966614893632378,0.6726047928959165,0.6841550701655906
1.141007478202282,-0.4343348258883602,0.9390096548274028,1.7408579985894317,-0.010684955963028146,0.25842167859995935,-0.6874206446824462,0.06991039037071911,-2.4499678464737507,0.2862178800992725,0.22731916490999615,0.5693998342976768,0.8030914628111099,0.41390077802624936,-1.889605368316009,-1.4071912994114197,-1.4659643150182224,0.8563172045632879,0.8430075430687052
1.141007478202282,-0.4343348258883602,1.083472678381759,-0.7030746009502787,-0.010684955963028146,0.6771281421315377,1.892078476692764,-0.07998424742150408,-2.2705547177466827,0.17490657470403467,0.07096589247129767,0.6025255279276742,-0.18543832877489166,0.41390077802624936,-1.838992370707627,-1.4319290673234013,-1.2664249116365318,0.8332477564251466,0.8272676759713569
1.141007478202282,-0.4343348258883602,1.227935701936115,1.6055409924366253,-0.010684955963028146,0.4248084397281014,-0.6874206446824462,-0.2748473051415275,-1.8519240840501903,-0.043561838638453906,-0.05787085161450675,0.5811614655402556,-0.33267546757974814,0.41390077802624936,-1.7889033481121055,-1.4278431185709515,-1.2313805193130807,0.8651979364355503,0.8567495838060472
1.141007478202282,-0.4343348258883602,1.3723987254904713,-0.7030746009502787,-0.010684955963028146,0.9253005862157311,1.7179290547148172,-0.5296681607981737,-0.9548584404148494,-0.09887092677642649,-0.17794569518579728,0.5175367597043434,-0.3337105551547592,0.41390077802624936,-1.725046122844253,-1.3929200273841733,-1.2065068329494069,0.7874367110016612,0.7837694637662533
1.141007478202282,-0.4343348258883602,1.5168617490448273,1.6751883474961378,-0.010684955963028146,0.39396722651497856,-0.6874206446824462,-0.5296681607981737,0.0020115794628475024,-0.22139915378708547,-0.26315522987260515,0.47255825939577817,-0.27157519197463337,0.41390077802624936,-1.62725344136171,-1.3035998495646044,-1.1329386537239505,0.8752455585141505,0.865618328197548
1.141007478202282,-0.4343348258883602,1.6613247725991833,-0.7030746009502787,-0.010684955963028146,0.982876757254993,1.6584742148755693,-0.5896259587347964,0.0020115794628475024,-0.2374117442335372,-0.335572236737619,0.42864899829108377,-0.2869802571338586,0.41390077802624936,-1.5326065381072502,-1.2177708531370863,-1.0446734986977297,0.7681033965401888,0.7649267334768449
1.141007478202282,-0.32408989398771926,-1.6613247691510074,1.7044851468177986,-0.010684955963028146,0.36004911979334725,-0.6874206446824462,-0.6795627985903968,0.3010334606746278,-0.3347905004355969,-0.4037387512463106,0.394864354919166,-0.23723339493012313,0.41390077802624936,-1.4367200748292666,-1.139964872612676,-0.9813432769871303,0.8753397437372129,0.8650659121186978
1.141007478202282,-0.32408989398771926,-1.5168617455966513,-0.7030746009502787,-0.010684955963028146,1.0120513895505518,1.6282267586043857,-0.6795627985903968,0.6598597181287641,-0.3398941539979358,-0.4579946267502634,0.3500963869809753,-0.2750303663798983,0.41390077802624936,-1.3356350756486222,-1.0492817721034349,-0.883424357743506,0.7594027669456141,0.7565090913594403
1.141007478202282,-0.32408989398771926,-1.372398722042295,1.7011330967523068,-0.010684955963028146,0.32057731233625714,-0.6874206446824462,-0.7395205965270196,0.6000553418864081,-0.41790518247892994,-0.5093839073110099,0.3266535246530079,-0.23369521821931485,0.41390077802624936,-1.2369537576102299,-0.9766223455369549,-0.822980057472803,0.8574842745124175,0.8468013868766224
1.141007478202282,-0.32408989398771926,-1.227935698487939,-0.7030746009502787,-0.010684955963028146,0.9885401826739718,1.5646973942053293,-0.82945743638262,0.6598597181287641,-0.4222097758678956,-0.5421737179635546,0.3049554286228297,-0.2579367739265316,0.41390077802624936,-1.176976936071472,-0.9376075585293403,-0.779484022478998,0.7622227516109301,0.7553182959734638
1.141007478202282,-0.32408989398771926,-1.083472674933583,1.764778510225208,-0.010684955963028146,0.36225219060774094,-0.6874206446824462,-0.82945743638262,0.9588815993405444,-0.4529605146348543,-0.572682776620024,0.2971019081137786,-0.23563275243008636,0.41390077802624936,-1.103495104461139,-0.8934217111967124,-0.740656730182315,0.8622618379265354,0.8554388492491901
1.141007478202282,-0.32408989398771926,-0.9390096513792268,-0.7030746009502787,-0.010684955963028146,0.9948829806567854,1.5605758027995424,-0.82945743638262,1.0784903518252564,-0.46092626834355555,-0.5985774523484972,0.2777006042029229,-0.2597595696561108,0.41390077802624936,-1.0382997424539118,-0.8503180476848284,-0.6921694507158919,0.7608718047854782,0.7539662171972931
1.141007478202282,-0.32408989398771926,-0.7945466278248707,1.1408600286514787,-0.010684955963028146,0.17022970587568298,0.324460063626624,-0.82945743638262,1.0784903518252564,-0.49777327388331194,-0.6215770063394264,0.26926024543314275,-0.20895971741930588,0.41390077802624936,-0.9793202569791907,-0.8146697415287983,-0.6725230443152291,0.8535761269837054,0.8467463294756551
1.141007478202282,-0.32408989398771926,-0.6500836042705146,-0.7030746009502787,-0.010684955963028146,1.2472804003527436,1.3886920741939792,-0.82945743638262,1.0784903518252564,-0.47158999445433364,-0.6006160744804376,0.5562929509404605,-0.06690452647425325,0.41390077802624936,-0.949098178420038,-0.8702809776847225,-0.6889391925800193,0.7224471096607048,0.7205922218652272
1.141007478202282,-0.32408989398771926,-0.5056205807161585,1.7505755216746888,-0.010684955963028146,0.20255194081803382,-0.6874206446824462,-0.33480510307815026,0.0020115794628475024,-0.160179505168654,-0.4779383348696969,1.6188349046040733,0.12012408035769925,0.11926487452155628,-0.9779158400518967,-1.1263988634682072,-0.7224785038347554,0.8752894157554238,0.8628327102526973
1.141007478202282,-0.32408989398771926,-0.3611575571618023,-0.7030746009502787,-0.010684955963028146,-0.6865507261215884,2.8596803697937094,0.06991039037071911,-0.8950540641724933,0.22315228477917765,-0.24824336996415908,1.9620598601790011,0.41396444820252726,-0.5630621684195167,-1.0715217828277253,-1.1993285106841152,-0.8023176722221868,0.621729853790492,0.62848610223142
1.141007478202282,-0.32408989398771926,-0.2166945336074462,-0.7030746009502787,-0.010684955963028146,-0.6865507261215884,-0.6874206446824462,0.3696996659551655,-1.3734890741113417,0.8356057518539471,-0.05202216299979988,2.1326408122383897,0.6647274332184552,-1.6248125006247156,-1.151350605233212,-1.2319064726633555,-0.8683676516278266,-1.2676136780735823,-1.2761757670616813
1.141007478202282,-0.32408989398771926,-0.07223151005309006,-0.7030746009502787,-0.010684955963028146,-0.6865507261215884,-0.6874206446824462,0.6245206645624779,-1.672510955323122,1.1724828512150722,0.12137204229059986,1.9219335508002497,0.7670953158923878,-2.0130253297621055,-1.206752406673481,-1.1688081076225718,-0.8805061206212986,-1.2676136780735823,-1.2761757670616813
1.141007478202282,-0.32408989398771926,0.07223151350126605,-0.7030746009502787,-0.010684955963028146,-0.6865507261215884,-0.6874206446824462,0.9692782171240583,-1.9715328365349023,1.4865318084218329,0.2984754266203765,1.5692976324960588,0.7646581403521691,-1.9822770785228994,-1.2437801349281892,-1.0529542572377988,-0.8455523432178413,-1.2676136780735823,-1.2761757670616813
1.141007478202282,-0.32408989398771926,0.2166945370556222,-0.7030746009502787,-0.010684955963028146,-0.6865507261215884,-0.6874206446824462,0.9692782171240583,-2.1509459652619705,1.6658626206539215,0.4561437147004973,1.2842202256569049,0.82001905065339,-1.8852043660990612,-1.304159216952901,-0.9794603129674667,-0.86168572926241,-1.2676136780735823,-1.2761757670616813
1.141007478202282,-0.32408989398771926,0.3611575606099783,-0.7030746009502787,-0.010684955963028146,-0.6865507261215884,-0.6874206446824462,1.1191728549162814,-2.1509459652619705,1.6958241076784404,0.5750259991133763,1.0619055023497672,1.1825487088238935,-1.005112676009556,-1.3346138787169344,-0.9050145240499915,-0.9491201747389536,-1.2676136780735823,-1.2761757670616813
1.141007478202282,-0.32408989398771926,0.5056205841643344,-0.7030746009502787,-0.010684955963028146,-0.6865507261215884,-0.6874206446824462,1.1191728549162814,-2.1509459652619705,1.6250229298288812,0.6118053863203737,0.7921853544015576,1.556589647525927,-0.38569582147775633,-1.327790634644222,-0.8124056134549374,-1.0338920700121152,-1.2676136780735823,-1.2761757670616813
1.141007478202282,-0.32408989398771926,0.6500836077186906,1.097059418070444,-0.010684955963028146,0.979584284554173,-0.6874206446824462,0.9692782171240583,-2.1509459652619705,1.3170074654369444,0.6039285122058011,0.5260376258089162,1.9179906370906599,0.41390077802624936,-1.3168618752223546,-0.7356677201684358,-1.127488111699027,0.9856726997566007,0.9642836468231722
1.141007478202282,-0.32408989398771926,0.7945466312730467,-0.7030746009502787,-0.010684955963028146,2.8708456856001923,-0.6874206446824462,0.3696996659551655,-0.596032182960713,1.022560984398255,0.48885351117380205,0.3944316860320182,1.811369293131678,0.41390077802624936,-1.2437810990036497,-0.6649449472130265,-1.0752891141001382,0.6572727327294657,0.6695249474104158
1.141007478202282,-0.32408989398771926,0.9390096548274028,1.7193186267992047,-0.010684955963028146,0.25479793986223953,-0.6874206446824462,0.06991039037071911,0.36083783691698385,0.3884962745002567,0.30925229290079465,0.6569663807566961,1.045903315204842,0.41390077802624936,-1.1277980007107988,-0.7045327060952715,-0.8290383745092988,0.845579010677425,0.8323493308085907
1.141007478202282,-0.32408989398771926,1.083472678381759,-0.7030746009502787,-0.010684955963028146,0.6961136503600135,1.8731343849656439,-0.07998424742150408,0.7196640943711202,0.2778624047348181,0.14932760496610634,0.6984072741488888,0.030644339989604183,0.41390077802624936,-1.0250458740398347,-0.6883248888922071,-0.4745204918115525,0.8256617118844074,0.8197952200162829
1.141007478202282,-0.32408989398771926,1.227935701936115,1.5975898845309973,-0.010684955963028146,0.41964939221563696,-0.6874206446824462,0.15984723022631953,-0.057792796779508555,0.07451793799621638,0.047932245482257566,0.7024596078447991,-0.07976825633728388,0.41390077802624936,-0.9395808254725543,-0.6559860266449047,-0.3981421583202669,0.8531966899495744,0.8446512827979554
1.141007478202282,-0.32408989398771926,1.3723987254904713,-0.7030746009502787,-0.010684955963028146,0.9356123006823237,1.7072875546181934,0.06991039037071911,0.36083783691698385,0.012484843505709364,-0.036842429534767775,0.6760087849967952,-0.11743584184018269,0.41390077802624936,-0.8511664290522969,-0.6012344651714313,-0.33249132126100905,0.7807227784882096,0.7771202080590993
1.141007478202282,-0.32408989398771926,1.5168617490448273,1.6617817597442242,-0.010684955963028146,0.3807912689513134,-0.6874206446824462,-0.07998424742150408,0.7196640943711202,-0.10213778817263985,-0.11289834211652165,0.6438611551346796,-0.0657294742271495,0.41390077802624936,-0.7244141258263153,-0.5093548900852273,-0.2612358968128383,0.85625159844417,0.8465522981889748
1.141007478202282,-0.32408989398771926,1.6613247725991833,-0.7030746009502787,-0.010684955963028146,0.9905491171560364,1.6504446109517446,-0.2448684061732161,0.8990772230981884,-0.12441992767171242,-0.1903381521113914,0.5832352922752051,-0.10749346763304021,0.41390077802624936,-0.6012351682952128,-0.4256808274322225,-0.17511984383490226,0.7615913151822695,0.7584786726587276
1.141007478202282,-0.21384496208707834,-1.6613247691510074,1.6985392847474896,-0.010684955963028146,0.35260238061904614,-0.6874206446824462,-0.37977352300595046,0.7196640943711202,-0.2194296208556614,-0.25665668696737526,0.5689066580757364,-0.05154584495636106,0.41390077802624936,-0.5138005135618355,-0.4009951084414791,-0.17519386421533087,0.8625887900653721,0.8522811333305158
1.141007478202282,-0.21384496208707834,-1.5168617455966513,-0.7030746009502787,-0.010684955963028146,0.9866659721121873,1.5932843321504135,-0.37977352300595046,0.7196640943711202,-0.22520286330305286,-0.31126740796187063,0.525220362355415,-0.0910297162040906,0.41390077802624936,-0.4456787004938215,-0.38137960499085005,-0.15466925731294592,0.7286207353410927,0.7255635572261735
1.141007478202282,-0.21384496208707834,-1.372398722042295,2.3119099797262344,-0.010684955963028146,-0.6865507261215884,-0.6874206446824462,-0.5296681607981737,0.7196640943711202,-0.29120510284460377,-0.3643606426526929,0.489459698625336,-0.04664789518121042,0.41390077802624936,-0.3935513813556321,-0.3789732098656048,-0.18297757666818906,0.9252891872060951,0.9105046418649569
1.141007478202282,-0.21384496208707834,-1.227935698487939,-0.7030746009502787,-0.010684955963028146,1.1209340485688364,1.3341137779700034,-0.5296681607981737,1.0784903518252564,-0.27247623092499945,-0.4040184529859147,0.3647781187780013,-0.0826407871075583,0.41390077802624936,-0.348667643190996,-0.3337743604033788,-0.16767086071300882,0.7836125033568617,0.7767255959064416
1.141007478202282,-0.21384496208707834,-1.083472674933583,1.6107083704867,-0.010684955963028146,0.4726131517730119,-0.6874206446824462,-0.6795627985903968,1.0784903518252564,-0.29871312977641357,-0.45595600461832303,0.2799053920186565,-0.10428811389249887,0.41390077802624936,-0.29675338472960905,-0.3151178583265632,-0.17163804741509534,0.8464151741462916,0.8395794523296674
1.141007478202282,-0.21384496208707834,-0.9390096513792268,-0.7030746009502787,-0.010684955963028146,1.016104822282457,1.529509801780308,-0.6495838996220854,1.0784903518252564,-0.3210698133505799,-0.5026585416020215,0.23057202134021745,-0.17290823563022154,0.41390077802624936,-0.24726232993855235,-0.31313522816839884,-0.16127519415509056,0.7654146241131087,0.7585126486013319
1.141007478202282,-0.21384496208707834,-0.7945466278248707,1.7038625387693949,-0.010684955963028146,0.3994800289174952,-0.6874206446824462,-0.6795627985903968,1.0784903518252564,-0.3682189408473702,-0.5410465616994784,0.22728224583621498,-0.1781154096809258,0.41390077802624936,-0.20536023615482493,-0.3297125927122543,-0.1779874239415951,0.8499048804549861,0.8430718108155593
1.141007478202282,-0.21384496208707834,-0.6500836042705146,-0.7030746009502787,-0.010684955963028146,1.0492492078563307,1.5901199757988258,-0.5296681607981737,1.0784903518252564,-0.3275309537540995,-0.5123479108202476,0.5739685525083248,-0.18764033111607087,0.41390077802624936,-0.1884019077832209,-0.4433941596821013,-0.16571532523478288,0.7590729389221038,0.756427016943872
1.141007478202282,-0.21384496208707834,-0.5056205807161585,1.6563484967031188,-0.010684955963028146,0.2715291236109976,-0.6874206446824462,-0.12495266734930428,0.36083783691698385,0.003591866126105335,-0.35234320870631924,1.7371151399773814,-0.02606739214692984,-0.12243116919003767,-0.2442471839353863,-0.7759691998831593,-0.1894778324952085,0.8455225714407044,0.8347552778285555
1.141007478202282,-0.21384496208707834,-0.3611575571618023,-0.7030746009502787,-0.010684955963028146,-0.6865507261215884,2.8188583529401816,0.2198050281629423,-0.596032182960713,0.3753176666981582,-0.1584208439002983,2.071530890700574,0.28801170453288266,-0.6576137687837874,-0.36338594222979226,-0.8779501693586632,-0.3185650089786006,0.6299414032477523,0.6347468860165074
1.141007478202282,-0.21384496208707834,-0.2166945336074462,-0.7030746009502787,-0.010684955963028146,-0.6865507261215884,-0.6874206446824462,0.5195943037473887,-0.8352496879301373,0.9778423860867579,0.031251724324872054,2.235146039450404,0.5596684855991126,-1.575862169661214,-0.4572138633804344,-0.9050451027912189,-0.39533222240364235,-1.2676136780735823,-1.2761757670616813
1.141007478202282,-0.21384496208707834,-0.07223151005309006,-0.7030746009502787,-0.010684955963028146,-0.6865507261215884,-0.6874206446824462,0.7744153023547011,-1.3734890741113417,1.3252190838143758,0.19267163374814053,2.036514550075205,0.6806614346384958,-1.9161622248074228,-0.5437991676329837,-0.8496687373923821,-0.4368414979829346,-1.2676136780735823,-1.2761757670616813
1.141007478202282,-0.21384496208707834,0.07223151350126605,-0.7030746009502787,-0.010684955963028146,-0.6865507261215884,-0.6874206446824462,0.9692782171240583,-1.7323153315654782,1.6401416452696036,0.3342292407821588,1.6283072035357287,0.6678099109968687,-2.177838518273317,-0.6146934207069465,-0.7323704210079971,-0.43202951820746077,-1.2676136780735823,-1.2761757670616813
1.141007478202282,-0.21384496208707834,0.2166945370556222,-0.7030746009502787,-0.010684955963028146,-0.6865507261215884,-0.6874206446824462,1.2690674927085046,-2.2705547177466827,1.8899859213772054,0.4687094197185328,1.3320699233315232,0.7393652221080701,-1.9001994515452743,-0.6861723855477903,-0.6549415782920586,-0.47023189507999424,-1.2676136780735823,-1.2761757670616813
1.141007478202282,-0.21384496208707834,0.3611575606099783,-0.7030746009502787,-0.010684955963028146,-0.6865507261215884,-0.6874206446824462,0.819383579331835,-1.55290220283841,1.9563151086165358,0.5166267806757358,1.0387593746225638,1.1674740253906544,-1.1954979757577666,-0.7012478745447553,-0.5626124306486597,-0.6131549872750058,-1.2676136780735823,-1.2761757670616813
1.141007478202282,-0.21384496208707834,0.5056205841643344,-0.7030746009502787,-0.010684955963028146,-0.6865507261215884,-0.6874206446824462,0.5195943037473887,-1.0744671928995615,1.8522044993171949,0.521314915803727,0.7170866343802318,1.592296100123341,-0.39585479681617075,-0.6975231690025548,-0.4551216491190841,-0.7446319958049793,-1.2676136780735823,-1.2761757670616813
1.141007478202282,-0.21384496208707834,0.6500836077186906,1.0514173210084043,-0.010684955963028146,1.0281337437360356,-0.6874206446824462,0.3696996659551655,-0.596032182960713,1.4578545719541922,0.5070062932292032,0.38646543952938084,2.057753499656148,0.41390077802624936,-0.6759881334004056,-0.32789673597255725,-0.8703629266613269,0.9787220459859483,0.9591432504466163
1.141007478202282,-0.21384496208707834,0.7945466312730467,-0.7030746009502787,-0.010684955963028146,2.8845214187004244,-0.6874206446824462,0.02494197044291891,0.36083783691698385,1.138481598436789,0.4100360657450613,0.28831176721684076,1.8790389570961201,0.41390077802624936,-0.5936876625326912,-0.2586302484592913,-0.7916334089327102,0.660050118353053,0.6718250777898598
1.141007478202282,-0.21384496208707834,0.9390096548274028,1.6927057608775689,-0.010684955963028146,0.28661924867553656,-0.6874206446824462,-0.07998424742150408,0.7196640943711202,0.4569708925324166,0.25081967724051474,0.6119464370681359,1.0856174771630496,0.41390077802624936,-0.4818247817397702,-0.3519838923690616,-0.5216243107163365,0.8349806566838189,0.8219952646370912
1.141007478202282,-0.21384496208707834,1.083472678381759,-0.7030746009502787,-0.010684955963028146,0.6862880089194624,1.868201988693145,0.06991039037071911,0.36083783691698385,0.351010413159039,0.12588901665256477,0.699183094222395,0.06424237127659863,0.41390077802624936,-0.3935014904505437,-0.36816893816908425,-0.13344920819325976,0.816195737481055,0.8099837455546878
1.141007478202282,-0.21384496208707834,1.227935701936115,1.5655734974203526,-0.010684955963028146,0.4284439981886408,-0.6874206446824462,0.2198050281629423,-0.2970103017489328,0.1465798261684136,0.04354746845990654,0.733115276027095,-0.034814370404629494,0.41390077802624936,-0.33840554195016437,-0.37980360702985894,-0.09349829088865473,0.8327507676049797,0.8243230260541954
1.141007478202282,-0.21384496208707834,1.3723987254904713,-0.7030746009502787,-0.010684955963028146,0.9281214205962538,1.70016226169509,0.2198050281629423,0.36083783691698385,0.07399416778437352,-0.03202488016904919,0.7022755992376214,-0.08146410736426742,0.41390077802624936,-0.25596311097087004,-0.3281869087084601,-0.02904793775741006,0.7725671290392936,0.7687942600518559
1.141007478202282,-0.21384496208707834,1.5168617490448273,1.6362392421624914,-0.010684955963028146,0.38169437945418466,-0.6874206446824462,0.2198050281629423,0.7196640943711202,-0.05155505595376859,-0.0910823022028726,0.652026329861293,-0.04165880561958082,0.41390077802624936,-0.09908152144882271,-0.17837449870860408,0.09996631009157743,0.8383975671617113,0.828766301584303
1.141007478202282,-0.21384496208707834,1.6613247725991833,-0.7030746009502787,-0.010684955963028146,0.9911224260124457,1.64998126400134,0.20481550720345348,1.0186859755829005,-0.05748719498228092,-0.12830420260984066,0.6534727038231183,-0.03335450632477898,0.41390077802624936,0.04185667014281423,-0.05673833848002693,0.23115990135371509,0.7602159233370915,0.7570494316514613
1.141007478202282,-0.10360003018643743,-1.6613247691510074,1.716544572003972,-0.010684955963028146,0.3825185174727303,-0.6874206446824462,0.2198050281629423,1.0784903518252564,-0.09477819549562197,-0.1518854248950709,0.671955622433285,0.03212047903132594,0.41390077802624936,0.14213618427609015,0.019442197608215896,0.29336562465957317,0.8341117800267893,0.8272658339021794
1.141007478202282,-0.10360003018643743,-1.5168617455966513,-0.7030746009502787,-0.010684955963028146,0.9211050030120399,1.5306368958519914,0.06991039037071911,1.0784903518252564,-0.11532620440567175,-0.18816941996625206,0.6651464751001077,0.037702790953162355,0.41390077802624936,0.24561136754253782,0.08846318770964177,0.36344305514782543,0.7059122107294957,0.6989616222130846
1.141007478202282,-0.10360003018643743,-1.372398722042295,2.3609123685718165,-0.010684955963028146,-0.6865507261215884,-0.6874206446824462,0.02494197044291891,1.0784903518252564,-0.15038349824778283,-0.22412500901481347,0.6317936717477377,0.0748813138518303,0.41390077802624936,0.325509603381191,0.13613696337674325,0.38290670326406706,0.8825521030131683,0.8757458198602343
1.141007478202282,-0.10360003018643743,-1.227935698487939,-0.7030746009502787,-0.010684955963028146,1.0960929659760756,1.3106424832177583,-0.07998424742150408,1.0784903518252564,-0.14333712146523775,-0.26041735339165445,0.5134570733776364,0.0532152708607378,0.41390077802624936,0.38573732555858165,0.196425011976423,0.40396975930549905,0.7559342702863879,0.7490245596175372
1.141007478202282,-0.10360003018643743,-1.083472674933583,2.3536306315061415,-0.010684955963028146,-0.6865507261215884,-0.6874206446824462,-0.07998424742150408,1.0784903518252564,-0.158039305538989,-0.29436980485732966,0.4192081963282245,0.0551593150562578,0.41390077802624936,0.441081523490077,0.24072428258324907,0.4068423614439024,0.8851179313704496,0.8783136642934523
1.141007478202282,-0.10360003018643743,-0.9390096513792268,-0.7030746009502787,-0.010684955963028146,1.1793134377632464,1.289854417058216,-0.13994204535812688,1.0784903518252564,-0.14364902956891945,-0.32691678987026784,0.28988661565665047,0.007944023171594178,0.41390077802624936,0.48502408298625876,0.29180400953387403,0.4231440947253751,0.7865904819364368,0.7797056544866787
1.141007478202282,-0.10360003018643743,-0.7945466278248707,1.5243150985224256,-0.010684955963028146,0.5210252720516696,-0.6874206446824462,-0.07998424742150408,1.0784903518252564,-0.1634169412720672,-0.3516724811516467,0.25402400121178376,0.004973842630092296,0.41390077802624936,0.5219390144120716,0.3045614169998573,0.42128616134169666,0.8283127383251457,0.8214620879474266
1.141007478202282,-0.10360003018643743,-0.6500836042705146,-0.7030746009502787,-0.010684955963028146,1.037998296122506,1.5229304842705478,0.06991039037071911,1.0784903518252564,-0.11401449024218015,-0.30377251458123505,0.7078348142301496,0.0061749348161900435,0.41390077802624936,0.5214145573614809,0.12852459177515413,0.44293482995041333,0.748674279170525,0.7462301406755059
1.141007478202282,-0.10360003018643743,-0.5056205807161585,2.276415945933715,-0.010684955963028146,-0.6865507261215884,-0.6874206446824462,0.2198050281629423,0.7196640943711202,0.2223009129741597,-0.16615577981865381,1.4022227903842466,0.15652547382701534,0.31145163401856657,0.434361917529384,-0.13800340356172455,0.38318509850019233,0.9023365718828213,0.8881415127032904
1.141007478202282,-0.10360003018643743,-0.3611575571618023,-0.7030746009502787,-0.010684955963028146,-0.6865507261215884,2.5275001425043886,0.6694889415396119,0.06181595570520356,0.6198425037628866,0.02895496949294874,1.9571678836043924,0.44528642607182833,-0.22176298433699887,0.32307820506944523,-0.3121011895998003,0.28369603012482153,0.4868111394387757,0.5255881179849645
1.141007478202282,-0.10360003018643743,-0.2166945336074462,-0.7030746009502787,-0.010684955963028146,-0.6865507261215884,-0.6874206446824462,1.1191728549162814,-0.7754453116877812,1.2532238929725257,0.23065540829656758,2.2809824177248657,0.7068690057397587,-1.153688272576837,0.18920861475525466,-0.4158973652034858,0.17626472777390467,-1.2676136780735823,-1.2761757670616813
1.141007478202282,-0.10360003018643743,-0.07223151005309006,-0.7030746009502787,-0.010684955963028146,-0.6865507261215884,-0.6874206446824462,1.4189621305007278,-1.1342715691419176,1.60829170834271,0.4040565713416838,2.098701999492891,0.8343231146420256,-1.3741662179801721,0.09332721287343951,-0.3333388844290194,0.14565959313332671,-1.2676136780735823,-1.2761757670616813
1.141007478202282,-0.10360003018643743,0.07223151350126605,-0.7030746009502787,-0.010684955963028146,-0.6865507261215884,-0.6874206446824462,1.2690674927085046,-1.0146628166572054,1.9202436230159126,0.5334193216840571,1.7048622439300785,0.8183004146797866,-1.5358888608072763,0.016870485410422464,-0.18455921177473092,0.1614307378471254,-1.2676136780735823,-1.2761757670616813
1.141007478202282,-0.10360003018643743,0.2166945370556222,-0.7030746009502787,-0.010684955963028146,-0.6865507261215884,-0.6874206446824462,0.819383579331835,-0.536227806718357,1.8587702629840042,0.6456451221596413,1.394803596497543,0.9158094074870595,-0.43663160096853876,-0.028551688898983626,-0.05310814309416897,0.13458623156088922,-1.2676136780735823,-1.2761757670616813
1.141007478202282,-0.10360003018643743,0.3611575606099783,-0.7030746009502787,-0.010684955963028146,-0.6865507261215884,-0.6874206446824462,0.5195943037473887,-0.2970103017489328,1.9411839691632977,0.7091005409497771,1.052316333086526,1.2481180889588515,0.11933707264982103,-0.053892653400892616,0.07157352963835724,-0.016228874292563436,-1.2676136780735823,-1.2761757670616813
1.141007478202282,-0.10360003018643743,0.5056205841643344,1.0312632745218486,-0.010684955963028146,0.9925827370769101,-0.6874206446824462,0.5195943037473887,-0.2970103017489328,1.822685045580074,0.6674667282770635,0.6510963404142054,1.6649084700080798,0.41390077802624936,-0.01833923754437517,0.23312362198893855,-0.18662990381694802,0.9419313925841901,0.9241009544629356
1.141007478202282,-0.10360003018643743,0.6500836077186906,-0.7030746009502787,-0.010684955963028146,2.8299226672192157,-0.6874206446824462,0.3696996659551655,0.0020115794628475024,1.6339786811664587,0.6272223792212391,0.6395974602007948,2.0819454167296576,0.41390077802624936,0.015762521687276633,0.2216912933094773,-0.3530626548932221,0.632755995629305,0.6440532241748042
1.141007478202282,-0.10360003018643743,0.7945466312730467,1.6532282897497521,-0.010684955963028146,0.3063157184615773,-0.6874206446824462,0.2647733051400763,0.18142470818991568,1.0361835871739382,0.5360869248423711,0.8020422478995666,1.9411295641311,0.41390077802624936,0.08459341225659474,0.1404249270047487,-0.3128883663521024,0.7952639703694037,0.7827027010382179
1.141007478202282,-0.10360003018643743,0.9390096548274028,-0.7030746009502787,-0.010684955963028146,0.664676430238695,1.8054407552204472,0.06991039037071911,0.7196640943711202,0.7866852217305871,0.35780072221078596,0.9495375795665446,0.669725474009114,0.41390077802624936,0.21411598631873874,0.07785822000736242,0.19168738715683595,0.7773418165687378,0.7710477246788072
1.141007478202282,-0.10360003018643743,1.083472678381759,1.5128166476670586,-0.010684955963028146,0.42995619051433115,-0.6874206446824462,0.06991039037071911,0.7196640943711202,0.39319647460353563,0.22438507974603958,0.9139161655932487,0.46579043678531407,0.41390077802624936,0.31391081151417555,0.09002248664173561,0.2800205579603533,0.7971397661477986,0.7887448926142605
1.141007478202282,-0.10360003018643743,1.227935701936115,-0.7030746009502787,-0.010684955963028146,0.9246571958169402,1.6584148060566462,-0.12495266734930428,1.0784903518252564,0.2854449757417216,0.10306271075407697,0.8684171364319464,0.17927542927873263,0.41390077802624936,0.39952890706083327,0.10045265671685674,0.4035468168957934,0.7407469030675807,0.7368040680206818
1.141007478202282,-0.10360003018643743,1.3723987254904713,1.607594434405763,-0.010684955963028146,0.3862593028461593,-0.6874206446824462,-0.07998424742150408,1.0784903518252564,0.1041969422098537,0.019467375161501804,0.8323008885015104,0.22641992507925635,0.41390077802624936,0.4727735761078476,0.11310878565693075,0.3788716099592864,0.8117508779751211,0.8021580216662699
1.141007478202282,-0.10360003018643743,1.5168617490448273,-0.7030746009502787,-0.010684955963028146,0.9884303533911348,1.6226569726443554,-0.07998424742150408,1.0784903518252564,0.07185527594549965,-0.04752188724915462,0.7835369498642025,0.1540964357677323,0.41390077802624936,0.5309338384598858,0.1299643950589053,0.4091885236495229,0.7370420446367381,0.73373477142252
1.141007478202282,-0.10360003018643743,1.6613247725991833,1.6556621049237132,-0.010684955963028146,0.34479989916767007,-0.6874206446824462,-0.09497376838099289,1.0784903518252564,-0.04014785077823974,-0.10653756275467889,0.7674734957781435,0.1935510120840936,0.41390077802624936,0.583401717254548,0.13179608334547896,0.38530177569156376,0.8220256949429404,0.8117468104317593
1.141007478202282,0.00664490171420348,-1.6613247691510074,-0.7030746009502787,-0.010684955963028146,1.010534281056963,1.5994530175772645,-0.07998424742150408,1.0784903518252564,-0.05305901536355456,-0.15665287842683054,0.7345566767833208,0.14376020748330573,0.41390077802624936,0.6241305312026709,0.13948956451599756,0.4021500370326613,0.7307071896718331,0.7277011761693051
1.141007478202282,0.00664490171420348,-1.5168617455966513,2.2526206725787543,-0.010684955963028146,-0.6865507261215884,-0.6874206446824462,-0.07998424742150408,1.0784903518252564,-0.12499208614282666,-0.1971525770807513,0.7043834095441667,0.18759763103159283,0.41390077802624936,0.661747309563833,0.15021294351409378,0.3793757782731792,0.8762255162167002,0.8614409246520371
1.141007478202282,0.00664490171420348,-1.372398722042295,-0.7030746009502787,-0.010684955963028146,1.087897191092826,1.2924230117327151,-0.10996314638981547,1.0784903518252564,-0.10760893094728301,-0.22794620790512635,0.5904257187043362,0.15644165777337843,0.41390077802624936,0.6844469483224409,0.19358357461782866,0.38848334195476497,0.7414473607284091,0.7345258377970129
1.141007478202282,0.00664490171420348,-1.227935698487939,2.343754544932298,-0.010684955963028146,-0.6865507261215884,-0.6874206446824462,0.06991039037071911,1.0784903518252564,-0.11362999974959138,-0.2497281548206645,0.5014094828130921,0.15572962819151154,0.41390077802624936,0.7177388841671513,0.24181253877813738,0.39910603076848666,0.8732310013002516,0.8664169675231033
1.141007478202282,0.00664490171420348,-1.083472674933583,-0.7030746009502787,-0.010684955963028146,1.1667541977725404,1.2716797113733476,0.2198050281629423,1.0784903518252564,-0.08915731067539577,-0.2575653697333528,0.3790230373498801,0.11059020769352498,0.41390077802624936,0.7512660544242589,0.3229487827797705,0.44885034660696727,0.7680381499066551,0.7611382112021067
1.141007478202282,0.00664490171420348,-0.9390096513792268,2.330827589337385,-0.010684955963028146,-0.6865507261215884,-0.6874206446824462,0.3696996659551655,1.0784903518252564,-0.08879178314927823,-0.2580718942767155,0.31821067928042807,0.11216969274312914,0.41390077802624936,0.8024468924789604,0.4079592014855655,0.507657246190844,0.8685871665234589,0.8617694269886635
1.141007478202282,0.00664490171420348,-0.7945466278248707,-0.7030746009502787,-0.010684955963028146,1.206998784983535,1.263738802305943,0.3696996659551655,1.0784903518252564,-0.06650702806862342,-0.2612432388765054,0.2228859320863462,0.06663804566404562,0.41390077802624936,0.8806252176958236,0.5347295540532789,0.6147300191474724,0.7866163648984997,0.7797316481295146
1.141007478202282,0.00664490171420348,-0.6500836042705146,1.4837893166921026,-0.010684955963028146,0.5495972030827456,-0.6874206446824462,-0.22987888521372726,1.0784903518252564,-0.09851128430886898,-0.2977018735910712,0.19163762357012193,0.03932703214791242,0.41390077802624936,0.9399563496948148,0.5552880104603397,0.6342879941201894,0.8218074871933264,0.8149516014516325
1.141007478202282,0.00664490171420348,-0.5056205807161585,-0.7030746009502787,-0.010684955963028146,1.0155782693207411,1.4774553344306567,-0.36478400204646166,1.0784903518252564,-0.10330041418594398,-0.30298976717562653,0.24359187359944426,0.009491772045549405,0.41390077802624936,0.9318957147683651,0.47596306891779533,0.5931326626018847,0.7498390124633573,0.7429242405252319
1.141007478202282,0.00664490171420348,-0.3611575571618023,1.6269296841207492,-0.010684955963028146,0.4365459474845525,-0.6874206446824462,-0.5296681607981737,1.0784903518252564,-0.11209792283779638,-0.27755778213580196,0.34946064553185213,0.05408435382466219,0.41390077802624936,0.8639235744156162,0.3322505756165489,0.4723396990121829,0.8282084875057255,0.8213577040273771
1.141007478202282,0.00664490171420348,-0.2166945336074462,-0.7030746009502787,-0.010684955963028146,0.9991593145331911,1.5156800981301344,-0.5296681607981737,1.0784903518252564,-0.07977979680768243,-0.22621651008259944,0.4627726485113606,0.08624286473414518,0.41390077802624936,0.7687177484128478,0.18846304512051745,0.35829700108900137,0.7481715385810107,0.7412555305249109
1.141007478202282,0.00664490171420348,-0.07223151005309006,1.6788080742304972,-0.010684955963028146,0.38313230626481376,-0.6874206446824462,-0.5146786398386849,1.0784903518252564,-0.056155210061526996,-0.16456036666215573,0.5871923061971269,0.17923230062977383,0.41390077802624936,0.6792905907211831,0.06737730223403406,0.24285337466779636,0.821959190109862,0.8151034698215869
1.141007478202282,0.00664490171420348,0.07223151350126605,-0.7030746009502787,-0.010684955963028146,0.9879992996058288,1.521292976402482,-0.5296681607981737,1.0186859755829005,-0.008569934335898734,-0.09948031214571247,0.6714035966117516,0.2230575179566575,0.41390077802624936,0.58211853281643,-0.03344080759280684,0.15237252108582539,0.7377094296238192,0.7307847999721795
1.141007478202282,0.00664490171420348,0.2166945370556222,1.7029896333271437,-0.010684955963028146,0.3578481409652933,-0.6874206446824462,-0.5296681607981737,1.0784903518252564,-0.009418036663938912,-0.07426053862474172,0.7198906934706929,0.2787838011518877,0.41390077802624936,0.51103387483899,-0.11922567087252499,0.05710545293454753,0.8155761640766733,0.8087151739145566
1.141007478202282,0.00664490171420348,0.3611575606099783,-0.7030746009502787,-0.010684955963028146,0.9850735521103675,1.5216757867497688,-0.6345943786625966,1.0784903518252564,-0.02749170539719298,-0.08862482323699766,0.722827371377138,0.2660518984800142,0.41390077802624936,0.46298049757861953,-0.1907803590857245,-0.012826338634100425,0.7297527554457621,0.7228217395928729
1.141007478202282,0.00664490171420348,0.5056205841643344,1.72964979954368,-0.010684955963028146,0.35756927918620424,-0.6874206446824462,-0.6795627985903968,1.0784903518252564,-0.07997858100793241,-0.14132494478633656,0.6969360341590666,0.25790058382680203,0.41390077802624936,0.4389673060048834,-0.25341039227061724,-0.08670020674628244,0.8246763618980946,0.8178227732760532
1.141007478202282,0.00664490171420348,0.6500836077186906,-0.7030746009502787,-0.010684955963028146,0.9986816094525086,1.53757162034538,-0.82945743638262,1.0784903518252564,-0.1408830520457044,-0.23554477183103806,0.613377062545563,0.15476859169301463,0.41390077802624936,0.42458522828298695,-0.3124436281274465,-0.14108924686935684,0.7375259122330814,0.7306012070775042
1.141007478202282,0.00664490171420348,0.7945466312730467,1.7067369275235071,-0.010684955963028146,0.3142584675970338,-0.6874206446824462,-0.8444469573421088,1.0784903518252564,-0.28494667001370744,-0.3672891616128763,0.49954121524291784,0.07833974324946948,0.41390077802624936,0.443851312288509,-0.3520682549955685,-0.1968824907285267,0.8433541543967646,0.8325372218646799
1.141007478202282,0.00664490171420348,0.9390096548274028,-0.7030746009502787,-0.010684955963028146,1.0525053845941559,1.586356301608453,-0.82945743638262,0.6598597181287641,-0.33290924338257327,-0.47804339696591636,0.37815769957558465,-0.10413757049518987,0.41390077802624936,0.4382177373342322,-0.3944020282141377,-0.21725228804470553,0.7394315453149655,0.7368347691736375
1.141007478202282,0.00664490171420348,1.083472678381759,1.7836051026022322,-0.010684955963028146,0.3630016447139574,-0.6874206446824462,-0.82945743638262,0.3010334606746278,-0.39591141084929893,-0.5328844196415286,0.3474547859400945,-0.11703873277052435,0.41390077802624936,0.4019993504287351,-0.4584206832435641,-0.2924762092901916,0.8557019449859167,0.8488737147011348
1.141007478202282,0.00664490171420348,1.227935701936115,-0.7030746009502787,-0.010684955963028146,1.0058430016900675,1.5496008602474134,-0.8144679154231312,-0.47642343047600094,-0.42165396478167033,-0.5736074622218496,0.31538921397036895,-0.16765386419009068,0.41390077802624936,0.3173429201540704,-0.5610795899181954,-0.39554118259263993,0.7478444066993819,0.7409280515600497
1.141007478202282,0.00664490171420348,1.3723987254904713,1.784857485410388,-0.010684955963028146,0.35860073305101936,-0.6874206446824462,-0.82945743638262,-1.2538803216266297,-0.46488756664985265,-0.6073783162894236,0.29499492667483324,-0.17403690423599225,0.41390077802624936,0.1999349183303867,-0.6970500230557675,-0.546295587367157,0.8614078799212505,0.8545843338252553
1.141007478202282,0.00664490171420348,1.5168617490448273,-0.7030746009502787,-0.010684955963028146,1.0045890650780196,1.5499320016571154,-0.82945743638262,-1.2538803216266297,-0.4818895008297853,-0.6376709887742092,0.2562171848811188,-0.23038082223423617,0.41390077802624936,0.06852757674268246,-0.8314737357505451,-0.6845975369916937,0.7522177285740584,0.7453050125997729
1.141007478202282,0.00664490171420348,1.6613247725991833,1.7934304846932847,-0.010684955963028146,0.3621491602805081,-0.6874206446824462,-0.8744258563104202,-1.1342715691419176,-0.5194172114763188,-0.665925734902526,0.23287461553273925,-0.23872906392609036,0.41390077802624936,-0.0596667423535584,-0.9521075205042769,-0.8188331693751627,0.8727845202046659,0.8659701634104208
1.141007478202282,0.1168898336148444,-1.6613247691510074,-0.7030746009502787,-0.010684955963028146,1.003518595667968,1.5512668174090478,-0.9793520741748433,-0.6558365592030692,-0.5314475789638154,-0.6927318764988635,0.2016536596473117,-0.2878680563039349,0.41390077802624936,-0.16221834132870852,-1.0312201458222705,-0.8985142529383158,0.7556617802135586,0.7487519333792902
1.141007478202282,0.1168898336148444,-1.5168617455966513,1.7680999225996847,-0.010684955963028146,0.33664418582282674,-0.6874206446824462,-0.9793520741748433,-0.35681467799128885,-0.5624579142028112,-0.7146501954068454,0.18991440782993013,-0.28444217683003825,0.41390077802624936,-0.23768881959548613,-1.0766749024805842,-0.9518803270368827,0.8501637100756156,0.8433311332208587
1.141007478202282,0.1168898336148444,-1.372398722042295,-0.7030746009502787,-0.010684955963028146,1.0052586053060575,1.5451278363916585,-0.9493731752065319,-0.1175971730218646,-0.5714136655403889,-0.7349257884262569,0.1542416040654405,-0.3342305401865454,0.41390077802624936,-0.29503540225874036,-1.0870124688500025,-0.9589982927642932,0.7598519441830814,0.7529455061986912
1.141007478202282,0.1168898336148444,-1.227935698487939,1.1475682496414876,-0.010684955963028146,0.16466528371023295,0.3099591867528059,-0.9793520741748433,0.3010334606746278,-0.6043974570831819,-0.7497144960762205,0.14468890497659476,-0.2947198152517283,0.41390077802624936,-0.33280281741062817,-1.0809184076550322,-0.966442472203681,0.8488481725802082,0.8420142584334105
1.141007478202282,0.1168898336148444,-1.083472674933583,-0.7030746009502787,-0.010684955963028146,1.1979710271329658,1.32858603839238,-0.82945743638262,0.6598597181287641,-0.6234565461775436,-0.753730512098596,0.12613884809083617,-0.22994953574464824,0.41390077802624936,-0.34926826220297763,-1.045234534736156,-0.9520519495118589,0.7316555126429726,0.724726029773541
1.141007478202282,0.1168898336148444,-0.9390096513792268,1.2395517356254,-0.010684955963028146,0.17632000110728835,0.2366484950156192,-0.8594363353509314,0.6000553418864081,-0.6676173717166288,-0.7619309218074867,0.12454410682862885,-0.1483786130978838,0.41390077802624936,-0.35245043427970035,-1.0055864858534769,-0.9341425110354131,0.8573960208014946,0.8505692370417037
1.141007478202282,0.1168898336148444,-0.7945466278248707,-0.7030746009502787,-0.010684955963028146,1.2320448822375918,1.2905290418505655,-0.82945743638262,0.6598597181287641,-0.6914760530143944,-0.7703442388107029,0.10116506730585374,-0.10266794143821661,0.41390077802624936,-0.35078740411008835,-0.956960648668727,-0.9033816934118098,0.7220283089551031,0.7150909846042648
1.141007478202282,0.1168898336148444,-0.6500836042705146,1.2250101199636627,-0.010684955963028146,0.11712128546291417,0.148257062862167,-0.6795627985903968,0.0020115794628475024,-0.644337387843933,-0.7156131486596118,0.5822936986817189,0.08153858700526233,0.41390077802624936,-0.39894731170886,-1.0620190106124383,-0.9329859152975656,0.861765568077537,0.8503381596971236
1.141007478202282,0.1168898336148444,-0.5056205807161585,-0.7030746009502787,-0.010684955963028146,1.2348705281866958,1.2937695418996464,-0.5746365807259739,-0.1175971730218646,-0.4233802486259464,-0.5987820103371629,1.6627284172243695,0.2568435250532648,0.106927145989862,-0.47645825568809197,-1.2999815820565301,-0.9621783305830607,0.7049770089821799,0.7044708417738155
1.141007478202282,0.1168898336148444,-0.3611575571618023,2.2998432086609286,-0.010684955963028146,-0.6865507261215884,-0.6874206446824462,-0.5296681607981737,0.0020115794628475024,0.1824047932049111,-0.4167073102624326,1.986169960924888,0.36644155953849716,-1.1872801984809223,-0.5757958680963181,-1.3457169691485196,-0.9635820976207465,0.9744637594982181,0.9551273349656526
1.141007478202282,0.1168898336148444,-0.2166945336074462,-0.7030746009502787,-0.010684955963028146,-0.6865507261215884,2.84634350831742,-0.37977352300595046,-0.35681467799128885,0.6209652421570616,-0.24170099320421512,2.0721425949893,0.5685513597884372,-1.8462953973940586,-0.677431836402721,-1.3527397782818338,-1.005347715166479,0.6016876337569622,0.6160373987309269
1.141007478202282,0.1168898336148444,-0.07223151005309006,-0.7030746009502787,-0.010684955963028146,-0.6865507261215884,-0.6874206446824462,-0.4547208419020621,-0.2970103017489328,1.1936618691818366,-0.1151568292975041,1.7914556998268154,0.7461429299793493,-2.5532245347843157,-0.7536600779815652,-1.2768814033290048,-1.0347305309585633,-1.2676136780735823,-1.2761757670616813
1.141007478202282,0.1168898336148444,0.07223151350126605,-0.7030746009502787,-0.010684955963028146,-0.6865507261215884,-0.6874206446824462,-0.37977352300595046,-0.35681467799128885,1.4599980410608349,-0.0016215793842709009,1.3692893940374258,0.7963755997949414,-2.5460513013954307,-0.813608218275369,-1.171707340970791,-1.0386241339786308,-1.2676136780735823,-1.2761757670616813
1.141007478202282,0.1168898336148444,0.2166945370556222,2.326681288486692,-0.010684955963028146,-0.6865507261215884,-0.6874206446824462,-0.37977352300595046,-0.35681467799128885,1.8163651465819952,0.07964290837827,0.9735722533608405,0.8272386237394734,-2.853553610048466,-0.857353865358714,-1.0660191870800977,-1.037670821350456,0.9247704495080837,0.904481485003747
1.141007478202282,0.1168898336148444,0.3611575606099783,-0.7030746009502787,-0.010684955963028146,1.386471129865465,1.2057198150479937,-0.39476304396543926,-0.2970103017489328,1.903984514005335,0.1394517679214776,0.5070084834504156,1.256109095237632,-2.36925438807821,-0.8917082123610548,-0.9253402784050165,-1.1311275562447025,0.8594558731990036,0.8562006471911985
1.141007478202282,0.1168898336148444,0.5056205841643344,2.3478829290046197,-0.010684955963028146,-0.6865507261215884,-0.6874206446824462,-0.37977352300595046,-0.35681467799128885,1.8768857810225739,0.18139450490360462,0.41894876076945586,1.7666147754819463,-1.878604059792535,-0.9146411573811386,-0.8909476524738577,-1.2453291032143792,0.8425179909278979,0.8360389953708115
1.141007478202282,0.1168898336148444,0.6500836077186906,-0.7030746009502787,-0.010684955963028146,1.3966206107914099,1.1724270292490506,-0.5296681607981737,-0.35681467799128885,1.7037434348140568,0.1968108020289984,0.42656273854213583,2.497935883402914,-0.9994486163985922,-0.9329036388321297,-0.9033758505130094,-1.4135428195796382,0.8216020411819518,0.816612533826538
1.141007478202282,0.1168898336148444,0.7945466312730467,1.276953906314466,-0.010684955963028146,0.8019772592920837,-0.6874206446824462,-0.6495838996220854,-0.35681467799128885,1.111946523285,0.12833745053730822,0.47816306210630094,2.3841177513044682,0.41390077802624936,-0.9114081303238669,-0.9318995268335531,-1.4009901421446527,0.8176358367313903,0.8103179787731993
1.141007478202282,0.1168898336148444,0.9390096548274028,0.5979305811818798,-0.010684955963028146,0.3849694886683847,0.5824722504310234,-0.82945743638262,-0.057792796779508555,0.646325267283031,-0.015139105247526333,0.4735313499580606,1.113315021023625,0.41390077802624936,-0.8398501112952503,-0.9350072811724829,-1.1125358856778462,0.8394158100789791,0.832163281821679
1.141007478202282,0.1168898336148444,1.083472678381759,0.683975819726291,-0.010684955963028146,0.45744217143644145,0.4522005295404787,-0.82945743638262,-0.057792796779508555,0.4841807877324227,-0.1405950763165736,0.4032442063541534,0.784005815024703,0.41390077802624936,-0.7783281178119442,-0.9206059952773937,-1.0316642530754987,0.8362505395100319,0.8293168755939759
1.141007478202282,0.1168898336148444,1.227935701936115,0.7204664743157156,-0.010684955963028146,0.4579898534601887,0.43267469159707195,-0.7994785374143086,-0.23720592550657674,0.3209220704277817,-0.2513444412413121,0.3069082406881937,0.5307853107662173,0.41390077802624936,-0.7337456532287596,-0.9105601197374145,-0.9792506182082873,0.8395849480463488,0.8325095908270197
1.141007478202282,0.1168898336148444,1.3723987254904713,0.7468191886153998,-0.010684955963028146,0.4554884653937463,0.43007492821123644,-0.82945743638262,-0.057792796779508555,0.2249799224097654,-0.32660925711179767,0.2710696634037241,0.4189673714817474,0.41390077802624936,-0.6989598824577805,-0.9056250145220143,-0.9532305985193916,0.8443608937753379,0.8373282391205995
1.141007478202282,0.1168898336148444,1.5168617490448273,0.7590764150347927,-0.010684955963028146,0.4456674263231427,0.42491399625326726,-0.82945743638262,-0.35681467799128885,0.10797645759618542,-0.3867353902700786,0.20608147036597665,0.2891607168409924,0.41390077802624936,-0.6840526246286979,-0.9055055188736717,-0.9346196040479102,0.8499158447653045,0.8429101180766589
1.141007478202282,0.1168898336148444,1.6613247725991833,0.7674113899170264,-0.010684955963028146,0.43813313752052296,0.42231423286743175,-0.8744258563104202,-0.1175971730218646,0.028112943459572326,-0.4408778543721521,0.15403024282746602,0.2059313755795483,0.41390077802624936,-0.6690275085745515,-0.9051116820363028,-0.9251347329404229,0.8556464044631565,0.8486469355179684
1.141007478202282,0.2271347655154853,-1.6613247691510074,0.7732618451425081,-0.010684955963028146,0.4325166771948716,0.42080736164520244,-0.82945743638262,-0.057792796779508555,-0.03770424368503531,-0.4874683715049146,0.09842317328538505,0.1319266827067248,0.41390077802624936,-0.6553805383913965,-0.8984689384632799,-0.9129519390583756,0.8611237065669345,0.8541356876433954
1.141007478202282,0.2271347655154853,-1.5168617455966513,-0.7030746009502787,-0.010684955963028146,1.273444664305398,1.262471971998201,-0.82945743638262,-0.057792796779508555,-0.08383852552791789,-0.5204481288612204,0.09576333715730644,0.12116567791745882,0.41390077802624936,-0.645511779938508,-0.9032611260157802,-0.9154033455807117,0.7353161543469577,0.7283897006929257
1.141007478202282,0.2271347655154853,-1.372398722042295,1.6625824605696387,-0.010684955963028146,0.4774817269822016,-0.6874206446824462,-0.9343836542470431,-0.057792796779508555,-0.17457762788347025,-0.5586962980888751,0.14040034401471294,0.12501470640000784,0.41390077802624936,-0.6379888581002328,-0.9262929905341805,-0.9271330648627905,0.841277765662382,0.8344378279069932
1.141007478202282,0.2271347655154853,-1.227935698487939,-0.7030746009502787,-0.010684955963028146,1.0782621296078265,1.476436180325749,-0.9793520741748433,-0.057792796779508555,-0.23337328627056408,-0.5864264295115663,0.1848044390765476,0.06355556788563216,0.41390077802624936,-0.6358216164647037,-0.9497852711350334,-0.9210708175406082,0.7483221630407937,0.741406170848747
1.141007478202282,0.2271347655154853,-1.083472674933583,1.7228442904471146,-0.010684955963028146,0.4158086098951678,-0.6874206446824462,-1.2791413497592896,1.0784903518252564,-0.3074648657505768,-0.6171817926850006,0.2401396400458614,0.04591106797292386,0.41390077802624936,-0.6243794868600431,-0.970044879985985,-0.921402053284296,0.8505659744443438,0.8437335229989319
1.141007478202282,0.2271347655154853,-0.9390096513792268,-0.7030746009502787,-0.010684955963028146,1.0376664024897042,1.5178403617675276,-1.3990570885832014,1.0784903518252564,-0.354955326643849,-0.6521166791166485,0.254203865480962,-0.03089291834175345,0.41390077802624936,-0.605756441186771,-0.975121601641254,-0.9006938147006708,0.7503351025695637,0.7434207805057027
1.141007478202282,0.2271347655154853,-0.7945466278248707,1.140839066020784,-0.010684955963028146,0.2045868159307114,0.31934923171137347,-1.728825263135959,1.0784903518252564,-0.4356316327571421,-0.6969976759155619,0.24906985956718236,-0.044640378634392575,0.41390077802624936,-0.579610955712954,-0.9736089298677695,-0.8965860111106904,0.855955562065575,0.8491275108989023
1.141007478202282,0.2271347655154853,-0.6500836042705146,-0.7030746009502787,-0.010684955963028146,1.257941790336026,1.3621162502810338,-0.82945743638262,1.0784903518252564,-0.4038869729889335,-0.641622297677721,0.7342193276701616,0.09283422429199867,0.41390077802624936,-0.6115199253093696,-1.0995249210804086,-0.9358984753404481,0.7153837571594034,0.7140809166720209
1.141007478202282,0.2271347655154853,-0.5056205807161585,1.1574876948189896,-0.010684955963028146,0.09769865668874711,0.16779916501568384,-0.4397313209425732,-0.7754453116877812,-0.09562172055589323,-0.5184136813821099,1.9075220298407911,0.3519983446258624,0.26751441502570605,-0.6866638230138539,-1.3681681628893565,-1.0083393176215005,0.8424980394779744,0.8314890845027709
1.141007478202282,0.2271347655154853,-0.3611575571618023,-0.7030746009502787,-0.010684955963028146,-0.6865507261215884,2.828896142292396,-0.37977352300595046,-0.8950540641724933,0.2653821572151767,-0.30029433299844666,2.1787656364376167,0.6271054176087959,-0.2538911514148134,-0.8108326450241731,-1.4249021376504891,-1.0830359255373845,0.5461645460477345,0.5537967466694038
1.141007478202282,0.2271347655154853,-0.2166945336074462,-0.7030746009502787,-0.010684955963028146,-0.6865507261215884,-0.6874206446824462,-0.22987888521372726,-1.1940759453842735,0.841921073584257,-0.12416294700256784,2.236024639106298,0.8697968352846808,-1.2295533670658743,-0.9109774296118239,-1.4393906054886523,-1.1485320621850386,-1.2676136780735823,-1.2761757670616813
1.141007478202282,0.2271347655154853,-0.07223151005309006,-0.7030746009502787,-0.010684955963028146,-0.6865507261215884,-0.6874206446824462,-0.15493156631761568,-1.0744671928995615,1.1629869822807626,0.005926888707681857,1.9752678653834053,0.9222624298690075,-1.5735658033880189,-0.9773776449259918,-1.3796555766771281,-1.1533319235796458,-1.2676136780735823,-1.2761757670616813
1.141007478202282,0.2271347655154853,0.07223151350126605,-0.7030746009502787,-0.010684955963028146,-0.6865507261215884,-0.6874206446824462,-0.07998424742150408,-1.1342715691419176,1.4587674099263928,0.11146767845163337,1.5020325401613865,0.8303479552049744,-1.6145231028610487,-1.035025019132967,-1.2686838066692439,-1.1198712180386392,-1.2676136780735823,-1.2761757670616813
1.141007478202282,0.2271347655154853,0.2166945370556222,-0.7030746009502787,-0.010684955963028146,-0.6865507261215884,-0.6874206446824462,-0.07998424742150408,-1.3734890741113417,1.6564105627111143,0.18878364041254905,1.1137594593995017,0.8035601817130017,-1.384322864346707,-1.0833080873718361,-1.1823839843750255,-1.1163114709527173,-1.2676136780735823,-1.2761757670616813
1.141007478202282,0.2271347655154853,0.3611575606099783,2.339082207468623,-0.010684955963028146,-0.6865507261215884,-0.6874206446824462,-0.13994204535812688,-1.0744671928995615,1.789535164606809,0.23292085323226655,0.6792065561972088,0.9894723261605869,-1.351727738407051,-1.1068218878569585,-1.0669716823387565,-1.1542438590335102,0.951153995247034,0.9273558906993031
1.141007478202282,0.2271347655154853,0.5056205841643344,-0.7030746009502787,-0.010684955963028146,1.3500297738201408,1.230515466253065,-0.22987888521372726,-0.8950540641724933,1.7504217576260446,0.25506251606664876,0.322059940414363,1.7264229433928178,-0.9874916747691974,-1.1210480263730955,-0.9662277422246799,-1.3207175505856852,0.9123917431586899,0.908215154551871
1.141007478202282,0.2271347655154853,0.6500836077186906,1.247621452603846,-0.010684955963028146,0.8369928220475494,-0.6874206446824462,-0.37977352300595046,-0.6558365592030692,1.4106720957922283,0.2465789257407957,0.24056484912461004,2.111413676441824,0.3121864246465514,-1.1202369978918283,-0.9351248249862791,-1.39654771839831,0.8726112481530779,0.8668265209035328
1.141007478202282,0.2271347655154853,0.7945466312730467,0.5789171168064428,-0.010684955963028146,0.40528351282192043,0.6311627980021406,-0.4547208419020621,-0.596032182960713,0.9318212281473071,0.16685488487249236,0.3571964668417174,1.9999310013719016,0.41390077802624936,-1.0918967946318539,-0.9674480725572101,-1.3733875274193366,0.8809263294585898,0.8742672523338858
1.141007478202282,0.2271347655154853,0.9390096548274028,1.2366013797309934,-0.010684955963028146,0.8624826296042676,-0.6874206446824462,-0.5296681607981737,0.0020115794628475024,0.5251917991510996,0.03100472403243559,0.3177166741908877,1.3289891882451526,0.41390077802624936,-1.0108305813726297,-0.9282888497931595,-1.197438353775481,0.8451021530499737,0.8393467375902629
1.141007478202282,0.2271347655154853,1.083472678381759,0.5766133774434574,-0.010684955963028146,0.32513899314940514,0.6901885973920522,-0.5296681607981737,-0.35681467799128885,0.37964056915819955,-0.10057407118714944,0.29738040762734497,0.30296758074446156,0.41390077802624936,-0.9460707404547487,-0.9179530183877826,-0.9249364718624608,0.8697348242510414,0.8620913797459927
1.141007478202282,0.2271347655154853,1.227935701936115,-0.7030746009502787,-0.010684955963028146,1.2561242726040487,1.3834479908081159,-0.6345943786625966,-0.2970103017489328,0.28885700191574915,-0.1999468113749058,0.3175931729185027,0.30779554818356586,0.41390077802624936,-0.8938865408643812,-0.9223515859734193,-0.9250836392264987,0.7475649066576605,0.7448330335416666
1.141007478202282,0.2271347655154853,1.3723987254904713,1.577764790095339,-0.010684955963028146,0.5126153823665462,-0.6874206446824462,-0.6795627985903968,-0.35681467799128885,0.07075150051779584,-0.27904604586966564,0.37042685147131876,0.2769260142542853,0.41390077802624936,-0.8663207312181697,-0.9509377209994488,-0.9306484870601373,0.8485886239884104,0.8384922221663281
1.141007478202282,0.2271347655154853,1.5168617490448273,-0.7030746009502787,-0.010684955963028146,1.0849192485381878,1.556149009045837,-0.6795627985903968,-0.35681467799128885,0.012959571562885285,-0.34626700151238216,0.3890150362666727,0.11919559378294482,0.41390077802624936,-0.8436278409877863,-0.9696297898391105,-0.8997339515963517,0.7421296643672349,0.7388976819779102
1.141007478202282,0.2271347655154853,1.6613247725991833,1.6580529198295832,-0.010684955963028146,0.4164993837845542,-0.6874206446824462,-0.8444469573421088,-0.057792796779508555,-0.14003625750845533,-0.4081478804101695,0.42440768278239627,0.12173611533104589,0.41390077802624936,-0.8223911867407067,-0.9909555340934242,-0.9128635076304299,0.8530566703145256,0.8426350357461756
1.141007478202282,0.3373796974161262,-1.6613247691510074,-0.7030746009502787,-0.010684955963028146,1.0599642572892276,1.5803415770644453,-0.82945743638262,-0.057792796779508555,-0.16802298043838565,-0.4574164373333206,0.41954305883858406,0.010860496338920958,0.41390077802624936,-0.8053381379550942,-0.9983341192904518,-0.8900944892518631,0.7400401544090287,0.7370253209963161
1.141007478202282,0.3373796974161262,-1.5168617455966513,1.6724940223646574,-0.010684955963028146,0.3405960526179368,-0.6874206446824462,-0.9793520741748433,0.3010334606746278,-0.2837441563812742,-0.5091410816714034,0.42266871855780636,0.022211468496019522,0.41390077802624936,-0.7847356043422535,-1.0052308182250158,-0.8998387592146577,0.8337052018310506,0.8229152758539982
1.141007478202282,0.3373796974161262,-1.372398722042295,-0.7030746009502787,-0.010684955963028146,1.055890113892559,1.5835130457394253,-1.1292467119670664,0.8392728468558323,-0.2948943806663483,-0.5487487961706662,0.423723038144879,-0.045602228880983045,0.41390077802624936,-0.768150373173919,-1.0088360735027806,-0.8837429292333153,0.742216300393029,0.7394652439588852
1.141007478202282,0.3373796974161262,-1.227935698487939,1.1291283013417168,-0.010684955963028146,0.18005414442408862,0.3184986815080578,-1.1292467119670664,0.8392728468558323,-0.35090902193612916,-0.5767259278857939,0.42281791472578834,-0.002170865631383465,0.41390077802624936,-0.7534520787009311,-1.0090054493673097,-0.8967803419029661,0.8311859268569243,0.8243377626076142
1.141007478202282,0.3373796974161262,-1.083472674933583,-0.7030746009502787,-0.010684955963028146,1.2029947231292484,1.3270901494342122,-1.1292467119670664,1.0784903518252564,-0.4024843673654592,-0.6051796657990033,0.3880502343803893,0.042096216910304456,0.41390077802624936,-0.7345383642762747,-0.9977735090346156,-0.9073831609390506,0.718925588877808,0.7119856653199682
1.141007478202282,0.3373796974161262,-0.9390096513792268,1.2289118567895867,-0.010684955963028146,0.1839880724363353,0.24122067302690073,-1.2191834803473338,1.0784903518252564,-0.4869003012459549,-0.6449216649642949,0.339944416617402,0.07454930462965693,0.41390077802624936,-0.7142575908484241,-0.9850681504898704,-0.9168154098881801,0.8421225567852697,0.8352833376593942
1.141007478202282,0.3373796974161262,-0.7945466278248707,-0.7030746009502787,-0.010684955963028146,1.2347910327057854,1.2902907790169265,-1.1292467119670664,1.0784903518252564,-0.5390504207279814,-0.673383752183164,0.2893553115251147,0.09032706641573365,0.41390077802624936,-0.6989133658168044,-0.9682628550450928,-0.9180132736257357,0.7107311149857976,0.7037845686680781
1.141007478202282,0.3373796974161262,-0.6500836042705146,1.2247144931205356,-0.010684955963028146,0.12536653582309892,0.1553313144056322,-0.6795627985903968,0.3010334606746278,-0.5315992826955852,-0.6227786105789694,0.7671444353409832,0.23362566444774926,0.41390077802624936,-0.7186819741561875,-1.0731490218077078,-0.9374841272657358,0.8557159649237007,0.8443147981615605
1.141007478202282,0.3373796974161262,-0.5056205807161585,-0.7030746009502787,-0.010684955963028146,1.2336048764511454,1.295015035237212,-0.31981572506932765,-0.23720592550657674,-0.34789783363957943,-0.4981881841966573,1.738921242477563,0.4149661721057023,0.31414159653939844,-0.7632350344378225,-1.2697783521087818,-0.9497081891474911,0.6949667734043373,0.6942950469638122
1.141007478202282,0.3373796974161262,-0.3611575571618023,2.2884608585294077,-0.010684955963028146,-0.6865507261215884,-0.6874206446824462,-0.07998424742150408,-0.596032182960713,0.14167234122474243,-0.28477436532777667,2.0583568690677656,0.515529161508114,-0.9776436171766973,-0.845368238213115,-1.2980665070607227,-0.9271712759736311,0.9579942869433348,0.9385313150495452
1.141007478202282,0.3373796974161262,-0.2166945336074462,-0.7030746009502787,-0.010684955963028146,-0.6865507261215884,2.8174737509245036,0.3696996659551655,-1.612706579080766,0.5516170198764347,-0.06813145249495908,2.1936380077826194,0.7458955505589064,-1.7972181374631238,-0.9564704634675874,-1.3273765558329733,-0.9911207360290551,0.583531095355393,0.5973539050881822
1.141007478202282,0.3373796974161262,-0.07223151005309006,-0.7030746009502787,-0.010684955963028146,-0.6865507261215884,-0.6874206446824462,0.6694889415396119,-1.7921197078078341,1.100908769007962,0.11377069526280155,1.9250235692126763,0.9599422215933098,-2.702792273372267,-1.0218535791707752,-1.2365056454662644,-1.0113151989337763,-1.2676136780735823,-1.2761757670616813
1.141007478202282,0.3373796974161262,0.07223151350126605,-0.7030746009502787,-0.010684955963028146,-0.6865507261215884,-0.6874206446824462,0.6694889415396119,-1.7921197078078341,1.3243376328211622,0.2418991399184642,1.5206870343647325,1.005587793405492,-2.9352073641440213,-1.0662887812273463,-1.1197967831149016,-0.9993754277166759,-1.2676136780735823,-1.2761757670616813
1.141007478202282,0.3373796974161262,0.2166945370556222,-0.7030746009502787,-0.010684955963028146,-0.6865507261215884,-0.6874206446824462,0.819383579331835,-1.7323153315654782,1.4898607898806244,0.35540516726188803,1.1909162576713788,1.0819002758716576,-2.9319433100548906,-1.085787448437749,-0.9895623579682822,-0.9710760606788297,-1.2676136780735823,-1.2761757670616813
1.141007478202282,0.3373796974161262,0.3611575606099783,-0.7030746009502787,-0.010684955963028146,-0.6865507261215884,-0.6874206446824462,0.819383579331835,-1.7323153315654782,1.5159780258746511,0.4276795401552132,0.8682687691315644,1.3263143982616137,-2.3806302512236677,-1.0743843638892443,-0.8452588925404773,-0.9823516136149159,-1.2676136780735823,-1.2761757670616813
1.141007478202282,0.3373796974161262,0.5056205841643344,-0.7030746009502787,-0.010684955963028146,-0.6865507261215884,-0.6874206446824462,0.9692782171240583,-1.7323153315654782,1.2804017472981493,0.5345680469877546,0.6995262454087535,1.3953934739241054,-1.5043825292212905,-1.077043042990837,-0.7342626161655101,-0.9437758596021673,-1.2676136780735823,-1.2761757670616813
1.141007478202282,0.3373796974161262,0.6500836077186906,1.1161581663109286,-0.010684955963028146,0.9568111304582579,-0.6874206446824462,0.9692782171240583,-1.7323153315654782,1.0035411290276268,0.5446776645908585,0.41677546992251846,1.7720506127469415,-0.4173663455812476,-1.0485779919587093,-0.6059776399897656,-1.0096994148182254,0.9843799895957904,0.9622127517191311
1.141007478202282,0.3373796974161262,0.7945466312730467,-0.7030746009502787,-0.010684955963028146,2.8609380382951226,-0.6874206446824462,0.6245206645624779,-1.3734890741113417,0.7396191389490328,0.4431591528485273,0.3099990879682203,1.5608195101162632,0.41390077802624936,-0.9608842419452837,-0.5335068907627741,-0.9205459060522589,0.6556782344207133,0.6669953770812159
1.141007478202282,0.3373796974161262,0.9390096548274028,1.741532027791761,-0.010684955963028146,0.2285520884423347,-0.6874206446824462,0.3696996659551655,-0.8352496879301373,0.24681545135367108,0.2805926054479763,0.6132469303323788,0.8690953844280302,0.41390077802624936,-0.8412207855814219,-0.5942061258402356,-0.681549163743423,0.8431008968026904,0.8296494714176631
1.141007478202282,0.3373796974161262,1.083472678381759,-0.7030746009502787,-0.010684955963028146,0.7169940798150373,1.8374225724694202,0.2198050281629423,-0.596032182960713,0.13073724852480725,0.10081813908252756,0.6059097943380652,-0.1267833661909312,0.41390077802624936,-0.6915251735241543,-0.5484139186758944,-0.2937788806460531,0.8136024084765819,0.8081703307867688
1.141007478202282,0.3373796974161262,1.227935701936115,1.6073414494951601,-0.010684955963028146,0.39321411143266755,-0.6874206446824462,-0.5296681607981737,0.9588815993405444,-0.12092093341007558,-0.07993737069795055,0.5165404608492639,-0.20587561214470532,0.41390077802624936,-0.5673912992492834,-0.5067090699222865,-0.2502826273030431,0.8513987228001605,0.8424631092896234
1.141007478202282,0.3373796974161262,1.3723987254904713,-0.7030746009502787,-0.010684955963028146,0.9487338666011553,1.6935463366384582,-0.07998424742150408,0.7196640943711202,-0.12803400752296767,-0.14959006161409089,0.5339110391403649,-0.22904139287223288,0.41390077802624936,-0.47332910776170467,-0.45053245235941264,-0.17240838340964437,0.7810869373850118,0.7776730334866557
1.141007478202282,0.3373796974161262,1.5168617490448273,1.6717255717403112,-0.010684955963028146,0.3691381728436713,-0.6874206446824462,-0.07998424742150408,0.7196640943711202,-0.2070539965993095,-0.2031411165652602,0.535292761429398,-0.1601307630651085,0.41390077802624936,-0.36922221404966965,-0.3772165587738162,-0.11797217985833226,0.8622278665388279,0.8523501085874897
1.141007478202282,0.3373796974161262,1.6613247725991833,-0.7030746009502787,-0.010684955963028146,0.9970740225497255,1.6435918873633486,-0.15493156631761568,0.8990772230981884,-0.21207133596943464,-0.25730654125789826,0.5000774925800531,-0.1739563431747296,0.41390077802624936,-0.26343927514930393,-0.29906575414620307,-0.03995731907703962,0.7642861988642812,0.761289465549002
1.141007478202282,0.44762462931676716,-1.6613247691510074,1.7502705781068089,-0.010684955963028146,0.3875236993899059,-0.6874206446824462,-0.07998424742150408,0.7196640943711202,-0.2469788877659627,-0.2891375733105065,0.5066114558700635,-0.11835781843018861,0.41390077802624936,-0.1890806169075147,-0.2571715774415913,-0.01429692052845635,0.8629892570061793,0.8561668759229472
1.141007478202282,0.44762462931676716,-1.5168617455966513,-0.7030746009502787,-0.010684955963028146,0.9435424978997417,1.550005425936841,-0.07998424742150408,0.7196640943711202,-0.25160585158493903,-0.3134507513919147,0.5158160305669514,-0.09968474092721773,0.41390077802624936,-0.11202881386641479,-0.21464934375403877,0.02821697974213976,0.7295127988183037,0.722581451902406
1.141007478202282,0.44762462931676716,-1.372398722042295,2.398881605296335,-0.010684955963028146,-0.6865507261215884,-0.6874206446824462,-0.16992108727710448,1.0784903518252564,-0.2692185240643239,-0.3366200745979269,0.5121723285977916,-0.03814260010729873,0.41390077802624936,-0.06213067821210089,-0.18825381770062113,0.029573365002383115,0.913400279965184,0.9066193086212316
1.141007478202282,0.44762462931676716,-1.227935698487939,-0.7030746009502787,-0.010684955963028146,1.1176753614474035,1.3302404903249978,-0.22987888521372726,1.0784903518252564,-0.25172159106995295,-0.3661341743299339,0.40032576353490607,-0.05448998555886895,0.41390077802624936,-0.015048365959464762,-0.12793237104314686,0.05552897167586159,0.779362125551984,0.7724714394785414
1.141007478202282,0.44762462931676716,-1.083472674933583,1.5961932716569522,-0.010684955963028146,0.4603617475722005,-0.6874206446824462,-0.22987888521372726,1.0784903518252564,-0.2651284083651016,-0.3937001027413153,0.3457597516982993,-0.04454679760363293,0.41390077802624936,0.026211894586338505,-0.09384206259617965,0.06506886678295955,0.8347158955510501,0.8278706466154075
1.141007478202282,0.44762462931676716,-0.9390096513792268,-0.7030746009502787,-0.010684955963028146,1.0029323164962523,1.512158661307061,-0.2448684061732161,1.0784903518252564,-0.27472497719032724,-0.42093692935460525,0.32268076224668796,-0.08571675490122327,0.41390077802624936,0.07475164791660413,-0.0689403405822978,0.09962000825275805,0.7544138260079822,0.7475030104770508
1.141007478202282,0.44762462931676716,-0.7945466278248707,1.6872205391791868,-0.010684955963028146,0.38867491947267185,-0.6874206446824462,-0.37977352300595046,1.0784903518252564,-0.31184727269161405,-0.448388054813164,0.33995850736660027,-0.0706843863688495,0.41390077802624936,0.11857466205566597,-0.06776815550191294,0.10172009090456433,0.8373890303552172,0.8305459450839706
1.141007478202282,0.44762462931676716,-0.6500836042705146,-0.7030746009502787,-0.010684955963028146,0.9963806336774145,1.529602889542353,-0.07998424742150408,1.0784903518252564,-0.30073301265329566,-0.43287504489721057,0.3809542988576467,-0.06524041162291865,0.41390077802624936,0.13723964501147612,-0.06584776717872921,0.11873320589528899,0.7531153640778246,0.7462033283352578
1.141007478202282,0.44762462931676716,-0.5056205807161585,1.7175022238079196,-0.010684955963028146,0.3582902822782001,-0.6874206446824462,0.15984723022631953,1.0186859755829005,-0.26969129043531315,-0.3555792604249728,0.4779450699275273,0.02562921048898059,0.41390077802624936,0.14634919403910712,-0.04510345274874707,0.14243370198155025,0.8358137645252198,0.8289691338681638
1.141007478202282,0.44762462931676716,-0.3611575571618023,-0.7030746009502787,-0.010684955963028146,1.0278332298983301,1.5657836970104984,0.2198050281629423,0.36083783691698385,-0.1747273699290533,-0.21958020363398248,0.6449635490425464,0.13706224692519559,0.41390077802624936,0.11143881651483965,-0.06577186250192353,0.14253064902848328,0.7356488582551418,0.7330493170141948
1.141007478202282,0.44762462931676716,-0.2166945336074462,2.2884742961131863,-0.010684955963028146,-0.6865507261215884,-0.6874206446824462,0.3696996659551655,-0.2970103017489328,0.3536926920716225,0.041304984114772084,1.0699911057867901,0.3914822158735919,-0.34475598929382284,-0.057880551543849086,-0.2340462417354675,0.02668198483236661,0.9232401193761123,0.9077669177187172
1.141007478202282,0.44762462931676716,-0.07223151005309006,-0.7030746009502787,-0.010684955963028146,-0.6865507261215884,2.8195668658616353,0.3696996659551655,-0.2970103017489328,1.0342016302299986,0.2305364306909151,1.310811127129292,0.7695023827531446,-1.4255596404452777,-0.17211819121520297,-0.31989508181420756,-0.12547924386870363,0.6207119703588083,0.6314454887020002
1.141007478202282,0.44762462931676716,0.07223151350126605,-0.7030746009502787,-0.010684955963028146,-0.6865507261215884,-0.6874206446824462,0.3696996659551655,0.0020115794628475024,1.4675394166578182,0.3256364137072564,1.082307249453702,0.9475089644717735,-1.9001051281841541,-0.20788731895603962,-0.21824245428351452,-0.1747420997105911,-1.2676136780735823,-1.2761757670616813
1.141007478202282,0.44762462931676716,0.2166945370556222,-0.7030746009502787,-0.010684955963028146,-0.6865507261215884,-0.6874206446824462,0.3696996659551655,0.0020115794628475024,1.6043206016054794,0.40098611418528346,0.9109479907180075,1.1435579689208626,-1.6389004515238603,-0.24089774476624173,-0.1451189248359942,-0.240322628325902,-1.2676136780735823,-1.2761757670616813
1.141007478202282,0.44762462931676716,0.3611575606099783,2.3008705567327405,-0.010684955963028146,-0.6865507261215884,-0.6874206446824462,0.3996787078741431,-0.17740154926422066,1.795574542480193,0.466783513213,0.6977342336577701,1.481450589810678,-1.079297417287528,-0.2630509937575293,-0.05371125996901639,-0.35554965233594127,0.9012732135247354,0.8827808867228654
1.141007478202282,0.44762462931676716,0.5056205841643344,-0.7030746009502787,-0.010684955963028146,1.4363401094311266,1.0583724516226594,0.2198050281629423,0.0020115794628475024,1.741879922073856,0.5044667127576734,0.4626019017857812,2.400057448961164,-0.3939590137062512,-0.27702092922000016,0.0369659850365856,-0.6636840501555525,0.8570216165655424,0.8527549544577994
1.141007478202282,0.44762462931676716,0.6500836077186906,1.2140500682983537,-0.010684955963028146,0.8016146134600877,-0.6874206446824462,0.2198050281629423,0.0020115794628475024,1.4663761367491186,0.5264393021524442,0.5480415739834575,2.782254584804971,0.41390077802624936,-0.2794262974943085,0.0004202687302072119,-0.779645600890553,0.840558794493967,0.8339934798865472
1.141007478202282,0.44762462931676716,0.7945466312730467,-0.7030746009502787,-0.010684955963028146,2.849293623930791,-0.6874206446824462,-0.07998424742150408,0.36083783691698385,1.2141856839622507,0.4583541933739358,0.7444061104729307,2.692855405498139,0.41390077802624936,-0.2372670365814541,-0.08721840362761081,-0.7609856961971955,0.5854457155768823,0.5926357519019443
1.141007478202282,0.44762462931676716,0.9390096548274028,1.7052896101666712,-0.010684955963028146,0.22793401107825473,-0.6874206446824462,-0.22987888521372726,1.0784903518252564,0.658890521204095,0.31943496692842194,1.0380672701766476,1.8894817863808033,0.41390077802624936,-0.14281053823047168,-0.1958366949135086,-0.5066536341873499,0.7636828023111889,0.7502133082599834
1.141007478202282,0.44762462931676716,1.083472678381759,-0.7030746009502787,-0.010684955963028146,0.7777941064031753,1.7218142659608038,-0.22987888521372726,1.0784903518252564,0.533475999917438,0.1772240267265224,1.0356411747117407,0.6515854015074264,0.41390077802624936,-0.0373655077790619,-0.19503058724583228,-0.051566509598066475,0.7327663230981738,0.7273010378091153
1.141007478202282,0.44762462931676716,1.227935701936115,1.5893956459428704,-0.010684955963028146,0.385229208772465,-0.6874206446824462,-0.2448684061732161,1.0784903518252564,0.29168967676931123,0.0695430316317693,1.0182142334238464,0.5756684006147318,0.41390077802624936,0.03818450671321887,-0.189544630947328,-0.02172581552350782,0.7884536957193844,0.7788652615931035
1.141007478202282,0.44762462931676716,1.3723987254904713,-0.7030746009502787,-0.010684955963028146,0.9809414606920877,1.6309229567279804,-0.22987888521372726,1.0784903518252564,0.2245738533691232,-0.021687048211243485,0.946364674394128,0.3872108521304841,0.41390077802624936,0.10999993388982755,-0.16232911751390386,0.05687924315837043,0.7208732817730443,0.7172574626311747
1.141007478202282,0.44762462931676716,1.5168617490448273,1.658215604177195,-0.010684955963028146,0.35665874213182686,-0.6874206446824462,-0.22987888521372726,1.0784903518252564,0.07219203207421258,-0.09300681715746208,0.8814510794403715,0.36689725847089194,0.41390077802624936,0.17559876147733458,-0.13768308582560457,0.06551298906553119,0.8112299833636044,0.8009934245974821
1.141007478202282,0.44762462931676716,1.6613247725991833,-0.7030746009502787,-0.010684955963028146,1.0170804201120005,1.6083258501950308,-0.16992108727710448,0.8990772230981884,0.042910596261075205,-0.15043682036309142,0.8167322683725915,0.24777837129098235,0.41390077802624936,0.22729055952617777,-0.11641980027677672,0.11260086847836455,0.7237277770544441,0.7205717544299233
1.141007478202282,0.557869561217408,-1.6613247691510074,1.6851316219888737,-0.010684955963028146,0.32511901467986054,-0.6874206446824462,-0.07998424742150408,0.7196640943711202,-0.06098357366233554,-0.1891810775020341,0.7992937229382986,0.2775997976757548,0.41390077802624936,0.2691801203289168,-0.10904728745389355,0.10052048037337034,0.820015631298844,0.8093596934522741
1.141007478202282,0.557869561217408,-1.5168617455966513,-0.7030746009502787,-0.010684955963028146,0.9851761640403324,1.548639441473572,-0.22987888521372726,1.0784903518252564,-0.08192391980972079,-0.2397423852515147,0.7146688275913239,0.16878296136034215,0.41390077802624936,0.3224597506614417,-0.07547399829122561,0.14838415451087283,0.6886380296943639,0.6854477933793803
1.141007478202282,0.557869561217408,-1.372398722042295,2.381161194815957,-0.010684955963028146,-0.6865507261215884,-0.6874206446824462,-0.19989998624541588,1.0784903518252564,-0.12666213498308465,-0.2749082691397511,0.6627071177536025,0.17327078209633745,0.41390077802624936,0.36539774352763177,-0.05091102800640226,0.15090586947715592,0.8782373772887176,0.871427600359833
1.141007478202282,0.557869561217408,-1.227935698487939,-0.7030746009502787,-0.010684955963028146,1.112465269468249,1.3053454757784175,-0.07998424742150408,0.7196640943711202,-0.12564532764299022,-0.3032979957095684,0.5325989417297234,0.12704500789344542,0.41390077802624936,0.408256682206049,0.004115742138118055,0.17450133959590639,0.7484226392615797,0.7415068706304418
1.141007478202282,0.557869561217408,-1.083472674933583,2.3584172780158257,-0.010684955963028146,-0.6865507261215884,-0.6874206446824462,-0.07998424742150408,1.0784903518252564,-0.13752268360792608,-0.319896415361299,0.44998156370970616,0.12740793954317414,0.41390077802624936,0.44538419227093395,0.05099403679229599,0.1883472993709469,0.877591920922273,0.8707816481016443
1.141007478202282,0.557869561217408,-0.9390096513792268,-0.7030746009502787,-0.010684955963028146,1.183963295800615,1.282562821279324,-0.22987888521372726,1.0784903518252564,-0.1223104611256387,-0.3426190507145106,0.3314932825688231,0.07999246562749422,0.41390077802624936,0.4768467949290711,0.10735065687445182,0.21694908005744684,0.7773527808790561,0.7704607186342934
1.141007478202282,0.557869561217408,-0.7945466278248707,1.537534455940359,-0.010684955963028146,0.5224926958696892,-0.6874206446824462,-0.37977352300595046,1.0784903518252564,-0.15942556377757433,-0.38409909700798905,0.2656380940215804,0.04087966351042902,0.41390077802624936,0.5101546380188821,0.12327393997474748,0.22223400421052641,0.8293832863949158,0.8225335581855818
1.141007478202282,0.557869561217408,-0.6500836042705146,-0.7030746009502787,-0.010684955963028146,1.02277438853154,1.497363773535368,-0.22987888521372726,1.0784903518252564,-0.17323387284559627,-0.39471732648087055,0.271873664975627,-0.011018748652684826,0.41390077802624936,0.5234540589984746,0.1113545201406989,0.23590681306615724,0.7538977844518523,0.7469864124099822
1.141007478202282,0.557869561217408,-0.5056205807161585,1.6584709182689863,-0.010684955963028146,0.4196703120790345,-0.6874206446824462,0.02494197044291891,1.0784903518252564,-0.16889593079145707,-0.33923827769775344,0.3760241943734424,0.05093596245067019,0.41390077802624936,0.5086526084511978,0.09083228110799964,0.2322232619811113,0.8319969263348965,0.8251492964174109
1.141007478202282,0.557869561217408,-0.3611575571618023,-0.7030746009502787,-0.010684955963028146,1.03720229532023,1.5571549844338708,0.2198050281629423,1.0784903518252564,-0.09410141376121828,-0.21103051463832245,0.588813571222531,0.1584548705568512,0.41390077802624936,0.4429566502610308,0.04074451984797238,0.22387970216713526,0.7383351142831325,0.7355236252680744
1.141007478202282,0.557869561217408,-0.2166945336074462,2.2997188662190315,-0.010684955963028146,-0.6865507261215884,-0.6874206446824462,0.2198050281629423,1.0784903518252564,-0.008393382579097771,-0.10050727674187085,0.6925977411411908,0.2869749894616844,0.41390077802624936,0.406303465322783,0.05219549939087733,0.2237187788031946,0.9134101658187498,0.898923962295699
1.141007478202282,0.557869561217408,-0.07223151005309006,-0.7030746009502787,-0.010684955963028146,1.1306665966172684,1.2958080592954437,0.0998892893390305,1.0784903518252564,0.057265561879784564,-0.03015393992577691,0.674140517426621,0.32159264710991226,0.41390077802624936,0.3964563985677589,0.10236090029175154,0.25321644627700596,0.7671689137640413,0.7602683452016941
1.141007478202282,0.557869561217408,0.07223151350126605,1.571182882392848,-0.010684955963028146,0.47150147023206723,-0.6874206446824462,0.06991039037071911,1.0784903518252564,0.09592385766523973,0.02305966392164118,0.6838200332582514,0.36977874047019554,0.41390077802624936,0.41425082138260694,0.14847993130736753,0.2842233434544235,0.8169170453057674,0.8100570189730755
1.141007478202282,0.557869561217408,0.2166945370556222,-0.7030746009502787,-0.010684955963028146,1.0043670007280547,1.492480326782686,0.06991039037071911,1.0784903518252564,0.13832570459027085,0.06483193591321347,0.7497705415794825,0.40229611428893947,0.41390077802624936,0.4233381966746431,0.15139618899024176,0.3018161755839032,0.735550359205069,0.7286240528271546
1.141007478202282,0.557869561217408,0.3611575606099783,1.6593846739659242,-0.010684955963028146,0.38895440884766286,-0.6874206446824462,0.1298681883073419,1.0784903518252564,0.1198054253018499,0.0756769881898535,0.798033015318851,0.44465658504741123,0.41390077802624936,0.46510531989388026,0.1680663741103053,0.32158201899959377,0.8053712670549823,0.7985019236979474
1.141007478202282,0.557869561217408,0.5056205841643344,-0.7030746009502787,-0.010684955963028146,0.9809569413910019,1.499547675188741,0.06991039037071911,1.0784903518252564,0.08874343232660503,0.048900069163325524,0.7973152159773377,0.4075456032405089,0.41390077802624936,0.5311550937781038,0.19537319002640144,0.3673412435011939,0.7166038512322037,0.7096619973899249
1.141007478202282,0.557869561217408,0.6500836077186906,1.6900146607661954,-0.010684955963028146,0.358367058176869,-0.6874206446824462,0.2198050281629423,1.0784903518252564,0.030691253004261936,0.005924801381266901,0.8065173040714259,0.4095466098025783,0.41390077802624936,0.6187476158681617,0.23109978643479395,0.4085138246066781,0.8008927956469251,0.7940197600407626
1.141007478202282,0.557869561217408,0.7945466312730467,-0.7030746009502787,-0.010684955963028146,0.9765924302903756,1.5030101215648555,0.1748366082351421,1.0784903518252564,-0.046594605483057105,-0.07215581782299436,0.749079266001166,0.31401258361838075,0.41390077802624936,0.7397386041413311,0.29810778450733316,0.49876017114268945,0.7117630183552652,0.7048173554535092
1.141007478202282,0.557869561217408,0.9390096548274028,1.7078775096346257,-0.010684955963028146,0.3416843039118762,-0.6874206446824462,0.2198050281629423,1.0784903518252564,-0.12046843779634867,-0.15432063904585297,0.6908504882406019,0.25840348014862347,0.41390077802624936,0.8778766385575257,0.3732315106239358,0.5783949646744241,0.8017090076658683,0.7948366153837382
1.141007478202282,0.557869561217408,1.083472678381759,-0.7030746009502787,-0.010684955963028146,0.9821111948539605,1.5113955508442731,0.2198050281629423,1.0784903518252564,-0.14878668569182746,-0.20820288312152865,0.6578018792973952,0.19710302251249243,0.41390077802624936,0.983367221574451,0.42702754065167825,0.6505633071478809,0.7187057634430651,0.7117658450648051
1.141007478202282,0.557869561217408,1.227935701936115,1.7266193556499536,-0.010684955963028146,0.33683549797359713,-0.6874206446824462,0.3097418680185427,1.0784903518252564,-0.1901004506786482,-0.242293098130591,0.6444057211478138,0.19170705890408174,0.41390077802624936,1.0776157206447994,0.47921265656709905,0.7025343481769541,0.8123433102178951,0.8054796817417278
1.141007478202282,0.557869561217408,1.3723987254904713,-0.7030746009502787,-0.010684955963028146,0.9807719051992507,1.5123396071815982,0.2198050281629423,1.0784903518252564,-0.20386233317358543,-0.2713667719890423,0.6218878750613347,0.14738952398059296,0.41390077802624936,1.1538181732050714,0.5187329687222395,0.7565639855089209,0.7207609425279795,0.7138226176384866
1.141007478202282,0.557869561217408,1.5168617490448273,1.7328359402414533,-0.010684955963028146,0.3304094389344614,-0.6874206446824462,0.2347945491224311,1.0784903518252564,-0.2311578886704098,-0.29106765446886923,0.6296013169460026,0.1647280546101219,0.41390077802624936,1.2097591338467057,0.5330596511635539,0.766835132102908,0.8159764512746883,0.8091159262978056
1.141007478202282,0.557869561217408,1.6613247725991833,-0.7030746009502787,-0.010684955963028146,0.9870328019168629,1.5185206345813944,0.24978407008191994,1.0784903518252564,-0.23047391408665494,-0.3045030788264697,0.6316610529317538,0.14542676357892104,0.41390077802624936,1.239551475769276,0.5385364989008415,0.7839502161722762,0.7290742264055705,0.722142630089492
1.141007478202282,0.6681144931180489,-1.6613247691510074,1.74479951066334,-0.010684955963028146,0.33137740101386504,-0.6874206446824462,0.009952592434096328,1.0784903518252564,-0.2609885966158168,-0.3300150780455343,0.6235754494947308,0.15078203978265362,0.41390077802624936,1.2653901442277429,0.5312004203228251,0.7691845695466006,0.8252299696977742,0.8183768267497278
1.141007478202282,0.6681144931180489,-1.5168617455966513,-0.7030746009502787,-0.010684955963028146,0.8475120615590455,1.3803179409575963,-0.22987888521372726,1.0784903518252564,-0.27717577713288283,-0.3688797043410728,0.5765794854480093,0.0880681017080051,0.41390077802624936,1.2819939338486948,0.5094806223606374,0.7549211260919746,0.7015083325801615,0.6945541646947586
1.141007478202282,0.6681144931180489,-1.372398722042295,2.3471067741655736,-0.010684955963028146,-0.6865507261215884,-0.6874206446824462,-0.22987888521372726,1.0784903518252564,-0.3025547652253234,-0.3979617275051839,0.51979956825207,0.07380228387976688,0.41390077802624936,1.281406329855432,0.4813679156473701,0.7036300244866613,0.8873373953673468,0.8805349950469765
1.141007478202282,0.6681144931180489,-1.227935698487939,-0.7030746009502787,-0.010684955963028146,1.1668244885135561,1.3452048187422112,-0.07998424742150408,1.0784903518252564,-0.27869804561374445,-0.4187334084358833,0.3224304442315182,-0.018290401616756283,0.41390077802624936,1.2802590800572649,0.528986389335656,0.7025258325579667,0.7429881159423225,0.7421063618104909
1.141007478202282,0.6681144931180489,-1.083472674933583,2.3502156935485665,-0.010684955963028146,-0.6865507261215884,-0.6874206446824462,-0.07998424742150408,1.0784903518252564,-0.2840338320415069,-0.43231842451988894,0.26063919352658443,-0.01978851185700422,0.41390077802624936,1.2833286963239574,0.536856403097374,0.6804978913805053,0.8884397579113191,0.8816383944842058
1.141007478202282,0.6681144931180489,-0.9390096513792268,-0.7030746009502787,-0.010684955963028146,1.1780013439309533,1.2680407120283206,-0.0050369285253924825,1.0784903518252564,-0.2542077013638688,-0.44020016906276305,0.15790354112179802,-0.062497266799520605,0.41390077802624936,1.2775476178242018,0.5608923780546609,0.6759099378891605,0.7825575929100047,0.7756696809191173
1.141007478202282,0.6681144931180489,-0.7945466278248707,1.5262019144527104,-0.010684955963028146,0.506845893240142,-0.6874206446824462,-0.07998424742150408,1.0784903518252564,-0.2630679839736948,-0.45162271498087425,0.1396419301608046,-0.06386436359670503,0.41390077802624936,1.2851276611335203,0.5539850524653439,0.6603010266345314,0.8285102756536677,0.8216598033724615
1.141007478202282,0.6681144931180489,-0.6500836042705146,-0.7030746009502787,-0.010684955963028146,1.0117070485990285,1.4758833017749957,0.06991039037071911,1.0784903518252564,-0.2545235328399238,-0.4346304864121886,0.1754034227584835,-0.09018830067534733,0.41390077802624936,1.2712160522364182,0.5323660992880552,0.6691869658732409,0.7512837850262873,0.7443702648294471
1.141007478202282,0.6681144931180489,-0.5056205807161585,1.642807712281204,-0.010684955963028146,0.4076026888781704,-0.6874206446824462,0.054920869411230304,1.0784903518252564,-0.23520288558733848,-0.3711256675635655,0.3011219159732929,-0.01171368952458691,0.41390077802624936,1.2191333215882838,0.4742428520708734,0.6308586015095354,0.8288336329366625,0.821983393524615
1.141007478202282,0.6681144931180489,-0.3611575571618023,-0.7030746009502787,-0.010684955963028146,1.0260044154401182,1.5377061269318857,0.2198050281629423,1.0784903518252564,-0.15243346031286067,-0.24188606947967456,0.5255054928097805,0.10460997295393668,0.41390077802624936,1.1166246239711324,0.38320299958064546,0.5860085830967399,0.7339360891891851,0.7311787981017782
1.141007478202282,0.6681144931180489,-0.2166945336074462,2.2757757794425073,-0.010684955963028146,-0.6865507261215884,-0.6874206446824462,0.2198050281629423,1.0784903518252564,-0.035877913845238696,-0.11275779547124795,0.6528270159627962,0.2521620322710017,0.41390077802624936,1.0205164233372004,0.34409322329177117,0.5327001531882412,0.9076006990351642,0.8931582857706113
1.141007478202282,0.6681144931180489,-0.07223151005309006,-0.7030746009502787,-0.010684955963028146,1.1902737725944794,1.3522123399573789,0.2347945491224311,1.0784903518252564,0.08811569274686827,0.022551052051863554,0.7192068777007755,0.39583007193749453,0.41390077802624936,0.9206155498410927,0.33106190837777194,0.4805214620653991,0.758117066753696,0.7573807994290304
1.141007478202282,0.6681144931180489,0.07223151350126605,2.272916619950011,-0.010684955963028146,-0.6865507261215884,-0.6874206446824462,0.2198050281629423,1.0784903518252564,0.25536840312758435,0.13071213222205658,0.7748645081664505,0.5082200761317386,0.41390077802624936,0.8401065721981212,0.31610196406139296,0.4370913685314448,0.881860093263569,0.8695798003006036
1.141007478202282,0.6681144931180489,0.2166945370556222,-0.7030746009502787,-0.010684955963028146,1.2320450914362258,1.313980673120491,0.2198050281629423,1.0784903518252564,0.3332473447386755,0.21645810979750812,0.7768347264514124,0.6022096084343552,0.41390077802624936,0.7756783732387019,0.3207299806414879,0.39846168226510964,0.7652995887261622,0.7634956504004015
1.141007478202282,0.6681144931180489,0.3611575606099783,2.2835742363964115,-0.010684955963028146,-0.6865507261215884,-0.6874206446824462,0.2198050281629423,1.0784903518252564,0.39074044349781556,0.25659948408352806,0.7906536070769427,0.6608385310793217,0.41390077802624936,0.7509498376731674,0.3230075546866686,0.37973758290553966,0.8696246419194817,0.8583286464397373
1.141007478202282,0.6681144931180489,0.5056205841643344,-0.7030746009502787,-0.010684955963028146,1.2538429615005482,1.294503366324937,0.2198050281629423,1.0784903518252564,0.3983145138645769,0.25529073042135064,0.7156899924744005,0.6436415926180725,0.41390077802624936,0.7573744365429032,0.36282996745549567,0.39404251270907853,0.7665782789491884,0.764055230081608
1.141007478202282,0.6681144931180489,0.6500836077186906,1.4896937910043737,-0.010684955963028146,0.5583582326749964,-0.6874206446824462,0.2198050281629423,1.0784903518252564,0.34967123538893397,0.2157219793485003,0.7211041556369463,0.6303229775707406,0.41390077802624936,0.7939288037464349,0.36590974549925986,0.4058953809426668,0.8094647294023534,0.8025986855483612
1.141007478202282,0.6681144931180489,0.7945466312730467,-0.7030746009502787,-0.010684955963028146,1.0194673765256586,1.4717096230596602,0.2347945491224311,1.0784903518252564,0.26496431805741444,0.12996278203908734,0.723671987461436,0.5323704920524764,0.41390077802624936,0.8661452863146717,0.3677947839301026,0.455365886878323,0.7294669644063172,0.7225356048473255
1.141007478202282,0.6681144931180489,0.9390096548274028,1.5784441943311798,-0.010684955963028146,0.39222481109259844,-0.6874206446824462,0.2198050281629423,1.0784903518252564,0.08711000162849834,0.0039272300021539535,0.7087299912380415,0.4551319642558369,0.41390077802624936,0.9834274762907413,0.38634632068242125,0.5046959942752901,0.8050755901619716,0.7950285999268881
1.141007478202282,0.6681144931180489,1.083472678381759,-0.7030746009502787,-0.010684955963028146,0.9988963518502841,1.4979806629966512,0.3696996659551655,1.0784903518252564,0.049949126298873575,-0.055584533414658216,0.7072313986174226,0.37397198439632134,0.41390077802624936,1.0551691516946107,0.40789283911098684,0.5662237433002313,0.7250230036143438,0.718088031155804
1.141007478202282,0.6681144931180489,1.227935701936115,1.6745297267232078,-0.010684955963028146,0.3766270655427184,-0.6874206446824462,0.3247313889780315,1.0784903518252564,-0.014199319796267196,-0.10412043876615978,0.7090673403512007,0.3450692796091806,0.41390077802624936,1.1268534646085717,0.43883180224748736,0.6140762816282888,0.8014207002273338,0.7945480245459543
1.141007478202282,0.6681144931180489,1.3723987254904713,-0.7030746009502787,-0.010684955963028146,0.9877663569268973,1.5090369788958264,0.2198050281629423,1.0784903518252564,-0.047895203424824194,-0.14634774791619248,0.7012668673685433,0.2862531949026948,0.41390077802624936,1.1842549995730827,0.4622011172719151,0.6646992346669013,0.7212063451668126,0.7142681937050509
1.141007478202282,0.6681144931180489,1.5168617490448273,1.7086284018161682,-0.010684955963028146,0.3549093185552086,-0.6874206446824462,0.06991039037071911,1.0784903518252564,-0.10497765587555312,-0.19279980573009625,0.6920697524800545,0.2688495644256809,0.41390077802624936,1.2319184083096224,0.4638703695501246,0.6708117023061886,0.8104835115479975,0.8036183731751979
1.141007478202282,0.6681144931180489,1.6613247725991833,-0.7030746009502787,-0.010684955963028146,0.9895535408569481,1.5192697295833801,-0.035015827493703876,1.0784903518252564,-0.13760965169553543,-0.23936110029304938,0.6570708180742835,0.2019269212111289,0.41390077802624936,1.2681469180074563,0.4552014048474004,0.6784296877126005,0.7268425398988102,0.7199092235491384
1.141007478202282,0.7783594250186899,-1.6613247691510074,1.7314391481996245,-0.010684955963028146,0.34525375560407945,-0.6874206446824462,0.3696996659551655,1.0784903518252564,-0.16968845201087474,-0.24881321007544208,0.6611637662825889,0.2108040991637985,0.41390077802624936,1.2984193695094275,0.47113488086143857,0.6929381189750168,0.8198917885150846,0.8130344167867231
1.141007478202282,0.7783594250186899,-1.5168617455966513,-0.7030746009502787,-0.010684955963028146,-0.6865507261215884,2.0418353488531924,0.3696996659551655,1.0784903518252564,-0.17505627931301954,-0.2543947209090346,0.6092120028560662,0.19189422096560105,0.41390077802624936,1.3468231881997423,0.5425162895410159,0.752626275949483,0.2545563108791103,0.24723713808352019
1.141007478202282,0.7783594250186899,-1.372398722042295,-0.7030746009502787,-0.010684955963028146,-0.6865507261215884,-0.6874206446824462,-0.28983668315035005,-0.17740154926422066,-0.2658372309738877,-0.321399986155539,0.3657246855770869,0.2286463398632424,0.41390077802624936,1.3372470266491592,0.5408181934856203,0.6104023379082543,-1.2676136780735823,-1.2761757670616813
1.141007478202282,0.7783594250186899,-1.227935698487939,0.829171331218021,-0.010684955963028146,0.41626162953704127,0.1920863373947076,-0.37977352300595046,0.0020115794628475024,-0.42782281394337507,-0.3781209941555549,-0.027439542891806914,0.08515651102923968,0.41390077802624936,1.3017560346787185,0.5922993477412947,0.5415668776969279,0.9045540587090054,0.8901282866482328
1.141007478202282,0.7783594250186899,-1.083472674933583,-0.7030746009502787,-0.010684955963028146,1.3238734594155774,1.2032143945400962,-0.37977352300595046,0.36083783691698385,-0.47501967580404125,-0.42479987477321723,-0.10735647027135052,0.028697854549803496,0.41390077802624936,1.3069663805057725,0.5767061415498511,0.5152053598517186,0.7460333183261444,0.7452589608703393
1.141007478202282,0.7783594250186899,-0.9390096513792268,1.685098296781103,-0.010684955963028146,0.39722193886236595,-0.6874206446824462,-0.4996892618298623,0.4206422131593399,-0.5296879464543659,-0.4646928572158574,-0.08023675127022742,0.01592526447325184,0.41390077802624936,1.3002164061680692,0.49901857232125785,0.45743321714940866,0.8814623224646433,0.8746551102328933
1.141007478202282,0.7783594250186899,-0.7945466278248707,-0.7030746009502787,-0.010684955963028146,1.073602230036027,1.3931121739962566,-0.5296681607981737,0.7196640943711202,-0.5411873508806686,-0.5006936716700762,-0.03372899023984696,-0.04892801733937159,0.41390077802624936,1.2755293258473424,0.39676868341935667,0.40802450403871204,0.7603776918499849,0.7534717239603526
1.141007478202282,0.7783594250186899,-0.6500836042705146,1.0715050754149862,-0.010684955963028146,0.13845578055298133,0.19792827431748106,-0.37977352300595046,0.0020115794628475024,-0.4691620808506226,-0.43531095482346427,0.7119924141112473,0.07267442902208972,0.41390077802624936,1.1545238764422632,-0.00312100974853552,0.2694031095275469,0.8492824311659308,0.839085368441433
1.141007478202282,0.7783594250186899,-0.5056205807161585,-0.7030746009502787,-0.010684955963028146,1.1913873369231298,1.2726405025892424,-0.25985778418203864,-0.1175971730218646,-0.31374029986175767,-0.28864426850110525,1.414335861489183,0.27281658638179646,0.41390077802624936,0.9877542469581143,-0.31379559885660824,0.12908972702835445,0.6967464067889566,0.6960601585844142
1.141007478202282,0.7783594250186899,-0.3611575571618023,-0.7030746009502787,-0.010684955963028146,-0.6865507261215884,-0.6874206446824462,-0.22987888521372726,-0.596032182960713,0.07723814284174231,-0.10751999772065154,1.7323151677063613,0.4170672696832798,-0.17527088319231796,0.78781945755233,-0.47650204474069785,0.004363857561720404,-1.2676136780735823,-1.2761757670616813
1.141007478202282,0.7783594250186899,-0.2166945336074462,-0.7030746009502787,-0.010684955963028146,-0.6865507261215884,1.2326646430334058,-0.07998424742150408,-1.1342715691419176,0.3647350236164294,0.05964423399657601,1.8192078448066622,0.5801627313354756,-0.32003278830690435,0.5612496733575862,-0.6014476488780026,-0.17626945239819608,-0.20811322940605814,-0.23786195540116917
1.141007478202282,0.7783594250186899,-0.07223151005309006,-0.7030746009502787,-0.010684955963028146,-0.6865507261215884,-0.6874206446824462,-0.07998424742150408,-0.8950540641724933,0.7674168861096465,0.2187423406709417,1.6441825046766105,0.681592362457531,-0.7953084087300064,0.35143937697068867,-0.633385734431771,-0.3150026417022209,-1.2676136780735823,-1.2761757670616813
1.141007478202282,0.7783594250186899,0.07223151350126605,-0.7030746009502787,-0.010684955963028146,-0.6865507261215884,-0.6874206446824462,-0.07998424742150408,-1.3734890741113417,0.9740864109346663,0.3385987107441335,1.2964816640622232,0.6804547426227311,-0.9538997488651121,0.19087357307578792,-0.6033953628848364,-0.40238861365529793,-1.2676136780735823,-1.2761757670616813
1.141007478202282,0.7783594250186899,0.2166945370556222,-0.7030746009502787,-0.010684955963028146,-0.6865507261215884,-0.6874206446824462,-0.07998424742150408,-1.3734890741113417,1.1090347270885752,0.42070786992925996,0.942408489339806,0.7199605850689869,-0.7111614902374382,0.03600666024762268,-0.5892215741496591,-0.520639337453465,-1.2676136780735823,-1.2761757670616813
1.141007478202282,0.7783594250186899,0.3611575606099783,2.3014655729424525,-0.010684955963028146,-0.6865507261215884,-0.6874206446824462,-0.12495266734930428,-1.4332934503536978,1.184547221263138,0.4450711438446271,0.6250640957041509,1.0293988763712143,-0.27775496177819337,-0.06650565265250617,-0.5728925263342108,-0.706271097409758,0.9946948892062488,0.9794371218990661
1.141007478202282,0.7783594250186899,0.5056205841643344,-0.7030746009502787,-0.010684955963028146,1.3161262064035708,1.219174448232219,-0.22987888521372726,-1.1940759453842735,1.1807840532616953,0.43742944183947297,0.28322749335905506,1.7502665762822824,0.14891501551957417,-0.11394322671238984,-0.5101026595870158,-0.9599358842497222,0.9062851615397567,0.9041452050417051
1.141007478202282,0.7783594250186899,0.6500836077186906,1.3282688137444354,-0.010684955963028146,0.710513106134483,-0.6874206446824462,-0.22987888521372726,-1.1940759453842735,0.9334906230921696,0.39532667649886594,0.23218085335162306,2.0857350416013762,0.41390077802624936,-0.1758829058890202,-0.5737218391459392,-1.1123133878381508,0.9006164333623884,0.8939816906928842
1.141007478202282,0.7783594250186899,0.7945466312730467,-0.7030746009502787,-0.010684955963028146,1.1778490473254195,1.4281736272740573,-0.40975242197426187,-0.9548584404148494,0.708447291547334,0.28652757022116804,0.35854089008875495,2.104355225478266,0.41390077802624936,-0.1565151119224001,-0.6575717837786279,-1.151390253275925,0.7873143061602387,0.785800038022746
1.141007478202282,0.7783594250186899,0.9390096548274028,1.5056418737682602,-0.010684955963028146,0.48177720253361606,-0.6874206446824462,-0.5296681607981737,-0.6558365592030692,0.2490256177906609,0.1380943099762845,0.43554020351665107,1.498488033645589,0.41390077802624936,-0.0733987921961152,-0.6912491707837722,-1.0051387549774813,0.8556875655625483,0.8456533684304308
1.141007478202282,0.7783594250186899,1.083472678381759,-0.7030746009502787,-0.010684955963028146,1.1254178028908286,1.443432489554101,-0.5296681607981737,-0.6558365592030692,0.14319134022862626,-0.003882153891668312,0.44325364540131906,0.5609338638846018,0.41390077802624936,-0.029006009459812403,-0.7288824926735235,-0.7709494071108183,0.7535722702553524,0.7518568433148807
1.141007478202282,0.7783594250186899,1.227935701936115,1.6357624766900303,-0.010684955963028146,0.41420049999579983,-0.6874206446824462,-0.6795627985903968,-0.35681467799128885,-0.04124312556580127,-0.12415390192143637,0.4804855491212203,0.5315339590122945,0.41390077802624936,0.022773037418219146,-0.7594054981811289,-0.7812546161807548,0.85511184939944,0.8445331856962524
1.141007478202282,0.7783594250186899,1.3723987254904713,-0.7030746009502787,-0.010684955963028146,1.1100546736089518,1.5284517390827255,-0.6795627985903968,-0.35681467799128885,-0.08683336643957866,-0.2148698036908983,0.4768542801660591,0.3143494753291155,0.41390077802624936,0.03913556715514479,-0.7868320266160728,-0.7436328298437955,0.7402970068589451,0.7378188434630455
1.141007478202282,0.7783594250186899,1.5168617490448273,1.7012622767243641,-0.010684955963028146,0.36534634300355234,-0.6874206446824462,-0.6795627985903968,0.0020115794628475024,-0.20941782845425572,-0.2891292240048467,0.49288126407772254,0.2820892459079372,0.41390077802624936,0.04487181614598028,-0.8107784340547288,-0.7534718633614752,0.8650541422018674,0.8541733477243545
1.141007478202282,0.7783594250186899,1.6613247725991833,-0.7030746009502787,-0.010684955963028146,1.0798543404110124,1.5588903913415704,-0.6795627985903968,-0.23720592550657674,-0.21950547272154627,-0.34767664261794917,0.4845959035491237,0.13832355647021694,0.41390077802624936,0.04998479035150902,-0.8235130701176705,-0.7246056617879574,0.7379889296655406,0.7354331592040315
1.141007478202282,0.8886043569193308,-1.6613247691510074,1.7263276704980683,-0.010684955963028146,0.3353950607793603,-0.6874206446824462,-0.5296681607981737,-0.6558365592030692,-0.2922121017537648,-0.3835981386683996,0.5139668269515748,0.15627077067373038,0.41390077802624936,0.040828242645171584,-0.849750280702322,-0.7489131686635742,0.8667149656009061,0.8557034931876686
1.141007478202282,0.8886043569193308,-1.5168617455966513,-0.7030746009502787,-0.010684955963028146,1.0349835346082883,1.5436396873148293,-0.5296681607981737,-0.6558365592030692,-0.2937154072681552,-0.42270072017524307,0.4764696855997056,0.04461883600034715,0.41390077802624936,0.023154088244038935,-0.8621765269069274,-0.7387330736879905,0.7150796323551638,0.7123477342504929
1.141007478202282,0.8886043569193308,-1.372398722042295,2.4214080124070385,-0.010684955963028146,-0.6865507261215884,-0.6874206446824462,-0.6046154796942852,-0.41661905423364487,-0.31928075554833013,-0.4506555870752779,0.4599926265812965,0.061062243726957705,0.41390077802624936,0.022061308709398257,-0.8670791015465537,-0.7540028886275588,0.9176923580978298,0.9109146045940926
1.141007478202282,0.8886043569193308,-1.227935698487939,-0.7030746009502787,-0.010684955963028146,1.145440204148603,1.3084893319037572,-0.82945743638262,0.6598597181287641,-0.31201140043589937,-0.4922469574442207,0.3402071676465702,0.004440837628809082,0.41390077802624936,0.03376831804687103,-0.835064460704464,-0.7387699747036024,0.7750908975832225,0.7681970202896903
1.141007478202282,0.8886043569193308,-1.083472674933583,1.0331740989351508,-0.010684955963028146,0.2520493836097553,0.31534426149062084,-0.82945743638262,0.6598597181287641,-0.33655667189900207,-0.5235331973025253,0.28814765143206056,0.02146933023469083,0.41390077802624936,0.0477102953209832,-0.8199292850199166,-0.7440016216507097,0.8433507392837146,0.836512407149389
1.141007478202282,0.8886043569193308,-0.9390096513792268,-0.7030746009502787,-0.010684955963028146,1.2281903974065973,1.2883767272804931,-0.9793520741748433,1.0784903518252564,-0.3760257979749505,-0.5591422901662041,0.2506016068917973,0.04633014824110837,0.41390077802624936,0.07512763734625554,-0.8060977179418802,-0.7487288819347195,0.7309500221839653,0.724020107929912
1.141007478202282,0.8886043569193308,-0.7945466278248707,1.1853828645686615,-0.010684955963028146,0.21272370139849694,0.2415925011101259,-1.1292467119670664,1.0784903518252564,-0.44767507815255,-0.5999606539861414,0.2522858658547938,0.09867937684805565,0.41390077802624936,0.10421258889957791,-0.806075597150354,-0.764355261125733,0.8455146627578518,0.8386780664788869
1.141007478202282,0.8886043569193308,-0.6500836042705146,-0.7030746009502787,-0.010684955963028146,1.3026929345201161,1.3329793623889457,-0.5296681607981737,1.0784903518252564,-0.42263938514277793,-0.5440161314124892,0.5380421152582657,0.24052299328878213,0.41390077802624936,0.06950177499566386,-0.8858069540195667,-0.8052463901062247,0.7133564382072651,0.7115255573743382
1.141007478202282,0.8886043569193308,-0.5056205807161585,1.2512544377542003,-0.010684955963028146,0.17744114888642037,0.19873677813838983,-0.33480510307815026,0.5402509656440521,-0.4227355077659251,-0.4727436751983429,0.5648841636134224,0.3306561733760076,0.41390077802624936,0.027427111704481047,-0.8661912336984323,-0.8040293116386464,0.8308596936892559,0.8240111023401651
1.141007478202282,0.8886043569193308,-0.3611575571618023,-0.7030746009502787,-0.010684955963028146,1.2897144604669237,1.3152278399459136,-0.22987888521372726,0.0020115794628475024,-0.35427592932786306,-0.3366061590884939,0.657471989992635,0.49445878212150896,0.41390077802624936,-0.06621401982566118,-0.8637087170258763,-0.8233527795654038,0.6886844033347267,0.6868942270323017
1.141007478202282,0.8886043569193308,-0.2166945336074462,1.79286861452356,-0.010684955963028146,0.1848682756887863,-0.6874206446824462,-0.22987888521372726,-0.2970103017489328,-0.24585876495336992,-0.20262137228793617,0.8394540158886461,0.6114391393115371,0.41390077802624936,-0.16564611162903048,-0.8953349427932259,-0.8379433101288264,0.8506705847493482,0.8377732011641047
1.141007478202282,0.8886043569193308,-0.07223151005309006,-0.7030746009502787,-0.010684955963028146,1.1315743094900872,1.4723606098360296,-0.19989998624541588,-0.057792796779508555,-0.12562832636270568,-0.06917094104960719,0.9577566306871516,0.6852973575275195,0.41390077802624936,-0.2566562812270735,-0.9085434409099401,-0.8394077782454478,0.7082819397005917,0.7069240685693321
1.141007478202282,0.8886043569193308,0.07223151350126605,1.737174667291854,-0.010684955963028146,0.20780983468505157,-0.6874206446824462,-0.07998424742150408,-0.596032182960713,0.21816698628343492,0.14502979987771183,1.1905159146206272,0.8291956879044904,0.032315038372000025,-0.4042133328937661,-0.9646497924291424,-0.8740008427625687,0.8323086003364044,0.8201777563821114
1.141007478202282,0.8886043569193308,0.2166945370556222,-0.7030746009502787,-0.010684955963028146,1.0570536766947294,1.4776802093614398,-0.07998424742150408,-0.596032182960713,0.47915233214057307,0.29537922577152503,1.3214231190108097,1.0696956819644123,-0.1956808282583874,-0.5015292790610204,-0.9920481276984157,-0.9345617415086371,0.6974777802100268,0.6965472835446452
1.141007478202282,0.8886043569193308,0.3611575606099783,2.2904243582711215,-0.010684955963028146,-0.6865507261215884,-0.6874206446824462,-0.09497376838099289,-0.7754453116877812,0.8478427502864404,0.3992383262004936,1.3591614608342497,1.3135222782308165,-0.7442142591514175,-0.577846215582244,-1.0070503617633006,-1.0063019011914731,0.9092633198621239,0.8928776772325958
1.141007478202282,0.8886043569193308,0.5056205841643344,-0.7030746009502787,-0.010684955963028146,1.2252344207085264,1.3184237833808021,-0.07998424742150408,-0.2970103017489328,0.8553409687873169,0.4282326816551766,1.2539566118493615,1.6199399366097413,-0.006545021923532753,-0.5987649659461761,-0.9570404570146255,-1.0647330217938817,0.7189974859946495,0.7202096854993987
1.141007478202282,0.8886043569193308,0.6500836077186906,1.569068344209464,-0.010684955963028146,0.4183256878591584,-0.6874206446824462,-0.22987888521372726,0.36083783691698385,0.7257035910361391,0.3920342669670086,1.2177110605733412,1.6212687872465283,0.41390077802624936,-0.5734673848399962,-0.9239841871362569,-1.0428533397264823,0.7979049312137843,0.7880279183555674
1.141007478202282,0.8886043569193308,0.7945466312730467,-0.7030746009502787,-0.010684955963028146,1.1129688105802276,1.4793478400109312,-0.34979462403763906,0.5402509656440521,0.54872287885569,0.2623097133793762,1.106920472832728,1.3363275685528961,0.41390077802624936,-0.4890112412422804,-0.8656258522914826,-0.939662378932862,0.6960366025029389,0.6935731605206462
1.141007478202282,0.8886043569193308,0.9390096548274028,1.649360953138301,-0.010684955963028146,0.3434249411458675,-0.6874206446824462,-0.37977352300595046,0.7196640943711202,0.22155089495545338,0.09136742085107818,1.0006140588075731,1.1011348395591865,0.41390077802624936,-0.3833702624534946,-0.8209485763941643,-0.8589843129005732,0.8101346307885241,0.7989180266576742
1.141007478202282,0.8886043569193308,1.083472678381759,-0.7030746009502787,-0.010684955963028146,1.107701816572632,1.5304996698477182,-0.5296681607981737,1.0784903518252564,0.1226413696323898,-0.04035470411566717,0.9368625362288762,0.7878117148582933,0.41390077802624936,-0.30348624672788593,-0.8047132166369447,-0.7684648115093519,0.7098476791626076,0.7072677168080833
1.141007478202282,0.8886043569193308,1.227935701936115,1.7095249574058695,-0.010684955963028146,0.32652273751383465,-0.6874206446824462,-0.5746365807259739,0.9588815993405444,-0.016863289637775048,-0.13788503085448897,0.8801771099393255,0.6874879673953889,0.41390077802624936,-0.23900767482564794,-0.7864663829443745,-0.736006547167601,0.8264031509018354,0.8152932029468534
1.141007478202282,0.8886043569193308,1.3723987254904713,-0.7030746009502787,-0.010684955963028146,1.0837226323518492,1.554656048691419,-0.6795627985903968,1.0784903518252564,-0.048497441084134146,-0.22320101918845958,0.8019999756519717,0.4559473398455862,0.41390077802624936,-0.1847090167312217,-0.7636199427078854,-0.6634916845061201,0.7143804328938802,0.711770552574925
1.141007478202282,0.8886043569193308,1.5168617490448273,1.7330256789244056,-0.010684955963028146,0.3131035865381733,-0.6874206446824462,-0.82945743638262,1.0784903518252564,-0.16673022924136527,-0.29861194790799206,0.7598189034930684,0.42404841457794956,0.41390077802624936,-0.13592462925281748,-0.7510924179773707,-0.6532644261022987,0.840493008632057,0.8293039811097345
1.141007478202282,0.8886043569193308,1.6613247725991833,-0.7030746009502787,-0.010684955963028146,1.0695596756330887,1.5689587218471746,-0.7395205965270196,1.0784903518252564,-0.1796171996970444,-0.3556919760513804,0.6935923822610706,0.2659461112278511,0.41390077802624936,-0.09479572398852705,-0.729134062459508,-0.5995503033712739,0.721331805635701,0.7187309132986972
1.141007478202282,0.9988492888199717,-1.6613247691510074,1.1353803611543916,-0.010684955963028146,0.1463707585697776,0.2748320490766185,-0.6795627985903968,1.0784903518252564,-0.2749996132564621,-0.39944442503527433,0.6631538773899485,0.301061782709339,0.41390077802624936,-0.06957141261735607,-0.722076662480621,-0.6133552134958112,0.8402481989492117,0.8298997881514288
1.141007478202282,0.9988492888199717,-1.5168617455966513,-0.7030746009502787,-0.010684955963028146,1.1787446266774677,1.2928334346296422,-0.5296681607981737,0.7196640943711202,-0.3080010599749353,-0.4334998512707541,0.5970964451483302,0.29405297037948813,0.41390077802624936,-0.047556990492401335,-0.6935061421309628,-0.6021757342098389,0.6799068438251317,0.6729350268063862
1.141007478202282,0.9988492888199717,-1.372398722042295,1.8162077267011867,-0.010684955963028146,0.28058365888671577,-0.6874206446824462,-0.6945523195498856,0.24122908443227173,-0.36750554097081517,-0.4762434258207526,0.5531225323708436,0.28733792111141315,0.41390077802624936,-0.034659347961032455,-0.6862617997766287,-0.6065186998933935,0.8228057786606707,0.8159508216431652
1.141007478202282,0.9988492888199717,-1.227935698487939,-0.7030746009502787,-0.010684955963028146,1.0474973784954216,1.4532336895605331,-0.6795627985903968,0.6598597181287641,-0.3890337390788081,-0.5108450358014791,0.5008499971831597,0.20530804453987966,0.41390077802624936,-0.02963940703745592,-0.6761018503509358,-0.5856641673425494,0.7185716753201556,0.7116315786892121
1.141007478202282,0.9988492888199717,-1.083472674933583,1.7918613332435238,-0.010684955963028146,0.3056291285448704,-0.6874206446824462,-0.82945743638262,1.0784903518252564,-0.4325733639921121,-0.5528830940232226,0.4535796779608714,0.14476844137122924,0.41390077802624936,-0.019108328743104416,-0.6634199138207478,-0.5675730623277067,0.833543073832573,0.8266968392007331
1.141007478202282,0.9988492888199717,-0.9390096513792268,-0.7030746009502787,-0.010684955963028146,1.028613436203741,1.4953009905656445,-0.8744258563104202,0.8990772230981884,-0.444446142689279,-0.5868174553266348,0.40754768693283344,0.05304845250155756,0.41390077802624936,-0.01623731202130474,-0.6558960253852637,-0.5438688543049638,0.7350864430586491,0.7281598513944638
1.141007478202282,0.9988492888199717,-0.7945466278248707,1.1742033323683039,-0.010684955963028146,0.16420724330114408,0.2821440404887675,-0.82945743638262,0.6598597181287641,-0.48486603267037043,-0.6114360788400982,0.36932860190145145,0.03451289842639869,0.41390077802624936,-0.025876138476829645,-0.6589549838605326,-0.5534187934754827,0.8347223662915658,0.8278769915203518
1.141007478202282,0.9988492888199717,-0.6500836042705146,-0.7030746009502787,-0.010684955963028146,1.2025003867571646,1.3079525606736273,-0.6795627985903968,0.6598597181287641,-0.46105573963187624,-0.5761261694292299,0.4669517989500556,0.10859082862764276,0.41390077802624936,-0.06431864747003385,-0.6939396662707759,-0.5832422379628618,0.7111704063696992,0.7042242091784043
1.141007478202282,0.9988492888199717,-0.5056205807161585,1.194179106910065,-0.010684955963028146,0.10823578268344806,0.16431428344298668,-0.5296681607981737,0.4206422131593399,-0.3017936309848926,-0.40803655633470515,1.0228658383944844,0.3780423523603193,0.41390077802624936,-0.18432507367901999,-0.8504772306356152,-0.6633058693328318,0.8364453806966724,0.8253009601130121
1.141007478202282,0.9988492888199717,-0.3611575571618023,-0.7030746009502787,-0.010684955963028146,1.245693210316773,1.3289414453760084,-0.22987888521372726,0.0020115794628475024,-0.0642040084854642,-0.17609632398214622,1.4413353946883205,0.647456443680692,0.3187937178687159,-0.32809644203062627,-0.9443457251246332,-0.7246224746767274,0.6802821467750444,0.6794004849445119
1.141007478202282,0.9988492888199717,-0.2166945336074462,2.288625692890424,-0.010684955963028146,-0.6865507261215884,-0.6874206446824462,-0.22987888521372726,0.0020115794628475024,0.4304488952885387,0.008448379016948775,1.57044561412192,0.7738713962674799,-0.6874700237931418,-0.4369157365942922,-0.9614973627661499,-0.7443544739656732,0.9488770135566637,0.929591343983187
1.141007478202282,0.9988492888199717,-0.07223151005309006,-0.7030746009502787,-0.010684955963028146,-0.6865507261215884,2.8449549317680813,-0.09497376838099289,-0.35681467799128885,0.8512691621591703,0.16478704017074255,1.5760363260832446,0.9766012725647143,-1.4039852094394543,-0.5301895553739289,-0.9549929825754185,-0.7968148355627126,0.5898585808658217,0.6036713836690613
1.141007478202282,0.9988492888199717,0.07223151350126605,-0.7030746009502787,-0.010684955963028146,-0.6865507261215884,-0.6874206446824462,-0.22987888521372726,-0.2970103017489328,1.0813932609275,0.29652447219786426,1.2874519804289144,1.15881737317134,-1.685753543309865,-0.6161879786898109,-0.8831839052596675,-0.8570984308186798,-1.2676136780735823,-1.2761757670616813
1.141007478202282,0.9988492888199717,0.2166945370556222,2.3152088169599634,-0.010684955963028146,-0.6865507261215884,-0.6874206446824462,-0.07998424742150408,-0.596032182960713,1.1874420161792782,0.4351987856773566,0.999703962182883,1.3060659044495064,-1.4601274055668771,-0.7055922395892852,-0.8041413291148402,-0.9014733213618216,0.9219328500491416,0.9007525229657429
1.141007478202282,0.9988492888199717,0.3611575606099783,-0.7030746009502787,-0.010684955963028146,1.4942027779996176,1.066681841797575,-0.22987888521372726,-0.2970103017489328,1.4260183668306052,0.4704495541731345,0.6668754929134988,1.7792677445887444,-1.528854201245222,-0.7350283556291474,-0.7065801805344785,-1.0310386826037348,0.8010635512994236,0.7996008202994098
1.141007478202282,0.9988492888199717,0.5056205841643344,1.3560926747161894,-0.010684955963028146,0.6626363251601681,-0.6874206446824462,-0.22987888521372726,-0.596032182960713,1.4237107699796772,0.4403043860883391,0.7285142319800509,2.232706084779638,-1.1246518156690692,-0.7400046721381297,-0.7482876317341483,-1.1644644577865852,0.8359478526481292,0.8276790714209638
1.141007478202282,0.9988492888199717,0.6500836077186906,-0.7030746009502787,-0.010684955963028146,2.8756317319482787,-0.6874206446824462,-0.37977352300595046,-0.35681467799128885,1.1633243923048713,0.39302226813675445,0.8838630841560801,2.0007211507707505,-0.22914000276534083,-0.729875613310867,-0.8097294314212744,-1.1210397138081487,0.5752720938010174,0.5829325501731063
1.141007478202282,0.9988492888199717,0.7945466312730467,1.7999339169065094,-0.010684955963028146,0.19258780988179117,-0.6874206446824462,-0.4547208419020621,0.0020115794628475024,0.6770197710459716,0.2735597069805177,1.1416707469585292,1.8000573808830704,0.39384250771398566,-0.6822237734798551,-0.8930443565177356,-1.0798462803536055,0.7660530705106612,0.7520848505441653
1.141007478202282,0.9988492888199717,0.9390096548274028,-0.7030746009502787,-0.010684955963028146,0.7930434316281694,1.7463785574696462,-0.5296681607981737,0.3010334606746278,0.48987556273234706,0.10079309116554809,1.0580802783762293,0.6623171113653241,0.41390077802624936,-0.5885676987800729,-0.8656451537664418,-0.7582561127879388,0.7215730204627042,0.7163044988434286
1.141007478202282,0.9988492888199717,1.083472678381759,1.631998340721998,-0.010684955963028146,0.36116906468033394,-0.6874206446824462,-0.5296681607981737,0.0020115794628475024,0.15257866252727298,-0.04192019892688421,0.9438283395384345,0.5511648180213881,0.41390077802624936,-0.5252771088642142,-0.8514919677292546,-0.7432398012751481,0.8010536654458579,0.7910611922675944
1.141007478202282,0.9988492888199717,1.227935701936115,-0.7030746009502787,-0.010684955963028146,0.9989348443989357,1.6427699956395838,-0.5146786398386849,-0.23720592550657674,0.11817134070834766,-0.14694054861804,0.8691622884042564,0.32720832270358474,0.41390077802624936,-0.48003015526978027,-0.8469379039914189,-0.6910602367554868,0.7229437389952875,0.7194132975917268
1.141007478202282,0.9988492888199717,1.3723987254904713,1.689865055666795,-0.010684955963028146,0.3488040656212739,-0.6874206446824462,-0.5296681607981737,-0.35681467799128885,-0.018566687143206556,-0.2208242501772963,0.8000446769838079,0.298450465077098,0.41390077802624936,-0.46387851703987065,-0.8555361689094613,-0.7123318162875067,0.8205602519589185,0.8100911995900328
1.141007478202282,0.9988492888199717,1.5168617490448273,-0.7030746009502787,-0.010684955963028146,1.0268070059993644,1.6135349995218795,-0.5296681607981737,-0.35681467799128885,-0.05250516596351599,-0.28890935895580466,0.7030091470635328,0.14524448400596313,0.41390077802624936,-0.456655422669856,-0.8585146684273162,-0.6968895054761431,0.7246620800877994,0.7215357706327336
1.141007478202282,0.9988492888199717,1.6613247725991833,1.7232531513295484,-0.010684955963028146,0.33868104832252705,-0.6874206446824462,-0.4996892618298623,-0.47642343047600094,-0.16655563917075097,-0.34124976458629946,0.6562361484011844,0.15370095419426108,0.41390077802624936,-0.45868528355224325,-0.8748274509548775,-0.7313939202161135,0.8454276672464737,0.834661741649217
1.141007478202282,1.1090942207206127,-1.6613247691510074,-0.7030746009502787,-0.010684955963028146,1.036804504117726,1.6029631583573032,-0.5296681607981737,-0.35681467799128885,-0.17988595070461919,-0.38583644836070413,0.5984682210261645,0.058021267101315915,0.41390077802624936,-0.46557384373741423,-0.8830078064094783,-0.7278546979554431,0.7291058611369807,0.726186585956822
1.141007478202282,1.1090942207206127,-1.5168617455966513,2.4332914948296054,-0.010684955963028146,-0.6865507261215884,-0.6874206446824462,-0.5296681607981737,-0.35681467799128885,-0.2225794349760697,-0.42068992906216873,0.5507925855475251,0.06426596997131193,0.41390077802624936,-0.46773915722202203,-0.8848921942288056,-0.7462595707775894,0.9078843331611038,0.9010988319710836
1.141007478202282,1.1090942207206127,-1.372398722042295,-0.7030746009502787,-0.010684955963028146,1.1982111871647696,1.3907117648513854,-0.5296681607981737,-0.41661905423364487,-0.22097150619838982,-0.4625331701518495,0.34975240692701687,-0.01903091238189785,0.41390077802624936,-0.47355012206105745,-0.848457949362079,-0.7423105070595016,0.7573700557097127,0.7564098242982168
1.141007478202282,1.1090942207206127,-1.227935698487939,1.6339707988528975,-0.010684955963028146,0.47040893036613135,-0.6874206446824462,-0.5296681607981737,-0.35681467799128885,-0.2536231188802389,-0.4905499610688614,0.3065808379862333,-0.025977066108544444,0.41390077802624936,-0.4723958827158007,-0.844218347856724,-0.7487710233312467,0.8399199886108302,0.8330787902028192
1.141007478202282,1.1090942207206127,-1.083472674933583,-0.7030746009502787,-0.010684955963028146,1.029975110112286,1.5305103383328065,-0.5296681607981737,-0.35681467799128885,-0.27379383014705105,-0.5167340793935419,0.2905099240917752,-0.07764274631689952,0.41390077802624936,-0.47865345551197974,-0.8502978787278487,-0.7440302253965391,0.7592963592126888,0.7523894059814863
1.141007478202282,1.1090942207206127,-0.9390096513792268,1.718502875879958,-0.010684955963028146,0.40032540059738925,-0.6874206446824462,-0.5446576817576625,0.0020115794628475024,-0.3208200253094763,-0.54112727165419,0.30119236971928437,-0.08002784197913021,0.41390077802624936,-0.4758479959215039,-0.8499515365311096,-0.7397278726650781,0.8475134026060457,0.8406785536054828
1.141007478202282,1.1090942207206127,-0.7945466278248707,-0.7030746009502787,-0.010684955963028146,1.0133579396190444,1.544206372140403,-0.5296681607981737,0.0020115794628475024,-0.34125752589767655,-0.5602339618812261,0.3034609803402103,-0.12049309342769572,0.41390077802624936,-0.4688247061907079,-0.8391045413450727,-0.7148587716347051,0.7564456385299231,0.7495364501744859
1.141007478202282,1.1090942207206127,-0.6500836042705146,1.0701831755067497,-0.010684955963028146,0.12842967452142348,0.26995194929965066,-0.37977352300595046,0.0020115794628475024,-0.30148106898581534,-0.47794598839988506,0.99219690833059,0.04216457175016367,0.41390077802624936,-0.502877538592732,-0.9904654067517646,-0.723667415254914,0.8453047231766746,0.8351208262230819
1.141007478202282,1.1090942207206127,-0.5056205807161585,-0.7030746009502787,-0.010684955963028146,1.1676240456926097,1.33156840293952,-0.2748473051415275,0.0020115794628475024,-0.13671316110822387,-0.3138473434107563,1.9029632580413418,0.2939089369669276,0.3876893640083252,-0.5796979635232772,-1.1867012255212275,-0.7664756502535861,0.7006664173419476,0.6996953797687268
1.141007478202282,1.1090942207206127,-0.3611575571618023,-0.7030746009502787,-0.010684955963028146,-0.6865507261215884,-0.6874206446824462,-0.07998424742150408,-0.2970103017489328,0.10701261578313127,-0.13402556431323523,2.20828326940525,0.43160894811523554,-0.06223190404851172,-0.6600182233948275,-1.2263338765980403,-0.7702978530836827,-1.2676136780735823,-1.2761757670616813
1.141007478202282,1.1090942207206127,-0.2166945336074462,-0.7030746009502787,-0.010684955963028146,-0.6865507261215884,2.2942378997679667,-0.07998424742150408,-0.2970103017489328,0.4808249965624133,0.00380546929461485,2.243035201266251,0.6090556711454936,-0.5630342207569626,-0.7064054372403389,-1.1949712569297115,-0.7747807806075165,0.33659703245019784,0.3341066643948434
1.141007478202282,1.1090942207206127,-0.07223151005309006,-0.7030746009502787,-0.010684955963028146,-0.6865507261215884,-0.6874206446824462,-0.07998424742150408,-0.596032182960713,0.9187367812821691,0.12320262755651633,1.9173764367360004,0.7656134806140111,-1.3332450175712747,-0.7584616558133057,-1.102847810960456,-0.8037100851012228,-1.2676136780735823,-1.2761757670616813
1.141007478202282,1.1090942207206127,0.07223151350126605,-0.7030746009502787,-0.010684955963028146,-0.6865507261215884,-0.6874206446824462,-0.07998424742150408,-0.596032182960713,0.9439078306388219,0.27580219132565215,1.4541496877827722,0.8316401871775512,-1.056874076031624,-0.8302363508017022,-0.9755501377594484,-0.8121401112003012,-1.2676136780735823,-1.2761757670616813
1.141007478202282,1.1090942207206127,0.2166945370556222,-0.7030746009502787,-0.010684955963028146,-0.6865507261215884,-0.6874206446824462,-0.07998424742150408,-0.2970103017489328,0.951270038897422,0.42829530144762523,1.186819165125074,0.8881460410464139,-0.7271487177043218,-0.8901162827566653,-0.8771176034893575,-0.8010848726118625,-1.2676136780735823,-1.2761757670616813
1.141007478202282,1.1090942207206127,0.3611575606099783,0.76520699909011,-0.010684955963028146,0.4175241432930821,0.3451184344772493,-0.2448684061732161,-0.1175971730218646,0.8265780720228579,0.46030793089833466,0.6802036839198883,0.9199440615504489,0.05598554406938083,-0.8903936954704659,-0.7113411387342359,-0.7918504480422855,0.9912199218065069,0.9734499877239908
1.141007478202282,1.1090942207206127,0.5056205841643344,-0.7030746009502787,-0.010684955963028146,1.3336652106774245,1.2671437225369735,-0.22987888521372726,0.0020115794628475024,0.7032337835585412,0.4518591293460642,0.5338563338787715,1.1292677386498176,0.41390077802624936,-0.8725462485052823,-0.6469433940617914,-0.8353141673537797,0.7985527242365262,0.798965306433226
1.141007478202282,1.1090942207206127,0.6500836077186906,1.613559109093362,-0.010684955963028146,0.425065649448574,-0.6874206446824462,-0.37977352300595046,0.36083783691698385,0.43643988490265134,0.3831116423185431,0.6253392797473176,1.1673365019628423,0.41390077802624936,-0.8180444115075252,-0.6540634696166694,-0.8263310627189323,0.902398403403305,0.8920325768289008
1.141007478202282,1.1090942207206127,0.7945466312730467,-0.7030746009502787,-0.010684955963028146,1.1626641552796897,1.4579340985788567,-0.34979462403763906,0.12162033194755961,0.2039009504385216,0.17649276670581615,0.5131694563204712,0.6684552132350635,0.41390077802624936,-0.6973387895707066,-0.6135034802597963,-0.6690591525302162,0.7630013973863236,0.7622510256595757
1.141007478202282,1.1090942207206127,0.9390096548274028,1.6752377978044426,-0.010684955963028146,0.3670860388436908,-0.6874206446824462,-0.37977352300595046,0.0020115794628475024,-0.037473418610402945,0.017370307889942618,0.5239281577671712,0.5586757129249668,0.41390077802624936,-0.6099424568368899,-0.6235588981020025,-0.6404881590815936,0.8734315942562394,0.8625492362737393
1.141007478202282,1.1090942207206127,1.083472678381759,-0.7030746009502787,-0.010684955963028146,1.1152285742244286,1.522047510240003,-0.39476304396543926,0.0020115794628475024,-0.1355433422455686,-0.10592180146226686,0.4854264288842233,0.3078980804433547,0.41390077802624936,-0.5372463467269823,-0.6193461885392872,-0.5662343633530524,0.7462448755924506,0.7441797130067686
1.141007478202282,1.1090942207206127,1.227935701936115,1.713891276294962,-0.010684955963028146,0.3356532118936858,-0.6874206446824462,-0.39476304396543926,-0.057792796779508555,-0.24957550638172796,-0.19323466539987877,0.4975627082819569,0.2794771145276027,0.41390077802624936,-0.4900461762492824,-0.6360402294149183,-0.5699620209774688,0.869212851182772,0.8581655209803658
1.141007478202282,1.1090942207206127,1.3723987254904713,-0.7030746009502787,-0.010684955963028146,1.0846964519930042,1.553284625392615,-0.37977352300595046,-0.35681467799128885,-0.25068843634496957,-0.2574338681692106,0.4884385337422594,0.14561148439615965,0.41390077802624936,-0.46464471601221796,-0.6567175308588062,-0.5495439684870284,0.7419720299385599,0.739667257545334
1.141007478202282,1.1090942207206127,1.5168617490448273,1.7367351687184054,-0.010684955963028146,0.32297075390756835,-0.6874206446824462,-0.37977352300595046,-0.35681467799128885,-0.3130223227174338,-0.3062286019961667,0.5106820246531717,0.15960551036114812,0.41390077802624936,-0.45299169490054125,-0.688657351376616,-0.5805943171562019,0.8732748585415249,0.8621828691818008
1.141007478202282,1.1090942207206127,1.6613247725991833,-0.7030746009502787,-0.010684955963028146,1.0212480752980562,1.5229384333378686,-0.39476304396543926,-0.17740154926422066,-0.31243250907063946,-0.34487405901813484,0.49237151050378414,0.09826680656461964,0.41390077802624936,-0.4378629407343756,-0.6950381153794066,-0.5727988138462843,0.747581263251742,0.7406648403420425
1.141007478202282,1.2193391526212536,-1.6613247691510074,1.79294726918061,-0.010684955963028146,0.3631714094054283,-0.6874206446824462,-0.37977352300595046,-0.6558365592030692,-0.3348173101468148,-0.3779338305536805,0.49717645598040355,0.09387826309603892,0.41390077802624936,-0.43583476698404444,-0.7216956210030565,-0.5980480608422214,0.8681834642123938,0.861365399815766
1.141007478202282,1.2193391526212536,-1.5168617455966513,-0.7030746009502787,-0.010684955963028146,0.9919969809017795,1.5174466737491705,-0.37977352300595046,-0.6558365592030692,-0.3374113131809978,-0.407930798463014,0.4794975389421397,0.04035805098245568,0.41390077802624936,-0.44434562515061515,-0.7492214761293633,-0.6153474316404443,0.7296646814776313,0.7227335249467134
1.141007478202282,1.2193391526212536,-1.372398722042295,2.431739543487081,-0.010684955963028146,-0.6865507261215884,-0.6874206446824462,-0.40975242197426187,-0.47642343047600094,-0.35330751024704005,-0.4335012428216974,0.45595355476698457,0.044347044137097384,0.41390077802624936,-0.44776182654540936,-0.7653093639430747,-0.6412711593300213,0.9313946903682757,0.9246284002707152
1.141007478202282,1.2193391526212536,-1.227935698487939,-0.7030746009502787,-0.010684955963028146,1.146996014389477,1.3180254932708384,-0.37977352300595046,-0.6558365592030692,-0.3312071536679329,-0.4601932772406838,0.3375788284872878,-0.01028556162038532,0.41390077802624936,-0.4507714291146767,-0.7518980919040368,-0.6467667904657369,0.7836870966155848,0.7768000973709476
1.141007478202282,1.2193391526212536,-1.083472674933583,1.6304273975944,-0.010684955963028146,0.4560929448466179,-0.6874206446824462,-0.5296681607981737,0.3010334606746278,-0.34548169015298846,-0.49414712025730234,0.2739988815017702,-0.03451409735810506,0.41390077802624936,-0.4359367179640076,-0.7342034105176016,-0.6404545333040539,0.8478624631083111,0.8410279327261191
1.141007478202282,1.2193391526212536,-0.9390096513792268,-0.7030746009502787,-0.010684955963028146,1.0345479830523516,1.5193542407201581,-0.4697103628615509,0.18142470818991568,-0.3414680802150466,-0.5112158841278697,0.2847526097428708,-0.06440631982701743,0.41390077802624936,-0.4257066722322424,-0.7343383039718107,-0.6274203958724751,0.7681999184195485,0.76130010861536
1.141007478202282,1.2193391526212536,-0.7945466278248707,1.105851002049471,-0.010684955963028146,0.1994072669521174,0.31700195580596147,-0.37977352300595046,0.0020115794628475024,-0.3821926854504686,-0.5309536427076942,0.285777090096347,-0.045058645154483525,0.41390077802624936,-0.4056845120467098,-0.7218767078748644,-0.6203364926210142,0.8468859205188114,0.8400504080160084
1.141007478202282,1.2193391526212536,-0.6500836042705146,-0.7030746009502787,-0.010684955963028146,1.2481132201145992,1.3568964324690966,-0.37977352300595046,0.36083783691698385,-0.3422311761416641,-0.4529815644770106,0.8752039043399263,0.12611163883012963,0.41390077802624936,-0.4355595234400304,-0.8655488632621511,-0.6450278573986766,0.7184251849445911,0.7172564392594095
1.141007478202282,1.2193391526212536,-0.5056205807161585,2.325932725486338,-0.010684955963028146,-0.6865507261215884,-0.6874206446824462,-0.30482620410983885,0.36083783691698385,-0.16968060526612802,-0.30786228280360567,1.073436708399574,0.27188321731848064,0.3855152687588044,-0.49065812314792656,-0.8756979691625861,-0.6416916998984741,0.967345585445325,0.9493362788207881
1.141007478202282,1.2193391526212536,-0.3611575571618023,-0.7030746009502787,-0.010684955963028146,1.2247011733905235,1.3489808349055292,-0.07998424742150408,0.0020115794628475024,0.08601080346856346,-0.09040322534254022,1.3621329511798905,0.4719635298230766,0.1883317000943094,-0.5755517159859098,-0.901082444920952,-0.6450811346046489,0.7521206674663224,0.7540257774340271
1.141007478202282,1.2193391526212536,-0.2166945336074462,2.3005104294874767,-0.010684955963028146,-0.6865507261215884,-0.6874206446824462,-0.22987888521372726,0.0020115794628475024,0.5898267434205363,0.07556357678797421,1.4552081517078443,0.5837424091990555,-0.7955541152632946,-0.6599478458862005,-0.917466794715216,-0.6706231878842284,0.9119325003248647,0.8977597745756175
1.141007478202282,1.2193391526212536,-0.07223151005309006,-0.7030746009502787,-0.010684955963028146,-0.6865507261215884,2.842723754082748,0.03993149140240772,-0.35681467799128885,0.8227338209923658,0.290172737917153,1.398808684740259,0.8711769520513623,-0.8750873404625572,-0.7470354334537457,-0.8670489565463365,-0.7221931214240764,0.6221378699285675,0.6320365882335748
1.141007478202282,1.2193391526212536,0.07223151350126605,-0.7030746009502787,-0.010684955963028146,-0.6865507261215884,-0.6874206446824462,-0.07998424742150408,0.0020115794628475024,1.062538187196553,0.4277275486627572,1.1126297128608382,1.0789081241316296,-1.0962732933172628,-0.8019658019937593,-0.7612595241297339,-0.7608444242616872,-1.2676136780735823,-1.2761757670616813
1.141007478202282,1.2193391526212536,0.2166945370556222,0.7931170397658301,-0.010684955963028146,0.611400232521478,0.160380122677183,-0.07998424742150408,0.0020115794628475024,1.1347223538077198,0.509977950268629,0.8760650977762223,1.2865807063491606,-0.9416132577147669,-0.8299350772202507,-0.6708574877951787,-0.8041439449711686,0.8992804051886811,0.8837991416292307
1.141007478202282,1.2193391526212536,0.3611575606099783,-0.7030746009502787,-0.010684955963028146,2.8184468669538676,-0.6874206446824462,-0.12495266734930428,-0.057792796779508555,1.1274170344485333,0.550954950896103,0.8370113430717412,1.4181588905896003,-0.37953336188457787,-0.8297381648074141,-0.6364839464684738,-0.8218149461159682,0.6225669159733191,0.6277912328028551
1.141007478202282,1.2193391526212536,0.5056205841643344,1.798188285189791,-0.010684955963028146,0.20850510634506841,-0.6874206446824462,-0.07998424742150408,0.0020115794628475024,0.9956714979420729,0.5592423325389503,1.240520668054985,1.4250838868658144,0.41390077802624936,-0.8080050116981025,-0.7345861869592074,-0.7998562216364296,0.8027427084632569,0.7900658608887694
1.141007478202282,1.2193391526212536,0.6500836077186906,-0.7030746009502787,-0.010684955963028146,0.8891808730701439,1.6945468731909568,-0.22987888521372726,0.36083783691698385,0.8472640528613706,0.49221897713018287,1.3001270237665827,1.2750547783519461,0.41390077802624936,-0.7458833632782754,-0.7279633954726592,-0.7305624464442193,0.7182939727063554,0.7140655660955431
1.141007478202282,1.2193391526212536,0.7945466312730467,1.6271231853271597,-0.010684955963028146,0.3400484751935065,-0.6874206446824462,-0.21488936425423846,0.12162033194755961,0.4967944299127581,0.3473188647303483,1.206746799961866,1.0916880379410234,0.41390077802624936,-0.6573696670855715,-0.6970231311131277,-0.6707367294707265,0.7949305474900512,0.7848161684076911
1.141007478202282,1.2193391526212536,0.9390096548274028,-0.7030746009502787,-0.010684955963028146,1.0165311690984984,1.5747280712341511,-0.22987888521372726,0.36083783691698385,0.32918730822764897,0.15855915392398534,1.0205284317627668,0.6752597747934302,0.41390077802624936,-0.5295937567392505,-0.6235250663031977,-0.5180283176624171,0.7100448570055454,0.7075241737724403
1.141007478202282,1.2193391526212536,1.083472678381759,1.6762441832455601,-0.010684955963028146,0.33587956481564707,-0.6874206446824462,-0.22987888521372726,0.7196640943711202,0.12382295861216512,0.02581910944221309,0.9599067132412917,0.6004706287584128,0.41390077802624936,-0.42748659655145754,-0.5784953758349959,-0.4652461093374963,0.8106587607702986,0.8000445542967968
1.141007478202282,1.2193391526212536,1.227935701936115,-0.7030746009502787,-0.010684955963028146,1.051979563827659,1.587278184231673,-0.2748473051415275,0.5402509656440521,0.06477816607936329,-0.07442126275869333,0.8511136964164372,0.39677157848174593,0.41390077802624936,-0.3401640155903802,-0.5205657939789211,-0.36913446646203607,0.7204431572715401,0.7176029529391034
1.141007478202282,1.2193391526212536,1.3723987254904713,1.7048742992440238,-0.010684955963028146,0.31678830667769686,-0.6874206446824462,-0.33480510307815026,0.7794684706134762,-0.06997267366508676,-0.15409520779303773,0.8004276138149616,0.3808807057106641,0.41390077802624936,-0.2666228933392176,-0.485943935923809,-0.34436777120871614,0.8240519354383261,0.8131512858423079
1.141007478202282,1.2193391526212536,1.5168617490448273,-0.7030746009502787,-0.010684955963028146,1.053442699073682,1.585589634983969,-0.37977352300595046,1.0784903518252564,-0.09137270827555007,-0.22331930101864042,0.723117475037103,0.23930237114843889,0.41390077802624936,-0.19266047011175336,-0.43412012626998325,-0.26434911977493586,0.724009793495255,0.7212629397201336
1.141007478202282,1.2193391526212536,1.6613247725991833,1.7303238287460092,-0.010684955963028146,0.31592159673713727,-0.6874206446824462,-0.37977352300595046,1.0784903518252564,-0.1855081433156365,-0.27706308577545735,0.6922952044672273,0.24602718539363658,0.41390077802624936,-0.12332006566148457,-0.39547900714275774,-0.2368934540644529,0.8450361874452716,0.834030321270094
1.141007478202282,1.3295840845218945,-1.6613247691510074,-0.7030746009502787,-0.010684955963028146,1.0078893827276136,1.5421990234559422,-0.37977352300595046,1.0784903518252564,-0.19475749368582027,-0.3147887276239015,0.6597008149687656,0.18614183569221013,0.41390077802624936,-0.07959128989870076,-0.36886335752660365,-0.1975768411998039,0.7342711297536665,0.7273438147489003
1.141007478202282,1.3295840845218945,-1.5168617455966513,2.4108686466978884,-0.010684955963028146,-0.6865507261215884,-0.6874206446824462,-0.37977352300595046,1.0784903518252564,-0.22563574205491302,-0.35149505840637546,0.6099049361695825,0.17239030665910318,0.41390077802624936,-0.026814665937767185,-0.33102465926846675,-0.17058473085112014,0.8999585747432886,0.8931664727447328
1.141007478202282,1.3295840845218945,-1.372398722042295,-0.7030746009502787,-0.010684955963028146,1.1302869010966032,1.308130996316379,-0.39476304396543926,1.0784903518252564,-0.21367011021157667,-0.38163257296098263,0.4861417416229369,0.11731583568681624,0.41390077802624936,0.011651703923087977,-0.2749662361309047,-0.13678602074107674,0.7591185935912981,0.752211543968696
1.141007478202282,1.3295840845218945,-1.227935698487939,1.0255234554028099,-0.010684955963028146,0.23934401837321756,0.308642151809354,-0.37977352300595046,1.0784903518252564,-0.24322487430005776,-0.41209779776273797,0.40595211680302623,0.11490470008559156,0.41390077802624936,0.05328048231372265,-0.23305210733981827,-0.12278830826869733,0.8212184700636024,0.8143621393148823
1.141007478202282,1.3295840845218945,-1.083472674933583,-0.7030746009502787,-0.010684955963028146,1.2041672814726798,1.2700616578016193,-0.37977352300595046,1.0784903518252564,-0.28083562966182724,-0.43870633912512613,0.3577145090916548,0.13568619889898198,0.41390077802624936,0.09504856960842047,-0.20144474930641743,-0.11691122107218892,0.7061803869753146,0.6992301549642708
1.141007478202282,1.3295840845218945,-0.9390096513792268,1.1673902982248228,-0.010684955963028146,0.1995070547005236,0.23111625793938015,-0.37977352300595046,1.0784903518252564,-0.3444681522898719,-0.4616314451405885,0.35972948622701134,0.19308066568601467,0.41390077802624936,0.12938435815814375,-0.19255609478196709,-0.12975954333047932,0.8195094755962798,0.8126516757465415
1.141007478202282,1.3295840845218945,-0.7945466278248707,-0.7030746009502787,-0.010684955963028146,1.2253969680471253,1.256587151949092,-0.37977352300595046,1.0784903518252564,-0.3874578511755106,-0.48159950540152985,0.3500143290885852,0.22572091546688644,0.41390077802624936,0.16082189485430415,-0.18036406872293353,-0.133935035173949,0.6986592295825249,0.6917028462825826
1.141007478202282,1.3295840845218945,-0.6500836042705146,1.1853135266363644,-0.010684955963028146,0.13452253243629506,0.15152120092722796,-0.37977352300595046,1.0784903518252564,-0.39791690802747876,-0.4321695285689554,0.6941394348770045,0.35443307892180037,0.41390077802624936,0.14537258559747412,-0.29900741598031527,-0.17546767411815525,0.8223425814854194,0.8114072556800689
1.141007478202282,1.3295840845218945,-0.5056205807161585,-0.7030746009502787,-0.010684955963028146,1.263018831983972,1.2964747350204724,-0.19989998624541588,1.0784903518252564,-0.2636041781980533,-0.2667753496516106,1.1509209093734114,0.5468625318507249,0.41390077802624936,0.062129730966979616,-0.42870985777777953,-0.21730534690147293,0.6779683178122926,0.6770115258958492
1.141007478202282,1.3295840845218945,-0.3611575571618023,2.290635059584768,-0.010684955963028146,-0.6865507261215884,-0.6874206446824462,-0.07998424742150408,0.7196640943711202,0.07452905421794088,-0.05873222164841195,1.4089457354870343,0.7058038094852859,0.021871928464285605,-0.042393402325188755,-0.4860898897737811,-0.245704062827505,0.953509704280346,0.9343084737976598
1.141007478202282,1.3295840845218945,-0.2166945336074462,-0.7030746009502787,-0.010684955963028146,1.223393472729544,1.31063871787008,0.06991039037071911,0.36083783691698385,0.15724616786077397,0.03821713257158042,1.2255612656119925,0.7282168732262685,0.27130365227366576,-0.0925270134107651,-0.4130047464056739,-0.24170456044310745,0.712751603711836,0.714241586039156
1.141007478202282,1.3295840845218945,-0.07223151005309006,2.2767260853673226,-0.010684955963028146,-0.6865507261215884,-0.6874206446824462,0.08489991133020793,0.36083783691698385,0.8124382379892875,0.16666841704608962,1.3408782993156587,0.8249389716270668,-0.8272071720776895,-0.15928755192834887,-0.43930007828570805,-0.2641916899982721,0.8993566161325331,0.8843857383250383
1.141007478202282,1.3295840845218945,0.07223151350126605,-0.7030746009502787,-0.010684955963028146,1.2287389162248803,1.3122086586659196,-0.07998424742150408,0.7196640943711202,0.6753222585991001,0.2372402273602823,1.1642549024530002,0.81969924765262,-0.030669677137417643,-0.19524371030855062,-0.37212378870116536,-0.2551133851101301,0.7303956954131173,0.7299347873840116
1.141007478202282,1.3295840845218945,0.2166945370556222,2.3088361772288493,-0.010684955963028146,-0.6865507261215884,-0.6874206446824462,0.06991039037071911,0.36083783691698385,0.5768514970864567,0.29276241422264176,1.1168983810003223,0.863672567132532,0.41390077802624936,-0.20393003020895864,-0.33708553927614776,-0.2522720069080137,0.8754305138472254,0.8631470900589641
1.141007478202282,1.3295840845218945,0.3611575606099783,-0.7030746009502787,-0.010684955963028146,1.2014207126072183,1.2568762469763872,-0.07998424742150408,0.7196640943711202,0.5469370905304181,0.2977518201298584,1.003047614080879,0.8228167165990566,0.41390077802624936,-0.18762197073555942,-0.2835525731711633,-0.2234758954292381,0.7538843037424445,0.7469731085770347
1.141007478202282,1.3295840845218945,0.5056205841643344,1.5308502434333677,-0.010684955963028146,0.5413409697942771,-0.6874206446824462,-0.07998424742150408,0.7196640943711202,0.4787011443176373,0.26596879658479416,0.9453849528910464,0.7889314322350348,0.41390077802624936,-0.13644281981291398,-0.24344757813411394,-0.19083399940624707,0.8068787698523565,0.8000105783541924
1.141007478202282,1.3295840845218945,0.6500836077186906,-0.7030746009502787,-0.010684955963028146,1.0303775036847374,1.4879623279407745,-0.07998424742150408,0.7196640943711202,0.3902199427629505,0.19876801843075553,0.9139650687816429,0.6885816448331363,0.41390077802624936,-0.06884474073889518,-0.21888851151838343,-0.13845639215782846,0.7245048051447087,0.7175693863452051
1.141007478202282,1.3295840845218945,0.7945466312730467,1.6083508807886007,-0.010684955963028146,0.38675207022848807,-0.6874206446824462,-0.19989998624541588,0.7794684706134762,0.18301749319055,0.06475887948869001,0.8524349113706776,0.5887648624325212,0.41390077802624936,0.036791899710317724,-0.19594231084952107,-0.09888671256481145,0.8042865193046361,0.7940975362949171
1.141007478202282,1.3295840845218945,0.9390096548274028,-0.7030746009502787,-0.010684955963028146,1.0536150787480778,1.5559387771338025,-0.22987888521372726,1.0784903518252564,0.09674907365443533,-0.06745307141009836,0.7441068892693669,0.3561248612083161,0.41390077802624936,0.1466061201493689,-0.1491908854408612,0.001844981135099773,0.7179601903414187,0.7150054307246948
1.141007478202282,1.3295840845218945,1.083472678381759,1.717932584824399,-0.010684955963028146,0.39052622278403615,-0.6874206446824462,-0.22987888521372726,1.0784903518252564,0.0047152584156759025,-0.1470943149972751,0.7267197336262677,0.33286468570193534,0.41390077802624936,0.2168375713441385,-0.13804851262679763,0.01630406547723034,0.8159910104408488,0.8091302535025182
1.141007478202282,1.3295840845218945,1.227935701936115,-0.7030746009502787,-0.010684955963028146,1.0138574013576604,1.5434610424860955,-0.28983668315035005,1.0784903518252564,-0.053416042249529845,-0.21939443158305139,0.6866108304671141,0.25442913445966586,0.41390077802624936,0.2851211080706756,-0.12044318188848811,0.05157706941811135,0.7347082642240628,0.727781203841343
1.141007478202282,1.3295840845218945,1.3723987254904713,1.7483909288878727,-0.010684955963028146,0.3702876147380485,-0.6874206446824462,-0.22987888521372726,1.0784903518252564,-0.11667257502512797,-0.2643401355008285,0.6767730009239029,0.24173710544437688,0.41390077802624936,0.333525890836451,-0.11240509348527171,0.061491433411448415,0.8281933891111888,0.8213427627996053
1.141007478202282,1.3295840845218945,1.5168617490448273,-0.7030746009502787,-0.010684955963028146,1.0085299489448458,1.5470556944029121,-0.37977352300595046,1.0784903518252564,-0.15372032645132103,-0.3096434680110348,0.6441943599098393,0.1782224392456632,0.41390077802624936,0.3733359408705796,-0.10576820541588816,0.08216167923343773,0.7372437160494785,0.7303187564703114
1.141007478202282,1.3295840845218945,1.6613247725991833,1.7683514741680182,-0.010684955963028146,0.3623415184244484,-0.6874206446824462,-0.34979462403763906,1.0784903518252564,-0.20432725279982797,-0.34614663235578635,0.6326987951668284,0.17178894681796075,0.41390077802624936,0.40249054687593355,-0.11003947001499638,0.07559591864497706,0.8402499963771327,0.8334091346086229
1.141007478202282,1.4398290164225354,-1.6613247691510074,-0.7030746009502787,-0.010684955963028146,1.0058932093622215,1.5485808693985774,-0.37977352300595046,1.0784903518252564,-0.22780536697737816,-0.37897192755738535,0.6025976394088655,0.11789685182561961,0.41390077802624936,0.4225042714011855,-0.1109887122160777,0.08512205775217234,0.7401616605364909,0.7332390501394613
1.141007478202282,1.4398290164225354,-1.5168617455966513,2.398461277675744,-0.010684955963028146,-0.6865507261215884,-0.6874206446824462,-0.22987888521372726,1.0784903518252564,-0.2571979650077606,-0.39830613636365164,0.5669281511147755,0.12090609227561248,0.41390077802624936,0.442583071020031,-0.0974627156798106,0.08349186258910458,0.8976889625073944,0.8908952014490672
1.141007478202282,1.4398290164225354,-1.372398722042295,-0.7030746009502787,-0.010684955963028146,1.1217392541110074,1.3022007829091493,-0.37977352300595046,1.0784903518252564,-0.24732152895323567,-0.4235704395148081,0.4424587613730151,0.06784076534633049,0.41390077802624936,0.46475873476577856,-0.051485951715578994,0.10315748371979003,0.7576626769752577,0.7507544672494166
1.141007478202282,1.4398290164225354,-1.227935698487939,1.0175942059667948,-0.010684955963028146,0.2355528161290005,0.3058988868397815,-0.37977352300595046,1.0784903518252564,-0.2795180304397756,-0.45418943069579853,0.35525360118755217,0.060801030588924256,0.41390077802624936,0.48394962088537036,-0.02812466089984214,0.09420058098951914,0.8189788748739896,0.8121205458004073
1.141007478202282,1.4398290164225354,-1.083472674933583,-0.7030746009502787,-0.010684955963028146,1.1961819604152093,1.263069825535111,-0.37977352300595046,1.0784903518252564,-0.3181822112837908,-0.4798774611091911,0.30152806109724384,0.0778384744238352,0.41390077802624936,0.5024868638426451,-0.017489331326840513,0.07552364505818687,0.7041953075793207,0.6972433810193284
1.141007478202282,1.4398290164225354,-0.9390096513792268,1.1593075019981653,-0.010684955963028146,0.19614334986483506,0.2282189274939734,-0.36478400204646166,1.0784903518252564,-0.38281323218085417,-0.5017561208152889,0.29540355840158383,0.1285309119122899,0.41390077802624936,0.5188626496171546,-0.02509823300034708,0.04360950693480805,0.8169021266540227,0.8100422824196567
1.141007478202282,1.4398290164225354,-0.7945466278248707,-0.7030746009502787,-0.010684955963028146,1.2177986644625092,1.2494216953174209,-0.37977352300595046,1.0784903518252564,-0.42261257543156,-0.5176149311406533,0.28854633674761243,0.1644790476934919,0.41390077802624936,0.5302989947690514,-0.03182837538694903,0.018784075745395833,0.6964568411508775,0.6894987081747136
1.141007478202282,1.4398290164225354,-0.6500836042705146,1.223649519814144,-0.010684955963028146,0.17844022926262784,0.19379496849669542,-0.37977352300595046,1.0784903518252564,-0.45485877296816246,-0.5043840647717185,0.3370350913417535,0.24387889042663247,0.41390077802624936,0.5191730819154822,-0.05888297090554514,-0.022067750378231114,0.820781155850414,0.8139245455480865
1.141007478202282,1.4398290164225354,-0.5056205807161585,-0.7030746009502787,-0.010684955963028146,1.2304625037702028,1.245843778279174,-0.22987888521372726,1.0784903518252564,-0.43040962412820694,-0.4415228382343735,0.40370920107769726,0.32610732153299515,0.41390077802624936,0.4844678114454668,-0.07495307533783349,-0.04533591503898016,0.69514471876852,0.688185312851267
1.141007478202282,1.4398290164225354,-0.3611575571618023,1.2138958048365767,-0.010684955963028146,0.12192574129079048,0.12969212072764633,-0.07998424742150408,1.0784903518252564,-0.36840399324431344,-0.31446032160128173,0.5938812677283187,0.5213238616823701,0.41390077802624936,0.4103747559930852,-0.11978736548088703,-0.09440902542189282,0.8230698208222711,0.8120040860935285
1.141007478202282,1.4398290164225354,-0.2166945336074462,-0.7030746009502787,-0.010684955963028146,1.2826040080967378,1.291475190047712,0.06991039037071911,1.0784903518252564,-0.25629362767570235,-0.16048312239827492,0.775182793324812,0.7002011538611105,0.41390077802624936,0.33730362052898694,-0.13738727445656757,-0.11271716954631088,0.6755076389883922,0.6738016180171502
1.141007478202282,1.4398290164225354,-0.07223151005309006,1.7815217396132141,-0.010684955963028146,0.16857217279903833,-0.6874206446824462,0.15984723022631953,1.0784903518252564,-0.07756374531213257,-0.016119452887084027,0.9765785561456772,0.8092344471694106,0.41390077802624936,0.27724846785905166,-0.15806457590045558,-0.09886596939035505,0.8371914930266952,0.8242841379271181
1.141007478202282,1.4398290164225354,0.07223151350126605,-0.7030746009502787,-0.010684955963028146,1.1113968920445374,1.4328453778128298,0.3696996659551655,0.36083783691698385,0.16333001062105604,0.23547782809058773,1.2253697971964157,1.0040083083558877,0.41390077802624936,0.1212169518744277,-0.2271833745997082,-0.15102107879907825,0.6872514937960755,0.6867505456364689
1.141007478202282,1.4398290164225354,0.2166945370556222,2.264820565307359,-0.010684955963028146,-0.6865507261215884,-0.6874206446824462,0.3696996659551655,0.0020115794628475024,0.7364791332595579,0.39540042869886105,1.3210625616048532,1.186824141307469,-0.472179863251411,0.011694364262221502,-0.2645330298687113,-0.22350471752427226,0.9161084646138115,0.8986187928353191
1.141007478202282,1.4398290164225354,0.3611575606099783,-0.7030746009502787,-0.010684955963028146,1.219534594727236,1.2930882231558691,0.054920869411230304,1.0186859755829005,0.8804839006419606,0.5102520858044599,1.3420735263947143,1.5424426369193491,-0.2936257406511015,-0.04704530744166421,-0.2527454673017995,-0.334935085561177,0.7076201267400657,0.7095475844265765
1.141007478202282,1.4398290164225354,0.5056205841643344,2.2783145869377246,-0.010684955963028146,-0.6865507261215884,-0.6874206446824462,0.06991039037071911,1.0784903518252564,0.9877600175512031,0.5519283407809442,1.3287726880191215,1.7359608847974597,0.36898306187211594,-0.0486591697627833,-0.22001862372076744,-0.3768614081216452,0.8716895271151698,0.8578171652314946
1.141007478202282,1.4398290164225354,0.6500836077186906,-0.7030746009502787,-0.010684955963028146,1.2853244271329523,1.2572730727844763,0.06991039037071911,1.0784903518252564,0.9017080373910185,0.5320465566784878,1.2036783321070368,1.7290529772312107,0.41390077802624936,-0.026632937713435674,-0.16396432112280337,-0.3654089923296677,0.7207413505636402,0.719698204291156
1.141007478202282,1.4398290164225354,0.7945466312730467,1.4993301510836088,-0.010684955963028146,0.46374720906582245,-0.6874206446824462,-0.10996314638981547,1.0784903518252564,0.5314221144799869,0.3466947541322764,1.027958400928269,1.2870746514419529,0.41390077802624936,0.10294241948017861,-0.09571170322115614,-0.20233969240419675,0.7897118952641107,0.7798366460726232
1.141007478202282,1.4398290164225354,0.9390096548274028,-0.7030746009502787,-0.010684955963028146,1.1062376353334389,1.4546055312313015,-0.22987888521372726,1.0784903518252564,0.3821992618410224,0.16097349481061785,0.8950022358311341,0.8779489636859865,0.41390077802624936,0.2392002657292511,-0.04732333923955548,-0.04567959668734189,0.6969061981311369,0.6946888404190579
1.141007478202282,1.4398290164225354,1.083472678381759,1.629282515456472,-0.010684955963028146,0.37766301717816403,-0.6874206446824462,-0.22987888521372726,1.0784903518252564,0.18960221982383033,0.03896439542813469,0.886909172585712,0.7954357207468771,0.41390077802624936,0.3284794378377067,-0.046036646532446615,-0.014070055704664842,0.8065029276740676,0.7958241691371478
1.141007478202282,1.4398290164225354,1.227935701936115,-0.7030746009502787,-0.010684955963028146,1.0830119845922352,1.5257061730673496,-0.22987888521372726,1.0784903518252564,0.13043972611982785,-0.04584645991341656,0.8438362388893166,0.5778817954292209,0.41390077802624936,0.3914836973417539,-0.033250612159782325,0.07201455498777944,0.706822068743125,0.7040502359783218
1.141007478202282,1.4398290164225354,1.3723987254904713,1.6792323435423302,-0.010684955963028146,0.3328367706844766,-0.6874206446824462,-0.22987888521372726,1.0784903518252564,0.0026594112920380305,-0.10731126507915595,0.8543147830872504,0.5641278251518332,0.41390077802624936,0.4373433208914275,-0.03842557615388846,0.07676299514465522,0.8176859849703872,0.806764627330102
1.141007478202282,1.4398290164225354,1.5168617490448273,-0.7030746009502787,-0.010684955963028146,1.0684728887295871,1.55521854979735,-0.22987888521372726,1.0784903518252564,-0.016302901283780882,-0.16158314341895674,0.8139804279409241,0.41937587302471563,0.41390077802624936,0.48242204331797894,-0.01948063630521125,0.1418882656679495,0.7159472508126487,0.7132532135883342
1.141007478202282,1.4398290164225354,1.6613247725991833,1.7550113576638622,-0.010684955963028146,0.3554649501270469,-0.6874206446824462,-0.22987888521372726,1.0784903518252564,-0.066673771394491,-0.19874938178819268,0.8145158764104593,0.4163495438647579,0.41390077802624936,0.5105556934105102,-0.0193839120599103,0.14353003333887188,0.8178957448087724,0.8110365904267166
1.141007478202282,1.5500739483231762,-1.6613247691510074,-0.7030746009502787,-0.010684955963028146,1.0179960825329104,1.532611820709223,-0.22987888521372726,1.0784903518252564,-0.09874864833745695,-0.2407937019891809,0.7768388707894118,0.34398862214093,0.41390077802624936,0.5432730402806764,-0.0069173279413453385,0.17235802380154888,0.7308207871164427,0.7238905490644387
1.141007478202282,1.5500739483231762,-1.5168617455966513,2.38823294723912,-0.010684955963028146,-0.6865507261215884,-0.6874206446824462,-0.22987888521372726,1.0784903518252564,-0.14445201311466604,-0.2796534578564178,0.7177737656205487,0.3129172786844461,0.41390077802624936,0.5746373072418278,0.010594314738735462,0.1793888681962424,0.8816900565822388,0.874883117462178
1.141007478202282,1.5500739483231762,-1.372398722042295,-0.7030746009502787,-0.010684955963028146,1.1881342981648142,1.3541330856452403,-0.37977352300595046,1.0784903518252564,-0.1449855917574423,-0.3303066079681565,0.511449556050679,0.19417108813138795,0.41390077802624936,0.6039109765665713,0.0747493813159069,0.21071390016505964,0.7339111049410827,0.7330972108128058
1.141007478202282,1.5500739483231762,-1.227935698487939,1.6114834503190436,-0.010684955963028146,0.440714334865827,-0.6874206446824462,-0.37977352300595046,1.0784903518252564,-0.1787024000386572,-0.3640120591413953,0.4632293545589054,0.1710826134727488,0.41390077802624936,0.6286110719060168,0.08302320795823123,0.20873412792510046,0.8120905918521972,0.8052267042413725
1.141007478202282,1.5500739483231762,-1.083472674933583,-0.7030746009502787,-0.010684955963028146,1.0107404463107457,1.4868387900307873,-0.37977352300595046,1.0784903518252564,-0.19899473584904337,-0.3936639224167894,0.4399821049845144,0.10424866880039507,0.41390077802624936,0.6431372789092796,0.07217751399522529,0.21706021980269216,0.731656411356933,0.724726848470953
1.141007478202282,1.5500739483231762,-0.9390096513792268,1.0813725619352115,-0.010684955963028146,0.18538954638499422,0.30032282530028753,-0.37977352300595046,1.0784903518252564,-0.250659664947565,-0.417734274858591,0.4450771541210987,0.1221592643396982,0.41390077802624936,0.654402500666912,0.052727699610537734,0.19085001795641204,0.8093570634698832,0.8024910268386631
1.141007478202282,1.5500739483231762,-0.7945466278248707,-0.7030746009502787,-0.010684955963028146,1.177988164417013,1.2794928078056742,-0.37977352300595046,1.0784903518252564,-0.2948865339216016,-0.4382199920704414,0.4257827741306301,0.1559493401767733,0.41390077802624936,0.6631558238118348,0.04464385153073276,0.15920248421209907,0.6940957398338025,0.6871355380945339
1.141007478202282,1.5500739483231762,-0.6500836042705146,1.1838282257093813,-0.010684955963028146,0.17662224083372413,0.22272601738237366,-0.37977352300595046,1.0784903518252564,-0.3388283045031744,-0.4306089041860399,0.45857526298546775,0.24671154754032235,0.41390077802624936,0.6555237204276417,0.021542371580176495,0.10968743503866282,0.8114196120092738,0.804555372363407
1.141007478202282,1.5500739483231762,-0.5056205807161585,-0.7030746009502787,-0.010684955963028146,1.2100976443486111,1.2546235231348952,-0.2448684061732161,1.0784903518252564,-0.3269941056343455,-0.3737633523765983,0.5152209036302232,0.3456364620303934,0.41390077802624936,0.6092461701657786,-0.006695686285072752,0.06196612458269263,0.6895937221199796,0.6826298368867495
1.141007478202282,1.5500739483231762,-0.3611575571618023,1.753938500974987,-0.010684955963028146,0.21565541105502656,-0.6874206446824462,-0.22987888521372726,1.0784903518252564,-0.26258475527637665,-0.24578241212092589,0.7099268760522969,0.4952855501845681,0.41390077802624936,0.5114869903054929,-0.08476169454516867,-0.0015387764917500822,0.8438222046274029,0.8314162204330894
1.141007478202282,1.5500739483231762,-0.2166945336074462,-0.7030746009502787,-0.010684955963028146,1.1079009736721763,1.466641674270745,-0.07998424742150408,1.0784903518252564,-0.13951771845977695,-0.09728444475717869,0.8889307806618678,0.5979675396226156,0.41390077802624936,0.4069392730890781,-0.14539521785956686,-0.03499751688991344,0.7029969623843649,0.7013593822589278
1.141007478202282,1.5500739483231762,-0.07223151005309006,1.7173483186817098,-0.010684955963028146,0.22808348350223007,-0.6874206446824462,-0.07998424742150408,1.0784903518252564,0.030515355142856533,0.03001533131174642,1.0425207757909094,0.6855593844136465,0.41390077802624936,0.325289794176164,-0.18918918018937225,-0.05574549502881303,0.8200760248769909,0.8084748862240897
1.141007478202282,1.5500739483231762,0.07223151350126605,-0.7030746009502787,-0.010684955963028146,1.0630557947021142,1.4972656653097518,0.06991039037071911,0.7196640943711202,0.12148985984081019,0.14629680701159015,1.1254448348228896,0.7416559229914476,0.41390077802624936,0.2556213630504109,-0.20398907407294384,-0.061439387242490755,0.6969680296516205,0.694994214553791
1.141007478202282,1.5500739483231762,0.2166945370556222,2.2897159288543194,-0.010684955963028146,-0.6865507261215884,-0.6874206446824462,0.06991039037071911,0.7196640943711202,0.23605560261974576,0.22318973748574142,1.159640596524358,0.8240218775256222,0.41390077802624936,0.21228135071713203,-0.2043610069892917,-0.08151528652900318,0.9121995981139309,0.896377403995197
1.141007478202282,1.5500739483231762,0.3611575606099783,-0.7030746009502787,-0.010684955963028146,1.1269512288778674,1.2623851598156195,0.009952592434096328,0.8392728468558323,0.27456154077803563,0.2547911636327045,1.0956661085612878,0.8225302772701227,0.41390077802624936,0.1975478674898306,-0.17259771906268148,-0.0726743272264833,0.7413481427071678,0.7344265707357893
1.141007478202282,1.5500739483231762,0.5056205841643344,2.289910325899648,-0.010684955963028146,-0.6865507261215884,-0.6874206446824462,0.3696996659551655,0.0020115794628475024,0.6445590958196258,0.3847042723731546,1.1377278237858055,1.2017889687480772,0.22430616423113162,0.11587018936969265,-0.17998801526698768,-0.21180818732132375,0.8885927190273994,0.8751706849281967
1.141007478202282,1.5500739483231762,0.6500836077186906,-0.7030746009502787,-0.010684955963028146,1.2529249978946646,1.2909871591514168,-0.07998424742150408,0.7196640943711202,0.48753919448401434,0.2768876010614293,0.9019995361094887,0.9537024012118751,0.41390077802624936,0.186439307994553,-0.0967928026893742,-0.12269987684075165,0.7371489915980398,0.7358484434663461
1.141007478202282,1.5500739483231762,0.7945466312730467,1.5170346156312366,-0.010684955963028146,0.47224945994784584,-0.6874206446824462,-0.06499472646201526,0.8990772230981884,0.38954577661012907,0.21600237686357607,0.894193261053632,1.3233434039720182,0.41390077802624936,0.23189160966210423,-0.09096484160423404,-0.26100400995733636,0.817127883600905,0.8074734146146735
1.141007478202282,1.5500739483231762,0.9390096548274028,-0.7030746009502787,-0.010684955963028146,1.1025661993071727,1.4913214364417198,-0.22987888521372726,1.0784903518252564,0.23674807784364288,0.05878147241172751,0.7779238584776808,0.8989501744846388,0.41390077802624936,0.34474483697197245,-0.04897849493492963,-0.10179905425848915,0.7161482032542207,0.7133780649436875
1.141007478202282,1.5500739483231762,1.083472678381759,1.634016128302177,-0.010684955963028146,0.37168171443485976,-0.6874206446824462,-0.37977352300595046,1.0784903518252564,0.02556798258005623,-0.059974180865310804,0.7511414885897169,0.7468346158588771,0.41390077802624936,0.4335251000295445,-0.043478658924095186,-0.045969782780526595,0.8172972013110668,0.806705476442074
1.141007478202282,1.5500739483231762,1.227935701936115,-0.7030746009502787,-0.010684955963028146,1.0878842207775195,1.5357408246298319,-0.31981572506932765,1.0784903518252564,0.0008160801719568717,-0.14397584933333074,0.7094146358755588,0.4761551462530153,0.41390077802624936,0.49270969255851765,-0.03571339361636892,0.05686767065051582,0.7215519905560281,0.7189093893345465
1.141007478202282,1.5500739483231762,1.3723987254904713,1.7354494607024789,-0.010684955963028146,0.3764588698410023,-0.6874206446824462,-0.22987888521372726,1.0784903518252564,-0.056131669827286866,-0.19145139286603463,0.7182893212676864,0.44465414380313056,0.41390077802624936,0.5278825396269456,-0.0425016572983535,0.06676369331064934,0.820817643637211,0.8139609775829273
1.141007478202282,1.5500739483231762,1.5168617490448273,-0.7030746009502787,-0.010684955963028146,1.0221059988959889,1.5148787066326177,-0.22987888521372726,1.0784903518252564,-0.08939467470398373,-0.23406694472924916,0.7065732777431021,0.3653812457725856,0.41390077802624936,0.5604253888387352,-0.040618136961046825,0.09759896801309087,0.7274604956180629,0.7205275447696671
1.141007478202282,1.5500739483231762,1.6613247725991833,1.7582241943614088,-0.010684955963028146,0.36128067215155973,-0.6874206446824462,-0.34979462403763906,1.0784903518252564,-0.14651570698305064,-0.2774151481641133,0.6981022508721256,0.3310687436594436,0.41390077802624936,0.5922904930016915,-0.04181222596245276,0.1075166072445,0.8318114317734454,0.8249636567792051
1.141007478202282,1.6603188802238171,-1.6613247691510074,-0.7030746009502787,-0.010684955963028146,1.0175048841403365,1.5333814159374566,-0.37977352300595046,1.0784903518252564,-0.1696439871239767,-0.3124237867957563,0.6851959534740851,0.26792433284330075,0.41390077802624936,0.6185316629649773,-0.039093537309778444,0.13222871519661886,0.7365921484281023,0.7296666639815315
1.141007478202282,1.6603188802238171,-1.5168617455966513,2.3991396069048823,-0.010684955963028146,-0.6865507261215884,-0.6874206446824462,-0.5296681607981737,1.0784903518252564,-0.2095414146840164,-0.351245970787524,0.6475844283934298,0.24950270350124057,0.41390077802624936,0.6486402216386391,-0.024832132890516882,0.13948402257385104,0.8948033717229606,0.8880070416533443
1.141007478202282,1.6603188802238171,-1.372398722042295,-0.7030746009502787,-0.010684955963028146,1.1283610184722268,1.2940601012288167,-0.4697103628615509,1.0784903518252564,-0.20328952080707566,-0.38372546557971193,0.5232418553944541,0.18286243087515464,0.41390077802624936,0.674266793495764,0.025242833009705996,0.16860088903448395,0.7538154622530688,0.7469041333200609
1.141007478202282,1.6603188802238171,-1.227935698487939,1.0160408212820007,-0.010684955963028146,0.23246274310655163,0.2966924025805277,-0.37977352300595046,1.0784903518252564,-0.23029670843445843,-0.4078166912856631,0.45410849548960747,0.18233430836243278,0.41390077802624936,0.6934494849739403,0.0536374713796801,0.16896422211127804,0.808603042457008,0.8017363924990111
1.141007478202282,1.6603188802238171,-1.083472674933583,-0.7030746009502787,-0.010684955963028146,1.1915536498371402,1.2525755923699025,-0.37977352300595046,1.0784903518252564,-0.2708689560427151,-0.4338748742499745,0.3963157020865906,0.18821689333079364,0.41390077802624936,0.7108197145861048,0.07122393438404079,0.15988526217552165,0.6948939775735353,0.6879345867687952
1.141007478202282,1.6603188802238171,-0.9390096513792268,1.1557155462702815,-0.010684955963028146,0.1921313384624571,0.2213714335551305,-0.2448684061732161,1.0784903518252564,-0.3288380906498222,-0.44436647258701534,0.40982624396495815,0.252538797638321,0.41390077802624936,0.717022094062162,0.06162329399115316,0.12773093992685824,0.8072344808379299,0.8003667117284791
1.141007478202282,1.6603188802238171,-0.7945466278248707,-0.7030746009502787,-0.010684955963028146,1.2115340021694854,1.2404041060000248,-0.22987888521372726,1.0784903518252564,-0.36467221222185753,-0.45065837017716454,0.40525421028391057,0.2873151361647934,0.41390077802624936,0.72624685010734,0.06458813066718304,0.11381532675548521,0.6876544771359722,0.6806889099968877
1.141007478202282,1.6603188802238171,-0.6500836042705146,1.1730555835458367,-0.010684955963028146,0.12703730071334252,0.14312013499564655,-0.07998424742150408,1.0784903518252564,-0.363372268175486,-0.38013735147240246,0.7812890609332741,0.41344039443027325,0.41390077802624936,0.6854004189530184,-0.06848382816893792,0.07876285551145638,0.8097717300912666,0.7988764777640074
1.141007478202282,1.6603188802238171,-0.5056205807161585,-0.7030746009502787,-0.010684955963028146,1.1986065725829829,1.226999677451509,-0.020026449484881293,1.0784903518252564,-0.3324070517187839,-0.3120049299618218,0.7789665739183548,0.49387206974605063,0.41390077802624936,0.6350443474548984,-0.06329238201643969,0.04927501375186123,0.6741870686948058,0.6672106945006121
1.141007478202282,1.6603188802238171,-0.3611575571618023,1.7581792232476967,-0.010684955963028146,0.18068728408981483,-0.6874206446824462,0.2198050281629423,1.0784903518252564,-0.2544712212082791,-0.1772770549575397,0.8590757985810752,0.6063385662610896,0.41390077802624936,0.5682329539567655,-0.04494860720806348,0.05396297117900625,0.8317630809623695,0.8192075999487101
1.141007478202282,1.6603188802238171,-0.2166945336074462,-0.7030746009502787,-0.010684955963028146,1.0744819102918932,1.4298812124461344,0.6694889415396119,0.36083783691698385,0.18423700810326776,0.003936275083285429,1.587701808684235,0.7358929589928404,0.029613430991770606,0.4664063397280202,-0.27272531320109583,0.04966782397130389,0.6877204427406742,0.6872339864583452
1.141007478202282,1.6603188802238171,-0.07223151005309006,-0.7030746009502787,-0.010684955963028146,-0.6865507261215884,-0.6874206446824462,0.9692782171240583,-0.536227806718357,0.6692567249098937,0.2990835343826004,1.7044834514369243,0.9410412946241414,-0.6581482678301346,0.26179337414945775,-0.30038844735716835,-0.019420484619185642,-1.2676136780735823,-1.2761757670616813
1.141007478202282,1.6603188802238171,0.07223151350126605,-0.7030746009502787,-0.010684955963028146,-0.6865507261215884,-0.6874206446824462,1.1191728549162814,-1.0744671928995615,0.8819675892944843,0.5310481188766671,1.6137638926278859,1.0116827666262724,-0.6587724322938427,0.10595973465313112,-0.26423288108957116,-0.043862931303371384,-1.2676136780735823,-1.2761757670616813
1.141007478202282,1.6603188802238171,0.2166945370556222,-0.7030746009502787,-0.010684955963028146,-0.6865507261215884,-0.6874206446824462,0.9692782171240583,-0.23720592550657674,1.0147665512831903,0.6990020557542197,1.4565741255124793,1.0702343832023506,0.00013446942689654284,0.031026246417932574,-0.15790669417269976,-0.015525353154684477,-1.2676136780735823,-1.2761757670616813
1.141007478202282,1.6603188802238171,0.3611575606099783,-0.7030746009502787,-0.010684955963028146,-0.6865507261215884,-0.6874206446824462,0.3097418680185427,0.9588815993405444,0.9818834596313133,0.7265658968391862,1.2104360896490203,1.1706281130013014,0.41390077802624936,0.05726717536235331,-0.008722124285279262,-0.00046886538820976534,-1.2676136780735823,-1.2761757670616813
1.141007478202282,1.6603188802238171,0.5056205841643344,0.7207907680042367,-0.010684955963028146,0.3619199831769882,0.43626495060826403,0.5195943037473887,0.36083783691698385,0.8510605695279869,0.7293858748257918,0.9254009550574611,1.2701779860272282,0.41390077802624936,0.07602350446805956,0.13242435719892484,-0.016396784831057824,0.9733331773358854,0.9569888482065356
1.141007478202282,1.6603188802238171,0.6500836077186906,-0.7030746009502787,-0.010684955963028146,2.8021048972636207,-0.6874206446824462,0.5195943037473887,0.36083783691698385,0.7750609232837327,0.6858567697682981,0.7889146428523528,1.7295876097286809,0.41390077802624936,0.131749235263105,0.21849353771090654,-0.17081792780185098,0.6273673067220343,0.6396795379247295
1.141007478202282,1.6603188802238171,0.7945466312730467,1.8265752705057556,-0.010684955963028146,0.13015211147425898,-0.6874206446824462,0.4596365058107659,0.48044658940169593,0.5082604856738873,0.5709814562966631,1.0049805333238455,1.893522859413433,0.41390077802624936,0.21914556799692173,0.13467850922954838,-0.22539016290775607,0.830799120368317,0.8175882164674714
1.141007478202282,1.6603188802238171,0.9390096548274028,-0.7030746009502787,-0.010684955963028146,0.7821653118600888,1.6975972231822871,0.2347945491224311,1.0784903518252564,0.32889828646281183,0.38512104188067414,0.9599282637988891,0.7944144668894566,0.41390077802624936,0.365635870166411,0.16755390910661438,0.23496332615219853,0.7533022965816125,0.7494118034934856
1.141007478202282,1.6603188802238171,1.083472678381759,1.6264290893330544,-0.010684955963028146,0.2935166322370186,-0.6874206446824462,0.1748366082351421,0.9588815993405444,0.06227113113278963,0.2323704948341898,0.8964502675281592,0.572948854486047,0.41390077802624936,0.4835485654937422,0.1958971491668658,0.3364297649262757,0.8269057117485575,0.8169060368487948
1.141007478202282,1.6603188802238171,1.227935701936115,-0.7030746009502787,-0.010684955963028146,0.9842761915169707,1.594794654941348,0.1298681883073419,0.8990772230981884,0.003334885235650601,0.1079129615669632,0.8288677189027253,0.3498679521169166,0.41390077802624936,0.5857352619070383,0.2256604572948989,0.44166512932447727,0.7351657096299669,0.7323937450614133
1.141007478202282,1.6603188802238171,1.3723987254904713,1.676955479346902,-0.010684955963028146,0.3044628461604582,-0.6874206446824462,0.08489991133020793,0.7794684706134762,-0.10634495114766723,0.018556605069109312,0.7829393363246747,0.32229653921084356,0.41390077802624936,0.6588690622760786,0.23621467729897103,0.44484232860358236,0.8330983901649083,0.8226272990392733
1.141007478202282,1.6603188802238171,1.5168617490448273,-0.7030746009502787,-0.010684955963028146,1.0176090650600562,1.5759737737576986,0.02494197044291891,0.6000553418864081,-0.13248899685291196,-0.05975709891815538,0.7162362162227345,0.19357786577118113,0.41390077802624936,0.7116372505767314,0.23536714736480932,0.4746701400750576,0.7301503465018957,0.7275343665715789
1.141007478202282,1.6603188802238171,1.6613247725991833,1.6955835538195716,-0.010684955963028146,0.2976808356456136,-0.6874206446824462,-0.05000534845319268,0.48044658940169593,-0.1949680480031903,-0.12373713241391682,0.705324174270053,0.2196039710475797,0.41390077802624936,0.7386279892106685,0.1961270319023344,0.41496517021182144,0.8375813551427682,0.8267965156106627
1.4687940421293182,-1.5367841448947694,-1.6613247691510074,-0.7030746009502787,-0.010684955963028146,1.0333563876332283,1.574755056225845,-0.12495266734930428,0.3010334606746278,-0.19774187227115209,-0.1842563787136811,0.6290385158456706,0.11453037596255296,0.41390077802624936,0.7372006754911842,0.14628303309010596,0.3760413675666151,0.7292992643812843,0.7268509589067842
1.4687940421293182,-1.5367841448947694,-1.5168617455966513,2.3693945297883707,-0.010684955963028146,-0.6865507261215884,-0.6874206446824462,-0.21488936425423846,0.18142470818991568,-0.2140617935535166,-0.21813159910200297,0.6187804504293101,0.15267400410018564,0.41390077802624936,0.7271005389277408,0.09739174640704139,0.30121265838182454,0.8751193790740937,0.8683071351734116
1.4687940421293182,-1.5367841448947694,-1.372398722042295,-0.7030746009502787,-0.010684955963028146,1.0920924604985662,1.276110061288749,-0.30482620410983885,0.06181595570520356,-0.18637259302856568,-0.24916666401504128,0.521421662145074,0.132400284097178,0.41390077802624936,0.7026564056230965,0.06488437577723036,0.23284752235764636,0.721860249444486,0.7149227422860673
1.4687940421293182,-1.5367841448947694,-1.227935698487939,2.345071786478158,-0.010684955963028146,-0.6865507261215884,-0.6874206446824462,-0.37977352300595046,0.06181595570520356,-0.1767877943204601,-0.2736913578398317,0.4530326253449375,0.1427031487097685,0.41390077802624936,0.6800416055050253,0.030728355567199942,0.16269738158419425,0.8534576764837091,0.846627618350893
1.4687940421293182,-1.5367841448947694,-1.083472674933583,-0.7030746009502787,-0.010684955963028146,1.1727446006564226,1.2668427039086971,-0.4547208419020621,0.12162033194755961,-0.14156702662945922,-0.2971048982363938,0.3425255103234901,0.10078128817372671,0.41390077802624936,0.6582424132266596,0.018846454330543883,0.12153659133576943,0.7454275851167548,0.7385094147301966
1.4687940421293182,-1.5367841448947694,-0.9390096513792268,1.5349884817337933,-0.010684955963028146,0.5084426018139583,-0.6874206446824462,-0.5296681607981737,0.12162033194755961,-0.1532148653105538,-0.3273927002928778,0.2941602570017341,0.07627119559563447,0.41390077802624936,0.6221392333387095,-0.04177579171758603,0.04884704931044511,0.7934649247632372,0.7865857828640599
1.4687940421293182,-1.5367841448947694,-0.7945466278248707,-0.7030746009502787,-0.010684955963028146,1.0160425856888493,1.4833600271480671,-0.5296681607981737,0.3010334606746278,-0.15304746808929068,-0.3414793704919446,0.3198062494102353,0.04182686629133538,0.41390077802624936,0.5840259561153154,-0.11684378211436273,-0.00434390872586895,0.7163185994211351,0.7093764766674365
1.4687940421293182,-1.5367841448947694,-0.6500836042705146,1.6524501640650853,-0.010684955963028146,0.4102882763418281,-0.6874206446824462,-0.37977352300595046,-0.35681467799128885,-0.15564997176361597,-0.31851321372365476,0.4078460792687974,0.09178367550320991,0.41390077802624936,0.5171572001272743,-0.2120729221527488,-0.089405335044601,0.7895889511943117,0.7827067945252787
1.4687940421293182,-1.5367841448947694,-0.5056205807161585,-0.7030746009502787,-0.010684955963028146,1.0134861783816713,1.5362600242374633,-0.28983668315035005,-0.596032182960713,0.020749427410181077,-0.12003421535378477,1.284168835865711,0.28557941148122534,0.41390077802624936,0.3068976445757163,-0.5859214556726533,-0.2433923997962435,0.7039611027212095,0.701900541248361
1.4687940421293182,-1.5367841448947694,-0.3611575571618023,2.264708585442538,-0.010684955963028146,-0.6865507261215884,-0.6874206446824462,-0.18491046528592706,-0.8950540641724933,0.5557090972618437,0.08319345061011026,1.8411056979284162,0.46884199213617217,-0.5475710119629684,0.12976709611601966,-0.787974717307756,-0.3510538422090239,0.8533706809723308,0.838817859062012
1.4687940421293182,-1.5367841448947694,-0.2166945336074462,-0.7030746009502787,-0.010684955963028146,-0.6865507261215884,2.2058181229139366,-0.07998424742150408,-1.1342715691419176,0.9685538019928407,0.2777197485255251,2.1970554288970066,0.7677650305733894,-1.0571034797617556,-0.024344463588730506,-0.9086928646879947,-0.48285706445097476,0.2805773154063874,0.32889299459989974
1.4687940421293182,-1.5367841448947694,-0.07223151005309006,-0.7030746009502787,-0.010684955963028146,-0.6865507261215884,-0.6874206446824462,-0.13994204535812688,-1.3136846978689858,0.8687510555594433,0.3648064854348501,1.7124596443507605,0.8922367527127509,-0.6063006958485248,-0.14815850582953255,-0.8450834443018036,-0.6055843836460365,-1.2676136780735823,-1.2761757670616813
1.4687940421293182,-1.5367841448947694,0.07223151350126605,-0.7030746009502787,-0.010684955963028146,-0.6865507261215884,-0.6874206446824462,-0.37977352300595046,-0.35681467799128885,0.7303678268926623,0.4170021697672413,1.341273669160811,0.8900046416921099,0.2975558232994813,-0.24576222852178933,-0.7932444537126166,-0.6638836213287436,-1.2676136780735823,-1.2761757670616813
1.4687940421293182,-1.5367841448947694,0.2166945370556222,1.2326965970527461,-0.010684955963028146,0.7811635642012981,-0.6874206446824462,-0.5296681607981737,-0.6558365592030692,0.49628766098119975,0.42762805277031096,0.7250371323984711,0.7491733278797748,0.41390077802624936,-0.3373190289060179,-0.6943812146192798,-0.7071265895941807,0.8879862668468413,0.8722082283423209
1.4687940421293182,-1.5367841448947694,0.3611575606099783,-0.7030746009502787,-0.010684955963028146,1.0928976660407372,1.513278015497406,-0.4397313209425732,-1.672510955323122,0.4231134967411565,0.4109266583487759,0.6998843162119103,0.5374124752401875,0.3303710370817508,-0.43356702048174317,-0.8092358341515323,-0.7660354582567009,0.7689747895963078,0.7673965388949576
1.4687940421293182,-1.5367841448947694,0.5056205841643344,2.386080783821156,-0.010684955963028146,-0.6865507261215884,-0.6874206446824462,-0.6795627985903968,-0.6558365592030692,0.3326359525438278,0.35542117009773605,0.6840023841302293,0.505619337224714,0.41390077802624936,-0.4660758860335449,-0.8657819990551971,-0.8194532811168065,0.8758644129473638,0.8690525591671769
1.4687940421293182,-1.5367841448947694,0.6500836077186906,-0.7030746009502787,-0.010684955963028146,1.2149954027672403,1.305986212441663,-0.6795627985903968,-0.9548584404148494,0.2514724943608431,0.2621900399982521,0.5750891815033894,0.41238903189339093,0.41390077802624936,-0.5254419657679844,-0.9356106149178355,-0.8953973180397367,0.777898300253091,0.7710065851338465
1.4687940421293182,-1.5367841448947694,0.7945466312730467,1.5131855541337242,-0.010684955963028146,0.5428378906196872,-0.6874206446824462,-0.5296681607981737,-1.3136846978689858,0.1309301476664972,0.1288349299995394,0.4947122326059013,0.3453296789991205,0.41390077802624936,-0.5670709851774842,-1.0112992887003776,-0.9765937450842305,0.8172465138436935,0.8086064918330933
1.4687940421293182,-1.5367841448947694,0.9390096548274028,-0.7030746009502787,-0.010684955963028146,1.0827473483202565,1.5573995228469735,-0.6795627985903968,-0.9548584404148494,0.06749967871568034,-0.007844595202726562,0.4648613948631082,0.169959641103633,0.41390077802624936,-0.5884146518006955,-1.0703587658883311,-0.9977766748390999,0.7267523090171741,0.7236916055932855
1.4687940421293182,-1.5367841448947694,1.083472678381759,1.6851289344721179,-0.010684955963028146,0.4597277711119384,-0.6874206446824462,-0.6795627985903968,-0.9548584404148494,-0.009170864204417565,-0.09171197900471767,0.487233360252005,0.16725555618872598,0.41390077802624936,-0.6139414418476438,-1.1195531291023555,-1.0428620736946745,0.8136534554295394,0.806791030321644
1.4687940421293182,-1.5367841448947694,1.227935701936115,-0.7030746009502787,-0.010684955963028146,1.0161840039654164,1.5462166494286134,-0.5296681607981737,-1.1342715691419176,-0.045575836456776,-0.148936032670738,0.5118648187182288,0.13220986704328444,0.41390077802624936,-0.6695729342664112,-1.1668934663677748,-1.0772953065938786,0.7158789485516492,0.7089366314827573
1.4687940421293182,-1.5367841448947694,1.3723987254904713,1.7317415834185326,-0.010684955963028146,0.41019539214834305,-0.6874206446824462,-0.82945743638262,-0.9548584404148494,-0.11431135875176399,-0.2050976371915457,0.503934213522387,0.10697553866192187,0.41390077802624936,-0.7355542587929289,-1.213883124026352,-1.1226975301456241,0.81012402596379,0.8032585556625567
1.4687940421293182,-1.5367841448947694,1.5168617490448273,-0.7030746009502787,-0.010684955963028146,1.0069650385633937,1.5522878541877945,-0.82945743638262,-0.6558365592030692,-0.13944382828007876,-0.24236058835134125,0.5159876061601306,0.07419776545323808,0.41390077802624936,-0.7958591070071712,-1.2497865783317017,-1.1497226112242334,0.7101235843484869,0.7031764811652015
1.4687940421293182,-1.5367841448947694,1.6613247725991833,1.763024457622655,-0.010684955963028146,0.3914060076392192,-0.6874206446824462,-0.7694996384459972,-0.8352496879301373,-0.19371910779767237,-0.2888857025897685,0.5185454915734216,0.07401060339171879,0.41390077802624936,-0.8355399709295734,-1.27115960035614,-1.1719935750666417,0.8164072947473611,0.8095469704853041
1.4687940421293182,-1.4265392129941283,-1.6613247691510074,-0.7030746009502787,-0.010684955963028146,1.003137854154133,1.5548248617789928,-0.82945743638262,-0.35681467799128885,-0.21654136489347678,-0.3273439960098622,0.5102211742676274,0.03471389420550854,0.41390077802624936,-0.8571424918139677,-1.270834186163149,-1.1639480619172233,0.7078794955890714,0.7009305894893126
1.4687940421293182,-1.4265392129941283,-1.5168617455966513,1.7438438297050134,-0.010684955963028146,0.34735850306050475,-0.6874206446824462,-0.9793520741748433,1.0784903518252564,-0.25647606449106336,-0.3590386560700266,0.5029536631517055,0.03498487232066474,0.41390077802624936,-0.8451759051587164,-1.2226599818053927,-1.114312374808133,0.7852215608317745,0.7783357690417936
1.4687940421293182,-1.4265392129941283,-1.372398722042295,-0.7030746009502787,-0.010684955963028146,1.004677556100191,1.546768272863474,-0.9493731752065319,-1.1940759453842735,-0.27019805936687147,-0.38498968961170366,0.4779682782203245,-0.009374977503689264,0.41390077802624936,-0.8737908699249745,-1.2285262205346934,-1.1154594723555715,0.709034163285546,0.7020861808865667
1.4687940421293182,-1.4265392129941283,-1.227935698487939,1.757327997107275,-0.010684955963028146,0.34646229611255464,-0.6874206446824462,-0.9793520741748433,-0.057792796779508555,-0.30520304157733785,-0.4097356400364794,0.46352028708647025,-0.009288720205771674,0.41390077802624936,-0.9008635549730664,-1.235794743950353,-1.1269228056077891,0.7946059320075118,0.7877278657540133
1.4687940421293182,-1.4265392129941283,-1.083472674933583,-0.7030746009502787,-0.010684955963028146,1.0047821554171787,1.5461243984104966,-1.1292467119670664,0.3010334606746278,-0.3189832331433507,-0.4377176421799086,0.43191639436988893,-0.0574072724742893,0.41390077802624936,-0.9199230858111453,-1.229870275490417,-1.1161304594619346,0.7100775701937083,0.7031304294357679
1.4687940421293182,-1.4265392129941283,-0.9390096513792268,1.7748151311332585,-0.010684955963028146,0.3544369480396924,-0.6874206446824462,-0.8594363353509314,-1.0146628166572054,-0.33898523939810865,-0.445696795288814,0.4414732377967342,-0.03356852207338583,0.41390077802624936,-0.9567329330117479,-1.2516931953778079,-1.14330762076169,0.8099538095396677,0.8030882666008288
1.4687940421293182,-1.4265392129941283,-0.7945466278248707,-0.7030746009502787,-0.010684955963028146,1.0038983957879501,1.548033429683359,-0.9793520741748433,-0.6558365592030692,-0.34116532664690274,-0.4595308989916711,0.4160518685078059,-0.07458386723319936,0.41373658550874404,-0.9983303789499116,-1.2746648783310264,-1.1638647616955906,0.7108563957118939,0.7039098293721375
1.4687940421293182,-1.4265392129941283,-0.6500836042705146,1.7270307248813592,-0.010684955963028146,0.30453439209327776,-0.6874206446824462,-0.9793520741748433,-0.6558365592030692,-0.30213757996295665,-0.41282766623250094,0.6480510808521733,0.00032571351966524046,0.3222720373707613,-1.0725080320239648,-1.353317412872325,-1.2121892618298322,0.8165311375311206,0.8057971316632901
1.4687940421293182,-1.4265392129941283,-0.5056205807161585,-0.7030746009502787,-0.010684955963028146,0.9906355161918683,1.5526478632630298,-0.6795627985903968,-1.1940759453842735,-0.07838111455658148,-0.2676269788289127,1.8412018465700046,0.19310263688454085,-0.22262353944647711,-1.1737345092784588,-1.600387894921583,-1.2743559006280303,0.706695709560276,0.7049749547053487
1.4687940421293182,-1.4265392129941283,-0.3611575571618023,2.300413499716488,-0.010684955963028146,-0.6865507261215884,-0.6874206446824462,-0.5296681607981737,-1.4332934503536978,0.4500180227914365,-0.0857644902730362,2.217891502623289,0.33782773532457094,-1.4056119962972906,-1.2784545549834638,-1.6728365233570481,-1.3176327130202121,0.877758183004969,0.8623265505776336
1.4687940421293182,-1.4265392129941283,-0.2166945336074462,-0.7030746009502787,-0.010684955963028146,-0.6865507261215884,2.845538560658207,-0.5296681607981737,-1.4332934503536978,0.7927690644908691,0.07198868241462614,2.3216499776463517,0.5789559429127229,-2.0288763123740376,-1.3865341626499503,-1.7026954713778566,-1.3876350313820118,0.593036073944632,0.6027828923025221
1.4687940421293182,-1.4265392129941283,-0.07223151005309006,-0.7030746009502787,-0.010684955963028146,-0.6865507261215884,-0.6874206446824462,-0.4697103628615509,-1.7921197078078341,1.26747358143255,0.19558762874983415,2.0157422991541147,0.7924590302206267,-2.8038661594851004,-1.485648350570172,-1.680286784256031,-1.466611502061262,-1.2676136780735823,-1.2761757670616813
1.4687940421293182,-1.4265392129941283,0.07223151350126605,-0.7030746009502787,-0.010684955963028146,-0.6865507261215884,-0.6874206446824462,-0.6795627985903968,-1.1940759453842735,1.448175612309126,0.2678703509488191,1.5381603922382212,0.8351946388502307,-2.9291182671650473,-1.5282438556289681,-1.5945189453109678,-1.4715588583437142,-1.2676136780735823,-1.2761757670616813
1.4687940421293182,-1.4265392129941283,0.2166945370556222,2.34824628126999,-0.010684955963028146,-0.6865507261215884,-0.6874206446824462,-0.9793520741748433,0.6598597181287641,1.2493168679840598,0.313160463725064,1.0357638471165258,0.8124178297114258,-2.177173596801717,-1.5139779490000793,-1.4141463365118716,-1.3772587496459117,0.8816122279532578,0.8631520022434369
1.4687940421293182,-1.4265392129941283,0.3611575606099783,-0.7030746009502787,-0.010684955963028146,1.3582646688479438,1.26426051214536,-0.7095416975587082,-0.8352496879301373,1.1203196538251345,0.3451563945644538,0.621942580322928,0.8446333029874582,-1.7261495605599333,-1.5525375931617518,-1.3507120390585963,-1.4079456560636887,0.8262890142288495,0.8224531211648378
1.4687940421293182,-1.4265392129941283,0.5056205841643344,1.3563110802445357,-0.010684955963028146,0.7430167162924904,-0.6874206446824462,-0.82945743638262,-0.9548584404148494,0.9617487126112569,0.3476806679756073,0.6211394076186251,1.0401387237100477,-1.2473595215706534,-1.5713809300777812,-1.3657186105335846,-1.4634206559568566,0.8120190542209399,0.8051098351857877
1.4687940421293182,-1.4265392129941283,0.6500836077186906,-0.7030746009502787,-0.010684955963028146,2.902660195457885,-0.6874206446824462,-0.82945743638262,-1.2538803216266297,0.8724540651844946,0.3061616582557164,0.7756950335015501,1.4306686400319315,-1.0164314793439653,-1.5905865183481478,-1.434236786368799,-1.5739728234920392,0.5553343043296999,0.5622538909369448
1.4687940421293182,-1.4265392129941283,0.7945466312730467,1.816949302157976,-0.010684955963028146,0.2013428773129737,-0.6874206446824462,-0.7994785374143086,-0.23720592550657674,0.5039990493810285,0.20934519715080954,1.036921775153586,1.4164524608374005,0.08326246272217996,-1.5444263442736184,-1.4505296168098858,-1.5371297795940138,0.7394105154082893,0.725647064362213
1.4687940421293182,-1.4265392129941283,0.9390096548274028,-0.7030746009502787,-0.010684955963028146,0.7286709199676356,1.8402497210178244,-0.9793520741748433,-1.2538803216266297,0.3987519698842059,0.043967716844784364,0.9807908612883682,0.3674172435026782,0.3848759659778794,-1.5295600596516132,-1.502906229381362,-1.386726261991617,0.7125084117141195,0.7065366200190306
1.4687940421293182,-1.4265392129941283,1.083472678381759,1.6391091517220107,-0.010684955963028146,0.3847326758147247,-0.6874206446824462,-1.1292467119670664,-0.9548584404148494,0.16333131841184714,-0.10662523046410705,0.8748458335367697,0.29651048962204585,0.41390077802624936,-1.4885024959714104,-1.501825129913144,-1.392429761570306,0.7685461030371403,0.7591409988651594
1.4687940421293182,-1.4265392129941283,1.227935701936115,-0.7030746009502787,-0.010684955963028146,0.9623194350901441,1.6802418989893977,-1.1292467119670664,-0.7156409354454252,0.11400144977086715,-0.17066857952778883,0.8352317643347562,0.16150398466342863,0.41390077802624936,-1.4697736430163326,-1.4983792744566713,-1.3674705914929512,0.6947695955613995,0.6908350270257004
1.4687940421293182,-1.4265392129941283,1.3723987254904713,1.6961472156671336,-0.010684955963028146,0.3700259072469454,-0.6874206446824462,-1.1292467119670664,-0.7156409354454252,-0.04058334511168212,-0.23912523240815936,0.7147873556581096,0.12403576744345254,0.36453938352601445,-1.4684523775975191,-1.4928011481934744,-1.3788351217299952,0.7937160254438062,0.7836298758574812
1.4687940421293182,-1.4265392129941283,1.5168617490448273,-0.7030746009502787,-0.010684955963028146,0.9703112413052678,1.59925261740639,-1.1292467119670664,-0.9548584404148494,-0.07047878870124952,-0.2847903681636247,0.6638302333514667,0.05590714955424143,0.3321072856179241,-1.4783098081637451,-1.5047397610672295,-1.3877442059844138,0.6971916296849977,0.690233898450827
1.4687940421293182,-1.4265392129941283,1.6613247725991833,1.7617283578752732,-0.010684955963028146,0.39082066986135633,-0.6874206446824462,-0.9793520741748433,-1.1342715691419176,-0.1197831554218027,-0.31614827289550956,0.6441628629410432,0.06419191889479778,0.41390077802624936,-1.4988754658902161,-1.5240799474115592,-1.4147794403010465,0.7994386764588056,0.7925645253906605
1.4687940421293182,-1.3162942810934875,-1.6613247691510074,-0.7030746009502787,-0.010684955963028146,0.9848620522914184,1.580969344196799,-1.2791413497592896,-0.41661905423364487,-0.16138594217346058,-0.362489006633949,0.5815402580334098,0.0011394616132274,0.41390077802624936,-1.5090635743394434,-1.5265255960982382,-1.4169907718727004,0.6989908550339563,0.6920346234088577
1.4687940421293182,-1.3162942810934875,-1.5168617455966513,1.755443331190395,-0.010684955963028146,0.36073299012781246,-0.6874206446824462,-1.4290359875515128,0.6598597181287641,-0.23494067353371928,-0.418288112134026,0.5071684548971962,-0.03778943343469275,0.41390077802624936,-1.4922387704191387,-1.4925659521306294,-1.3874413556373506,0.7873917753036354,0.7805077732762357
1.4687940421293182,-1.3162942810934875,-1.372398722042295,-0.7030746009502787,-0.010684955963028146,0.9940970213889403,1.5647992677786235,-1.2491624507909782,-0.8950540641724933,-0.2520635783618304,-0.4372744332044663,0.49512583753825135,-0.05437199208530244,0.41390077802624936,-1.4989959753227968,-1.4903949699387342,-1.3840603273755607,0.7030661633593248,0.6961131692418511
1.4687940421293182,-1.3162942810934875,-1.227935698487939,1.7690174408200805,-0.010684955963028146,0.3603226470072699,-0.6874206446824462,-1.4290359875515128,0.6598597181287641,-0.29372260011750634,-0.4610038556651584,0.4903606777064271,-0.032998898407892316,0.41390077802624936,-1.4939391585128505,-1.4821698307248181,-1.38092013828667,0.8007623023798577,0.7938891778035241
1.4687940421293182,-1.3162942810934875,-1.083472674933583,-0.7030746009502787,-0.010684955963028146,0.9979633259427544,1.5585038156466056,-1.2791413497592896,-0.057792796779508555,-0.31366314020508174,-0.4858402569012489,0.4501887806096811,-0.07940613843564871,0.41390077802624936,-1.4860262681507448,-1.465383511449242,-1.361168815093099,0.7062698988857823,0.6993195976565485
1.4687940421293182,-1.3162942810934875,-0.9390096513792268,1.7806384424395076,-0.010684955963028146,0.3614160236677417,-0.6874206446824462,-1.1592256109353778,-1.1940759453842735,-0.347505496402244,-0.5014054499775762,0.4356280634822405,-0.07031819972674652,0.41390077802624936,-1.4994956074302759,-1.479109896332276,-1.381121128729692,0.812173453279357,0.805309597354353
1.4687940421293182,-1.3162942810934875,-0.7945466278248707,-0.7030746009502787,-0.010684955963028146,0.999820068418602,1.5555545024846409,-1.2791413497592896,-0.7156409354454252,-0.3516838879798667,-0.5119464483731043,0.41631710613977385,-0.10048302780700222,0.41390077802624936,-1.5172582157549226,-1.4965229713677621,-1.3973761352813368,0.7087767716072534,0.7018287005504446
1.4687940421293182,-1.3162942810934875,-0.6500836042705146,1.730223315619346,-0.010684955963028146,0.30455761314164903,-0.6874206446824462,-1.1292467119670664,-0.9548584404148494,-0.2770456519491666,-0.44142403811739894,1.0510788337598753,-0.010903196423398999,0.3352222855067662,-1.5711102658922054,-1.6331224374055482,-1.437726194932324,0.8275795674761545,0.8166559247893821
1.4687940421293182,-1.3162942810934875,-0.5056205807161585,-0.7030746009502787,-0.010684955963028146,0.992228982186858,1.5760934281394736,-0.8894152343192429,-1.612706579080766,-0.08042388377230816,-0.29722874627034784,1.8657993214646325,0.18656742594514314,0.032882143024660256,-1.6471288210583592,-1.784042079769494,-1.4999267870318689,0.7029171565846708,0.701173333272016
1.4687940421293182,-1.3162942810934875,-0.3611575571618023,2.31408973498289,-0.010684955963028146,-0.6865507261215884,-0.6874206446824462,-0.82945743638262,-1.2538803216266297,0.23759879575326529,-0.08641086568620093,1.8964699092637265,0.3543289191658244,-0.5855518853739868,-1.7277166118702385,-1.7815880815683662,-1.5247438117768963,0.8840486415002243,0.8684594128920721
1.4687940421293182,-1.3162942810934875,-0.2166945336074462,-0.7030746009502787,-0.010684955963028146,-0.6865507261215884,2.8606748399527264,-0.9793520741748433,-0.9548584404148494,0.49306657226267553,0.10222778018809454,1.8152732103099376,0.6259409440869085,-0.8263501104260305,-1.8033001279847767,-1.7662286617814842,-1.5741138770783425,0.6035934465816384,0.612389487736726
1.4687940421293182,-1.3162942810934875,-0.07223151005309006,2.289316026361071,-0.010684955963028146,-0.6865507261215884,-0.6874206446824462,-0.7395205965270196,-1.672510955323122,1.0177725084165756,0.3025561497616156,1.6049803826717473,0.9095817933270284,-1.8434785059057937,-1.8908933731314301,-1.747564352366483,-1.6428083928779678,0.8297150915891393,0.8121199317773481
1.4687940421293182,-1.3162942810934875,0.07223151350126605,-0.7030746009502787,-0.010684955963028146,-0.6865507261215884,-0.6874206446824462,-0.82945743638262,-1.493097826596054,1.1593827108604409,0.44690312066148685,1.2503875079641928,1.0351748603393185,-2.0631156924606264,-1.952969348476309,-1.6982728311661472,-1.6737696550715813,-1.2676136780735823,-1.2761757670616813
1.4687940421293182,-1.3162942810934875,0.2166945370556222,1.109351761375445,-0.010684955963028146,1.0212265278387567,-0.6874206446824462,-0.82945743638262,-1.493097826596054,1.3187847531220742,0.5362838293008485,0.900457842373675,1.0556845672894593,-2.10931084969067,-2.0029470203561264,-1.6521375348626444,-1.690621191650751,0.8682934668011614,0.8616720019966173
1.4687940421293182,-1.3162942810934875,0.3611575606099783,-0.7030746009502787,-0.010684955963028146,2.902003311747203,-0.6874206446824462,-0.7694996384459972,-0.536227806718357,1.2952268637062656,0.5721468802116803,1.0231907544936452,1.0590795243358004,-1.5986662978194177,-1.9939647292893004,-1.6262161961687571,-1.6443229721370918,0.5836213262370291,0.5919918463872859
1.4687940421293182,-1.3162942810934875,0.5056205841643344,2.398929263926803,-0.010684955963028146,-0.6865507261215884,-0.6874206446824462,-0.9793520741748433,-0.9548584404148494,1.13212638908735,0.5339766378368505,1.2114415060476986,1.0436345855199907,-1.0213025240299567,-1.9929618497913646,-1.66863335609656,-1.651562558371578,0.8494583993594005,0.8323444186241179
1.4687940421293182,-1.3162942810934875,0.6500836077186906,-0.7030746009502787,-0.010684955963028146,0.9067232245221412,1.7369166571262191,-0.82945743638262,-0.9548584404148494,1.0130951946521412,0.5008285028164049,1.2650460314684215,1.0285973344990555,-0.05794892476209628,-1.9815982923367466,-1.670727999870639,-1.641683239425612,0.7634678299318328,0.7595890310239601
1.4687940421293182,-1.3162942810934875,0.7945466312730467,1.4848774026425933,-0.010684955963028146,0.5549407637903762,-0.6874206446824462,-0.6795627985903968,-1.672510955323122,0.7298708663920375,0.39151034803685464,1.1708261647850062,1.5103728245520642,0.41390077802624936,-1.9537445856561,-1.6627902140760586,-1.7328221975108626,0.7592381225480471,0.7516959692733927
1.4687940421293182,-1.3162942810934875,0.9390096548274028,-0.7030746009502787,-0.010684955963028146,2.9114402621258275,-0.6874206446824462,-1.1292467119670664,-0.7156409354454252,0.5839279530571975,0.20733788491509345,1.1058760996568542,0.9015948557887158,0.41390077802624936,-1.8891293560573157,-1.6482388537913994,-1.6236401712358262,0.512965872603378,0.5200879040957673
1.4687940421293182,-1.3162942810934875,1.083472678381759,1.9043226218991618,-0.010684955963028146,0.07805166237964156,-0.6874206446824462,-1.2791413497592896,-0.057792796779508555,0.2942450999751563,0.04972386732176152,1.2793307356850956,0.45071249835970084,0.41390077802624936,-1.8318852064117548,-1.6720097045561293,-1.5318039149650335,0.7200225591380173,0.7051464718131948
1.4687940421293182,-1.3162942810934875,1.227935701936115,-0.7030746009502787,-0.010684955963028146,0.6296608674832294,1.9939802900946777,-1.0393099435867992,-0.7754453116877812,0.25878369877858964,-0.057026180191921204,1.2399479205434543,-0.034575942213215784,0.41390077802624936,-1.7949678647972904,-1.6657107007337835,-1.4328800435062983,0.7107379452118975,0.7040432770503186
1.4687940421293182,-1.3162942810934875,1.3723987254904713,1.7004553050265194,-0.010684955963028146,0.3475599613450229,-0.6874206446824462,-0.9793520741748433,-0.35681467799128885,0.14321422656747082,-0.1307950787983549,1.15382857691386,-0.01762882441669025,0.41390077802624936,-1.762250035889394,-1.6413964809183776,-1.4252713379410906,0.7687341139976809,0.7597355778607355
1.4687940421293182,-1.3162942810934875,1.5168617490448273,-0.7030746009502787,-0.010684955963028146,0.888817285844295,1.7548851054327135,-0.9793520741748433,-0.35681467799128885,0.09790254513220162,-0.17851205641972204,0.9950200313758489,-0.06186986701938418,0.41390077802624936,-1.7346620525075875,-1.5966222639052532,-1.396316923288832,0.6981228770908873,0.6938730084478473
1.4687940421293182,-1.3162942810934875,1.6613247725991833,1.7146156516445148,-0.010684955963028146,0.34733726939915627,-0.6874206446824462,-0.9193942762382205,-0.8950540641724933,-0.02022235028476225,-0.21997470832640917,0.9064546994589503,0.007554237834777904,0.41390077802624936,-1.7175755020997179,-1.5743718922521936,-1.40439606221579,0.7919254277488684,0.7820160185837746
1.4687940421293182,-1.2060493491928466,-1.6613247691510074,-0.7030746009502787,-0.010684955963028146,0.9333212618423434,1.6415316146254104,-0.9493731752065319,-0.8950540641724933,-0.03948414695174724,-0.2523874086733185,0.8527681161458374,0.005454767753387532,0.41390077802624936,-1.7041509923291067,-1.561403144478933,-1.4004820435450733,0.6997946648002443,0.6928391982906511
1.4687940421293182,-1.2060493491928466,-1.5168617455966513,2.433940440542215,-0.010684955963028146,-0.6865507261215884,-0.6874206446824462,-0.9793520741748433,-0.35681467799128885,-0.08444207097801897,-0.28802711565774985,0.7695862792902882,0.03814140117559236,0.41390077802624936,-1.6827988900456148,-1.5331148810917394,-1.3934240146743817,0.8580626868174074,0.8512362707582555
1.4687940421293182,-1.2060493491928466,-1.372398722042295,-0.7030746009502787,-0.010684955963028146,1.1838745955798096,1.451267759700533,-0.7994785374143086,-1.2538803216266297,-0.07562821494127758,-0.3134444894126698,0.5538859194303514,0.016331324771939357,0.41390077802624936,-1.6742513970115396,-1.4921955373078177,-1.3894228746709483,0.7364550046777272,0.7349775540941683
1.4687940421293182,-1.2060493491928466,-1.227935698487939,1.6332179358257344,-0.010684955963028146,0.48070139855839816,-0.6874206446824462,-0.9643625532153545,-1.0146628166572054,-0.10997864786078926,-0.340890744442927,0.49966388764770303,0.031131775097647914,0.41390077802624936,-1.6676660385587414,-1.4867758349486395,-1.3982751881321178,0.7943893419430268,0.7875111156141458
1.4687940421293182,-1.2060493491928466,-1.083472674933583,-0.7030746009502787,-0.010684955963028146,1.0110810216868575,1.5556312737400804,-1.1292467119670664,-0.35681467799128885,-0.13821581272721872,-0.3737014283596213,0.4658527205125884,-0.008990888403527924,0.41390077802624936,-1.655530497679012,-1.4798061590890894,-1.3891905511170366,0.7158624122147758,0.7089200528601611
1.4687940421293182,-1.2060493491928466,-0.9390096513792268,1.7256145827188893,-0.010684955963028146,0.416213304652593,-0.6874206446824462,-0.9793520741748433,-1.1342715691419176,-0.1823445973919215,-0.39182220474332646,0.483012766433315,0.017287478781874893,0.41390077802624936,-1.652008247983547,-1.4873063002042586,-1.3992999009502638,0.8084087404987438,0.8015419518636248
1.4687940421293182,-1.2060493491928466,-0.7945466278248707,-0.7030746009502787,-0.010684955963028146,1.0015072554016127,1.5610588132322665,-0.9793520741748433,-0.6558365592030692,-0.19377861227866824,-0.39882379331456075,0.49977827137648917,0.007746282384858574,0.41390077802624936,-1.647532045619774,-1.4888518278592748,-1.3953200499942986,0.7112660295350983,0.7043197921012733
1.4687940421293182,-1.2060493491928466,-0.6500836042705146,1.6898261762577291,-0.010684955963028146,0.32071214085585426,-0.6874206446824462,-0.82945743638262,-0.6558365592030692,-0.12012906608605348,-0.32390060320065633,1.3181474342560053,0.1150479197500585,0.41390077802624936,-1.6654913253383923,-1.6243414590869094,-1.3998182619624688,0.8160141972610302,0.8053634267092021
1.4687940421293182,-1.2060493491928466,-0.5056205807161585,-0.7030746009502787,-0.010684955963028146,0.9732908574489777,1.5699766208361894,-0.5896259587347964,-1.4332934503536978,0.08234702756724573,-0.18649886305881558,2.3572001090060564,0.3186867526678018,0.41390077802624936,-1.7197049037734167,-1.7962235876090273,-1.4474848759426355,0.7023626500710307,0.7004958611634594
1.4687940421293182,-1.2060493491928466,-0.3611575571618023,-0.7030746009502787,-0.010684955963028146,-0.6865507261215884,-0.6874206446824462,-0.5296681607981737,-1.1940759453842735,0.2473012956325715,0.039720007590348785,2.2906851418492935,0.48021574923989047,0.20061935573059425,-1.7942187781643697,-1.7748408064118568,-1.4663892225707713,-1.2676136780735823,-1.2761757670616813
1.4687940421293182,-1.2060493491928466,-0.2166945336074462,2.312419532903115,-0.010684955963028146,-0.6865507261215884,-0.6874206446824462,-0.4697103628615509,-1.7323153315654782,0.9318513073355028,0.2169180173842701,2.3751989689378816,0.5368282041090099,-1.1755223839472255,-1.8629253029992645,-1.794695843335434,-1.4869608837267916,0.9063498689449141,0.8897250781727475
1.4687940421293182,-1.2060493491928466,-0.07223151005309006,-0.7030746009502787,-0.010684955963028146,-0.6865507261215884,-0.6874206446824462,-0.40975242197426187,-1.9117284602925464,1.2683569941119504,0.34496088165691957,2.132865435357963,0.4923161833911598,-1.5625835364901983,-1.9124369649032926,-1.764615795834616,-1.486373415191266,-1.2676136780735823,-1.2761757670616813
1.4687940421293182,-1.2060493491928466,0.07223151350126605,-0.7030746009502787,-0.010684955963028146,-0.6865507261215884,-0.6874206446824462,-0.5296681607981737,-1.1940759453842735,1.5470779447828384,0.4149969448579402,1.7006250727593906,0.3873150118864601,-1.765948196522908,-1.9262299925187352,-1.6799341528146423,-1.446067352905047,-1.2676136780735823,-1.2761757670616813
1.4687940421293182,-1.2060493491928466,0.2166945370556222,2.3472748335466966,-0.010684955963028146,-0.6865507261215884,-0.6874206446824462,-0.6795627985903968,-0.9548584404148494,1.5871113825851544,0.5352916534782728,1.3151717995723649,0.4106687684236005,-1.3900532996562367,-1.962287860860035,-1.607647960387541,-1.444119896347399,0.8651641447906349,0.8606957053326247
1.4687940421293182,-1.2060493491928466,0.3611575606099783,-0.7030746009502787,-0.010684955963028146,1.13998074739775,1.4409879421670015,-0.4697103628615509,-1.55290220283841,1.7642470679743512,0.6255866110873852,0.9922574156653827,1.2262258239977488,-1.3910582510222445,-1.9942246681353766,-1.551402052698269,-1.6069438809412724,0.8693762373807944,0.8630508931130361
1.4687940421293182,-1.2060493491928466,0.5056205841643344,2.336019513373828,-0.010684955963028146,-0.6865507261215884,-0.6874206446824462,-0.5296681607981737,-1.4332934503536978,1.5618383255467945,0.6713651582447299,0.891900613272309,1.3732969581915186,-0.44789101552002075,-2.0074288866632304,-1.5303253842191307,-1.6315817501637577,0.7978317758973981,0.7927112769017889
1.4687940421293182,-1.2060493491928466,0.6500836077186906,-0.7030746009502787,-0.010684955963028146,1.3004618310887697,1.3504277743438802,-0.6795627985903968,-0.9548584404148494,1.3791929175546167,0.6404316765505528,0.8027020265090868,1.385707430366435,0.4068777633235926,-1.9935788580861773,-1.5057602452292556,-1.6268114750864016,0.8025336675960403,0.7965133076838277
1.4687940421293182,-1.2060493491928466,0.7945466312730467,1.3232390365522524,-0.010684955963028146,0.7640137739859555,-0.6874206446824462,-0.5896259587347964,-1.1940759453842735,1.0184715225944283,0.5352596478065768,0.8268941851473637,1.7893354360022953,0.41390077802624936,-1.955115380451704,-1.5050651752602207,-1.6926564245887303,0.7834906377438153,0.7766944854047798
1.4687940421293182,-1.2060493491928466,0.9390096548274028,-0.7030746009502787,-0.010684955963028146,2.911723935473498,-0.6874206446824462,-0.82945743638262,-0.9548584404148494,0.8069128218968129,0.36103051195019464,0.9153501065410755,1.1848898620890718,0.41390077802624936,-1.8968477441952365,-1.5235136985225888,-1.5862083487070466,0.5411763240812709,0.5480290234007855
1.4687940421293182,-1.2060493491928466,1.083472678381759,1.8026515338498725,-0.010684955963028146,0.1840820549226487,-0.6874206446824462,-0.82945743638262,-0.9548584404148494,0.4869546120003845,0.21965867696710742,1.1618934586608856,0.6897778545306728,0.41390077802624936,-1.8467464296375917,-1.569093155721369,-1.489399080122237,0.7280505912045395,0.7140739577440176
1.4687940421293182,-1.2060493491928466,1.227935701936115,-0.7030746009502787,-0.010684955963028146,0.6834887219982392,1.9120808403034488,-0.7694996384459972,-1.1342715691419176,0.44092037615302243,0.11427721980616422,1.2025651629203713,0.06714663822252197,0.41390077802624936,-1.8096967686661538,-1.5776110701172499,-1.3583665213986424,0.7155173060539365,0.709015431108677
1.4687940421293182,-1.2060493491928466,1.3723987254904713,1.6501005577494694,-0.010684955963028146,0.39322059659032077,-0.6874206446824462,-0.9793520741748433,-0.9548584404148494,0.28225200452520643,0.005315302068099732,1.12171824609374,0.1374430810329827,0.41390077802624936,-1.7731069716894434,-1.5679515493822116,-1.3798708611829835,0.7628148243681199,0.7539303991855113
1.4687940421293182,-1.2060493491928466,1.5168617490448273,-0.7030746009502787,-0.010684955963028146,0.9182127272980146,1.7253267077866459,-0.9793520741748433,-0.6558365592030692,0.2266610874717479,-0.06993142364012285,1.0243602866771038,0.09857358959589257,0.41390077802624936,-1.7454064324976066,-1.5509379498172287,-1.372468823140123,0.6980833336766245,0.6938750551913777
1.4687940421293182,-1.2060493491928466,1.6613247725991833,1.693361873301527,-0.010684955963028146,0.37278617862293223,-0.6874206446824462,-1.1292467119670664,-0.35681467799128885,0.07304209608843945,-0.14875443527263682,0.9389728331382212,0.14373335379621818,0.41390077802624936,-1.7159722446086658,-1.5341719079338847,-1.3816013878056588,0.7893338961723164,0.779504459597642
1.4687940421293182,-1.0958044172922057,-1.6613247691510074,-0.7030746009502787,-0.010684955963028146,0.9798159720413007,1.6616887758628671,-1.1292467119670664,-0.35681467799128885,0.044819970816107835,-0.19490243920542866,0.8516018994327782,0.09461958760927404,0.41390077802624936,-1.6964191071347368,-1.5155278759111157,-1.3685529485011656,0.6934339268732764,0.6897954859866191
1.4687940421293182,-1.0958044172922057,-1.5168617455966513,1.6864909679639064,-0.010684955963028146,0.3230872775466926,-0.6874206446824462,-1.1292467119670664,-0.35681467799128885,-0.05149947484514607,-0.22816955183152665,0.8458396118782745,0.16855673939033186,0.41390077802624936,-1.6826897084996968,-1.513504365662729,-1.383819815726469,0.773865411226659,0.7634805044982765
1.4687940421293182,-1.0958044172922057,-1.372398722042295,-0.7030746009502787,-0.010684955963028146,1.0150102950294981,1.6249921157628042,-1.4590148865198243,0.06181595570520356,-0.08001062188231481,-0.28419339280894723,0.749254157064745,0.0967109202097288,0.41390077802624936,-1.6642064537682182,-1.4980295707671023,-1.3715535032735842,0.6940101822647611,0.6907867238783834
1.4687940421293182,-1.0958044172922057,-1.227935698487939,1.7141134443467665,-0.010684955963028146,0.3200472029977638,-0.6874206446824462,-1.728825263135959,0.6598597181287641,-0.19658905468878135,-0.3430191216107105,0.686264363810356,0.11521229686495806,0.41390077802624936,-1.6432211821975016,-1.4890206615475412,-1.379235355822401,0.7955655787745538,0.7849406104143383
1.4687940421293182,-1.0958044172922057,-1.083472674933583,-0.7030746009502787,-0.010684955963028146,1.031379669740796,1.6080612299276442,-1.8787199009281823,1.0784903518252564,-0.22220671460060099,-0.40488678077453644,0.5795285963684529,-0.003536334932380769,0.41390077802624936,-1.6214174105606975,-1.4721616906527366,-1.3575090640713765,0.695842660030259,0.6928027662558103
1.4687940421293182,-1.0958044172922057,-0.9390096513792268,1.1143109464608447,-0.010684955963028146,0.14335631085351078,0.30300856412477595,-1.728825263135959,0.4206422131593399,-0.3251396582925398,-0.4463320382944323,0.5354916896533739,0.06763814207103352,0.41390077802624936,-1.6093987638305716,-1.4702354468259136,-1.3806631412726154,0.8057613089138475,0.7956534707267139
1.4687940421293182,-1.0958044172922057,-0.7945466278248707,-0.7030746009502787,-0.010684955963028146,1.246523728893655,1.3897490909616512,-1.8787199009281823,0.6598597181287641,-0.35002495536133327,-0.47628934700188164,0.4784763740590631,0.13441186938446364,0.41390077802624936,-1.601124586189589,-1.4643378703086174,-1.4010728964932735,0.6686182775098471,0.6662980515604146
1.4687940421293182,-1.0958044172922057,-0.6500836042705146,1.200672326559618,-0.010684955963028146,0.1382013950140674,0.20511067501370428,-1.2791413497592896,0.3010334606746278,-0.33544504972655154,-0.41386089280790417,0.7915504418200343,0.332566040151598,0.41390077802624936,-1.6208478829823219,-1.5183165053017038,-1.4355880103442793,0.8035285439503346,0.7926478278523471
1.4687940421293182,-1.0958044172922057,-0.5056205807161585,-0.7030746009502787,-0.010684955963028146,1.2705275985532467,1.3489511304960677,-0.8894152343192429,-0.596032182960713,-0.18685320614430162,-0.269225870862769,1.2989939617575197,0.5665137345621575,0.41390077802624936,-1.672173091337255,-1.6050942017540404,-1.476472152150217,0.6579589907097179,0.6567297302302288
1.4687940421293182,-1.0958044172922057,-0.3611575571618023,1.7876181026218423,-0.010684955963028146,0.15932004941353053,-0.6874206446824462,-0.6795627985903968,-0.9548584404148494,0.14562710057708397,-0.053040778290298435,1.767268514394138,0.7289077453577028,-0.07441824940803797,-1.7469214770840098,-1.6769158575590906,-1.4991890942434383,0.7987457679952457,0.7860294779725019
1.4687940421293182,-1.0958044172922057,-0.2166945336074462,-0.7030746009502787,-0.010684955963028146,1.0844531539816908,1.5193864553614052,-0.6795627985903968,-0.9548584404148494,0.14066141894320802,0.05047808793303231,1.5177470409878877,0.7756827995237492,0.2917869599539397,-1.7829222239542664,-1.6304626290950246,-1.5041700763034305,0.6572463105390265,0.6555096664117678
1.4687940421293182,-1.0958044172922057,-0.07223151005309006,2.338374494722956,-0.010684955963028146,-0.6865507261215884,-0.6874206446824462,-0.5296681607981737,-0.9548584404148494,0.21909224826815107,0.15613437640527805,1.4767918640092363,0.8704120288434138,0.41390077802624936,-1.809284144368998,-1.6067735385107398,-1.5049849555357595,0.8897044281965611,0.8733941115438246
1.4687940421293182,-1.0958044172922057,0.07223151350126605,-0.7030746009502787,-0.010684955963028146,1.2128582295225487,1.3848700371145939,-0.48469974087037343,-1.0146628166572054,0.29759631387739677,0.25179585022724255,1.3181308569040073,0.908274100140674,0.41390077802624936,-1.8265509768880082,-1.5568352010287672,-1.4898075023098232,0.6922474447025996,0.6925704608651119
1.4687940421293182,-1.0958044172922057,0.2166945370556222,2.346432744963244,-0.010684955963028146,-0.6865507261215884,-0.6874206446824462,-0.42474194293375067,-1.0146628166572054,0.3824529732544993,0.31337197946844625,1.2765855261942274,0.9579314500541176,0.41390077802624936,-1.829745440926854,-1.5250084784793978,-1.4744969652435589,0.8635426850630669,0.8499588981209437
1.4687940421293182,-1.0958044172922057,0.3611575606099783,-0.7030746009502787,-0.010684955963028146,1.1969091348669074,1.2886800469545727,-0.37977352300595046,-1.0146628166572054,0.41376736985242996,0.33523394056322436,1.1729049647255552,0.9329143924137362,0.41390077802624936,-1.821373168607751,-1.4847740117507686,-1.448198550318538,0.7232298895203167,0.7162934464283646
1.4687940421293182,-1.0958044172922057,0.5056205841643344,1.6027508125408583,-0.010684955963028146,0.4965536342465091,-0.6874206446824462,-0.4547208419020621,-0.536227806718357,0.40066788339319415,0.31690164843613694,1.1196717719895872,0.9159298422049068,0.41390077802624936,-1.783741206058084,-1.436447781168896,-1.4055727460804797,0.7732771130681034,0.7663815587782409
1.4687940421293182,-1.0958044172922057,0.6500836077186906,-0.7030746009502787,-0.010684955963028146,1.0470183136236182,1.5065146143233767,-0.5296681607981737,0.3010334606746278,0.3600760189230707,0.2531700067837553,1.0766237043211888,0.8174500479220143,0.41390077802624936,-1.714013243272636,-1.369386324516835,-1.3237807715798826,0.6931436422640289,0.6861827789811408
1.4687940421293182,-1.0958044172922057,0.7945466312730467,1.7141335111385425,-0.010684955963028146,0.4171009344565501,-0.6874206446824462,-0.37977352300595046,0.06181595570520356,0.2695690494329418,0.1649143670820549,1.0489751677913295,0.7493979223535979,0.41390077802624936,-1.6302136350636192,-1.3008645703182853,-1.2428885049776808,0.778268929890409,0.7713774550615519
1.4687940421293182,-1.0958044172922057,0.9390096548274028,-0.7030746009502787,-0.010684955963028146,1.02261257338816,1.5333232622344262,-0.5296681607981737,0.7196640943711202,0.19281088452983894,0.05843149734948654,0.9894392658257233,0.6222538514749784,0.41390077802624936,-1.529785653309404,-1.2189090979834138,-1.139972445832909,0.6857078626974884,0.6787408195046696
1.4687940421293182,-1.0958044172922057,1.083472678381759,1.7562323861098683,-0.010684955963028146,0.3879437702469283,-0.6874206446824462,-0.37977352300595046,0.7196640943711202,0.10829425075842715,-0.025627920482680523,0.9491778510281881,0.5599191200119298,0.41390077802624936,-1.4198391135133792,-1.1239731668680029,-1.0336695721724198,0.7856653457854788,0.7787799123878866
1.4687940421293182,-1.0958044172922057,1.227935701936115,-0.7030746009502787,-0.010684955963028146,1.0126025233517597,1.5438057809846357,-0.28983668315035005,-0.057792796779508555,0.07232215725792886,-0.0744783163473688,0.9254954459638497,0.48930043295641845,0.41390077802624936,-1.3388119453103113,-1.0566805262574421,-0.9492118814049713,0.6859104328241894,0.6789434471141774
1.4687940421293182,-1.0958044172922057,1.3723987254904713,1.7734172640847277,-0.010684955963028146,0.37029117111482607,-0.6874206446824462,-0.5296681607981737,0.3010334606746278,0.014630928193934394,-0.12440020643840119,0.9049751707931292,0.46352658958902415,0.41390077802624936,-1.2733124174952506,-1.0149264478991633,-0.9030251291603647,0.7896315502360403,0.7827493667907107
1.4687940421293182,-1.0958044172922057,1.5168617490448273,-0.7030746009502787,-0.010684955963028146,1.0078516223741811,1.547139996353708,-0.5296681607981737,-0.35681467799128885,-0.011705362757604712,-0.16553514809794023,0.8744471482212178,0.4010600309348185,0.41390077802624936,-1.2315843393321697,-0.9982493229229346,-0.87569392249662,0.6883222216086377,0.6813573764339107
1.4687940421293182,-1.0958044172922057,1.6613247725991833,1.7889226232550586,-0.010684955963028146,0.366813453023621,-0.6874206446824462,-0.4996892618298623,-0.2970103017489328,-0.052539168524085064,-0.19530738052993013,0.8650453030355538,0.39643387302291766,0.41390077802624936,-1.201737768164938,-0.9956781062137684,-0.8741731202851591,0.8002895788366249,0.7934161753736527
1.4687940421293182,-0.9855594853915648,-1.6613247691510074,-0.7030746009502787,-0.010684955963028146,1.005008717537774,1.5497031521926719,-0.6795627985903968,0.6598597181287641,-0.0728589679410847,-0.23059919977853552,0.8279990656580302,0.33567618536519256,0.41390077802624936,-1.16801537262705,-0.979783666890659,-0.8498551326477118,0.6908805007686505,0.6839176479160662
1.4687940421293182,-0.9855594853915648,-1.5168617455966513,1.7539324092703408,-0.010684955963028146,0.32533218808788134,-0.6874206446824462,-0.6795627985903968,0.6598597181287641,-0.11102814997066165,-0.25394107530151744,0.8113545753844413,0.33070743950590203,0.41390077802624936,-1.136442624347534,-0.9631575064831427,-0.8352846902111312,0.7651717916009765,0.7582697001442755
1.4687940421293182,-0.9855594853915648,-1.372398722042295,-0.7030746009502787,-0.010684955963028146,0.9934721450692561,1.527275904677207,-0.5296681607981737,0.3010334606746278,-0.11715907319942395,-0.26579848088941116,0.7907232319553342,0.2926557649028419,0.41390077802624936,-1.1090633633029572,-0.9433580968441387,-0.8086323312251226,0.6832552722992327,0.6762861599886817
1.4687940421293182,-0.9855594853915648,-1.227935698487939,1.7522930240493644,-0.010684955963028146,0.32538208196208446,-0.6874206446824462,-0.6795627985903968,1.0784903518252564,-0.1515402392025269,-0.28584098912581923,0.7705626853229702,0.2885699357250663,0.41390077802624936,-1.0725302057595596,-0.9168064240270065,-0.7847774622510648,0.7702004556956633,0.7633024378111333
1.4687940421293182,-0.9855594853915648,-1.083472674933583,-0.7030746009502787,-0.010684955963028146,1.0004661783996347,1.532791302281885,-0.6795627985903968,0.6598597181287641,-0.16043779384989987,-0.30372589762463437,0.7407566064305717,0.24342807398279903,0.41390077802624936,-1.040790431406487,-0.8923980824123616,-0.753592392122527,0.6928533576547813,0.6858921413998263
1.4687940421293182,-0.9855594853915648,-0.9390096513792268,1.7674758812090114,-0.010684955963028146,0.3359571775088519,-0.6874206446824462,-0.6795627985903968,1.0784903518252564,-0.19044374576131676,-0.3199409449914847,0.7242538525165657,0.2431318696767424,0.41390077802624936,-1.006647698967758,-0.8683308781023319,-0.7325928756996931,0.7867204359751278,0.7798360320495641
1.4687940421293182,-0.9855594853915648,-0.7945466278248707,-0.7030746009502787,-0.010684955963028146,1.0063770858026062,1.5418653718144546,-0.5296681607981737,0.7196640943711202,-0.18341240857286953,-0.3191742004217242,0.71006612580908,0.2133332282385897,0.41390077802624936,-0.9759937146022364,-0.8404799340887916,-0.6976334212169109,0.7008355553093172,0.6938807860732628
1.4687940421293182,-0.9855594853915648,-0.6500836042705146,1.7005035011603382,-0.010684955963028146,0.2638231873292011,-0.6874206446824462,-0.22987888521372726,0.36083783691698385,-0.06741790435463728,-0.22564179954301486,1.6031328367915705,0.32129156031529427,0.41390077802624936,-0.9689053497778469,-1.0356755334802588,-0.6800154789288787,0.7944748995120682,0.7834823056489407
1.4687940421293182,-0.9855594853915648,-0.5056205807161585,-0.7030746009502787,-0.010684955963028146,0.954305349220502,1.5299806794260689,0.03993149140240772,-0.596032182960713,0.1439969393559551,-0.004909118487826692,2.529162783354478,0.5220839024017572,0.3735723009606867,-1.0601546100901298,-1.2501282578125799,-0.7356015093926894,0.6703197227799014,0.6685265459162951
1.4687940421293182,-0.9855594853915648,-0.3611575571618023,-0.7030746009502787,-0.010684955963028146,-0.6865507261215884,-0.6874206446824462,0.06991039037071911,-0.6558365592030692,0.4204567197489998,0.19079860617845332,2.778884842719904,0.6554637249213436,-0.10643928377939516,-1.1315022196494606,-1.2938608457894252,-0.7622326885058319,-1.2676136780735823,-1.2761757670616813
1.4687940421293182,-0.9855594853915648,-0.2166945336074462,-0.7030746009502787,-0.010684955963028146,-0.6865507261215884,-0.6874206446824462,0.06991039037071911,-0.2970103017489328,0.7891576002211962,0.33510174322361047,2.79364946127692,0.6797020256361861,-0.4665111456966882,-1.1423548171099371,-1.2587566677308393,-0.7189443036057955,-1.2676136780735823,-1.2761757670616813
1.4687940421293182,-0.9855594853915648,-0.07223151005309006,-0.7030746009502787,-0.010684955963028146,-0.6865507261215884,-0.6874206446824462,0.2198050281629423,-0.8950540641724933,1.0968631181956379,0.5358113977555968,2.5376818845462488,0.6808201155167405,-0.6634746265185696,-1.1993155285700683,-1.1857344168092283,-0.6990826048891959,-1.2676136780735823,-1.2761757670616813
1.4687940421293182,-0.9855594853915648,0.07223151350126605,-0.7030746009502787,-0.010684955963028146,-0.6865507261215884,-0.6874206446824462,0.2198050281629423,-0.2970103017489328,1.1989074180450119,0.6834806965326065,2.117469219689823,0.6115310928461097,-0.22861714857839127,-1.2099495219198437,-1.0383154981395604,-0.6191774950419138,-1.2676136780735823,-1.2761757670616813
1.4687940421293182,-0.9855594853915648,0.2166945370556222,-0.7030746009502787,-0.010684955963028146,-0.6865507261215884,-0.6874206446824462,-0.07998424742150408,0.36083783691698385,1.2060728037895487,0.7813547363544243,1.6852305148264506,0.6827104523380854,0.3794902185065169,-1.1957224193282459,-0.8738294128901354,-0.5826201610783748,-1.2676136780735823,-1.2761757670616813
1.4687940421293182,-0.9855594853915648,0.3611575606099783,2.314525471032881,-0.010684955963028146,-0.6865507261215884,-0.6874206446824462,-0.07998424742150408,0.0020115794628475024,1.158059226579829,0.8386963760751539,1.3779469161183797,0.8173206619751379,0.41390077802624936,-1.1969930707853755,-0.7758191254935892,-0.6143672620600784,0.9288078321043184,0.9108315068067591
1.4687940421293182,-0.9855594853915648,0.5056205841643344,-0.7030746009502787,-0.010684955963028146,1.1388765970076284,1.4235826225243846,-0.07998424742150408,0.36083783691698385,0.8368559998502562,0.7176905849227929,0.758878138767182,0.3871359873058764,0.41390077802624936,-1.0871106420074836,-0.541466472043123,-0.42193130418367863,0.861119392739924,0.857573193402673
1.4687940421293182,-0.9855594853915648,0.6500836077186906,1.3821167953005433,-0.010684955963028146,0.6635567991496593,-0.6874206446824462,-0.07998424742150408,0.7196640943711202,0.48226356643264334,0.564113456615986,0.49073532586158186,0.2443061081757526,0.41390077802624936,-0.939608783660913,-0.378624482093309,-0.29423850572216587,0.8418240040075854,0.8355737705663555
1.4687940421293182,-0.9855594853915648,0.7945466312730467,-0.7030746009502787,-0.010684955963028146,1.0231522012644991,1.618726786412212,0.009952592434096328,0.0020115794628475024,0.4218933279330432,0.4697384716411061,0.6843803477557837,0.4601641824664253,0.41390077802624936,-0.8781308966299314,-0.4432692422711297,-0.3709292969255261,0.7710427304194616,0.7676857437558007
1.4687940421293182,-0.9855594853915648,0.9390096548274028,1.5602810602572459,-0.010684955963028146,0.47194852771287243,-0.6874206446824462,-0.22987888521372726,1.0784903518252564,0.17531460543086358,0.3028915135389519,0.6637548063998758,0.3648514957636767,0.41390077802624936,-0.7273502176417084,-0.3849078712392832,-0.28233148688578613,0.8090807987984198,0.8001104594384751
1.4687940421293182,-0.9855594853915648,1.083472678381759,-0.7030746009502787,-0.010684955963028146,1.0325491947040348,1.608055791092109,-0.22987888521372726,0.7196640943711202,0.14725530011202617,0.1859622708750001,0.6966102891923059,0.24790124725311022,0.41390077802624936,-0.6201467135500829,-0.36779093287859194,-0.20748880335188813,0.7299283641536475,0.7267424814996739
1.4687940421293182,-0.9855594853915648,1.227935701936115,1.6412251232476645,-0.010684955963028146,0.3913836233853838,-0.6874206446824462,-0.05000534845319268,0.8990772230981884,0.057291063800211366,0.11953032461713696,0.7597103218374816,0.2991730733841812,0.41390077802624936,-0.5336375712589243,-0.34969634228064356,-0.18413329900921743,0.8040706482113196,0.7941521843471783
1.4687940421293182,-0.9855594853915648,1.3723987254904713,-0.7030746009502787,-0.010684955963028146,0.9963145269090783,1.5607326922861353,-0.22987888521372726,0.7196640943711202,0.046678341530286854,0.06643082794706981,0.7717720031512241,0.28080433766820256,0.41390077802624936,-0.4849806827601904,-0.34782019554051224,-0.17031550628159664,0.7170886175425075,0.7101470756066256
1.4687940421293182,-0.9855594853915648,1.5168617490448273,1.723687633205053,-0.010684955963028146,0.389139445039414,-0.6874206446824462,-0.22987888521372726,0.7196640943711202,0.01135164278520541,0.018127311603100014,0.7962749871394634,0.31081862235114927,0.41390077802624936,-0.4282214630713339,-0.3455918511000027,-0.1702248913616029,0.7951996224498306,0.7883220354008834
1.4687940421293182,-0.9855594853915648,1.6613247725991833,-0.7030746009502787,-0.010684955963028146,0.9975067499241034,1.5585548570262437,-0.10996314638981547,0.5402509656440521,0.0046295981188576585,-0.012914015289183175,0.8110694449300758,0.3018185684363518,0.41390077802624936,-0.3819938037145592,-0.3406157573591274,-0.15561296257610943,0.7078911788705582,0.7009422559274359
1.4687940421293182,-0.8753145534909239,-1.6613247691510074,1.7472575134881025,-0.010684955963028146,0.3667930561568084,-0.6874206446824462,-0.22987888521372726,0.7196640943711202,-0.02870598914674627,-0.048334553000044175,0.8213971352248278,0.32491518057592655,0.41390077802624936,-0.3315808517642611,-0.3357470145183059,-0.15537867387935458,0.7925836458535525,0.785703841076818
1.4687940421293182,-0.8753145534909239,-1.5168617455966513,-0.7030746009502787,-0.010684955963028146,0.9580534565461201,1.5125295480533667,-0.22987888521372726,0.7196640943711202,-0.03099135355422539,-0.07367191257572411,0.8321085912183336,0.3164652203723771,0.41390077802624936,-0.29802957962063736,-0.3365771948120549,-0.14877644897369163,0.6669346267762113,0.6599523279188163
1.4687940421293182,-0.8753145534909239,-1.372398722042295,2.3908677886664074,-0.010684955963028146,-0.6865507261215884,-0.6874206446824462,-0.13994204535812688,0.8392728468558323,-0.04447990777381891,-0.0903962675878237,0.8224580857526996,0.34998187685001536,0.41390077802624936,-0.2672719571430966,-0.32340187788263003,-0.15142327803432748,0.8465273336485645,0.8396916138751324
1.4687940421293182,-0.8753145534909239,-1.227935698487939,-0.7030746009502787,-0.010684955963028146,1.1201135715263855,1.3066171173637486,-0.07998424742150408,0.7196640943711202,-0.015357368541802396,-0.10280681467568077,0.7261072004699418,0.3291727106014438,0.41390077802624936,-0.238473818039316,-0.2756010160995053,-0.12920318955663834,0.7153372037762485,0.7083944491215589
1.4687940421293182,-0.8753145534909239,-1.083472674933583,2.3703426856997813,-0.010684955963028146,-0.6865507261215884,-0.6874206446824462,-0.22987888521372726,0.7196640943711202,-0.014838175597728456,-0.1249060352062922,0.6480013487961793,0.33026394679491067,0.41390077802624936,-0.2075711022049482,-0.2395554031780238,-0.1217550798315641,0.8394095190812555,0.8325679230176356
1.4687940421293182,-0.8753145534909239,-0.9390096513792268,-0.7030746009502787,-0.010684955963028146,1.1907808700832354,1.286044303579812,-0.22987888521372726,0.9588815993405444,0.011829640319359127,-0.1477079889632722,0.5268979903776123,0.27894655077060015,0.41390077802624936,-0.17322784207040492,-0.1856088650197009,-0.09207247058128365,0.7386403175441246,0.7317164776272097
1.4687940421293182,-0.8753145534909239,-0.7945466278248707,1.5485459287595935,-0.010684955963028146,0.5238110656610014,-0.6874206446824462,-0.22987888521372726,0.7196640943711202,0.0016445656381302764,-0.16570004688472176,0.49288789501852176,0.2683523643405144,0.41390077802624936,-0.14166401148890007,-0.16803172744706205,-0.08286009928139192,0.7877633036549138,0.7808796665757062
1.4687940421293182,-0.8753145534909239,-0.6500836042705146,-0.7030746009502787,-0.010684955963028146,1.0225157144206294,1.495833787262114,-0.22987888521372726,0.7196640943711202,0.01678159014992834,-0.14870712254056448,0.5364805287000545,0.25127097810855115,0.41390077802624936,-0.1324958948770349,-0.1827761024813129,-0.07403267762956989,0.7070683163683071,0.7001186463308099
1.4687940421293182,-0.8753145534909239,-0.5056205807161585,1.616724824663792,-0.010684955963028146,0.3763098158142949,-0.6874206446824462,-0.22987888521372726,0.7196640943711202,0.051687180260269715,-0.06222431874063344,0.7268457215014525,0.3528340639179507,0.41390077802624936,-0.1702372799914853,-0.25275566021554197,-0.1137720145547197,0.7849463746170637,0.7748816846599199
1.4687940421293182,-0.8753145534909239,-0.3611575571618023,-0.7030746009502787,-0.010684955963028146,1.04050240377119,1.5532392320344939,-0.07998424742150408,0.7196640943711202,0.14149905894491926,0.07532840467855582,0.958704026353837,0.49217947371144133,0.41390077802624936,-0.23723715024217412,-0.32584535786425745,-0.15740910313482834,0.6900948450243649,0.6871725841524338
1.4687940421293182,-0.8753145534909239,-0.2166945336074462,2.3000307973304763,-0.010684955963028146,-0.6865507261215884,-0.6874206446824462,-0.07998424742150408,0.7794684706134762,0.26708163134823487,0.21059689722431152,1.072218273027721,0.6386313456060103,0.41390077802624936,-0.3039068246475921,-0.3536342769133222,-0.20100274022318096,0.8555468269563311,0.8413719903135765
1.4687940421293182,-0.8753145534909239,-0.07223151005309006,-0.7030746009502787,-0.010684955963028146,1.1961359367157347,1.3613981148044025,-0.07998424742150408,0.8392728468558323,0.38399943586499663,0.34346078974003785,1.1242479500086344,0.7793340872195627,0.41390077802624936,-0.3644013547087162,-0.35684114107310966,-0.23863544402038037,0.7053307427970401,0.7042504074955932
1.4687940421293182,-0.8753145534909239,0.07223151350126605,2.367847236808223,-0.010684955963028146,-0.6865507261215884,-0.6874206446824462,-0.07998424742150408,1.0784903518252564,0.45792427201914176,0.42982183283242975,1.1579596530317608,0.8685054170601977,0.41390077802624936,-0.402823859136112,-0.35659716175480566,-0.25951377663454805,0.8234896999846255,0.8166352526797253
1.4687940421293182,-0.8753145534909239,0.2166945370556222,-0.7030746009502787,-0.010684955963028146,1.2192389970574289,1.300623311417953,0.06991039037071911,0.7196640943711202,0.917535575440527,0.5544442648864379,1.1970689418654354,1.1968804402477102,-0.027494123979708317,-0.44968178282528315,-0.34597115761352587,-0.354807483388812,0.7131580021647825,0.711674150954644
1.4687940421293182,-0.8753145534909239,0.3611575606099783,2.2953290763502725,-0.010684955963028146,-0.6865507261215884,-0.6874206446824462,0.06991039037071911,0.7196640943711202,0.900308701244522,0.5890305678067881,1.1963453404507227,1.1817015970584952,0.41390077802624936,-0.45462098242903065,-0.33254470463912683,-0.33609539323550625,0.8008158657319047,0.7901037256440815
1.4687940421293182,-0.8753145534909239,0.5056205841643344,-0.7030746009502787,-0.010684955963028146,1.2691809869463477,1.2952501602811193,-0.07998424742150408,1.0784903518252564,0.8250943833703343,0.5580003733220514,1.0687527775925398,1.0599095473912339,0.41390077802624936,-0.40459076843660846,-0.2603096936512433,-0.26473712631187285,0.7117824305768125,0.7086928643282887
1.4687940421293182,-0.8753145534909239,0.6500836077186906,1.4555311530126276,-0.010684955963028146,0.5673080640344099,-0.6874206446824462,-0.07998424742150408,1.0784903518252564,0.6678018076547747,0.4969446841336434,1.087255589025104,1.0304372189385995,0.41390077802624936,-0.3402425877404227,-0.24548464278907323,-0.23192055092503847,0.756899309337193,0.7483419706501546
1.4687940421293182,-0.8753145534909239,0.7945466312730467,-0.7030746009502787,-0.010684955963028146,1.0733001472085668,1.5221790882227588,-0.05000534845319268,0.8392728468558323,0.5701235673615489,0.39554584577243634,1.0802740372311477,0.8440677480624325,0.41390077802624936,-0.2634561464698652,-0.23433467950732909,-0.15172874857184848,0.6777670058851364,0.6742770765392581
1.4687940421293182,-0.8753145534909239,0.9390096548274028,1.5859701370860562,-0.010684955963028146,0.41331266099320874,-0.6874206446824462,-0.22987888521372726,0.7196640943711202,0.3852117579283632,0.27418381757858956,1.0776340939254667,0.808635528572549,0.41390077802624936,-0.18137789499582938,-0.2347623481435028,-0.13933393761193633,0.7511347782516333,0.7411849178731127
1.4687940421293182,-0.8753145534909239,1.083472678381759,-0.7030746009502787,-0.010684955963028146,1.012751995775735,1.516711385022005,-0.22987888521372726,0.7196640943711202,0.33550982280731007,0.19166206353877346,1.0664733916928153,0.7231659388095282,0.41390077802624936,-0.1271954079944108,-0.2309898857062605,-0.10601057372075152,0.67791852905888,0.6709449780717952
1.4687940421293182,-0.8753145534909239,1.227935701936115,1.6941335489459801,-0.010684955963028146,0.39768029306940583,-0.6874206446824462,-0.13994204535812688,0.8990772230981884,0.2599025138003913,0.12248737037165805,1.0562335613636524,0.6820635226037035,0.41390077802624936,-0.07686801774124487,-0.22692833488564113,-0.08934004863236457,0.7562881838440402,0.7493788509226464
1.4687940421293182,-0.8753145534909239,1.3723987254904713,-0.7030746009502787,-0.010684955963028146,1.0001227788419642,1.5294165048322808,-0.22987888521372726,0.7196640943711202,0.20667085133411003,0.06063501826820848,1.0192834726277171,0.5938808966967465,0.41390077802624936,-0.02995875703379445,-0.21994922515911652,-0.06095159511895829,0.6753066865468201,0.6683310819091436
1.4687940421293182,-0.8753145534909239,1.5168617490448273,1.724753860685931,-0.010684955963028146,0.366508755213236,-0.6874206446824462,-0.37977352300595046,1.0784903518252564,0.13386613799255764,0.0015581145211788275,0.9867611946104469,0.5539217965623766,0.41390077802624936,0.016039211344481642,-0.2216520923656257,-0.05935218719376792,0.7603203538993039,0.7534142104671488
1.4687940421293182,-0.8753145534909239,1.6613247725991833,-0.7030746009502787,-0.010684955963028146,1.0089626763192239,1.5447567404593707,-0.19989998624541588,0.8990772230981884,0.09848320424345812,-0.03780259968564756,0.9488197802250313,0.48385564446239404,0.41390077802624936,0.05745926739788675,-0.21479508073350567,-0.038525166642729224,0.688341813572977,0.6813770251718023
1.4687940421293182,-0.7650696215902829,-1.6613247691510074,1.7500844227795307,-0.010684955963028146,0.35458307328552413,-0.6874206446824462,-0.37977352300595046,1.0784903518252564,0.04198794985794129,-0.0797481197696612,0.9190070703918336,0.45978009336626396,0.41390077802624936,0.09824592587364836,-0.21679267495652602,-0.04261331880427726,0.7709503426243203,0.7640527739893715
1.4687940421293182,-0.7650696215902829,-1.5168617455966513,-0.7030746009502787,-0.010684955963028146,0.9656646258467257,1.5042765335006334,-0.37977352300595046,1.0784903518252564,0.013412721072007755,-0.11840401342370409,0.8720077908747126,0.3903519197716341,0.41390077802624936,0.13395793214344184,-0.21705075085766534,-0.033148972522041534,0.6539816422060459,0.6469886637460789
1.4687940421293182,-0.7650696215902829,-1.372398722042295,2.393840540533778,-0.010684955963028146,-0.6865507261215884,-0.6874206446824462,-0.19989998624541588,0.8990772230981884,-0.020597032346417625,-0.14199080191270755,0.8180335905044342,0.3764962309825512,0.41390077802624936,0.16953135256576765,-0.20057900224982236,-0.03132750345556535,0.8365933090145738,0.8297493525019457
1.4687940421293182,-0.7650696215902829,-1.227935698487939,-0.7030746009502787,-0.010684955963028146,1.1821409665000564,1.3605435900674265,-0.37977352300595046,1.0784903518252564,-0.011011579742916488,-0.17931567708948012,0.6184372992429515,0.27809130152426637,0.41390077802624936,0.2052932497406495,-0.14008319170620018,-0.006700333344115296,0.6924311418361295,0.6911686462211528
1.4687940421293182,-0.7650696215902829,-1.083472674933583,1.602811550419537,-0.010684955963028146,0.44791034947730873,-0.6874206446824462,-0.37977352300595046,0.7196640943711202,-0.03652461639144666,-0.20566399842547045,0.5832841954635991,0.2724739984344068,0.41390077802624936,0.21848951464595304,-0.1503635042622564,-0.029289650327128252,0.7632109774819166,0.7563072824473447
1.4687940421293182,-0.7650696215902829,-0.9390096513792268,-0.7030746009502787,-0.010684955963028146,1.0069654569606619,1.4918916774289894,-0.25985778418203864,0.7794684706134762,-0.047745461379241155,-0.22285800188093513,0.572634075672486,0.22277514736819143,0.41390077802624936,0.2278314058595994,-0.1676450473363634,-0.03131025386838582,0.6881789666033309,0.6812141043867839
1.4687940421293182,-0.7650696215902829,-0.7945466278248707,1.6837663634769784,-0.010684955963028146,0.38101322870196114,-0.6874206446824462,-0.37977352300595046,1.0784903518252564,-0.07714459836357919,-0.22881453569374807,0.6066508019723758,0.23921448635433418,0.41390077802624936,0.23798360249791758,-0.18810157460599944,-0.04606629312905003,0.7693486546038836,0.7624499691307289
1.4687940421293182,-0.7650696215902829,-0.6500836042705146,-0.7030746009502787,-0.010684955963028146,1.0367764715007732,1.55695793123871,-0.37977352300595046,1.0784903518252564,-0.026359812467480145,-0.15614844120988283,0.9016837375539268,0.2825872597411973,0.41390077802624936,0.19307841365428216,-0.29920650310405134,-0.06647714009573201,0.6850203465176916,0.6820602281622441
1.4687940421293182,-0.7650696215902829,-0.5056205807161585,1.7130798254025246,-0.010684955963028146,0.33865322490420835,-0.6874206446824462,-0.16992108727710448,0.6598597181287641,-0.011184862022739654,-0.10043004566451746,0.9259587829521937,0.35609149753648,0.41390077802624936,0.16245503868463615,-0.30323443899637104,-0.0910217742077661,0.760135218823437,0.7532289801776492
1.4687940421293182,-0.7650696215902829,-0.3611575571618023,-0.7030746009502787,-0.010684955963028146,0.9794047921262222,1.529550593046822,-0.09497376838099289,0.5402509656440521,0.2678094169234922,0.15902601926546384,1.873334556815322,0.6452251464081445,0.24920520259495296,-0.0010912044968474437,-0.6110487230119006,-0.1946540187442956,0.6741541757638508,0.6720977040281066
1.4687940421293182,-0.7650696215902829,-0.2166945336074462,2.2408977244903943,-0.010684955963028146,-0.6865507261215884,-0.6874206446824462,-0.0050369285253924825,0.4206422131593399,0.8304661340448524,0.34163020447412135,2.231912626943195,0.7875952578654057,-0.6034593501555249,-0.10687390237834801,-0.7085010025986724,-0.2353663197260527,0.8249668262501342,0.7723979613858006
1.4687940421293182,-0.7650696215902829,-0.07223151005309006,-0.7030746009502787,-0.010684955963028146,-0.6865507261215884,2.085573627483509,0.06991039037071911,0.3010334606746278,1.2470570054970076,0.4747070042841732,2.108645095221289,0.9965543758188584,-0.9942002782681206,-0.17559657547720875,-0.6578929689967685,-0.29707267840052365,0.20518923405664427,0.2508912916454888
1.4687940421293182,-0.7650696215902829,0.07223151350126605,-0.7030746009502787,-0.010684955963028146,-0.6865507261215884,-0.6874206446824462,-0.0050369285253924825,0.4206422131593399,1.539904712293555,0.5714260568230487,1.7487889112543709,1.1409669949909607,-1.23160984923548,-0.2304445155653373,-0.5420563598171557,-0.34568943894539567,-1.2676136780735823,-1.2761757670616813
1.4687940421293182,-0.7650696215902829,0.2166945370556222,2.2787307936992907,-0.010684955963028146,-0.6865507261215884,-0.6874206446824462,-0.07998424742150408,0.7196640943711202,1.6990844301206982,0.6402577326826397,1.378051353435967,1.3465596370813466,-1.1452271177385838,-0.2630049591542835,-0.40871461407261683,-0.40761065323739387,0.8189497565416688,0.8045385890664579
1.4687940421293182,-0.7650696215902829,0.3611575606099783,-0.7030746009502787,-0.010684955963028146,1.3662340908092323,1.139005175699137,0.0998892893390305,0.0020115794628475024,1.7406440597762491,0.7303926619332722,1.1140827177634627,1.9874163694410092,-0.8545120383930427,-0.3209560171313619,-0.32807522039830317,-0.6312552629564503,0.7555028875853389,0.7522211636632888
1.4687940421293182,-0.7650696215902829,0.5056205841643344,2.289141158604167,-0.010684955963028146,-0.6865507261215884,-0.6874206446824462,-0.07998424742150408,0.36083783691698385,1.6300415769897973,0.7567451579220924,1.0024160169697554,2.5181819359707407,-0.25523846164710884,-0.337749970636926,-0.29563464588408117,-0.7981207821566462,0.7689356056676292,0.7609568697253148
1.4687940421293182,-0.7650696215902829,0.6500836077186906,-0.7030746009502787,-0.010684955963028146,1.3938047971781025,1.1265284869813406,-0.07998424742150408,0.36083783691698385,1.4993631977688895,0.7648175449441992,0.9714312883502992,3.067532695209338,0.3756334410740514,-0.3396207590683069,-0.28755665330791547,-0.9531664038531792,0.7161532360523996,0.7123233780024814
1.4687940421293182,-0.7650696215902829,0.7945466312730467,1.331836044318167,-0.010684955963028146,0.6796610145923935,-0.6874206446824462,-0.07998424742150408,0.12162033194755961,1.1623226245588747,0.7104419960591222,1.052976111696046,3.0450455803918413,0.41390077802624936,-0.31628699967546003,-0.3355069388690948,-0.9616665200469998,0.7392012947982805,0.7309679835181487
1.4687940421293182,-0.7650696215902829,0.9390096548274028,-0.7030746009502787,-0.010684955963028146,2.8475677352004944,-0.6874206446824462,-0.37977352300595046,0.7196640943711202,0.9677449333885341,0.5558845201127576,1.1228173245312072,2.3103270741802517,0.41390077802624936,-0.22655639923255752,-0.37415933526258854,-0.7676189266899406,0.5049425138494503,0.5116882733214301
1.4687940421293182,-0.7650696215902829,1.083472678381759,1.781618669384203,-0.010684955963028146,0.15099823235331084,-0.6874206446824462,-0.37977352300595046,1.0784903518252564,0.5799718859140648,0.4176395000992746,1.3626319294750302,1.5768169838876018,0.41390077802624936,-0.14050254157768846,-0.4608463798437685,-0.54305921545355,0.7040056789336512,0.6900918544498185
1.4687940421293182,-0.7650696215902829,1.227935701936115,-0.7030746009502787,-0.010684955963028146,0.7723747111907285,1.7519820223727984,-0.16992108727710448,0.24122908443227173,0.5642666263035259,0.32319911223005937,1.4015464344227282,0.6804523013784504,0.41390077802624936,-0.08686499823039925,-0.4885546230649141,-0.2416707163163628,0.6660546060660713,0.6605274628508537
1.4687940421293182,-0.7650696215902829,1.3723987254904713,2.3108328230105504,-0.010684955963028146,-0.6865507261215884,-0.6874206446824462,-0.37977352300595046,0.7196640943711202,0.45155729255258265,0.23580275523584923,1.3552384304839236,0.7177048753536325,0.41390077802624936,-0.031577439732216765,-0.4764732009635117,-0.25926769708073377,0.8046614627689646,0.7916932266697766
1.4687940421293182,-0.7650696215902829,1.5168617490448273,-0.7030746009502787,-0.010684955963028146,1.14277354916132,1.4489675506410988,-0.5296681607981737,1.0784903518252564,0.4234594074054073,0.14762712971338882,1.072599552123675,0.5628429169120986,0.41390077802624936,0.019063516064523812,-0.39293359802370553,-0.21380302565641443,0.697242496895163,0.694957373170244
1.4687940421293182,-0.7650696215902829,1.6613247725991833,1.5669570310461864,-0.010684955963028146,0.4791531194683471,-0.6874206446824462,-0.28983668315035005,0.6598597181287641,0.3159171550701722,0.09351875860942623,0.9989173668305781,0.5682535279861934,0.41390077802624936,0.04977197069357172,-0.37561540383422665,-0.22462790583378478,0.7670682578004632,0.7579336248565867
1.4687940421293182,-0.654824689689642,-1.6613247691510074,-0.7030746009502787,-0.010684955963028146,1.041162007064114,1.5999774468344492,-0.40975242197426187,0.6598597181287641,0.28325704174818084,0.03504370064537556,0.9530801596885166,0.45641036251082306,0.41390077802624936,0.07548265813463792,-0.37636664326409774,-0.1996094539473257,0.6901288164120725,0.6865620405573206
1.4687940421293182,-0.654824689689642,-1.5168617455966513,2.276186969506129,-0.010684955963028146,-0.6865507261215884,-0.6874206446824462,-0.5296681607981737,1.0784903518252564,0.17159982568869223,-0.02053414825471609,0.9182743514335222,0.47544230292305484,0.41390077802624936,0.10344229260652285,-0.37763620320129904,-0.22120222515961252,0.8099295442627337,0.7961262684822323
1.4687940421293182,-0.654824689689642,-1.372398722042295,-0.7030746009502787,-0.010684955963028146,1.18261689339235,1.3620942857529108,-0.5296681607981737,0.3010334606746278,0.1784761896683919,-0.0703600213306605,0.7133675054594811,0.3788951603623724,0.41390077802624936,0.1143621343303793,-0.33800745579357905,-0.2185835631463964,0.6916503391472308,0.6897492295828325
1.4687940421293182,-0.654824689689642,-1.227935698487939,2.3664221362565674,-0.010684955963028146,-0.6865507261215884,-0.6874206446824462,-0.5296681607981737,0.7196640943711202,0.14822371919284924,-0.1031936658379193,0.664158464921027,0.383863906221663,0.41390077802624936,0.12540128039249052,-0.33561320541662276,-0.23627508911644757,0.813512357337738,0.8066498050180476
1.4687940421293182,-0.654824689689642,-1.083472674933583,-0.7030746009502787,-0.010684955963028146,1.2023989254196867,1.2921556720475609,-0.4697103628615509,0.48044658940169593,0.150870033858677,-0.13053068411912713,0.563132766374834,0.33778704791989284,0.41390077802624936,0.12856682216751714,-0.3196929585033993,-0.23969945969539097,0.730190788630119,0.7232601520570809
1.4687940421293182,-0.654824689689642,-0.9390096513792268,1.5184527286393272,-0.010684955963028146,0.542814460372682,-0.6874206446824462,-0.40975242197426187,0.48044658940169593,0.11912602798586397,-0.15088977019513686,0.5418167783082096,0.3310516549494788,0.41390077802624936,0.13522617341191984,-0.32320062205384237,-0.24867077347317895,0.7684535354992069,0.7615539048131275
1.4687940421293182,-0.654824689689642,-0.7945466278248707,-0.7030746009502787,-0.010684955963028146,1.02362718676294,1.5000754514216397,-0.5296681607981737,1.0784903518252564,0.0956361436911937,-0.16505645457344365,0.5676418061182892,0.2862987647959343,0.41390077802624936,0.13811984590704465,-0.33874763482768705,-0.23823411818195037,0.7009290215612112,0.6939745269269543
1.4687940421293182,-0.654824689689642,-0.6500836042705146,1.581550426197417,-0.010684955963028146,0.361202327263136,-0.6874206446824462,-0.22987888521372726,0.7196640943711202,0.1424066657539553,-0.05307695861482434,1.5474644310470969,0.38947063058630627,0.41390077802624936,0.06417863233971459,-0.6532517233158589,-0.2666153661715981,0.7773790233267033,0.7672411910610016
1.4687940421293182,-0.654824689689642,-0.5056205807161585,-0.7030746009502787,-0.010684955963028146,-0.6865507261215884,2.8325782339497403,-0.12495266734930428,0.0020115794628475024,0.2824481731438742,0.1189730084643437,2.0093707939136847,0.6290429518195674,0.41390077802624936,-0.055580508513616185,-0.7941143213088098,-0.359706147798593,0.5891602801184986,0.5931001580089881
1.4687940421293182,-0.654824689689642,-0.3611575571618023,-0.7030746009502787,-0.010684955963028146,-0.6865507261215884,-0.6874206446824462,-0.035015827493703876,-0.17740154926422066,0.4744266301168673,0.30185272075977543,2.4294980854073205,0.8762254452238218,0.41390077802624936,-0.1793581569057789,-0.9138819252649363,-0.4516409887353548,-1.2676136780735823,-1.2761757670616813
1.4687940421293182,-0.654824689689642,-0.2166945336074462,-0.7030746009502787,-0.010684955963028146,-0.6865507261215884,-0.6874206446824462,0.06991039037071911,0.0020115794628475024,0.7693654943884127,0.4470937631407195,2.4535957531392087,0.9687453484694651,0.12230767628213364,-0.26390010321949203,-0.908582694471374,-0.469261114515435,-1.2676136780735823,-1.2761757670616813
1.4687940421293182,-0.654824689689642,-0.07223151005309006,-0.7030746009502787,-0.010684955963028146,-0.6865507261215884,-0.6874206446824462,0.1898261291946309,-0.536227806718357,1.047601254675796,0.5809080849507224,2.169361304649153,0.9357340295579291,0.08778416162624499,-0.3514772001021796,-0.8332160733889932,-0.4608096901942857,-1.2676136780735823,-1.2761757670616813
1.4687940421293182,-0.654824689689642,0.07223151350126605,-0.7030746009502787,-0.010684955963028146,-0.6865507261215884,-0.6874206446824462,0.06991039037071911,-0.2970103017489328,1.2224496139713268,0.6457320940935978,1.7107190223909707,0.8099814679193007,-0.020310410217365512,-0.39650820079342913,-0.7041943881072233,-0.4212210142204507,-1.2676136780735823,-1.2761757670616813
1.4687940421293182,-0.654824689689642,0.2166945370556222,2.2771822465446565,-0.010684955963028146,-0.6865507261215884,-0.6874206446824462,0.2198050281629423,-0.596032182960713,1.4455306054340895,0.7114919212458451,1.2770695848725688,0.9106893044823664,-0.031461527576450404,-0.44763456858460426,-0.5788185128876828,-0.4656605361282146,0.8980099831340917,0.8771656458472606
1.4687940421293182,-0.654824689689642,0.3611575606099783,-0.7030746009502787,-0.010684955963028146,1.2263839672022208,1.279126104779011,0.06991039037071911,-0.47642343047600094,1.4854718439856316,0.7635067039556067,0.9086768934942818,1.59146200832744,0.3731507570504957,-0.4975163149560872,-0.478867451340468,-0.7073608782909355,0.8331927551307627,0.8299834999618215
1.4687940421293182,-0.654824689689642,0.5056205841643344,1.2924162652167057,-0.010684955963028146,0.6929978459055857,-0.6874206446824462,0.06991039037071911,-0.2970103017489328,1.4199659110493101,0.7912904100896152,0.8695153860018138,2.1327281802564975,0.41390077802624936,-0.5141579445388695,-0.4618157910018296,-0.8634973726146701,0.8084533167111855,0.8021557702483865
1.4687940421293182,-0.654824689689642,0.6500836077186906,-0.7030746009502787,-0.010684955963028146,2.848125040361405,-0.6874206446824462,-0.07998424742150408,-0.2970103017489328,1.2702454440143252,0.7876605494540067,1.0974945904866669,2.4748352025228715,0.41390077802624936,-0.5285291764118336,-0.5590310311264626,-0.9759210111842289,0.5501269758996619,0.5576079877973292
1.4687940421293182,-0.654824689689642,0.7945466312730467,1.7786296132485144,-0.010684955963028146,0.18838213284401062,-0.6874206446824462,-0.07998424742150408,-0.536227806718357,0.909782991630778,0.7212717412753858,1.4462580393641258,2.468860664019938,0.41390077802624936,-0.5228567974202659,-0.7056396131536035,-1.0068818366794328,0.72673828907939,0.7132961952024722
1.4687940421293182,-0.654824689689642,0.9390096548274028,-0.7030746009502787,-0.010684955963028146,2.6047776581705344,-0.6874206446824462,-0.22987888521372726,0.0020115794628475024,0.7605706013181426,0.5710044168872276,1.5096025879512718,1.7170176429274262,0.41390077802624936,-0.44025047361266195,-0.7278144054356149,-0.8013813908319866,0.34663386996127177,0.3793068461826365
1.4687940421293182,-0.654824689689642,1.083472678381759,1.9022682840911054,-0.010684955963028146,-0.007840171364076607,-0.6874206446824462,-0.37977352300595046,0.7196640943711202,0.43513470969311535,0.42495836228558215,1.6623322185116174,1.005574773435995,0.41390077802624936,-0.3557155168460385,-0.76703435194111,-0.5742934141531687,0.6963112494892735,0.6814464097774823
1.4687940421293182,-0.654824689689642,1.227935701936115,-0.7030746009502787,-0.010684955963028146,0.5551825974112516,1.9957619271044267,-0.19989998624541588,-0.2970103017489328,0.427775770911493,0.3166191635946462,1.5928714559048105,0.19162731159091265,0.41390077802624936,-0.30837097606810704,-0.7709386716454891,-0.3177226177464662,0.6952502277874849,0.6884890495911759
1.4687940421293182,-0.654824689689642,1.3723987254904713,2.3098015332474966,-0.010684955963028146,-0.6865507261215884,-0.6874206446824462,-0.37977352300595046,0.0020115794628475024,0.334618563383163,0.22084010371797255,1.4799282990072573,0.2285307876339566,0.41390077802624936,-0.26288059341986036,-0.7505424343762873,-0.3464488574797045,0.8211916883875789,0.8087370740703318
1.4687940421293182,-0.654824689689642,1.5168617490448273,-0.7030746009502787,-0.010684955963028146,1.0357815227975868,1.5715720823218482,-0.42474194293375067,0.12162033194755961,0.3267567790423557,0.14096855844967898,1.1432232159731415,0.19889733705879697,0.41390077802624936,-0.23210634064062344,-0.668710686664609,-0.3581311949843407,0.7221566453086652,0.7198803644653601
1.4687940421293182,-0.654824689689642,1.6613247725991833,1.5858619197446933,-0.010684955963028146,0.4555508065866709,-0.6874206446824462,-0.4697103628615509,0.18142470818991568,0.23138221222768474,0.07300938503153966,1.0206651949167502,0.25389857070266336,0.41390077802624936,-0.2057140518488815,-0.6471132036673309,-0.3963316067140309,0.7746983393252678,0.7659085563483695
1.4687940421293182,-0.5445797577890011,-1.6613247691510074,-0.7030746009502787,-0.010684955963028146,0.986736785849788,1.6552939603893402,-0.6795627985903968,0.6598597181287641,0.19626933727695112,-0.007614989297081396,0.9183083350051181,0.19306845946461124,0.41390077802624936,-0.17391402277951873,-0.6338066800822849,-0.39517632107141215,0.7036925669898064,0.6999448778050804
1.4687940421293182,-0.5445797577890011,-1.5168617455966513,2.2994839772545834,-0.010684955963028146,-0.6865507261215884,-0.6874206446824462,-0.82945743638262,0.6598597181287641,0.08852960853225719,-0.07391891286816057,0.871979609376316,0.24633478217300306,0.41390077802624936,-0.157627655003984,-0.6450728859547943,-0.4424567844828828,0.8323001524251755,0.8187194516167139
1.4687940421293182,-0.5445797577890011,-1.372398722042295,-0.7030746009502787,-0.010684955963028146,1.1679700602332048,1.4076583396352047,-0.6196050006537741,0.12162033194755961,0.10641953265935916,-0.1170451639275677,0.6631265247591518,0.20647170431367357,0.41390077802624936,-0.15308806467867364,-0.6039253943994453,-0.45515226229781025,0.7140450328438146,0.7121641413558176
1.4687940421293182,-0.5445797577890011,-1.227935698487939,2.30872330152511,-0.010684955963028146,-0.6865507261215884,-0.6874206446824462,-0.82945743638262,0.6598597181287641,0.0420101823013903,-0.17159952710885923,0.5952828828397493,0.2234188221101991,0.41390077802624936,-0.14000146335701844,-0.6047577433982458,-0.484954963610733,0.8327922881899557,0.8209174494939917
1.4687940421293182,-0.5445797577890011,-1.083472674933583,-0.7030746009502787,-0.010684955963028146,1.198300514981477,1.3200732148498489,-0.7545101174865084,0.48044658940169593,0.056290603845005914,-0.19930808949192924,0.4811444988631407,0.18158891510872985,0.41390077802624936,-0.1333987515459286,-0.5805669229002755,-0.4835640791761306,0.7501287578442286,0.743214264083487
1.4687940421293182,-0.5445797577890011,-0.9390096513792268,1.5355245517426634,-0.010684955963028146,0.5505354589561248,-0.6874206446824462,-0.6795627985903968,0.3010334606746278,0.02998177650008029,-0.22407700050726947,0.4481116384043321,0.18080527569462948,0.41390077802624936,-0.13574386510394662,-0.5872090158617828,-0.5013912000023651,0.786902515423529,0.7800181922237681
1.4687940421293182,-0.5445797577890011,-0.7945466278248707,-0.7030746009502787,-0.010684955963028146,1.0289193892059296,1.5254024350213058,-0.6795627985903968,0.6598597181287641,0.013578810502479772,-0.2369363227743421,0.47221096387142014,0.15079180475977635,0.41390077802624936,-0.14098723051552756,-0.6048869982193206,-0.501490548890551,0.7182635961744899,0.7113231344391834
1.4687940421293182,-0.5445797577890011,-0.6500836042705146,1.6130706977149596,-0.010684955963028146,0.38633335916258654,-0.6874206446824462,-0.5296681607981737,0.7196640943711202,0.04448059910581265,-0.16603332333564308,1.1043435234646395,0.25336556570138014,0.41390077802624936,-0.19155732676591075,-0.7899154914584247,-0.5282531742249856,0.7941526206858261,0.7840058626440125
1.4687940421293182,-0.5445797577890011,-0.5056205807161585,-0.7030746009502787,-0.010684955963028146,0.9793008204051366,1.5446213971289366,-0.16992108727710448,-0.2970103017489328,0.19726652775517878,0.04514914359564949,1.93542088438582,0.46812589381383746,0.41390077802624936,-0.3317522161773907,-1.0187832729629125,-0.6025829554767986,0.6890568303999657,0.6868397836543936
1.4687940421293182,-0.5445797577890011,-0.3611575571618023,-0.7030746009502787,-0.010684955963028146,-0.6865507261215884,-0.6874206446824462,-0.07998424742150408,0.0020115794628475024,0.3563291983065169,0.2822735989874876,2.06850055075534,0.6598921420465089,0.41390077802624936,-0.46664348546099943,-1.0388581081434685,-0.6481943575667464,-1.2676136780735823,-1.2761757670616813
1.4687940421293182,-0.5445797577890011,-0.2166945336074462,2.2786587682502377,-0.010684955963028146,-0.6865507261215884,-0.6874206446824462,0.06991039037071911,-0.2970103017489328,0.7633398483183355,0.44345555319945107,2.05716247085631,0.7088919835003543,-0.18170001006570013,-0.5505416703858671,-1.0098026653442747,-0.6325481085980957,0.878769775438929,0.8626450238709612
1.4687940421293182,-0.5445797577890011,-0.07223151005309006,-0.7030746009502787,-0.010684955963028146,-0.6865507261215884,2.802109040537505,0.2198050281629423,-0.7754453116877812,1.116772925199622,0.6310707133549465,1.9317083864058686,0.8914815944819252,-0.6763480185825508,-0.6583009639805543,-0.9719882565827156,-0.6844320282944522,0.622400294405039,0.6303058619042832
1.4687940421293182,-0.5445797577890011,0.07223151350126605,-0.7030746009502787,-0.010684955963028146,-0.6865507261215884,-0.6874206446824462,0.2198050281629423,-0.2970103017489328,1.4724220535764583,0.7148379054890197,1.6036152377347122,1.1098272966946174,-0.9128539484606609,-0.685111661522216,-0.8406326109244237,-0.7056453085887894,-1.2676136780735823,-1.2761757670616813
1.4687940421293182,-0.5445797577890011,0.2166945370556222,2.2908366233414457,-0.010684955963028146,-0.6865507261215884,-0.6874206446824462,0.06991039037071911,0.0020115794628475024,1.6212859176432608,0.7459703789680893,1.1981622182297031,1.30093359522341,-0.980126301200253,-0.6833502956556183,-0.685985506753056,-0.727384373768295,0.8427929973998167,0.8270695511976158
1.4687940421293182,-0.5445797577890011,0.3611575606099783,-0.7030746009502787,-0.010684955963028146,1.4273054480256362,1.093135082724996,0.06991039037071911,-0.057792796779508555,1.6753382188309687,0.8098370010619714,0.9168055980464996,1.9248017086337752,-0.725717564484364,-0.7089308329094974,-0.5773372873374463,-0.8906425457559215,0.7804296179942883,0.777133921240753
1.4687940421293182,-0.5445797577890011,0.5056205841643344,1.3059939582020654,-0.010684955963028146,0.7444503545311231,-0.6874206446824462,0.06991039037071911,0.0020115794628475024,1.500341425280646,0.8868816105889429,0.9888582296381935,2.0306784730871477,-0.09926605039051013,-0.7333479721012437,-0.5707491951317235,-0.8941725973499901,0.781380097878933,0.7742265220558444
1.4687940421293182,-0.5445797577890011,0.6500836077186906,-0.7030746009502787,-0.010684955963028146,2.8485350696839964,-0.6874206446824462,0.06991039037071911,0.0020115794628475024,1.335286457324404,0.8770489116235565,1.2445050346077036,2.3545876467371913,0.41390077802624936,-0.705843381246783,-0.6166318372967161,-0.9522788143356503,0.5325653861399562,0.5391606883579907
1.4687940421293182,-0.5445797577890011,0.7945466312730467,1.7634739895919918,-0.010684955963028146,0.19173061847907746,-0.6874206446824462,0.06991039037071911,-0.35681467799128885,0.9626792057591375,0.7787295754998813,1.5621818041509186,2.3867103527305575,0.41390077802624936,-0.6457400248038155,-0.7089258519182791,-0.9565143522104412,0.7006399951515083,0.6872331677609331
1.4687940421293182,-0.5445797577890011,0.9390096548274028,-0.7030746009502787,-0.010684955963028146,2.139266765862398,-0.6874206446824462,-0.22987888521372726,0.36083783691698385,0.8100972924731858,0.599012162723108,1.5659622692740618,1.5321755772228753,0.41390077802624936,-0.5360759591177597,-0.7023561937054948,-0.7031397514636618,0.11524432320279392,0.15865837624997448
1.4687940421293182,-0.5445797577890011,1.083472678381759,1.8297560361700176,-0.010684955963028146,0.07886711865487721,-0.6874206446824462,-0.22987888521372726,0.36083783691698385,0.4845966652039983,0.44693790943506945,1.6489841346828302,0.9187120469367958,0.41390077802624936,-0.4432485072764016,-0.7246897351972829,-0.5021217964416398,0.6972106824209606,0.6834323650250126
1.4687940421293182,-0.5445797577890011,1.227935701936115,-0.7030746009502787,-0.010684955963028146,0.5815353493331178,1.954362556940237,-0.22987888521372726,0.36083783691698385,0.4710387980724755,0.32130869027358083,1.5455878748009237,0.16673557115693974,0.41390077802624936,-0.36249513650415666,-0.6906718614990388,-0.22716752543486182,0.6860427235191777,0.6794062158263969
1.4687940421293182,-0.5445797577890011,1.3723987254904713,2.3095747068333154,-0.010684955963028146,-0.6865507261215884,-0.6874206446824462,-0.37977352300595046,0.7196640943711202,0.37027613319839736,0.2230088358631119,1.4401211036544672,0.23718499860899014,0.41390077802624936,-0.3011857216599227,-0.6579775484937805,-0.2533510886781558,0.8132019415357747,0.8009533084242867
1.4687940421293182,-0.5445797577890011,1.5168617490448273,-0.7030746009502787,-0.010684955963028146,1.0499752317155417,1.5580860712403042,-0.5296681607981737,1.0784903518252564,0.35448390550024905,0.1344136577312453,1.1082549496685667,0.2064253206723405,0.41390077802624936,-0.24419656997370245,-0.5532154316601166,-0.2414490918734866,0.7207546515302559,0.7182579108688257
1.4687940421293182,-0.5445797577890011,1.6613247725991833,1.5746042703906369,-0.010684955963028146,0.4690341815429628,-0.6874206446824462,-0.6795627985903968,0.6598597181287641,0.24238204057178026,0.054987408764809044,0.9858071680029622,0.25525753001891216,0.41390077802624936,-0.20523394226948047,-0.5317667218293777,-0.28047246175608365,0.7720165768670797,0.7632653917532334
1.4687940421293182,-0.4343348258883602,-1.6613247691510074,-0.7030746009502787,-0.010684955963028146,0.9911817338251777,1.65099769868848,-0.5296681607981737,0.7196640943711202,0.21892485104688794,-0.0009125841786574932,0.9277582545115762,0.2231112253308326,0.41390077802624936,-0.17906483694687778,-0.5275177948923009,-0.2847407520115951,0.7025330462379451,0.6987352523786242
1.4687940421293182,-0.4343348258883602,-1.5168617455966513,2.287569140469867,-0.010684955963028146,-0.6865507261215884,-0.6874206446824462,-0.6795627985903968,0.6598597181287641,0.11589578473180191,-0.056722126310809265,0.8873716807064561,0.27793262064602176,0.41390077802624936,-0.1579819527357709,-0.5330651255437652,-0.3257342867691399,0.8223289210332194,0.8088097334656603
1.4687940421293182,-0.4343348258883602,-1.372398722042295,-0.7030746009502787,-0.010684955963028146,1.170862649745181,1.404899385716973,-0.6795627985903968,1.0784903518252564,0.12439053981551045,-0.10981257789974495,0.6660317056968007,0.2207310121571633,0.41390077802624936,-0.13180561684721334,-0.471031703118565,-0.31700948924357586,0.7131873002398954,0.7112553872283277
1.4687940421293182,-0.4343348258883602,-1.227935698487939,1.576789938184155,-0.010684955963028146,0.4968615746357207,-0.6874206446824462,-0.6795627985903968,1.0784903518252564,0.08374309423676445,-0.14874330286509038,0.635383497322904,0.23465017329754403,0.41390077802624936,-0.1126448580857667,-0.4689926866290593,-0.3309980310493535,0.7695044916046376,0.7626059309877441
1.4687940421293182,-0.4343348258883602,-1.083472674933583,-0.7030746009502787,-0.010684955963028146,1.0038300924339572,1.535171838758455,-0.5446576817576625,1.0784903518252564,0.05593750033140399,-0.1773842043801741,0.6357863269764553,0.20610714516775772,0.41390077802624936,-0.09587958582515677,-0.47040711606370683,-0.32187103428854014,0.7020162857106468,0.6950625757877057
1.4687940421293182,-0.4343348258883602,-0.9390096513792268,1.6712552563080638,-0.010684955963028146,0.40573977504262054,-0.6874206446824462,-0.40975242197426187,0.7794684706134762,0.007605476064047212,-0.1934788825904286,0.6658543280304222,0.23206245436001635,0.41390077802624936,-0.07936015280701121,-0.47323510745098135,-0.32371368322788235,0.7696089221668498,0.7627105195821466
1.4687940421293182,-0.4343348258883602,-0.7945466278248707,-0.7030746009502787,-0.010684955963028146,0.9923936215117966,1.5392120568171954,-0.37977352300595046,0.7196640943711202,-0.004612559401974941,-0.19112229106794323,0.6962033152007551,0.22465653296050714,0.41390077802624936,-0.07676245147830428,-0.47588656624705633,-0.312942298605689,0.6960321089331363,0.6890735995434532
1.4687940421293182,-0.4343348258883602,-0.6500836042705146,1.6364927645764455,-0.010684955963028146,0.29537745408622873,-0.6874206446824462,-0.22987888521372726,0.7196640943711202,0.06886893567398114,-0.06971364591749578,1.6632597213559053,0.354415176463742,0.41390077802624936,-0.14451405956943073,-0.7591391812007935,-0.3382666577280787,0.7770067760042564,0.7664572882888651
1.4687940421293182,-0.4343348258883602,-0.5056205807161585,-0.7030746009502787,-0.010684955963028146,-0.6865507261215884,2.832545182564565,-0.05000534845319268,0.0020115794628475024,0.2165616730873373,0.11477678659481037,2.0021148869441614,0.6267180735162603,0.41390077802624936,-0.2554347976184368,-0.8478795557248197,-0.4266172964679804,0.5867765312096185,0.5908235651801435
1.4687940421293182,-0.4343348258883602,-0.3611575571618023,-0.7030746009502787,-0.010684955963028146,-0.6865507261215884,-0.6874206446824462,0.3696996659551655,0.0020115794628475024,0.4390266950874832,0.3366783704423739,2.4520308511105977,0.9075799730168654,0.41390077802624936,-0.36378579252709464,-0.9341807876773216,-0.4807561084023493,-1.2676136780735823,-1.2761757670616813
1.4687940421293182,-0.4343348258883602,-0.2166945336074462,-0.7030746009502787,-0.010684955963028146,-0.6865507261215884,-0.6874206446824462,0.6694889415396119,-1.55290220283841,0.7649431998282463,0.5055187252708112,2.486988342136374,1.0100219067673122,-0.2764845076179217,-0.48854993113436196,-0.9751688794113788,-0.5540893438834362,-1.2676136780735823,-1.2761757670616813
1.4687940421293182,-0.4343348258883602,-0.07223151005309006,-0.7030746009502787,-0.010684955963028146,-0.6865507261215884,-0.6874206446824462,0.8493626212508127,-1.7921197078078341,1.053612515047171,0.6634938503339306,2.2100993183166304,0.9959172110615993,-0.6570000846935371,-0.5973130683024453,-0.9258655387685119,-0.5775066410510665,-1.2676136780735823,-1.2761757670616813
1.4687940421293182,-0.4343348258883602,0.07223151350126605,-0.7030746009502787,-0.010684955963028146,-0.6865507261215884,-0.6874206446824462,0.9692782171240583,-1.9715328365349023,1.2596961495977699,0.7758372368642239,1.802151407335923,0.9118106493552951,-1.0122078888404773,-0.6734837063725161,-0.8328196341055624,-0.5714481056653659,-1.2676136780735823,-1.2761757670616813
1.4687940421293182,-0.4343348258883602,0.2166945370556222,-0.7030746009502787,-0.010684955963028146,-0.6865507261215884,-0.6874206446824462,1.0891938129973038,-2.1509459652619705,1.3889928478478613,0.8733397325841796,1.4367442970524753,1.0904706707930543,-1.0752624735062803,-0.7403271553797153,-0.7444052159507902,-0.6478301510931331,-1.2676136780735823,-1.2761757670616813
1.4687940421293182,-0.4343348258883602,0.3611575606099783,-0.7030746009502787,-0.010684955963028146,-0.6865507261215884,-0.6874206446824462,1.2091096947718818,-2.330359093989039,1.400603414491409,0.9444305914002247,1.228133241774482,1.5220183735190325,-0.7567895428148216,-0.7907697526504283,-0.6997771696581431,-0.7979974148559319,-1.2676136780735823,-1.2761757670616813
1.4687940421293182,-0.4343348258883602,0.5056205841643344,-0.7030746009502787,-0.010684955963028146,-0.6865507261215884,-0.6874206446824462,1.1191728549162814,-2.330359093989039,1.2930415452943071,0.9838594916032729,0.9675314662927704,1.9969958119984228,-0.13393861924668732,-0.8431089273710943,-0.6620584007893592,-0.9704622810641252,-1.2676136780735823,-1.2761757670616813
1.4687940421293182,-0.4343348258883602,0.6500836077186906,1.1388434952457858,-0.010684955963028146,0.8995161223830588,-0.6874206446824462,0.9692782171240583,-2.1509459652619705,1.0008680046505811,0.978236930016853,0.6998229800095177,2.262422537660341,0.41390077802624936,-0.8582981772724154,-0.5992206056605239,-1.0580216222858168,0.9378287633544219,0.9168716516392712
1.4687940421293182,-0.4343348258883602,0.7945466312730467,-0.7030746009502787,-0.010684955963028146,2.8331225695245013,-0.6874206446824462,0.9093204191874354,-1.9715328365349023,0.8293146242532728,0.9134073546702044,0.6813226551797531,2.2689821610425454,0.41390077802624936,-0.8430373447681415,-0.6088236316289684,-1.0722686895500824,0.6129280290039629,0.6238737656857029
1.4687940421293182,-0.4343348258883602,0.9390096548274028,1.7343094160947112,-0.010684955963028146,0.1786183095997993,-0.6874206446824462,0.5195943037473887,-1.55290220283841,0.4500454863980499,0.7493094054565473,0.964481233525139,1.5083823967152112,0.41390077802624936,-0.7664051555712871,-0.7087131019527181,-0.8785695815238906,0.7879353175069571,0.7746731214941739
1.4687940421293182,-0.4343348258883602,1.083472678381759,-0.7030746009502787,-0.010684955963028146,2.861121714695753,-0.6874206446824462,0.2198050281629423,-0.596032182960713,0.3695372314014156,0.5782550930773133,1.106969376021122,0.849140653677699,0.41390077802624936,-0.6620353102773612,-0.7214021952095763,-0.6501979298700292,0.5086561796771061,0.5172490708191266
1.4687940421293182,-0.4343348258883602,1.227935701936115,2.347752494858076,-0.010684955963028146,-0.6865507261215884,-0.6874206446824462,0.2198050281629423,-0.536227806718357,0.2102143104826449,0.45544237302507207,1.2552463298348058,0.3211060257499621,0.41390077802624936,-0.5794820106200927,-0.7419975196025141,-0.44775371784222656,0.8959278426303617,0.8720864471022631
1.4687940421293182,-0.4343348258883602,1.3723987254904713,-0.7030746009502787,-0.010684955963028146,0.6381211740391407,1.9381565005331363,-0.07998424742150408,0.36083783691698385,0.19988276323281082,0.32618398900344653,1.1994701713023452,-0.2331158295766986,0.41390077802624936,-0.48677530923018036,-0.6957635472191638,-0.2082835944573752,0.7665928381153487,0.764686445786378
1.4687940421293182,-0.4343348258883602,1.5168617490448273,2.329997684163225,-0.010684955963028146,-0.6865507261215884,-0.6874206446824462,0.06991039037071911,0.36083783691698385,0.19105452149736715,0.24786402303693697,1.1045407939534155,-0.16834717756580564,0.41390077802624936,-0.410150591618146,-0.6178614930609682,-0.1750427665656064,0.8550058011520988,0.8445511970393198
1.4687940421293182,-0.4343348258883602,1.6613247725991833,-0.7030746009502787,-0.010684955963028146,1.048805079156401,1.5771814044324999,0.06991039037071911,-0.17740154926422066,0.2192361052551741,0.18506889516939892,0.8384469417547677,-0.10391297602136672,0.41390077802624936,-0.34515214202375544,-0.49499199026955126,-0.15736324980181948,0.7739926691234684,0.7709441594561698
1.4687940421293182,-0.32408989398771926,-1.6613247691510074,1.5380914885799235,-0.010684955963028146,0.5116146807009255,-0.6874206446824462,-0.22987888521372726,1.0784903518252564,0.16001868433794464,0.11409562240806305,0.7790461452079451,-0.008715841547903915,0.41390077802624936,-0.27709588608706526,-0.44280600687210986,-0.15842966731808292,0.7995193809724602,0.7913946067886938
1.4687940421293182,-0.32408989398771926,-1.5168617455966513,-0.7030746009502787,-0.010684955963028146,0.9406014789040003,1.6267538801042514,-0.07998424742150408,0.7196640943711202,0.15221575058273767,0.0652911477245038,0.7680147463208781,0.03315882159871125,0.41390077802624936,-0.2135683746267532,-0.39629010283205274,-0.1273164340779257,0.7005159726249567,0.6965155590199243
1.4687940421293182,-0.32408989398771926,-1.372398722042295,2.3663927527400386,-0.010684955963028146,-0.6865507261215884,-0.6874206446824462,-0.05000534845319268,0.6598597181287641,0.12086212026107343,0.03648952207546846,0.7701333319062221,0.11942018825676798,0.41390077802624936,-0.17522685253805154,-0.37210101729812367,-0.13403613085577332,0.8301175357006596,0.8232685437873423
1.4687940421293182,-0.32408989398771926,-1.227935698487939,-0.7030746009502787,-0.010684955963028146,1.1102603158661497,1.3559337585793627,-0.22987888521372726,1.0784903518252564,0.12223530059174759,-0.0038237087520495423,0.6720368514580751,0.1360190218692489,0.41390077802624936,-0.12662081901986658,-0.309143943391451,-0.10988190512192904,0.7340311731262079,0.7271037317327864
1.4687940421293182,-0.32408989398771926,-1.083472674933583,2.3643058063953464,-0.010684955963028146,-0.6865507261215884,-0.6874206446824462,-0.13994204535812688,0.7196640943711202,0.10515228338276558,-0.036376955744232574,0.6016394684633812,0.17825336167321856,0.41390077802624936,-0.08174913179848857,-0.2592891010539646,-0.10060708594946331,0.8338338976701969,0.8269876814564004
1.4687940421293182,-0.32408989398771926,-0.9390096513792268,-0.7030746009502787,-0.010684955963028146,1.1886832353803654,1.3159309140318318,-0.05000534845319268,0.4206422131593399,0.12187435033339895,-0.05927492651630053,0.4980044947127035,0.1701427344246845,0.41390077802624936,-0.04949405911170154,-0.2055190954868412,-0.08095631256470456,0.7500494912729109,0.7431350551088612
1.4687940421293182,-0.32408989398771926,-0.7945466278248707,1.5011707417256952,-0.010684955963028146,0.5555993210901303,-0.6874206446824462,0.06991039037071911,0.7196640943711202,0.11712053080768416,-0.05574943220143975,0.5022980288801847,0.21359281388043602,0.41390077802624936,-0.01545882108683421,-0.16803649859817554,-0.05743049584228663,0.779323840337266,0.7724331653745232
1.4687940421293182,-0.32408989398771926,-0.6500836042705146,-0.7030746009502787,-0.010684955963028146,1.0351923148449955,1.5407625433166976,0.06991039037071911,0.7196640943711202,0.1765282352850213,0.04296858326749206,0.942449932719801,0.3201311555338746,0.41390077802624936,-0.04278120167923305,-0.28888455141100455,-0.05570793896558671,0.708100579223359,0.7052637502174857
1.4687940421293182,-0.32408989398771926,-0.5056205807161585,2.2903313701913746,-0.010684955963028146,-0.6865507261215884,-0.6874206446824462,0.4596365058107659,-0.23720592550657674,0.3529976012661432,0.22993319335699278,1.174883471686516,0.5084096794375387,0.41390077802624936,-0.12524773454504348,-0.3329224930591139,-0.08897780730159449,0.844839369087918,0.8312397911407704
1.4687940421293182,-0.32408989398771926,-0.3611575571618023,-0.7030746009502787,-0.010684955963028146,1.1741698709496962,1.3551894748549658,0.4896152618284111,-0.17740154926422066,0.49931977393040744,0.40492698645672054,1.3407009216492802,0.689944672889853,0.41390077802624936,-0.20699241590969628,-0.3613336135874801,-0.12839813603852546,0.7038397763365394,0.7020315328343054
1.4687940421293182,-0.32408989398771926,-0.2166945336074462,2.260380070955809,-0.010684955963028146,-0.6865507261215884,-0.6874206446824462,0.5195943037473887,0.36083783691698385,0.6028340306289983,0.502238143921972,1.3112131279152432,0.8139834810434394,0.41390077802624936,-0.2065901554237423,-0.27986230465537626,-0.10033960817357823,0.8011340104739283,0.7897707204716882
1.4687940421293182,-0.32408989398771926,-0.07223151005309006,-0.7030746009502787,-0.010684955963028146,1.18568228097599,1.3039196641242612,0.819383579331835,-0.596032182960713,0.9728466252646862,0.6673526210997126,1.5352833927989689,1.0156693185366334,-0.0409497590135665,-0.2642997124979292,-0.31978816465516413,-0.136768989503102,0.7058422907833674,0.7040332480070196
1.4687940421293182,-0.32408989398771926,0.07223151350126605,-0.7030746009502787,-0.010684955963028146,-0.6865507261215884,-0.6874206446824462,0.819383579331835,-0.23720592550657674,1.322814710444905,0.886507283385194,1.592742152559226,1.1967852317207635,-0.2817223653749355,-0.32385764324903704,-0.2607557962803555,-0.12258982884153036,-1.2676136780735823,-1.2761757670616813
1.4687940421293182,-0.32408989398771926,0.2166945370556222,-0.7030746009502787,-0.010684955963028146,-0.6865507261215884,-0.6874206446824462,0.9692782171240583,-0.536227806718357,1.125544278035652,0.9083261064007297,1.4542690447171578,1.1586619472854698,0.41390077802624936,-0.30158918724020245,-0.17456495141497955,-0.07022816108506244,-1.2676136780735823,-1.2761757670616813
1.4687940421293182,-0.32408989398771926,0.3611575606099783,2.26200906444533,-0.010684955963028146,-0.6865507261215884,-0.6874206446824462,1.1191728549162814,-0.17740154926422066,0.9361166670007349,0.9263835672165146,1.227776828706525,1.0150874886497365,0.41390077802624936,-0.22272323520103451,0.021124462116734934,0.10104495516330991,0.8390805897717056,0.8263849154867028
1.4687940421293182,-0.32408989398771926,0.5056205841643344,-0.7030746009502787,-0.010684955963028146,1.219069127766641,1.2886616385881458,0.9692782171240583,-0.23720592550657674,0.8849467367166516,0.8968402449146982,1.002178131968584,0.8758454248641283,0.41390077802624936,-0.14812886050911772,0.1777494252951534,0.2266260984651618,0.7784812061278835,0.7742797373876343
1.4687940421293182,-0.32408989398771926,0.6500836077186906,2.2655320405764843,-0.010684955963028146,-0.6865507261215884,-0.6874206446824462,1.1191728549162814,-0.536227806718357,0.9360447385072235,0.9292494663842492,1.010389723280792,1.2953081546526148,0.41390077802624936,-0.1207816549736073,0.22126427528481904,0.09269266138114171,0.8056051124275093,0.7974523536155672
1.4687940421293182,-0.32408989398771926,0.7945466312730467,-0.7030746009502787,-0.010684955963028146,1.2373679414790928,1.2375443244384094,1.0592150569796586,-0.7156409354454252,0.8504884110568727,0.8380778316808553,0.9136186021248848,1.1223923810073109,0.41390077802624936,-0.05164900878510743,0.265357518911744,0.16849760986061157,0.743906961095557,0.736987456241004
1.4687940421293182,-0.32408989398771926,0.9390096548274028,2.2688830156352737,-0.010684955963028146,-0.6865507261215884,-0.6874206446824462,0.819383579331835,0.06181595570520356,0.6669818228287435,0.6711926059277602,0.8462946601906195,0.9177672854001702,0.41390077802624936,0.09223949473496722,0.32289239644842915,0.2862391433131754,0.7890556543301398,0.7800249464774184
1.4687940421293182,-0.32408989398771926,1.083472678381759,-0.7030746009502787,-0.010684955963028146,1.2854549670805528,1.2673851231603444,0.6694889415396119,0.36083783691698385,0.6059472266072553,0.543752978989033,0.7016373711856985,0.7512133943503351,0.41390077802624936,0.19984284912389513,0.4059019678736264,0.3800550626493249,0.7377457376678243,0.7336688662808417
1.4687940421293182,-0.32408989398771926,1.227935701936115,1.4249117371115954,-0.010684955963028146,0.636070713628232,-0.6874206446824462,0.5495733456663663,0.12162033194755961,0.5407603946239666,0.46485691093199555,0.7413359848829016,0.7403059149042279,0.41390077802624936,0.2656704036144401,0.39672942985792287,0.3941346560735059,0.7679319219165218,0.7610321898872329
1.4687940421293182,-0.32408989398771926,1.3723987254904713,-0.7030746009502787,-0.010684955963028146,1.033520294762948,1.481167758055409,0.5195943037473887,0.7196640943711202,0.47723249525921146,0.39787599782699895,0.8104643715821489,0.682601410093548,0.41390077802624936,0.33195444783560024,0.380392791574794,0.43659549748733456,0.6983376697274513,0.6913808935252534
1.4687940421293182,-0.32408989398771926,1.5168617490448273,1.5909350555405348,-0.010684955963028146,0.47377117081138204,-0.6874206446824462,0.2198050281629423,1.0784903518252564,0.39923389079073296,0.3304685743578797,0.8907302522212504,0.6759278619782448,0.41390077802624936,0.3968309418842193,0.35409984527031657,0.45001196437652535,0.7569830694783134,0.7500743343742705
1.4687940421293182,-0.32408989398771926,1.6613247725991833,-0.7030746009502787,-0.010684955963028146,1.0049000388474238,1.5152596343060654,0.3696996659551655,0.48044658940169593,0.34062916985914243,0.2814136205045257,0.9494977939217495,0.6358263559275016,0.41390077802624936,0.4468028293112725,0.3297825892678385,0.47123485203587395,0.6874831822550973,0.6805175975633947
1.4687940421293182,-0.21384496208707834,-1.6613247691510074,1.6610620427570477,-0.010684955963028146,0.40263369832467255,-0.6874206446824462,0.06991039037071911,1.0784903518252564,0.2796475391646945,0.22743675096470534,1.0000744660000382,0.6414428452692675,0.41390077802624936,0.49606081885971837,0.30440483649513245,0.46549925512407864,0.7536873056422988,0.7467758025007059
1.4687940421293182,-0.21384496208707834,-1.5168617455966513,-0.7030746009502787,-0.010684955963028146,0.49636347268822556,1.0259901478109104,0.06991039037071911,1.0784903518252564,0.23627858094963142,0.17083193746845532,0.9746539255787098,0.5603943488985701,0.41390077802624936,0.5559544888899957,0.3031652046876431,0.4912843310686051,0.34319269420644527,0.33594607280559824
1.4687940421293182,-0.21384496208707834,-1.372398722042295,1.7496031781124768,-0.010684955963028146,-0.6865507261215884,-0.6874206446824462,0.0998892893390305,1.0186859755829005,0.183874750054128,0.13027866410321737,0.9176899997755927,0.5198314476787771,0.41390077802624936,0.6103900456998335,0.31827674148712826,0.5002248576085156,0.4068694541938759,0.39967480975088604
1.4687940421293182,-0.21384496208707834,-1.227935698487939,-0.7030746009502787,-0.010684955963028146,1.0600580828765653,1.22788620764375,-0.07998424742150408,0.7196640943711202,0.14912936431569862,0.06977611641477272,0.6936412854494647,0.3774670324581708,0.41390077802624936,0.6483852236792986,0.36289242616098144,0.5105490630592701,0.7079028621520449,0.7058440020083492
1.4687940421293182,-0.21384496208707834,-1.083472674933583,2.3241152474883506,-0.010684955963028146,-0.6865507261215884,-0.6874206446824462,-0.07998424742150408,0.7196640943711202,0.11265769473299315,0.03679566328299535,0.6368257269467297,0.3725202577974065,0.41390077802624936,0.6653245115605548,0.3611641851053687,0.48432095657819607,0.8208304053754504,0.8139738720671688
1.4687940421293182,-0.21384496208707834,-0.9390096513792268,-0.7030746009502787,-0.010684955963028146,1.1794429317176771,1.263103922850197,0.009952592434096328,0.6598597181287641,0.12510655527364767,0.013090592963811048,0.5474679976043269,0.3360391170149213,0.41390077802624936,0.6753865671433028,0.3745403241225709,0.4737524183672658,0.7316368193925937,0.7247071997330614
1.4687940421293182,-0.21384496208707834,-0.7945466278248707,2.33630331514323,-0.010684955963028146,-0.6865507261215884,-0.6874206446824462,-0.22987888521372726,1.0784903518252564,0.1206881840858547,-0.004523658876531474,0.5145520074771041,0.34580979037432213,0.41390077802624936,0.6889665340819429,0.37802695123401353,0.4572179248334718,0.8236548836105689,0.816800424882627
1.4687940421293182,-0.21384496208707834,-0.6500836042705146,-0.7030746009502787,-0.010684955963028146,1.2586459529379865,1.3059757531425567,0.06991039037071911,0.7196640943711202,0.22376563866021212,0.08765406715887135,0.7514233035736828,0.40384630440717534,0.41390077802624936,0.6202274717002512,0.2681117743272644,0.4253976768681587,0.743276423380857,0.7402964265065736
1.4687940421293182,-0.21384496208707834,-0.5056205807161585,2.265061008473102,-0.010684955963028146,-0.6865507261215884,-0.6874206446824462,0.2797628260995651,-0.17740154926422066,0.4911016165990204,0.2702735594279052,1.2905967041029343,0.5610551123505425,0.38175863711715774,0.46979024459488283,0.005311566103565261,0.31211396078087633,0.812497349790728,0.8016741714956874
1.4687940421293182,-0.21384496208707834,-0.3611575571618023,-0.7030746009502787,-0.010684955963028146,-0.6865507261215884,2.25766591451325,0.3996787078741431,-0.7156409354454252,0.7577738907113362,0.4620536315567096,1.8974579194428072,0.8304960573580028,0.37760258679817554,0.29926939749336573,-0.28166471542375343,0.12701540958271507,0.3133616817149448,0.3516226955278578
1.4687940421293182,-0.21384496208707834,-0.2166945336074462,-0.7030746009502787,-0.010684955963028146,-0.6865507261215884,-0.6874206446824462,0.5195943037473887,-1.55290220283841,1.1876793802078662,0.6304361661247998,2.240178923516996,1.042290273669426,-0.35343956094656886,0.1354628539375081,-0.4686858148642592,-0.04226941880671073,-1.2676136780735823,-1.2761757670616813
1.4687940421293182,-0.21384496208707834,-0.07223151005309006,-0.7030746009502787,-0.010684955963028146,-0.6865507261215884,-0.6874206446824462,0.6994679834585895,-1.7323153315654782,1.4123225277706195,0.7540838167430235,2.0267587784243837,1.1203612657657795,-0.4931778737170562,0.022949704246382274,-0.4418320414334404,-0.12369445746863453,-1.2676136780735823,-1.2761757670616813
1.4687940421293182,-0.21384496208707834,0.07223151350126605,-0.7030746009502787,-0.010684955963028146,-0.6865507261215884,-0.6874206446824462,0.5195943037473887,-1.9715328365349023,1.5839739924772618,0.8311479079832012,1.636299144933963,1.0579549244704975,-0.4076661777030962,-0.11900606899396506,-0.4463336225090276,-0.24913891416827902,-1.2676136780735823,-1.2761757670616813
1.4687940421293182,-0.21384496208707834,0.2166945370556222,-0.7030746009502787,-0.010684955963028146,-0.6865507261215884,-0.6874206446824462,0.5195943037473887,-1.7921197078078341,1.674916456300833,0.8995433326220663,1.2944658580592667,1.2295703286622892,0.036770361577499064,-0.22557906773432904,-0.42123823513403863,-0.4060533867087307,-1.2676136780735823,-1.2761757670616813
1.4687940421293182,-0.21384496208707834,0.3611575606099783,-0.7030746009502787,-0.010684955963028146,-0.6865507261215884,-0.6874206446824462,0.5195943037473887,-1.612706579080766,1.6297643253420804,0.9418743123173752,1.0064683506656658,1.6259738787235047,0.41390077802624936,-0.316602493369956,-0.4080262670892419,-0.621623224484925,-1.2676136780735823,-1.2761757670616813
1.4687940421293182,-0.21384496208707834,0.5056205841643344,1.063985941035891,-0.010684955963028146,0.9685472784235882,-0.6874206446824462,0.2198050281629423,-1.3734890741113417,1.4096860215357252,0.9404229246835091,0.7192052199655757,2.0792331943338147,0.41390077802624936,-0.359811150421722,-0.3678238971953761,-0.8122990694213986,0.9138879221601616,0.8969073058952131
1.4687940421293182,-0.21384496208707834,0.6500836077186906,-0.7030746009502787,-0.010684955963028146,2.8337146016586514,-0.6874206446824462,0.2198050281629423,-1.3734890741113417,1.207952753051781,0.9352999298857352,0.7983794819756092,2.41283329403009,0.41390077802624936,-0.37113204753720663,-0.41573384484259585,-0.923181380954245,0.60679754159368,0.6168843412037992
1.4687940421293182,-0.21384496208707834,0.7945466312730467,1.710528834498015,-0.010684955963028146,0.2553669601466523,-0.6874206446824462,0.1898261291946309,-1.612706579080766,0.875019296821273,0.8631069627225934,1.0112036712638934,2.427630489363424,0.41390077802624936,-0.37786635564867443,-0.5502419201638803,-0.9794036810008551,0.7656863952147696,0.7530241011502579
1.4687940421293182,-0.21384496208707834,0.9390096548274028,-0.7030746009502787,-0.010684955963028146,2.8474334296774826,-0.6874206446824462,-0.07998424742150408,-1.612706579080766,0.6935149362943459,0.6997103551843614,1.2991166341623048,1.6731110507911864,0.41390077802624936,-0.3143357109431153,-0.6876499878801521,-0.8108592747649201,0.4933908040865259,0.5012771030054328
1.4687940421293182,-0.21384496208707834,1.083472678381759,2.324322365446323,-0.010684955963028146,-0.6865507261215884,-0.6874206446824462,-0.22987888521372726,-1.4332934503536978,0.4097550677052792,0.5432805474437813,1.469463016690922,0.9673391917637898,0.41390077802624936,-0.26078083706657634,-0.7869625826601786,-0.6443461711812781,0.8547992766839716,0.831879603168368
1.4687940421293182,-0.21384496208707834,1.227935701936115,-0.7030746009502787,-0.010684955963028146,0.6497844162805306,1.8706634801447966,-0.13994204535812688,-1.1940759453842735,0.39433229090562183,0.41324985264862196,1.3675114730356408,0.1465220685128557,0.41390077802624936,-0.19424203590494085,-0.7725818994630795,-0.38240005405070715,0.7359738332232654,0.7336793046728466
1.4687940421293182,-0.21384496208707834,1.3723987254904713,-0.7030746009502787,-0.010684955963028146,-0.6865507261215884,-0.6874206446824462,-0.22987888521372726,-1.1940759453842735,0.3157994538989715,0.3052620205708703,1.2559201991935243,0.014777065913235632,0.41390077802624936,-0.15489498311078684,-0.7713960515408697,-0.3717302018087478,-1.2676136780735823,-1.2761757670616813
1.4687940421293182,-0.21384496208707834,1.5168617490448273,1.2427685140141882,-0.010684955963028146,-0.6865507261215884,0.8594558277332099,-0.22987888521372726,-0.8950540641724933,0.15806222931443176,0.22926664045515016,1.0016949021578425,0.05678192875482075,0.41390077802624936,-0.1357756795941479,-0.7206680885496127,-0.4155790891175164,0.8958270069239915,0.8839915355210867
1.4687940421293182,-0.21384496208707834,1.6613247725991833,-0.7030746009502787,-0.010684955963028146,1.3633599107770458,1.2265695910722625,-0.16992108727710448,-0.8352496879301373,0.10841129803423223,0.1618355606199947,0.6162764414100127,0.17750308593095424,0.41390077802624936,-0.12599079570633534,-0.6297800454129961,-0.48869091850493196,0.7411516838353984,0.7397448291251355
1.4687940421293182,-0.10360003018643743,-1.6613247691510074,1.5932667450777795,-0.010684955963028146,0.46350527084563004,-0.6874206446824462,-0.37977352300595046,-0.35681467799128885,-0.012274251751741147,0.08431017024211175,0.5624705011625141,0.23279401389612875,0.41390077802624936,-0.1109950839537386,-0.636418885316926,-0.5326509455589459,0.8378921304303156,0.8281674244273131
1.4687940421293182,-0.10360003018643743,-1.5168617455966513,-0.7030746009502787,-0.010684955963028146,1.0472291858466654,1.5162499207454398,-0.37977352300595046,-0.35681467799128885,-0.019057762585271455,0.02232979545187821,0.5775177635710959,0.1988688558755223,0.41390077802624936,-0.10197615801940818,-0.6605602593397202,-0.5416668025745139,0.6972759290544943,0.6944078225323363
1.4687940421293182,-0.10360003018643743,-1.372398722042295,2.299446889523355,-0.010684955963028146,-0.6865507261215884,-0.6874206446824462,-0.34979462403763906,-0.23720592550657674,-0.06980919981619697,-0.022733494520608123,0.5935356299391604,0.2531377162351827,0.41390077802624936,-0.09698465732192066,-0.6768801985939518,-0.5719131894715986,0.8700119876364654,0.856096263271149
1.4687940421293182,-0.10360003018643743,-1.227935698487939,-0.7030746009502787,-0.010684955963028146,1.2168838388361352,1.3570526943977432,-0.5296681607981737,0.3010334606746278,-0.042799396607231976,-0.0820956662110151,0.4381818045575319,0.18029993812852738,0.41390077802624936,-0.08084964939370715,-0.6328912696800083,-0.552289054689826,0.7328651816338309,0.7316348125603475
1.4687940421293182,-0.10360003018643743,-1.083472674933583,1.5894384670431778,-0.010684955963028146,0.4986602644906402,-0.6874206446824462,-0.5296681607981737,0.3010334606746278,-0.05808485537382196,-0.11904064798026569,0.4474709237496095,0.1987419111729266,0.41390077802624936,-0.07128168248453962,-0.6377396266933449,-0.5605142692347982,0.8006149132903326,0.7937416075949836
1.4687940421293182,-0.10360003018643743,-0.9390096513792268,-0.7030746009502787,-0.010684955963028146,1.0234166283378439,1.5061018903806465,-0.40975242197426187,-0.41661905423364487,-0.06511030750370914,-0.15088002933853373,0.47348327563726644,0.1648680192822146,0.41390077802624936,-0.08343240755277408,-0.6627586756505178,-0.5667913721745078,0.7155582874105362,0.7086154974228402
1.4687940421293182,-0.10360003018643743,-0.7945466278248707,1.6758641683763043,-0.010684955963028146,0.4013935688224671,-0.6874206446824462,-0.37977352300595046,-0.35681467799128885,-0.08284395063127246,-0.15605938194951138,0.5473619025515396,0.20202619847854347,0.41390077802624936,-0.115881741444881,-0.7051763777545836,-0.5998059902900995,0.7858204638150643,0.7789352602218427
1.4687940421293182,-0.10360003018643743,-0.6500836042705146,-0.7030746009502787,-0.010684955963028146,1.0052077700380015,1.5336244900486846,-0.37977352300595046,-0.6558365592030692,-0.0008081959906119819,-0.04331662029848981,1.4946158328774826,0.31222315156063757,0.41390077802624936,-0.23971265500624434,-1.007079422410992,-0.674627057252722,0.7015631541317532,0.6994248002740101
1.4687940421293182,-0.10360003018643743,-0.5056205807161585,2.2767149769647324,-0.010684955963028146,-0.6865507261215884,-0.6874206446824462,-0.19989998624541588,-1.3734890741113417,0.23356164558108328,0.10214776600885457,2.0084217405117992,0.4458918546534386,-0.0266731613921817,-0.39500641224461,-1.1878625670763543,-0.7817664267168156,0.8577671896671888,0.8427586590554107
1.4687940421293182,-0.10360003018643743,-0.3611575571618023,-0.7030746009502787,-0.010684955963028146,-0.6865507261215884,2.5493282813670506,-0.07998424742150408,-1.612706579080766,0.5112860596691393,0.2883999020153836,2.468781436436974,0.7178399575371638,-0.3866658382655715,-0.5316544680363784,-1.3107781548501176,-0.8870504829876885,0.44948754865842994,0.4925055789316251
1.4687940421293182,-0.10360003018643743,-0.2166945336074462,-0.7030746009502787,-0.010684955963028146,-0.6865507261215884,-0.6874206446824462,-0.07998424742150408,-1.3734890741113417,0.9292134933098173,0.4388376913940966,2.483270042083223,0.9398157899952368,-0.9130810232189129,-0.6705929261037732,-1.3445892425216923,-0.9874116380870471,-1.2676136780735823,-1.2761757670616813
1.4687940421293182,-0.10360003018643743,-0.07223151005309006,-0.7030746009502787,-0.010684955963028146,-0.6865507261215884,-0.6874206446824462,-0.22987888521372726,-0.8950540641724933,1.1406479538822765,0.5399394336289083,2.174532609604928,1.0017436474115042,-1.0671064139842428,-0.7496345808956436,-1.2851533865720353,-1.012238597720893,-1.2676136780735823,-1.2761757670616813
1.4687940421293182,-0.10360003018643743,0.07223151350126605,-0.7030746009502787,-0.010684955963028146,-0.6865507261215884,-0.6874206446824462,-0.22987888521372726,-0.596032182960713,1.3325819459683714,0.6817384747515898,1.7234098142130374,0.9897481867643045,-1.0941120074130792,-0.8339711791362394,-1.1740494339912566,-0.999254898955624,-1.2676136780735823,-1.2761757670616813
1.4687940421293182,-0.10360003018643743,0.2166945370556222,2.302991007452987,-0.010684955963028146,-0.6865507261215884,-0.6874206446824462,-0.07998424742150408,-0.8950540641724933,1.4138225638080322,0.807894395945119,1.4395491850105364,1.0220849085062775,-1.0162509840233036,-0.9164994128315311,-1.1048785863707657,-1.00718621547093,0.8900382105614979,0.8716136493467448
1.4687940421293182,-0.10360003018643743,0.3611575606099783,-0.7030746009502787,-0.010684955963028146,-0.6865507261215884,2.837731739805344,-0.10996314638981547,-0.7754453116877812,1.0935125581887928,0.7633445882707118,1.0479423987618544,0.7957709849614247,0.2905130123358488,-0.9152576836382209,-0.9949299029709696,-0.9345610864610226,0.671620161880772,0.6773443263938895
1.4687940421293182,-0.10360003018643743,0.5056205841643344,0.997177141173748,-0.010684955963028146,1.048982584197329,-0.6874206446824462,-0.22987888521372726,-0.2970103017489328,1.0614559903169025,0.7903044962462843,0.6880199053869439,1.336894750974109,0.41390077802624936,-0.9332904741107133,-0.8734769983192519,-1.0574676703532286,0.8705873443139895,0.8556269449796322
1.4687940421293182,-0.10360003018643743,0.6500836077186906,-0.7030746009502787,-0.010684955963028146,1.3714094558151466,1.2082266998577662,-0.22987888521372726,-0.2970103017489328,0.934900421564995,0.7574882461258168,0.5696402059016478,2.01575026431075,0.41390077802624936,-0.9258400989508517,-0.8103772236201846,-1.2005497207693376,0.7314994958994265,0.7321583695554194
1.4687940421293182,-0.10360003018643743,0.7945466312730467,1.5026766469478054,-0.010684955963028146,0.5584390879470278,-0.6874206446824462,-0.13994204535812688,-0.2970103017489328,0.6637489639930992,0.6256165294326663,0.6691076333600291,2.1060600277342783,0.3424223020722656,-0.8539800832841882,-0.7865392514341081,-1.1784027792752578,0.8109889482793933,0.8011051767942411
1.4687940421293182,-0.10360003018643743,0.9390096548274028,-0.7030746009502787,-0.010684955963028146,1.190664764841379,1.3632385330751282,-0.37977352300595046,0.7196640943711202,0.5062105236088095,0.45456430437984724,0.7562962161934941,1.2096961589732207,0.41390077802624936,-0.7370206175685694,-0.756556470354854,-0.8955019073088378,0.6882702759417196,0.6866723600336082
1.4687940421293182,-0.10360003018643743,1.083472678381759,1.6124407437874237,-0.010684955963028146,0.41729779037112086,-0.6874206446824462,-0.37977352300595046,0.7196640943711202,0.2522055110992649,0.30355876221626615,0.8035557601369837,1.1277598634324468,0.41390077802624936,-0.6405453452029972,-0.7406043434773721,-0.8434909083752854,0.797152527886038,0.7861674284864496
1.4687940421293182,-0.10360003018643743,1.227935701936115,-0.7030746009502787,-0.010684955963028146,1.1519513024324495,1.4854560706889484,-0.16992108727710448,-0.17740154926422066,0.23120108320311486,0.21637531251638153,0.8517519244683601,0.8997956587538498,0.41390077802624936,-0.5932649154431986,-0.7516142084127835,-0.7727848505264019,0.6810873944836692,0.6785369638490434
1.4687940421293182,-0.10360003018643743,1.3723987254904713,1.6781673702359385,-0.010684955963028146,0.3492477759239355,-0.6874206446824462,-0.37977352300595046,0.36083783691698385,0.1307653660268163,0.14001395450257242,0.9122517994526499,0.8384488174763858,0.41390077802624936,-0.5483353836941819,-0.7572487210073218,-0.7418847261101336,0.7840573667673185,0.7731454321230963
1.4687940421293182,-0.10360003018643743,1.5168617490448273,-0.7030746009502787,-0.010684955963028146,1.1054144387087461,1.5323254450996953,-0.5296681607981737,0.7196640943711202,0.115299432131052,0.0650490178603689,0.901640636438732,0.6472627716344241,0.41390077802624936,-0.5002795962451598,-0.7425013097859986,-0.6704439231870841,0.679441309993583,0.6767726709258536
1.4687940421293182,-0.10360003018643743,1.6613247725991833,1.7200288478938441,-0.010684955963028146,0.3284858574950587,-0.6874206446824462,-0.5296681607981737,0.7196640943711202,0.029553475015989067,0.006441762556704351,0.9168992600852883,0.6360753628441316,0.41390077802624936,-0.46475462061473144,-0.7388132099752632,-0.6583986893040634,0.7973624674672151,0.786409762920447
1.4687940421293182,0.00664490171420348,-1.6613247691510074,-0.7030746009502787,-0.010684955963028146,1.0790704731295069,1.5590016782840603,-0.37977352300595046,0.36083783691698385,0.030742910740511106,-0.03597966794991927,0.8886879224550971,0.505206766941278,0.41390077802624936,-0.43431899934104595,-0.7190315837176823,-0.6042825856869941,0.6808614577939948,0.6781179954483741
1.4687940421293182,0.00664490171420348,-1.5168617455966513,2.4147981545302883,-0.010684955963028146,-0.6865507261215884,-0.6874206446824462,-0.37977352300595046,0.36083783691698385,0.01017724665478123,-0.06015577826341199,0.8850939525419314,0.5240360840782128,0.41390077802624936,-0.4171830400658182,-0.7124354673032686,-0.6046817280333762,0.8433712299620145,0.8365330792590459
1.4687940421293182,0.00664490171420348,-1.372398722042295,-0.7030746009502787,-0.010684955963028146,1.1433463350211441,1.2915860586182375,-0.19989998624541588,-0.2970103017489328,0.034575391653883104,-0.07583438274161859,0.7937684915173663,0.48588431845964447,0.41390077802624936,-0.4110177774949958,-0.6848272013850014,-0.5924321192946587,0.7068405822507117,0.6998908437758783
1.4687940421293182,0.00664490171420348,-1.227935698487939,2.3870873484300574,-0.010684955963028146,-0.6865507261215884,-0.6874206446824462,-0.22987888521372726,0.36083783691698385,0.0266913748696268,-0.1009936237965556,0.6988217079488387,0.4512625920709488,0.41390077802624936,-0.3843343379141392,-0.6365544293826505,-0.5614095009744953,0.8386842569151168,0.831842147761762
1.4687940421293182,0.00664490171420348,-1.083472674933583,-0.7030746009502787,-0.010684955963028146,1.2066316413809086,1.2810861774315117,-0.22987888521372726,0.36083783691698385,0.04470815470346723,-0.13057382219836955,0.5686480513845676,0.3744382620539325,0.41390077802624936,-0.34968185057559414,-0.5693659950498189,-0.5089463008377934,0.7344100709319626,0.7274827886346132
1.4687940421293182,0.00664490171420348,-0.9390096513792268,1.5638015280394282,-0.010684955963028146,0.5241680631298803,-0.6874206446824462,-0.30482620410983885,0.6000553418864081,0.0270608257681177,-0.1567753349098413,0.5291085802665452,0.3451628606399402,0.41390077802624936,-0.31833180372748726,-0.531375921179081,-0.47307676686938743,0.7876604907778305,0.7807767153761279
1.4687940421293182,0.00664490171420348,-0.7945466278248707,-0.7030746009502787,-0.010684955963028146,1.0420673141526422,1.5039054375683456,-0.37977352300595046,1.0784903518252564,0.013115852562423914,-0.17737098464621273,0.5368684387368076,0.2826702620467406,0.41390077802624936,-0.28105124668322495,-0.49994162580879714,-0.4159620736227429,0.7121083042588966,0.7051628457614378
1.4687940421293182,0.00664490171420348,-0.6500836042705146,1.6822029453962963,-0.010684955963028146,0.42342291717528313,-0.6874206446824462,-0.37977352300595046,1.0784903518252564,-0.0011436443285338103,-0.15973864264360726,0.6141644867654679,0.3141435970614443,0.41390077802624936,-0.2667434027717982,-0.4923930141357248,-0.3924292697257712,0.7889512237679276,0.7820684152181524
1.4687940421293182,0.00664490171420348,-0.5056205807161585,-0.7030746009502787,-0.010684955963028146,1.0144030959943848,1.5276221074776222,-0.19989998624541588,0.8990772230981884,0.04139944400193808,-0.08921066618412866,0.7305789411714014,0.35298786230763396,0.41390077802624936,-0.28521846286186137,-0.49633051502739317,-0.36974060385457236,0.7029126630148682,0.6959596634770724
1.4687940421293182,0.00664490171420348,-0.3611575571618023,1.6671856392688003,-0.010684955963028146,0.33125951758362,-0.6874206446824462,-0.37977352300595046,1.0784903518252564,0.09627499949265497,0.01452458621088586,0.9338313674160424,0.4740743923777769,0.41390077802624936,-0.3275837949044285,-0.5379585916221747,-0.386403705069996,0.7837873930935787,0.7734012750643942
1.4687940421293182,0.00664490171420348,-0.2166945336074462,-0.7030746009502787,-0.010684955963028146,1.0419916888464602,1.56628616173956,-0.22987888521372726,0.7196640943711202,0.1792314388502627,0.12981319031268215,1.1137329356363048,0.5975012619650045,0.41390077802624936,-0.3871166596935596,-0.5847028603041644,-0.4182639109397882,0.6845323448371299,0.6817352052896193
1.4687940421293182,0.00664490171420348,-0.07223151005309006,1.7247298522029133,-0.010684955963028146,0.3395089519164842,-0.6874206446824462,0.009952592434096328,0.6598597181287641,0.22782044400807422,0.21621737148431652,1.1942798023917724,0.6919652094061678,0.41390077802624936,-0.41749395440187603,-0.5848347175713011,-0.4241634881043914,0.7590664681815881,0.7521593520086712
1.4687940421293182,0.00664490171420348,0.07223151350126605,-0.7030746009502787,-0.010684955963028146,1.0223020180160236,1.5554524197253645,-0.10996314638981547,0.8990772230981884,0.4709904098132041,0.38623567418626065,1.3210269202980573,0.8092344471694106,0.0656670801724961,-0.45442696224257595,-0.5531618646453422,-0.38812167661339503,0.6631343249227615,0.6602783741632062
1.4687940421293182,0.00664490171420348,0.2166945370556222,2.2891196584701214,-0.010684955963028146,-0.6865507261215884,-0.6874206446824462,-0.22987888521372726,1.0784903518252564,0.9797772625622174,0.5207429883660291,1.4168232931564824,1.080223141050826,-0.8302790859867607,-0.5039421189201487,-0.5550722769252886,-0.45248294326907956,0.8416288033353606,0.8265382165771284
1.4687940421293182,0.00664490171420348,0.3611575606099783,-0.7030746009502787,-0.010684955963028146,1.1912038697211336,1.3526472376142145,-0.05000534845319268,0.6598597181287641,1.0683820503466648,0.6646328347810249,1.4847034052502803,1.5706577245674298,-0.5682650915983378,-0.5723261605134581,-0.5622057984514864,-0.6011344268521279,0.6836206893955796,0.6836959855917258
1.4687940421293182,0.00664490171420348,0.5056205841643344,2.290449800096409,-0.010684955963028146,-0.6865507261215884,-0.6874206446824462,-0.07998424742150408,0.7196640943711202,1.093770192974643,0.721361496311229,1.4838446984167841,1.8080133959938276,0.12172193985443734,-0.5674373338525293,-0.5290983471339002,-0.64458941219543,0.8021479395641856,0.789801421624644
1.4687940421293182,0.00664490171420348,0.6500836077186906,-0.7030746009502787,-0.010684955963028146,1.2647727533312207,1.2806447950092303,-0.22987888521372726,1.0784903518252564,0.8677185547298555,0.5642206060386205,1.1617359738169046,1.321173137806488,0.41390077802624936,-0.4385447831039165,-0.3905686251649457,-0.45452756522286564,0.6867212525593694,0.6850384446733038
1.4687940421293182,0.00664490171420348,0.7945466312730467,1.4999706759103837,-0.010684955963028146,0.5299917347024842,-0.6874206446824462,-0.020026449484881293,0.12162033194755961,0.6834469088889221,0.48972183896242377,1.159060389204428,1.6403031689030407,0.41390077802624936,-0.3822726625415507,-0.3939058284983337,-0.5655607560562317,0.7536015683304653,0.744529706150464
1.4687940421293182,0.00664490171420348,0.9390096548274028,-0.7030746009502787,-0.010684955963028146,1.10321492427113,1.4911281485942374,-0.37977352300595046,1.0784903518252564,0.5139807625942384,0.32302864723950464,1.0486792620581653,1.1548959211084642,0.41390077802624936,-0.27050426114377285,-0.3609282826133378,-0.4062254458821164,0.6594440256580791,0.6561748580591421
1.4687940421293182,0.00664490171420348,1.083472678381759,1.622539356748639,-0.010684955963028146,0.40005898613702173,-0.6874206446824462,-0.37977352300595046,0.7196640943711202,0.338124750494151,0.2055191278321951,1.0653635379765494,1.0396521023500975,0.41390077802624936,-0.1908241473780905,-0.3697178273169304,-0.3683091064678764,0.757554112328827,0.7472379571898663
1.4687940421293182,0.00664490171420348,1.227935701936115,-0.7030746009502787,-0.010684955963028146,1.085501866733809,1.5385644170165398,-0.31981572506932765,0.48044658940169593,0.29492842066351554,0.1164932646833759,1.0319775799201834,0.7844981326213081,0.41390077802624936,-0.13624735351326828,-0.36793666985805884,-0.2854540988636902,0.666282879412043,0.6631601890539849
1.4687940421293182,0.00664490171420348,1.3723987254904713,1.7248945073961457,-0.010684955963028146,0.3877074803898532,-0.6874206446824462,-0.82945743638262,0.6598597181287641,0.21093817268552886,0.0364352515886796,1.0212835301462755,0.7352509117470197,0.41390077802624936,-0.09264294348490762,-0.37949521717152274,-0.28306208332506083,0.7574284721171465,0.7505199104408348
1.4687940421293182,0.00664490171420348,1.5168617490448273,-0.7030746009502787,-0.010684955963028146,1.0282364602653173,1.5257714390937722,-0.9793520741748433,1.0784903518252564,0.14728930267259527,-0.04703554019446986,0.9769639795796307,0.6244664325413738,0.41390077802624936,-0.0569249117434851,-0.39403356522587246,-0.27309880910984763,0.6790253851726549,0.6720528803447913
1.4687940421293182,0.00664490171420348,1.6613247725991833,1.7672970717608656,-0.010684955963028146,0.37874666610215596,-0.6874206446824462,-0.7395205965270196,0.7794684706134762,0.0784910064196336,-0.10136655944936108,0.9577781812447489,0.5799682455411143,0.41390077802624936,-0.03625995424456768,-0.41467334807236794,-0.28521653492886334,0.783221562784036,0.7763340538690794
1.4687940421293182,0.1168898336148444,-1.6613247691510074,-0.7030746009502787,-0.010684955963028146,1.0159098491555918,1.5393953037375359,-1.1292467119670664,1.0784903518252564,0.023625259359850086,-0.17407787933888372,0.889583099462989,0.4643533576520833,0.41390077802624936,-0.015744187423185018,-0.4373193999620901,-0.2908455774287142,0.682841863877394,0.6758725131211913
1.4687940421293182,0.1168898336148444,-1.5168617455966513,1.7397876502495284,-0.010684955963028146,0.3286965205194718,-0.6874206446824462,-0.9793520741748433,0.6598597181287641,-0.040260320786275915,-0.21574508923423655,0.8501696162201513,0.4195028177273113,0.41390077802624936,-0.019830421263127236,-0.4772190186307538,-0.33084758844724343,0.7503521781348136,0.7434379731513578
1.4687940421293182,0.1168898336148444,-1.372398722042295,-0.7030746009502787,-0.010684955963028146,0.9861050059751826,1.5077264287178205,-0.8894152343192429,0.7794684706134762,-0.07025973374373722,-0.24570796414545912,0.8042055923353051,0.34377379264422964,0.41390077802624936,-0.033212752732335205,-0.5112993510344837,-0.3558394017307164,0.6653223339310406,0.6583386753194627
1.4687940421293182,0.1168898336148444,-1.227935698487939,1.7452580010218623,-0.010684955963028146,0.33292934108001065,-0.6874206446824462,-0.9793520741748433,1.0784903518252564,-0.12480311037351006,-0.28108745110349265,0.7593522510343248,0.3064520500810947,0.41390077802624936,-0.04255054662527383,-0.5419509607516484,-0.3908637059273255,0.7650560372428616,0.7581536497861028
1.4687940421293182,0.1168898336148444,-1.083472674933583,-0.7030746009502787,-0.010684955963028146,0.9967750777017749,1.5243282650030996,-0.9793520741748433,1.0784903518252564,-0.14848066264670579,-0.30985289642800207,0.7126538504559674,0.2373021783344631,0.41390077802624936,-0.05756264766070152,-0.5680756155441223,-0.41032866413879593,0.6834657511087862,0.6764969745723111
1.4687940421293182,0.1168898336148444,-0.9390096513792268,1.755997676313204,-0.010684955963028146,0.3352531195062081,-0.6874206446824462,-0.8894152343192429,0.7794684706134762,-0.18541005900630264,-0.32915022913427083,0.695798827812004,0.23089553959384823,0.41390077802624936,-0.07178902719570385,-0.5953167196971553,-0.44306532371667195,0.7771696229739025,0.7702773304139712
1.4687940421293182,0.1168898336148444,-0.7945466278248707,-0.7030746009502787,-0.010684955963028146,1.001665200370264,1.5333151039811235,-0.9793520741748433,0.6598597181287641,-0.18375308807395582,-0.33263606424724745,0.6913743325637386,0.2011440955451221,0.41390077802624936,-0.09394034803607011,-0.6228729366941843,-0.46369954191986856,0.6935311677238046,0.6865704322057952
1.4687940421293182,0.1168898336148444,-0.6500836042705146,1.6906954983443059,-0.010684955963028146,0.2598932863906585,-0.6874206446824462,-0.22987888521372726,0.7196640943711202,-0.06282101972385666,-0.217955567907675,1.7225179526755452,0.32867062802771596,0.41390077802624936,-0.151506257866621,-0.8940812144029012,-0.47183392319564227,0.7934530617389584,0.7825029388696526
1.4687940421293182,0.1168898336148444,-0.5056205807161585,-0.7030746009502787,-0.010684955963028146,-0.6865507261215884,2.832471130726893,0.1298681883073419,0.3010334606746278,0.11174027949302372,0.01666409578621582,2.1692436054499673,0.6214856732746556,0.41390077802624936,-0.26659830941497115,-0.9647907582574958,-0.5131552001095981,0.5820023829085506,0.5863833597653314
1.4687940421293182,0.1168898336148444,-0.3611575571618023,-0.7030746009502787,-0.010684955963028146,-0.6865507261215884,-0.6874206446824462,0.3696996659551655,-0.2970103017489328,0.33058075931558545,0.22528610898182894,2.575970594456022,0.8637962568427534,0.3424444273051209,-0.3696630375540494,-1.035343287866355,-0.552983623510308,-1.2676136780735823,-1.2761757670616813
1.4687940421293182,0.1168898336148444,-0.2166945336074462,-0.7030746009502787,-0.010684955963028146,-0.6865507261215884,-0.6874206446824462,0.6694889415396119,-1.55290220283841,0.6669327806740766,0.4224786185046144,2.6051566803836956,0.989061383373338,0.13989723640211874,-0.487419311637891,-1.0434225816655518,-0.5951372475929773,-1.2676136780735823,-1.2761757670616813
1.4687940421293182,0.1168898336148444,-0.07223151005309006,-0.7030746009502787,-0.010684955963028146,-0.6865507261215884,-0.6874206446824462,0.819383579331835,-2.808794103927887,0.9786257527706378,0.5883097444181566,2.325892122022639,0.977194494924921,-0.1668213732134625,-0.6483996679808689,-1.0594866137236956,-0.6952682626304723,-1.2676136780735823,-1.2761757670616813
1.4687940421293182,0.1168898336148444,0.07223151350126605,-0.7030746009502787,-0.010684955963028146,-0.6865507261215884,-0.6874206446824462,0.8943308982279466,-2.390163470231395,1.223239519609162,0.7156818811361335,1.903160528530118,0.899347283554297,-0.23815661739685653,-0.7600465958706055,-1.0030072449356198,-0.7302556658114695,-1.2676136780735823,-1.2761757670616813
1.4687940421293182,0.1168898336148444,0.2166945370556222,-0.7030746009502787,-0.010684955963028146,-0.6865507261215884,-0.6874206446824462,0.9692782171240583,-3.3470334901090917,1.3762595428101385,0.819781024102822,1.566755495567166,1.091316968810359,-0.35239734603048894,-0.8897340268365197,-1.0181307096128887,-0.8996073090575654,-1.2676136780735823,-1.2761757670616813
1.4687940421293182,0.1168898336148444,0.3611575606099783,-0.7030746009502787,-0.010684955963028146,-0.6865507261215884,-0.6874206446824462,0.9992572590430359,-3.1078159851396676,1.3957600112965025,0.8922961353093388,1.2574146474761438,1.5345330054499249,-0.055638584657624224,-0.9654558877796604,-0.9868844409705778,-1.0696441321083365,-1.2676136780735823,-1.2761757670616813
1.4687940421293182,0.1168898336148444,0.5056205841643344,-0.7030746009502787,-0.010684955963028146,-0.6865507261215884,-0.6874206446824462,1.1191728549162814,-3.0480116088973115,1.3093510042503427,0.9567131158012978,1.038775123106962,2.0558566528500544,0.41390077802624936,-1.0316864258127547,-0.9700401088348715,-1.2351995560797076,-1.2676136780735823,-1.2761757670616813
1.4687940421293182,0.1168898336148444,0.6500836077186906,1.153312010451768,-0.010684955963028146,0.8821380964580491,-0.6874206446824462,0.9692782171240583,-3.2274247376243794,1.0471539902252336,0.9782285807111931,0.7827014513235034,2.4160060978468887,0.41390077802624936,-1.087291888194085,-0.962357688060116,-1.3667149940697265,0.9367609114265334,0.9156411494288051
1.4687940421293182,0.1168898336148444,0.7945466312730467,-0.7030746009502787,-0.010684955963028146,2.7960310241247823,-0.6874206446824462,0.9093204191874354,-3.1078159851396676,0.8743882877645585,0.9339744776122381,0.7800532193418235,2.498918077351844,0.41390077802624936,-1.0929941535249326,-0.9949498550574443,-1.4109271052806869,0.6136124895562941,0.6211636725771232
1.4687940421293182,0.1168898336148444,0.9390096548274028,2.3240270969387637,-0.010684955963028146,-0.6865507261215884,-0.6874206446824462,0.3696996659551655,-2.7489897276855313,0.511940608960094,0.775039182398239,0.8053693224455645,1.7202498503550552,0.41390077802624936,-1.0368825515267641,-1.0269686164391318,-1.2626205042666268,0.9027231986286365,0.8836272151726785
1.4687940421293182,0.1168898336148444,1.083472678381759,-0.7030746009502787,-0.010684955963028146,0.8711041237076569,1.6286319518517596,0.06991039037071911,-2.2705547177466827,0.4391326261415638,0.5879361129898795,0.8871594906008818,0.5488366847257067,0.41390077802624936,-0.9819476036283125,-1.0896437586890977,-1.0108322104927494,0.7890315687959979,0.7872360332836624
1.4687940421293182,0.1168898336148444,1.227935701936115,2.3245112082903567,-0.010684955963028146,-0.6865507261215884,-0.6874206446824462,0.009952592434096328,-1.7921197078078341,0.28275092671201807,0.4505900348857709,0.8484497159503591,0.3615737184428083,0.41390077802624936,-0.92197897673097,-1.0838507137552882,-0.963674240985174,0.8626448698165086,0.8523456057517228
1.4687940421293182,0.1168898336148444,1.3723987254904713,-0.7030746009502787,-0.010684955963028146,1.1854310334165856,1.4408563641842456,-0.22987888521372726,-1.672510955323122,0.2583508200267295,0.31848662496056024,0.6743286703717982,0.26404275443700925,0.41390077802624936,-0.8712052195395257,-1.0559550944176852,-0.9538625011180948,0.7816495323242966,0.7785654136659025
1.4687940421293182,0.1168898336148444,1.5168617490448273,1.5055259522121978,-0.010684955963028146,0.5658825845425023,-0.6874206446824462,-0.37977352300595046,-1.4332934503536978,0.19695527354689263,0.21364161068826076,0.6359098282488403,0.2791133691297804,0.41390077802624936,-0.8461387755250352,-1.0712648508588858,-0.984535324012162,0.8164876397754315,0.8083033691162437
1.4687940421293182,0.1168898336148444,1.6613247725991833,-0.7030746009502787,-0.010684955963028146,1.0404815885071095,1.6010786018443492,-0.25985778418203864,-1.493097826596054,0.18097537787021886,0.13800246761402643,0.6702116850030957,0.2234660194996257,0.41390077802624936,-0.8358540185108784,-1.1013205004278732,-0.991880154563364,0.7308806414662132,0.7274254798157626
1.4687940421293182,0.2271347655154853,-1.6613247691510074,1.6331885523092053,-0.010684955963028146,0.43029781188361277,-0.6874206446824462,-0.5296681607981737,-1.1940759453842735,0.07294401177910557,0.05699611255146842,0.7114188377321166,0.2634194233973406,0.41390077802624936,-0.8244502109057784,-1.1340122109870694,-1.0266756287933383,0.8131947518240906,0.8034667094795965
1.4687940421293182,0.2271347655154853,-1.5168617455966513,-0.7030746009502787,-0.010684955963028146,1.0132062706094123,1.582085560597412,0.5195943037473887,-2.2107503415043266,0.1067484420433254,0.07841973509910576,0.8172685457097267,0.307228365762353,0.41390077802624936,-0.8599841042342178,-1.168450596594817,-1.0477496022950106,0.6938672867450386,0.6905468455366225
1.4687940421293182,0.2271347655154853,-1.372398722042295,2.382824588519951,-0.010684955963028146,-0.6865507261215884,-0.6874206446824462,-0.40975242197426187,-0.8950540641724933,0.06578516498852434,0.023897377589510212,0.7918156794520023,0.3262350799836844,0.41390077802624936,-0.8471059842309269,-1.1655430137321492,-1.0562077954415088,0.8373095840411073,0.8304663267606388
1.4687940421293182,0.2271347655154853,-1.227935698487939,-0.7030746009502787,-0.010684955963028146,1.1427492821197789,1.3289326595647593,-0.6795627985903968,0.0020115794628475024,0.06040099030149054,-0.04345925427017847,0.6778496999361727,0.28696196949218744,0.41390077802624936,-0.8233227246545545,-1.131867903867309,-1.0393780937828194,0.7340565168598946,0.7271289066782101
1.4687940421293182,0.2271347655154853,-1.083472674933583,1.5956378515274412,-0.010684955963028146,0.5005460855766104,-0.6874206446824462,-0.82945743638262,0.3010334606746278,0.021912053423485192,-0.10972073553748689,0.6170771275115159,0.2726269830759964,0.41390077802624936,-0.7953732129750063,-1.1069485069072567,-1.0250832080427017,0.794725640707053,0.7878476002505407
1.4687940421293182,0.2271347655154853,-0.9390096513792268,-0.7030746009502787,-0.010684955963028146,1.0265187302817464,1.5349101470948179,-0.5596470597664851,-0.47642343047600094,0.0032001827841654225,-0.14892350871224827,0.6098494020403893,0.22979128343088437,0.41390077802624936,-0.7826078898006109,-1.0985172322781869,-1.006470248428377,0.7189629753785656,0.7120231207265743
1.4687940421293182,0.2271347655154853,-0.7945466278248707,1.6943315293469832,-0.010684955963028146,0.40926090185037545,-0.6874206446824462,-0.5296681607981737,0.3010334606746278,-0.024148338239699203,-0.1563070780174195,0.6622081394584627,0.260930167979134,0.41390077802624936,-0.7777313551018052,-1.092546028224389,-0.9947243713051428,0.7891942360228519,0.7823117730239149
1.4687940421293182,0.2271347655154853,-0.6500836042705146,-0.7030746009502787,-0.010684955963028146,1.0110785113032497,1.5572712918399316,0.06991039037071911,-0.596032182960713,0.0709378607055302,0.002189878649438861,1.6963348540623089,0.4148107462198319,0.41390077802624936,-0.8393177006221093,-1.2828477277964365,-0.9772070880005254,0.7060826068964101,0.703911671441315
1.4687940421293182,0.2271347655154853,-0.5056205807161585,-0.7030746009502787,-0.010684955963028146,-0.6865507261215884,-0.6874206446824462,0.5195943037473887,-1.3734890741113417,0.2019850369295334,0.20937094084326066,2.2344058606836934,0.5907691239869648,0.41390077802624936,-0.9349520581671343,-1.3736317815258292,-0.9961025914858666,-1.2676136780735823,-1.2761757670616813
1.4687940421293182,0.2271347655154853,-0.3611575571618023,-0.7030746009502787,-0.010684955963028146,-0.6865507261215884,-0.6874206446824462,0.9692782171240583,-2.1509459652619705,0.4731083769994201,0.43187854512663315,2.61513707515409,0.6847855099766689,0.2619679684946575,-1.0448887161896874,-1.4435394466875981,-1.0130888495244004,-1.2676136780735823,-1.2761757670616813
1.4687940421293182,0.2271347655154853,-0.2166945336074462,-0.7030746009502787,-0.010684955963028146,-0.6865507261215884,-0.6874206446824462,1.1191728549162814,-2.330359093989039,0.7869252013407573,0.6258677043779326,2.7501736979269733,0.6872820891277176,-0.0931198936004882,-1.1343033409003636,-1.460638167925856,-1.0018239956993495,-1.2676136780735823,-1.2761757670616813
1.4687940421293182,0.2271347655154853,-0.07223151005309006,-0.7030746009502787,-0.010684955963028146,-0.6865507261215884,-0.6874206446824462,1.2690674927085046,-2.2107503415043266,1.0952551894179579,0.787785789038904,2.5076470381962777,0.6504705666192462,-0.17468048882086265,-1.18599248774169,-1.3701915647024907,-0.9371395722205549,-1.2676136780735823,-1.2761757670616813
1.4687940421293182,0.2271347655154853,0.07223151350126605,-0.7030746009502787,-0.010684955963028146,-0.6865507261215884,-0.6874206446824462,1.2690674927085046,-2.4499678464737507,1.342849411469441,0.9114202199231662,2.1013303386521733,0.6816232848850864,-0.13705129016364992,-1.2293619043765185,-1.2566759036690904,-0.9128530268685993,-1.2676136780735823,-1.2761757670616813
1.4687940421293182,0.2271347655154853,0.2166945370556222,-0.7030746009502787,-0.010684955963028146,-0.6865507261215884,-0.6874206446824462,1.2690674927085046,-2.629380975200819,1.4833179125526599,1.0037064869321468,1.7239949947385667,0.9061754438073771,0.042805892203244364,-1.2743068613329056,-1.165850210802707,-0.9702945888748357,-1.2676136780735823,-1.2761757670616813
1.4687940421293182,0.2271347655154853,0.3611575606099783,-0.7030746009502787,-0.010684955963028146,-0.6865507261215884,-0.6874206446824462,1.2990465346274822,-2.689185351443175,1.5000249399091954,1.0727260221690837,1.4974961477871347,1.4003947697071384,0.3652194433148308,-1.3080215442671086,-1.1118636600361822,-1.1010092311562354,-1.2676136780735823,-1.2761757670616813
1.4687940421293182,0.2271347655154853,0.5056205841643344,-0.7030746009502787,-0.010684955963028146,-0.6865507261215884,-0.6874206446824462,1.2690674927085046,-3.1676203613820233,1.4035361353404916,1.114964463726663,1.234761695970881,1.9435773183965348,0.41390077802624936,-1.3636549648367973,-1.1037544381072737,-1.2854937843904874,-1.2676136780735823,-1.2761757670616813
1.4687940421293182,0.2271347655154853,0.6500836077186906,-0.7030746009502787,-0.010684955963028146,-0.6865507261215884,-0.6874206446824462,1.2690674927085046,-3.0480116088973115,1.2070000274604515,1.1284757276106736,1.0027732589053122,2.3081795929613413,0.41390077802624936,-1.378474009761231,-1.0564296070829733,-1.3748285229964414,-1.2676136780735823,-1.2761757670616813
1.4687940421293182,0.2271347655154853,0.7945466312730467,1.150671793990969,-0.010684955963028146,0.8994579651628136,-0.6874206446824462,1.2690674927085046,-2.9284028564125992,0.8252179696000949,1.076758736802779,0.7085368650872648,2.427089346881205,0.41390077802624936,-1.3586880480635561,-0.9813486044558869,-1.401048332207733,0.9552019826680028,0.937257217201882
1.4687940421293182,0.2271347655154853,0.9390096548274028,-0.7030746009502787,-0.010684955963028146,2.846540569907676,-0.6874206446824462,0.819383579331835,-2.509772222716107,0.6681562189591677,0.9163581384454806,0.5947772736038104,1.7405349628313727,0.41390077802624936,-1.285857931464619,-0.9470620282017508,-1.247184198058395,0.6182146240053187,0.630646644702092
1.4687940421293182,0.2271347655154853,1.083472678381759,1.7578199918413517,-0.010684955963028146,0.17971702082543747,-0.6874206446824462,0.3696996659551655,-2.2107503415043266,0.3388525360694083,0.7398273773288736,0.9085600231626959,1.0500933041385936,0.41390077802624936,-1.2222491966467477,-1.0502015199158146,-1.0977312637191132,0.8106619961405565,0.7972837019486637
1.4687940421293182,0.2271347655154853,1.227935701936115,-0.7030746009502787,-0.010684955963028146,0.6961207631135686,1.8698003787825535,0.4596365058107659,-1.7921197078078341,0.29416859421387587,0.600389798156979,1.0176224219575178,0.24565693001106578,0.41390077802624936,-1.1505378896198888,-1.0637971318842376,-0.8626357666525128,0.7763347177045804,0.7710640986270503
1.4687940421293182,0.2271347655154853,1.3723987254904713,2.32541027222903,-0.010684955963028146,-0.6865507261215884,-0.6874206446824462,-0.22987888521372726,-0.8950540641724933,0.16347321371268347,0.4432468205579555,0.9750211139254654,0.07891831814399218,0.41390077802624936,-1.0794221402088429,-1.0559791670437577,-0.8165570972642843,0.89211370058192,0.8799129896880932
1.4687940421293182,0.2271347655154853,1.5168617490448273,-0.7030746009502787,-0.010684955963028146,1.121208098779344,1.5163831722160528,-0.22987888521372726,-0.8950540641724933,0.14591023728336108,0.31775119028702403,0.7810553202701024,0.08226363655662622,0.41390077802624936,-1.0226508695767282,-1.007074217518868,-0.8188502006131374,0.7839173471322697,0.7820035334482393
1.4687940421293182,0.2271347655154853,1.6613247725991833,1.5686718459041062,-0.010684955963028146,0.5052097507238213,-0.6874206446824462,-0.07998424742150408,-0.8950540641724933,0.1162096545216703,0.23998854047330778,0.7407358847405742,0.17333506819572886,0.41390077802624936,-0.9851080840071706,-0.9898549162797418,-0.8386348220604412,0.8282848781923696,0.8198079098261714
1.4687940421293182,0.3373796974161262,-1.6613247691510074,-0.7030746009502787,-0.010684955963028146,1.0145418992880275,1.6266469860673862,-0.22987888521372726,-0.596032182960713,0.10966350771672795,0.1610409850313681,0.7426323338091451,0.15827747347245466,0.41390077802624936,-0.9431230797338278,-0.9797734739769165,-0.8225344067457978,0.7318810898470628,0.7285472999447653
1.4687940421293182,0.3373796974161262,-1.5168617455966513,2.3106432634953817,-0.010684955963028146,-0.6865507261215884,-0.6874206446824462,-0.37977352300595046,-0.35681467799128885,0.04278047107735894,0.0889280320474662,0.7355794994015973,0.2212273984942362,0.41390077802624936,-0.9049172512662118,-0.9695877169611097,-0.8321863149949603,0.8623885565949686,0.8490362261374472
1.4687940421293182,0.3373796974161262,-1.372398722042295,-0.7030746009502787,-0.010684955963028146,1.192554874499346,1.3980765757240206,-0.5296681607981737,-0.35681467799128885,0.06737609248591968,0.019191848074727607,0.5758567129008966,0.19183318985858389,0.41390077802624936,-0.8693831169189074,-0.9253224950235935,-0.8223271933504387,0.7385718355403331,0.7369088612894373
1.4687940421293182,0.3373796974161262,-1.227935698487939,1.5443138065405022,-0.010684955963028146,0.4765833234485948,-0.6874206446824462,-0.5296681607981737,0.0020115794628475024,0.009722789354867641,-0.04323034414000496,0.551968748671783,0.21562799786243497,0.41390077802624936,-0.836539958201127,-0.9129322493228446,-0.8231940396935111,0.7959293781857718,0.7867749019662672
1.4687940421293182,0.3373796974161262,-1.083472674933583,-0.7030746009502787,-0.010684955963028146,1.055668154141911,1.5694848245922162,-0.6795627985903968,0.0020115794628475024,-0.001637989247576505,-0.10482873819630154,0.5594956953464735,0.14495316218846785,0.41390077802624936,-0.8075562345711723,-0.9153473192682962,-0.8022340444767467,0.7149595641700385,0.7118209024657725
1.4687940421293182,0.3373796974161262,-0.9390096513792268,1.6424405974923755,-0.010684955963028146,0.37567238757657223,-0.6874206446824462,-0.4996892618298623,-0.8352496879301373,-0.07206710061706262,-0.13912768584685947,0.6187481245929141,0.19686540806917227,0.41390077802624936,-0.8042964544198677,-0.9493207345129826,-0.836542381630803,0.7975066211864823,0.7872996870074573
1.4687940421293182,0.3373796974161262,-0.7945466278248707,-0.7030746009502787,-0.010684955963028146,1.002062468576183,1.5377130300692956,-0.37977352300595046,-0.35681467799128885,-0.05112544667888625,-0.130584954605916,0.6781663273593345,0.21477681735656895,0.41390077802624936,-0.8082604916951732,-0.9644034275352816,-0.8407785745532083,0.7091959317984393,0.7022480782998199
1.4687940421293182,0.3373796974161262,-0.6500836042705146,1.6532698566755735,-0.010684955963028146,0.30471974208297986,-0.6874206446824462,0.06991039037071911,-0.8950540641724933,0.07916909594482839,0.02431414709702977,1.760731235633728,0.3809238343596229,0.41390077802624936,-0.8793870869551513,-1.2168983830948312,-0.8706439420879097,0.796641698870879,0.7861696799043331
1.4687940421293182,0.3373796974161262,-0.5056205807161585,-0.7030746009502787,-0.010684955963028146,-0.6865507261215884,2.8331514035407594,0.819383579331835,-1.9117284602925464,0.2635924455175314,0.2611352443832276,2.2797175657674185,0.7433062041251915,0.41390077802624936,-0.9930055491619062,-1.3209356102650012,-0.9601830555495604,0.5892693839933055,0.5935895343871026
1.4687940421293182,0.3373796974161262,-0.3611575571618023,-0.7030746009502787,-0.010684955963028146,-0.6865507261215884,-0.6874206446824462,1.1191728549162814,-2.4499678464737507,0.5856058486422022,0.5046190875859652,2.7665504639657943,1.0325277377909607,0.14778779312989226,-1.1129685919751633,-1.4217199967282899,-1.039013013912387,-1.2676136780735823,-1.2761757670616813
1.4687940421293182,0.3373796974161262,-0.2166945336074462,-0.7030746009502787,-0.010684955963028146,-0.6865507261215884,-0.6874206446824462,1.4189621305007278,-2.7489897276855313,0.9156327398394499,0.7043191719085844,2.8791396943981904,1.1780356618969976,0.11664245218523013,-1.2045511813779641,-1.4396316570551364,-1.0716418089830897,-1.2676136780735823,-1.2761757670616813
1.4687940421293182,0.3373796974161262,-0.07223151005309006,-0.7030746009502787,-0.010684955963028146,-0.6865507261215884,-0.6874206446824462,1.4789199284373507,-3.2274247376243794,1.2289375640860645,0.8621321812868089,2.632491904960793,1.1795288896486842,0.0015563067593362518,-1.29774136661139,-1.415641008033428,-1.1023266410834212,-1.2676136780735823,-1.2761757670616813
1.4687940421293182,0.3373796974161262,0.07223151350126605,-0.7030746009502787,-0.010684955963028146,-0.6865507261215884,-0.6874206446824462,1.4189621305007278,-3.0480116088973115,1.4798483435838232,0.9859774321389817,2.226117184684695,1.1154087948683602,0.09029013536859573,-1.3639029732490482,-1.3476272729932135,-1.103931289389527,-1.2676136780735823,-1.2761757670616813
1.4687940421293182,0.3373796974161262,0.2166945370556222,-0.7030746009502787,-0.010684955963028146,-0.6865507261215884,-0.6874206446824462,1.4189621305007278,-2.868598480170243,1.6339897973881834,1.0898365325679502,1.9106112193856177,1.3662905871059483,0.41390077802624936,-1.412363672391541,-1.2812585007346307,-1.168128684967006,-1.2676136780735823,-1.2761757670616813
1.4687940421293182,0.3373796974161262,0.3611575606099783,-0.7030746009502787,-0.010684955963028146,-0.6865507261215884,-0.6874206446824462,1.4489411724197054,-2.9284028564125992,1.6731555160005924,1.1710745808625684,1.6026869060228244,1.8569098914397906,0.41390077802624936,-1.4468423851283048,-1.2116158513301662,-1.2833104015170484,-1.2676136780735823,-1.2761757670616813
1.4687940421293182,0.3373796974161262,0.5056205841643344,-0.7030746009502787,-0.010684955963028146,-0.6865507261215884,-0.6874206446824462,1.4189621305007278,-2.868598480170243,1.5906221469639115,1.2284489220304655,1.3768436933429131,2.4060686061283074,0.41390077802624936,-1.4715617619769632,-1.1576844941072044,-1.4016924623619051,-1.2676136780735823,-1.2761757670616813
1.4687940421293182,0.3373796974161262,0.6500836077186906,1.141570249746118,-0.010684955963028146,0.8810954504663163,-0.6874206446824462,1.2690674927085046,-2.9284028564125992,1.2963443709372762,1.2417117940710964,1.1127266903700264,2.783607847884565,0.41390077802624936,-1.482686951773937,-1.1016296493329776,-1.4847660375201004,0.9183789755636661,0.8980682188256461
1.4687940421293182,0.3373796974161262,0.7945466312730467,-0.7030746009502787,-0.010684955963028146,2.819332613970119,-0.6874206446824462,1.239088450789527,-2.569576598958463,1.1015901280101348,1.1982112158079405,1.1071218876595037,2.8806025518967067,0.41390077802624936,-1.4616814346185467,-1.0932015193262326,-1.4979692864107998,0.5974135299035269,0.6081136358274036
1.4687940421293182,0.3373796974161262,0.9390096548274028,2.3123256489844493,-0.010684955963028146,-0.6865507261215884,-0.6874206446824462,0.6694889415396119,-1.3136846978689858,0.7385232102660757,1.0341842356923918,1.1184599675585336,2.0982773409674498,0.41390077802624936,-1.3799153025748947,-1.0713108274059795,-1.3155161450034432,0.8840678739789793,0.8650722570236419
1.4687940421293182,0.3373796974161262,1.083472678381759,-0.7030746009502787,-0.010684955963028146,0.8660823104990802,1.618806277085419,0.5195943037473887,0.7196640943711202,0.6572557827151971,0.8532686975534338,1.1587495638544654,0.926366975252935,0.41390077802624936,-1.2494684211648577,-0.9958891212152883,-0.9427122806255663,0.7726703014019611,0.7707652740716144
1.4687940421293182,0.3373796974161262,1.227935701936115,1.502951311160238,-0.010684955963028146,0.4864007015431038,-0.6874206446824462,0.5495733456663663,0.12162033194755961,0.5033340377637449,0.7160193322398848,1.1423976638436413,0.7202063369932425,0.41390077802624936,-1.1598959290975008,-0.9478397258332513,-0.838077594889781,0.7934041716995061,0.7855323239689719
1.4687940421293182,0.3373796974161262,1.3723987254904713,-0.7030746009502787,-0.010684955963028146,0.9713201017176135,1.6352761170159782,0.3696996659551655,0.0020115794628475024,0.44640328904478566,0.5848287797334816,1.1291216914960454,0.5387063347089514,0.41390077802624936,-1.0738958186495626,-0.9075297881688266,-0.744141801840194,0.7248473949064584,0.7217203868991741
1.4687940421293182,0.3373796974161262,1.5168617490448273,1.613121043862183,-0.010684955963028146,0.3865117009980505,-0.6874206446824462,0.06991039037071911,0.36083783691698385,0.29936902429475754,0.4637972448886695,1.1081082401033844,0.5656837115067241,0.41390077802624936,-0.9720624558925929,-0.842451720721698,-0.6884509637580772,0.7876417975274517,0.7778420945022653
1.4687940421293182,0.3373796974161262,1.6613247725991833,-0.7030746009502787,-0.010684955963028146,1.0089885123505198,1.6120989377545991,0.06991039037071911,-0.2970103017489328,0.2637689972743324,0.3611181796596228,1.05799158954304,0.47353731863602583,0.41390077802624936,-0.8873019054681786,-0.7890209006246435,-0.6166027212188633,0.7071799366422036,0.7045046130420668
1.4687940421293182,0.44762462931676716,-1.6613247691510074,1.673674738059328,-0.010684955963028146,0.3529751725847901,-0.6874206446824462,-0.07998424742150408,-0.2970103017489328,0.1850249520549165,0.27011213951848195,1.0522110669013385,0.5075235077636494,0.41390077802624936,-0.8261383070373671,-0.7759149822568695,-0.6152747213552445,0.7886321803119434,0.7784407669849023
1.4687940421293182,0.44762462931676716,-1.5168617455966513,-0.7030746009502787,-0.010684955963028146,0.9863648306785799,1.5625367121959717,-0.07998424742150408,-0.596032182960713,0.17229033922640263,0.20390284141154744,1.0234510189200137,0.4575780910250848,0.41390077802624936,-0.7828098636096159,-0.7688497749397968,-0.6003304650800391,0.6599038077202806,0.6566085630132302
1.4687940421293182,0.44762462931676716,-1.372398722042295,2.2885199838980332,-0.010684955963028146,-0.6865507261215884,-0.6874206446824462,-0.10996314638981547,-0.6558365592030692,0.10560674068267917,0.1455043187493785,0.9895536495545095,0.4928801108199984,0.41390077802624936,-0.7512457920092459,-0.7713541955333739,-0.6252305716974943,0.8423943278869306,0.8280474852564326
1.4687940421293182,0.44762462931676716,-1.227935698487939,-0.7030746009502787,-0.010684955963028146,1.180672182890916,1.3771289006601177,-0.22987888521372726,-0.596032182960713,0.1268929974943152,0.08060586163103639,0.7727028214659116,0.4038861780637599,0.41390077802624936,-0.7223136464164357,-0.7287783948310471,-0.6195104775792402,0.7021823680505507,0.7009989507232274
1.4687940421293182,0.44762462931676716,-1.083472674933583,2.309403422432086,-0.010684955963028146,-0.6865507261215884,-0.6874206446824462,-0.37977352300595046,-0.35681467799128885,0.08321082338477932,0.019577307686022824,0.7139137292078152,0.4116338736625652,0.41390077802624936,-0.6978254066594669,-0.7344402331092353,-0.6464966924993941,0.8418087258702566,0.8294167566782585
1.4687940421293182,0.44762462931676716,-0.9390096513792268,-0.7030746009502787,-0.010684955963028146,1.1951474731702014,1.2938873136075824,-0.28983668315035005,-0.7156409354454252,0.10633779573491427,-0.01815250881525123,0.6047095940534103,0.3602766039816702,0.41390077802624936,-0.6849099287320761,-0.7219003467599266,-0.6511767893551662,0.7388998661359225,0.7319762093812152
1.4687940421293182,0.44762462931676716,-0.7945466278248707,2.3902847766982047,-0.010684955963028146,-0.6865507261215884,-0.6874206446824462,-0.07998424742150408,-0.8950540641724933,0.12329526502794892,-0.015195463060730146,0.5821229519561395,0.3806845924201156,0.41390077802624936,-0.6969425545563817,-0.7361326905314969,-0.6794748462977837,0.8431814215735529,0.8363431414594263
1.4687940421293182,0.44762462931676716,-0.6500836042705146,-0.7030746009502787,-0.010684955963028146,1.2510302858667506,1.3138744066415722,0.3696996659551655,-1.7921197078078341,0.26099582690176615,0.14606024335122847,1.4446873352623155,0.5065209701123808,0.41390077802624936,-0.798950173952863,-1.0048755843375654,-0.7484590023175816,0.7503573906757846,0.7483575259009856
1.4687940421293182,0.44762462931676716,-0.5056205807161585,-0.7030746009502787,-0.010684955963028146,-0.6865507261215884,-0.6874206446824462,0.8493626212508127,-1.9715328365349023,0.40995777527790256,0.35086801541124524,2.1111540774461863,0.667664250088121,0.41390077802624936,-0.8927248299343045,-1.1527596902407993,-0.7771557649081713,-1.2676136780735823,-1.2761757670616813
1.4687940421293182,0.44762462931676716,-0.3611575571618023,-0.7030746009502787,-0.010684955963028146,-0.6865507261215884,-0.6874206446824462,1.2690674927085046,-2.629380975200819,0.6730898597186613,0.569992063575974,2.53022373388235,0.7505062472570296,0.013898693234789547,-1.0124292595052438,-1.2622799459576537,-0.8189639605488404,-1.2676136780735823,-1.2761757670616813
1.4687940421293182,0.44762462931676716,-0.2166945336074462,-0.7030746009502787,-0.010684955963028146,-0.6865507261215884,-0.6874206446824462,1.568856768292951,-2.868598480170243,0.981161559114616,0.7702689457645927,2.673208368070673,0.7612810857638861,-0.368453278167818,-1.110512368720306,-1.2959187300128798,-0.8253183591070506,-1.2676136780735823,-1.2761757670616813
1.4687940421293182,0.44762462931676716,-0.07223151005309006,-0.7030746009502787,-0.010684955963028146,-0.6865507261215884,-0.6874206446824462,1.8086882459407747,-2.689185351443175,1.2921463624977867,0.9407687250929201,2.4768546068599986,0.809737343491232,-0.36519388202244635,-1.174388393459641,-1.232008727106538,-0.8134694211591489,-1.2676136780735823,-1.2761757670616813
1.4687940421293182,0.44762462931676716,0.07223151350126605,-0.7030746009502787,-0.010684955963028146,-0.6865507261215884,-0.6874206446824462,1.8686460438773973,-3.1078159851396676,1.5377468574882098,1.073663231729399,2.1335931811106748,0.845875082578234,-0.4523917536771702,-1.2439705398316665,-1.1676029582254028,-0.8416085198806688,-1.2676136780735823,-1.2761757670616813
1.4687940421293182,0.44762462931676716,0.2166945370556222,-0.7030746009502787,-0.010684955963028146,-0.6865507261215884,-0.6874206446824462,1.568856768292951,-2.2705547177466827,1.6761157004562885,1.156485560772969,1.8394239255682194,1.0604498761253591,0.04305276322247223,-1.2550607818931918,-1.0577518665529282,-0.8597699333394585,-1.2676136780735823,-1.2761757670616813
1.4687940421293182,0.44762462931676716,0.3611575606099783,-0.7030746009502787,-0.010684955963028146,-0.6865507261215884,-0.6874206446824462,1.6438040871890627,-2.390163470231395,1.699314601299935,1.2318568302906172,1.550452498744736,1.5819086057090201,0.41390077802624936,-1.2563268539918835,-0.9355067339458643,-0.9563169645292983,-1.2676136780735823,-1.2761757670616813
1.4687940421293182,0.44762462931676716,0.5056205841643344,-0.7030746009502787,-0.010684955963028146,-0.6865507261215884,-0.6874206446824462,1.4189621305007278,-2.2705547177466827,1.602332105707584,1.264434429424308,1.3160503992282588,2.116522386973207,0.41390077802624936,-1.255858072299145,-0.8514026170811291,-1.0781160812547375,-1.2676136780735823,-1.2761757670616813
1.4687940421293182,0.44762462931676716,0.6500836077186906,1.1127174281924987,-0.010684955963028146,0.8948396961191754,-0.6874206446824462,1.4189621305007278,-2.2705547177466827,1.2710425425015117,1.2722820809690711,1.0561515034712625,2.5233793450443223,0.41390077802624936,-1.2502881263252708,-0.7628645827384163,-1.1664591869470735,0.922932938944407,0.907963609771987
1.4687940421293182,0.44762462931676716,0.7945466312730467,-0.7030746009502787,-0.010684955963028146,2.8059001788812,-0.6874206446824462,1.3290252906451274,-1.9715328365349023,1.0764550429002377,1.222303833064835,1.0641053169599013,2.600687855177008,0.41390077802624936,-1.2078721803210197,-0.7330700452576403,-1.158468806971868,0.5990894516971024,0.6095901566102216
1.4687940421293182,0.44762462931676716,0.9390096548274028,2.3005084586418563,-0.010684955963028146,-0.6865507261215884,-0.6874206446824462,1.1191728549162814,-2.1509459652619705,0.7431920233903678,1.0746561033274464,1.0996579349224056,1.7240573776848325,0.41390077802624936,-1.1401868524178125,-0.7525634506138648,-0.9411809976522748,0.878840953584602,0.8601786979168501
1.4687940421293182,0.44762462931676716,1.083472678381759,-0.7030746009502787,-0.010684955963028146,2.8336719251373204,-0.6874206446824462,0.9692782171240583,-1.7323153315654782,0.6774709588689074,0.9135305069286869,1.2481495654444632,1.150915065434758,0.41390077802624936,-1.0425754171218706,-0.7717447793131654,-0.7521805461642634,0.5481785640332572,0.5596596435121848
1.4687940421293182,0.44762462931676716,1.227935701936115,2.325011803078052,-0.010684955963028146,-0.6865507261215884,-0.6874206446824462,0.9692782171240583,-1.0146628166572054,0.5598077136012082,0.7897520505217925,1.4195776201909496,0.6644833087903865,0.41390077802624936,-0.9442288742871872,-0.7668263731266625,-0.5385592566917413,0.8522767663395874,0.8326383309950808
1.4687940421293182,0.44762462931676716,1.3723987254904713,-0.7030746009502787,-0.010684955963028146,0.6806615070593802,1.8663163862502803,0.5195943037473887,-0.536227806718357,0.5274627778598764,0.6437136494503353,1.3362391273590193,0.1139338986099719,0.41390077802624936,-0.8524440700565162,-0.7219448052134843,-0.32119262330921367,0.7671157098975786,0.7635185739279418
1.4687940421293182,0.44762462931676716,1.5168617490448273,-0.7030746009502787,-0.010684955963028146,-0.6865507261215884,-0.6874206446824462,0.5195943037473887,-0.8352496879301373,0.4534071626266194,0.5399331716496634,1.2476190901805273,0.04108961051856806,0.41390077802624936,-0.7644102424243482,-0.6603121594818182,-0.25282159185650577,-1.2676136780735823,-1.2761757670616813
1.4687940421293182,0.44762462931676716,1.6613247725991833,1.2005291715004311,-0.010684955963028146,-0.6865507261215884,0.9085214457702753,0.4896152618284111,-0.8950540641724933,0.3122396473655477,0.46412286780940265,1.0238074319879706,0.07776279585113391,0.41390077802624936,-0.7003310387816823,-0.5703453822511173,-0.2440293244266572,0.9033425922902261,0.8923606698168212
1.4687940421293182,0.557869561217408,-1.6613247691510074,-0.7030746009502787,-0.010684955963028146,1.3562703782702574,1.2041712112223306,0.06991039037071911,-0.8950540641724933,0.22316209321011105,0.3485044661340433,0.6289398806012826,0.1739901354110464,0.41390077802624936,-0.6504107293917736,-0.4800283591545846,-0.3236147710381061,0.7471633612601007,0.7462481520185732
1.4687940421293182,0.557869561217408,-1.5168617455966513,2.2850622248401504,-0.010684955963028146,-0.6865507261215884,-0.6874206446824462,-0.07998424742150408,-0.596032182960713,0.11146760511307556,0.25527820646286087,0.5717074016957979,0.26987732826784994,0.41390077802624936,-0.6012125125218877,-0.47573323879990886,-0.3744757247099551,0.8600533382399566,0.8478613953510076
1.4687940421293182,0.557869561217408,-1.372398722042295,-0.7030746009502787,-0.010684955963028146,1.2516758728511983,1.3102253663694032,-0.07998424742150408,-0.9548584404148494,0.12690476761143527,0.18449418462981437,0.4294944432429816,0.25351285410631486,0.41390077802624936,-0.580124084876882,-0.469144929723681,-0.4115870106060822,0.7503992707463447,0.7483141349381415
1.4687940421293182,0.557869561217408,-1.227935698487939,2.3070695828814363,-0.010684955963028146,-0.6865507261215884,-0.6874206446824462,-0.37977352300595046,0.7196640943711202,0.07122230520259841,0.10001799729012774,0.4044601551232065,0.2665629322827712,0.41390077802624936,-0.5236220323171525,-0.45810036550744415,-0.4135940764966419,0.8515408993487146,0.8406077362793316
1.4687940421293182,0.557869561217408,-1.083472674933583,-0.7030746009502787,-0.010684955963028146,1.2869729123686775,1.3229800632574422,-0.37977352300595046,0.7196640943711202,0.09605463674435155,0.02881372707220338,0.26980232484347727,0.18034388052557973,0.41390077802624936,-0.4617035628006564,-0.3907308443028047,-0.3612321903909692,0.76996607109476,0.7671957533546271
1.4687940421293182,0.557869561217408,-0.9390096513792268,1.4818702505607495,-0.010684955963028146,0.5657082174810839,-0.6874206446824462,-0.31981572506932765,0.7794684706134762,0.04354683648095423,-0.023963625554488895,0.3250654143315998,0.20247538742618978,0.41390077802624936,-0.40260887030838827,-0.38029872239313717,-0.3388623143587844,0.8126334150843505,0.8039724598059541
1.4687940421293182,0.557869561217408,-0.7945466278248707,-0.7030746009502787,-0.010684955963028146,1.044913043170608,1.505089848599131,-0.37977352300595046,0.7196640943711202,0.05695234598531174,-0.029641849178641023,0.43236978494703415,0.20890887985389223,0.41390077802624936,-0.3852827471485483,-0.4057840429364021,-0.328832443636106,0.7313494106680198,0.7244196322670426
1.4687940421293182,0.557869561217408,-0.6500836042705146,1.5771491695905002,-0.010684955963028146,0.38098341789661966,-0.6874206446824462,0.2198050281629423,0.0020115794628475024,0.16612345175088458,0.11570077642116425,1.6931627777574922,0.37363509268558665,0.41390077802624936,-0.43877061778057247,-0.7697703902341971,-0.34815329137240564,0.8035463384867528,0.7936554396923544
1.4687940421293182,0.557869561217408,-0.5056205807161585,-0.7030746009502787,-0.010684955963028146,-0.6865507261215884,2.819461645312627,0.6694889415396119,-1.0146628166572054,0.3365364385783379,0.33230750892945593,2.210001511939842,0.7299582941464915,0.41390077802624936,-0.5447899961876613,-0.8969304590996814,-0.45353320294418753,0.5918921908156837,0.5960018263120115
1.4687940421293182,0.557869561217408,-0.3611575571618023,-0.7030746009502787,-0.010684955963028146,-0.6865507261215884,-0.6874206446824462,0.9692782171240583,-1.3136846978689858,0.727173547885356,0.5467288106812886,2.698681127150795,1.0041507142722612,0.09102609048252029,-0.6515056780962007,-1.0095894816377033,-0.5282376714314445,-1.2676136780735823,-1.2761757670616813
1.4687940421293182,0.557869561217408,-0.2166945336074462,-0.7030746009502787,-0.010684955963028146,-0.6865507261215884,-0.6874206446824462,1.2690674927085046,-2.0911415890196143,0.9993947783243865,0.73374421238022,2.826619327798136,1.147865137580087,-0.11672635257118252,-0.7561577564812303,-1.0479929106912744,-0.5837121254516003,-1.2676136780735823,-1.2761757670616813
1.4687940421293182,0.557869561217408,-0.07223151005309006,-0.7030746009502787,-0.010684955963028146,-0.6865507261215884,-0.6874206446824462,1.6288145662295739,-2.2107503415043266,1.3148450333638304,0.9067105157555537,2.6105020475354497,1.1684928380037942,0.06736839413047678,-0.8354160872328806,-0.9837265895449563,-0.5785427080278621,-1.2676136780735823,-1.2761757670616813
1.4687940421293182,0.557869561217408,0.07223151350126605,-0.7030746009502787,-0.010684955963028146,-0.6865507261215884,-0.6874206446824462,1.2690674927085046,-1.2538803216266297,1.5338875668636198,1.0122763534164847,2.2090889287123527,1.1514252854894216,0.06893346323350624,-0.8503445547220974,-0.8264980757506801,-0.5145814571153788,-1.2676136780735823,-1.2761757670616813
1.4687940421293182,0.557869561217408,0.2166945370556222,-0.7030746009502787,-0.010684955963028146,-0.6865507261215884,-0.6874206446824462,0.9692782171240583,-0.7754453116877812,1.6550661537778448,1.0867869486756994,1.8042965166844638,1.3240790322485985,0.41390077802624936,-0.8336494189512493,-0.641194156970024,-0.49897516605120723,-1.2676136780735823,-1.2761757670616813
1.4687940421293182,0.557869561217408,0.3611575606099783,-0.7030746009502787,-0.010684955963028146,-0.6865507261215884,-0.6874206446824462,1.1191728549162814,-1.1940759453842735,1.6672691496497691,1.1546668036900705,1.5210948372238833,1.7809432519133888,0.41390077802624936,-0.8285082455384968,-0.5063089438402679,-0.6032735940115942,-1.2676136780735823,-1.2761757670616813
1.4687940421293182,0.557869561217408,0.5056205841643344,-0.7030746009502787,-0.010684955963028146,-0.6865507261215884,-0.6874206446824462,0.9692782171240583,-1.3136846978689858,1.5570818904394974,1.1846526391918575,1.266152569714288,2.3056740625812635,0.41390077802624936,-0.8396435581278072,-0.4222505866521213,-0.7655777983234314,-1.2676136780735823,-1.2761757670616813
1.4687940421293182,0.557869561217408,0.6500836077186906,1.130041698703087,-0.010684955963028146,0.8948700299211018,-0.6874206446824462,0.9692782171240583,-1.0744671928995615,1.2241262017655403,1.1876117722727937,0.984509161341519,2.657295427557566,0.41390077802624936,-0.8142500515132931,-0.2936799920210823,-0.8418989243230584,0.9194777432517964,0.8995328684959879
1.4687940421293182,0.557869561217408,0.7945466312730467,-0.7030746009502787,-0.010684955963028146,2.8057522754469795,-0.6874206446824462,0.9992572590430359,-1.1342715691419176,1.0267544155699757,1.1385150718911405,0.9775798282063562,2.6897094553684275,0.41390077802624936,-0.7547340580447234,-0.25771223561095286,-0.8240883980363889,0.5946116992602135,0.6051407408495229
1.4687940421293182,0.557869561217408,0.9390096548274028,1.7153858939466982,-0.010684955963028146,0.17187594222609295,-0.6874206446824462,0.6694889415396119,0.06181595570520356,0.6683850823476134,0.979248587552635,1.0682927560745954,1.9315655827874638,0.41390077802624936,-0.6396270633267331,-0.24943146911246347,-0.557730753571955,0.7657579328460268,0.7525928522884062
1.4687940421293182,0.557869561217408,1.083472678381759,-0.7030746009502787,-0.010684955963028146,0.7009630838941945,1.7689754548166134,0.6694889415396119,0.36083783691698385,0.5788949201975789,0.8162798819294691,1.271886675770395,0.8085932136716837,0.41390077802624936,-0.49037733617001383,-0.25108120304520865,-0.08119693338839873,0.7339062518856958,0.7288170607420696
1.4687940421293182,0.557869561217408,1.227935701936115,2.290159906622361,-0.010684955963028146,-0.6865507261215884,-0.6874206446824462,0.819383579331835,0.06181595570520356,0.46691402591728853,0.7022944652860771,1.2647244308396606,0.6542081116129772,0.41390077802624936,-0.39737803787779574,-0.21752352855891213,0.014923443455253723,0.8519408270611455,0.8396087207621519
1.4687940421293182,0.557869561217408,1.3723987254904713,-0.7030746009502787,-0.010684955963028146,1.1053163245494118,1.4401424124272568,0.5195943037473887,0.36083783691698385,0.4413820263022872,0.5817938071261355,1.0423375960513315,0.5216282034693623,0.41390077802624936,-0.2777892973621339,-0.08532013609595332,0.12297616764304317,0.73327948876963,0.7318396915877388
1.4687940421293182,0.557869561217408,1.5168617490448273,2.3137360577778403,-0.010684955963028146,-0.6865507261215884,-0.6874206446824462,0.5195943037473887,-0.8352496879301373,0.3487485889858,0.4908016824944277,0.9863840598524924,0.5480685065253841,0.41390077802624936,-0.21148669468835632,-0.09524976904516728,0.0779051798349857,0.8429930511274282,0.8316022694200012
1.4687940421293182,0.557869561217408,1.6613247725991833,-0.7030746009502787,-0.010684955963028146,1.2103827820867192,1.3690633167473676,0.6095311436029891,-0.41661905423364487,0.3798406611492406,0.42587052392891794,0.8370279204237392,0.5091306602484347,0.41390077802624936,-0.13469133571978786,-0.009210299792392365,0.12339496141785752,0.7395859443733825,0.7367320226484123
1.4687940421293182,0.6681144931180489,-1.6613247691510074,2.330348853019303,-0.010684955963028146,-0.6865507261215884,-0.6874206446824462,0.3696996659551655,0.36083783691698385,0.33667964166996533,0.35376244137331764,0.7861901550514819,0.5249523644315638,0.41390077802624936,-0.030911504607776495,0.05099425366280115,0.1580181581252414,0.8380580330274273,0.827477671857574
1.4687940421293182,0.6681144931180489,-1.5168617455966513,-0.7030746009502787,-0.010684955963028146,1.2191860698030332,1.300773506953118,0.2198050281629423,0.7196640943711202,0.3561068738720268,0.2825219908308674,0.6286522635441173,0.4499980275335532,0.41390077802624936,0.0688816334556042,0.1546735360642059,0.23052712535819267,0.7162413100205305,0.7127523754464495
1.4687940421293182,0.6681144931180489,-1.372398722042295,2.270791331699604,-0.010684955963028146,-0.6865507261215884,-0.6874206446824462,0.2797628260995651,0.8392728468558323,0.3096103339800045,0.23234266381532373,0.6176614791694454,0.47221416423589374,0.41390077802624936,0.1621687082728247,0.20869402706478804,0.27123680614949214,0.7992515642122257,0.7889344210651739
1.4687940421293182,0.6681144931180489,-1.227935698487939,-0.7030746009502787,-0.010684955963028146,1.2152698713750159,1.257939957695487,0.06991039037071911,0.7196640943711202,0.31484803609843304,0.1803028331885826,0.5360520041509063,0.4187842781606959,0.41390077802624936,0.22502980257096614,0.24810091594573028,0.29956084664748117,0.7309014916300973,0.7239711907595358
1.4687940421293182,0.6681144931180489,-1.083472674933583,2.3251651707009104,-0.010684955963028146,-0.6865507261215884,-0.6874206446824462,0.06991039037071911,0.7196640943711202,0.28778199788544995,0.13144339224276283,0.4998139126832849,0.4071769753541253,0.41390077802624936,0.290786979552884,0.26212354593881165,0.302993732845412,0.8015939722789218,0.7947215883973308
1.4687940421293182,0.6681144931180489,-0.9390096513792268,-0.7030746009502787,-0.010684955963028146,1.2445223255624134,1.267252917619642,0.15984723022631953,0.7196640943711202,0.29249396810584893,0.09823402898081196,0.43860535590108074,0.3660753728963942,0.41390077802624936,0.3420782042478294,0.28919679232085144,0.321890546425982,0.7469947625211074,0.7400778342975287
1.4687940421293182,0.6681144931180489,-0.7945466278248707,1.4448742532373615,-0.010684955963028146,0.6023557387801908,-0.6874206446824462,-0.07998424742150408,1.0784903518252564,0.2690008143342009,0.08224093398941865,0.48422374199676865,0.37676802284580097,0.41390077802624936,0.38219627639163395,0.2696235786187284,0.3176305534402531,0.7687750953542806,0.7618758575704566
1.4687940421293182,0.6681144931180489,-0.6500836042705146,-0.7030746009502787,-0.010684955963028146,1.005194485924744,1.4792214916777284,0.2198050281629423,0.7196640943711202,0.3388649600819239,0.21440835525802127,1.696028173050346,0.52202287129474,0.41390077802624936,0.3098862785037146,-0.2049407018495819,0.26634207202539756,0.7033621997379197,0.7005181706679405
1.4687940421293182,0.6681144931180489,-0.5056205807161585,-0.7030746009502787,-0.010684955963028146,-0.6865507261215884,-0.6874206446824462,0.3996787078741431,-0.057792796779508555,0.41614951077845186,0.40534793061707,1.8152814989859365,0.6876816394416566,0.41390077802624936,0.18046589644039893,-0.25527461113296473,0.1846495555875887,-1.2676136780735823,-1.2761757670616813
1.4687940421293182,0.6681144931180489,-0.3611575571618023,-0.7030746009502787,-0.010684955963028146,-0.6865507261215884,-0.6874206446824462,0.3696996659551655,0.0020115794628475024,0.5005994472195167,0.5329969859727645,1.7465940698498361,0.7243824922094035,0.41390077802624936,0.097569385919141,-0.23401804856979683,0.16454068557115084,-1.2676136780735823,-1.2761757670616813
1.4687940421293182,0.6681144931180489,-0.2166945336074462,-0.7030746009502787,-0.010684955963028146,-0.6865507261215884,-0.6874206446824462,0.06991039037071911,1.0784903518252564,0.49195364229943395,0.6206473010141276,1.418275469191507,0.6494436165251708,0.41390077802624936,0.055474718062149805,-0.09938895950663362,0.21109906816233415,-1.2676136780735823,-1.2761757670616813
1.4687940421293182,0.6681144931180489,-0.07223151005309006,0.709293212987788,-0.010684955963028146,0.28770634937698913,0.45575501774872756,0.03993149140240772,0.8392728468558323,0.2976662806847216,0.5825181093921252,0.8244307906404613,0.35661717880492116,0.41390077802624936,0.08808216032980246,0.12783017241763472,0.3315411445799157,0.9123692753096769,0.8974325002851092
1.4687940421293182,0.6681144931180489,0.07223151350126605,-0.7030746009502787,-0.010684955963028146,1.1895376026015203,1.3241989899752782,0.06991039037071911,0.7196640943711202,0.6840766101548456,0.668457512548696,0.8803337659157066,0.5234412342218189,-0.12926786614233376,0.03937417583165433,0.09802414080008529,0.24880033360984208,0.7331139456581025,0.733686468275203
1.4687940421293182,0.6681144931180489,0.2166945370556222,2.289927884342452,-0.010684955963028146,-0.6865507261215884,-0.6874206446824462,0.5195943037473887,0.06181595570520356,1.0101801289787387,0.7916292527443097,1.0533673372031989,0.9159062435101935,-0.10118861667704408,-0.029934896166143494,0.033371356413573736,0.08452902131192429,0.8980331699542731,0.8844868474554393
1.4687940421293182,0.6681144931180489,0.3611575606099783,-0.7030746009502787,-0.010684955963028146,1.2042137235694224,1.2599468880079836,0.7894045374128574,-0.7754453116877812,1.2118022352454376,0.9052751309575356,1.178342336180898,1.816678999442171,-0.056344263137115186,-0.10144447040286267,-0.02586096656699159,-0.2782732485652963,0.7320054718591986,0.7321767902471927
1.4687940421293182,0.6681144931180489,0.5056205841643344,2.252997104092336,-0.010684955963028146,-0.6865507261215884,-0.6874206446824462,0.9692782171240583,-1.0744671928995615,1.4193061305951908,0.9571361472880622,1.2383407462672484,2.5776449504116083,0.13463259546849063,-0.13462192228662145,-0.04936322321108185,-0.5402888007429949,0.8070852943204838,0.7962210327076891
1.4687940421293182,0.6681144931180489,0.6500836077186906,-0.7030746009502787,-0.010684955963028146,2.1587121972876684,-0.6874206446824462,0.3696996659551655,0.7196640943711202,1.2708810303388085,0.957810353720093,1.2422107290911808,2.4525319947745197,0.41390077802624936,-0.09691934120946198,-0.006053315848791536,-0.4608719197176549,0.25027393885723825,0.28914390485657465
1.4687940421293182,0.6681144931180489,0.7945466312730467,1.5823835563916837,-0.010684955963028146,0.40120989242183674,-0.6874206446824462,0.4596365058107659,0.48044658940169593,1.0575443880606679,0.901821301516255,1.424556627863548,2.5582907657543257,0.41390077802624936,-0.04470188101570229,-0.0625263953922178,-0.4832151571468536,0.7273300023509955,0.7177447922657588
1.4687940421293182,0.6681144931180489,0.9390096548274028,-0.7030746009502787,-0.010684955963028146,2.038607495947048,-0.6874206446824462,0.2198050281629423,0.7196640943711202,0.8894442292473073,0.7440924809701005,1.4614031081494958,1.875342099507067,0.41390077802624936,0.06989969714204493,-0.07305502467668115,-0.24026018045332803,0.09423293003424071,0.13503742085171133
1.4687940421293182,0.6681144931180489,1.083472678381759,1.7455939406163248,-0.010684955963028146,0.15027769995824147,-0.6874206446824462,0.2198050281629423,0.7196640943711202,0.5738690801873115,0.5972094084760576,1.5710482008670472,1.2146030599774005,0.41390077802624936,0.1798493701833167,-0.10933507461423966,0.02328010422151801,0.7069378231012399,0.6939931522930808
1.4687940421293182,0.6681144931180489,1.227935701936115,-0.7030746009502787,-0.010684955963028146,0.6327585762558183,1.8728942394581656,0.2198050281629423,0.7196640943711202,0.5239670530752173,0.4734003379484107,1.5212100498202692,0.4350616812762198,0.41390077802624936,0.2734504925818422,-0.08689396535189282,0.36819193200311084,0.68438369754806,0.678229747645133
1.4687940421293182,0.6681144931180489,1.3723987254904713,2.2854938400311156,-0.010684955963028146,-0.6865507261215884,-0.6874206446824462,0.06991039037071911,1.0784903518252564,0.42620903754373335,0.373552383113516,1.4341930425799836,0.432046744589572,0.41390077802624936,0.3498823951017476,-0.051123344230953,0.3719892430238598,0.8063136585139823,0.7942500186879305
1.4687940421293182,0.6681144931180489,1.5168617490448273,-0.7030746009502787,-0.010684955963028146,1.0678332639062078,1.5098486205064672,0.2198050281629423,0.7196640943711202,0.42490909349736183,0.30691170421415725,1.1616729798793122,0.39173122279022193,0.41390077802624936,0.41343232131651964,0.06525457372953691,0.3995905476539471,0.7144142245387957,0.711914438645111
1.4687940421293182,0.6681144931180489,1.6613247725991833,2.319609536063529,-0.010684955963028146,-0.6865507261215884,-0.6874206446824462,0.1898261291946309,0.5402509656440521,0.3562317678925786,0.2511160775914385,1.0787514074501316,0.44146750626874115,0.41390077802624936,0.46081614816947236,0.09735943270177269,0.37417404516713004,0.8208429873708977,0.809685330347958
1.4687940421293182,0.7783594250186899,-1.6613247691510074,-0.7030746009502787,-0.010684955963028146,1.1883217401408561,1.4067895902514442,-0.07998424742150408,1.0784903518252564,0.36284330423707684,0.18170829964131968,0.8350469268599786,0.3895096904947972,0.41390077802624936,0.5147306221928317,0.19311491745617987,0.39132166326801404,0.731353005523862,0.7282867494933476
1.4687940421293182,0.7783594250186899,-1.5168617455966513,2.305485023002276,-0.010684955963028146,-0.6865507261215884,-0.6874206446824462,-0.22987888521372726,0.7196640943711202,0.3257445489700302,0.1289191188316093,0.7845614302176788,0.4160801932457889,0.41390077802624936,0.5518277638807064,0.20579880582091423,0.36939416272476244,0.7822056565230655,0.7753174363575384
1.4687940421293182,0.7783594250186899,-1.372398722042295,-0.7030746009502787,-0.010684955963028146,1.1779176644773632,1.292269260035854,-0.13994204535812688,0.8392728468558323,0.3161525574125735,0.08148045139890299,0.6778637906853711,0.38448642351323803,0.41390077802624936,0.5827741041296683,0.2368550959007058,0.36828691390720064,0.7195807513550262,0.7126414419471029
1.4687940421293182,0.7783594250186899,-1.227935698487939,2.3184958291199673,-0.010684955963028146,-0.6865507261215884,-0.6874206446824462,-0.07998424742150408,0.7196640943711202,0.2827816597956094,0.04673481589554444,0.6192835730624493,0.39058953421495424,0.41390077802624936,0.6081938818004851,0.24933425850857,0.3518570096425078,0.7912433038528347,0.7843624053670052
1.4687940421293182,0.7783594250186899,-1.083472674933583,-0.7030746009502787,-0.010684955963028146,1.2153663119452784,1.2772074509509708,-0.07998424742150408,0.7196640943711202,0.2786954674687604,0.01635377992585902,0.5256654642565612,0.3497678611014085,0.41390077802624936,0.6255322969224482,0.27291176921795046,0.35268520817633,0.7340040319646003,0.7270763053694793
1.4687940421293182,0.7783594250186899,-0.9390096513792268,2.338107534725223,-0.010684955963028146,-0.6865507261215884,-0.6874206446824462,0.06991039037071911,0.6598597181287641,0.2536238102122326,-0.0017913485993539936,0.49232509391818974,0.35679457588931773,0.41390077802624936,0.6416097013418882,0.2790487707729423,0.34060307327769734,0.8066963309183712,0.7998280088312824
1.4687940421293182,0.7783594250186899,-0.7945466278248707,-0.7030746009502787,-0.010684955963028146,1.2397873236810169,1.273644386117455,0.2198050281629423,0.7196640943711202,0.27559796497999683,0.009806532737613517,0.4477054932803812,0.3432472976276949,0.41390077802624936,0.6403429061866012,0.3022589028465833,0.3503268184152404,0.7456585546046081,0.7387404920747768
1.4687940421293182,0.7783594250186899,-0.6500836042705146,1.4011616140381302,-0.010684955963028146,0.547596322748089,-0.6874206446824462,0.3696996659551655,0.7196640943711202,0.37898340428566263,0.15568212234870424,1.543326723988397,0.46940347832073004,0.41390077802624936,0.5607493181935117,-0.11424350475750529,0.32998649824171017,0.7704830113648504,0.7622088627428498
1.4687940421293182,0.7783594250186899,-0.5056205807161585,-0.7030746009502787,-0.010684955963028146,-0.6865507261215884,2.2641435676356974,0.6095311436029891,-0.2970103017489328,0.5128671787356013,0.35511085423737926,2.011269729585055,0.7349872573647056,0.41390077802624936,0.40767293451462866,-0.296431861861046,0.19806798761962272,0.3174715006563973,0.3422563877841209
1.4687940421293182,0.7783594250186899,-0.3611575571618023,-0.7030746009502787,-0.010684955963028146,-0.6865507261215884,-0.6874206446824462,0.06991039037071911,1.0784903518252564,0.6936686017123023,0.5596389245577919,2.0628360695776244,0.9744529775977101,0.41390077802624936,0.2667520962812833,-0.3083833785298581,0.10198451179158215,-1.2676136780735823,-1.2761757670616813
1.4687940421293182,0.7783594250186899,-0.2166945336074462,-0.7030746009502787,-0.010684955963028146,-0.6865507261215884,0.7985113745152582,0.5195943037473887,0.06181595570520356,0.8824926672971182,0.76153278894253,2.059802414161991,1.19927448713897,0.41390077802624936,0.13865105148585985,-0.29837285288221976,0.018375107684797668,-0.47361427337859147,-0.5073957688480782
1.4687940421293182,0.7783594250186899,-0.07223151005309006,-0.7030746009502787,-0.010684955963028146,-0.6865507261215884,-0.6874206446824462,0.6395098996206342,-0.057792796779508555,1.2763142471805093,0.9107000923100064,1.9581608669890724,1.328859802298276,-0.007692040574190503,0.058459495688305545,-0.24383534259733838,-0.014199755132318505,-1.2676136780735823,-1.2761757670616813
1.4687940421293182,0.7783594250186899,0.07223151350126605,-0.7030746009502787,-0.010684955963028146,-0.6865507261215884,-0.6874206446824462,0.6694889415396119,0.06181595570520356,1.438325985965819,0.9671852324251323,1.6117000123041354,1.2771363459752783,0.06964379965675621,0.03986561329771793,-0.0934818406871104,0.03007338468138461,-1.2676136780735823,-1.2761757670616813
1.4687940421293182,0.7783594250186899,0.2166945370556222,-0.7030746009502787,-0.010684955963028146,-0.6865507261215884,-0.6874206446824462,0.6694889415396119,0.06181595570520356,1.5376128089321202,1.0224986866459962,1.285212380173985,1.4200093537543608,0.41390077802624936,0.03934910986967757,0.07419744588027703,0.010812801325610865,-1.2676136780735823,-1.2761757670616813
1.4687940421293182,0.7783594250186899,0.3611575606099783,1.136970475234847,-0.010684955963028146,0.8692350385124047,-0.6874206446824462,0.6694889415396119,0.06181595570520356,1.5672636956437485,1.0547527501853688,1.013044586203271,1.8400124122769723,0.41390077802624936,0.052655520396359776,0.22330394238584025,-0.1228926791885937,0.9013806997144135,0.8885551595707808
1.4687940421293182,0.7783594250186899,0.5056205841643344,-0.7030746009502787,-0.010684955963028146,2.8157408826233974,-0.6874206446824462,0.5195943037473887,0.36083783691698385,1.4608631446691596,1.0739387588161733,1.0654049813565443,2.3109601701970433,0.41390077802624936,0.06042548657142509,0.2194117674297501,-0.28255638656673443,0.5888011540198753,0.6000265427901559
1.4687940421293182,0.7783594250186899,0.6500836077186906,1.7163824251597115,-0.010684955963028146,0.21842614236271216,-0.6874206446824462,0.5195943037473887,0.06181595570520356,1.1989603835720521,1.0679453489033628,1.3115181511920064,2.638014480228704,0.41390077802624936,0.06292605729747207,0.10214533100962342,-0.40923473462272714,0.7504853675437625,0.7377130268225247
1.4687940421293182,0.7783594250186899,0.7945466312730467,-0.7030746009502787,-0.010684955963028146,1.7115821245565026,-0.6874206446824462,0.5195943037473887,-0.057792796779508555,1.0266099046875572,1.006065165781047,1.5438149270047379,2.5960812272193525,0.41390077802624936,0.10624317283856063,-0.0036547280617320334,-0.40523785242878724,-0.059211873899610114,-0.02521952746195175
1.4687940421293182,0.7783594250186899,0.9390096548274028,1.6929935043382125,-0.010684955963028146,0.13972090929194683,-0.6874206446824462,0.2198050281629423,0.36083783691698385,0.6875899901151847,0.8421808196371872,1.6364508277047447,1.8077139366953967,0.41390077802624936,0.21007506402544682,-0.06336546737667831,-0.14067110814215691,0.7124656329295989,0.7005091649964069
1.4687940421293182,0.7783594250186899,1.083472678381759,-0.7030746009502787,-0.010684955963028146,0.6171083218488106,1.822859044393956,0.2198050281629423,0.36083783691698385,0.5814091479935037,0.666985947426152,1.5092635811029127,0.6391903905462876,0.41390077802624936,0.329139347490518,-0.038553746622437476,0.3239460858400082,0.6948885852897722,0.6891417561030149
1.4687940421293182,0.7783594250186899,1.227935701936115,-0.7030746009502787,-0.010684955963028146,-0.6865507261215884,-0.6874206446824462,0.24978407008191994,0.06181595570520356,0.46019001956475414,0.5353083520895924,1.4283942848510842,0.4779722457459396,0.41390077802624936,0.41059311908492124,-0.03404218950361299,0.36759125334069465,-1.2676136780735823,-1.2761757670616813
1.4687940421293182,0.7783594250186899,1.3723987254904713,1.2838876995441697,-0.010684955963028146,-0.6865507261215884,0.75140154081806,0.06991039037071911,0.7196640943711202,0.2740547718464773,0.4361979192546489,1.188325217554092,0.41872161955749165,0.41390077802624936,0.4832728399119978,0.05685995021583898,0.38967400016856196,0.8588158091163222,0.8463025954782681
1.4687940421293182,0.7783594250186899,1.5168617490448273,-0.7030746009502787,-0.010684955963028146,1.345246237855662,1.1844744683315287,0.06991039037071911,0.7196640943711202,0.20182417866222585,0.34369109142115467,0.8008445342177113,0.4459195220886197,0.41390077802624936,0.5542297578909025,0.2136297828917037,0.37116912341061536,0.7098663724129863,0.7091887902857004
1.4687940421293182,0.7783594250186899,1.6613247725991833,1.5891974863740834,-0.010684955963028146,0.42445165145785657,-0.6874206446824462,0.0998892893390305,0.4206422131593399,0.10826613325641811,0.2745484039257352,0.7888160076079647,0.5013080998250217,0.41390077802624936,0.6016434710831352,0.20834291371693547,0.334539734209491,0.8143850085934017,0.8043613410767267
1.4687940421293182,0.8886043569193308,-1.6613247691510074,-0.7030746009502787,-0.010684955963028146,1.0865221284717064,1.5212241542143634,-0.07998424742150408,0.7196640943711202,0.0702532322263798,0.20273115551728543,0.770382821053792,0.436596410180678,0.41390077802624936,0.6467188192455744,0.19686590971341142,0.344069585253168,0.7063261583797107,0.7038351232332786
1.4687940421293182,0.8886043569193308,-1.5168617455966513,2.2644065085591976,-0.010684955963028146,-0.6865507261215884,-0.6874206446824462,-0.22987888521372726,0.7196640943711202,0.026788151388169548,0.14321452167217172,0.7906851040457388,0.4856149678406754,0.41390077802624936,0.690028463201843,0.18243361133608452,0.3154887660903292,0.8467462603693467,0.8324246509705089
1.4687940421293182,0.8886043569193308,-1.372398722042295,-0.7030746009502787,-0.010684955963028146,1.1739642286924985,1.2995131614108217,-0.19989998624541588,0.36083783691698385,0.05663520671846557,0.08366657793083362,0.6338807603642855,0.39923967644951996,0.41390077802624936,0.7227207441100323,0.22654962636605114,0.33084417391818083,0.6995911959595829,0.6976263267338629
1.4687940421293182,0.8886043569193308,-1.227935698487939,2.2733496684832457,-0.010684955963028146,-0.6865507261215884,-0.6874206446824462,-0.5296681607981737,1.0784903518252564,0.015070999795145682,0.010888463596032407,0.5836256889147579,0.38990924080873623,0.41390077802624936,0.7553667493961107,0.20808180162872394,0.2935167223092976,0.8342972745882404,0.822085116678075
1.4687940421293182,0.8886043569193308,-1.083472674933583,-0.7030746009502787,-0.010684955963028146,1.2499058432091334,1.3116212644281158,-0.5296681607981737,1.0784903518252564,0.04273666008585648,-0.05132221287531795,0.40913662612184143,0.27428947043114393,0.41390077802624936,0.7784616590935829,0.2427878054398378,0.3040232493460635,0.7315924229229441,0.7294951468736854
1.4687940421293182,0.8886043569193308,-0.9390096513792268,1.533561410336517,-0.010684955963028146,0.5299936174901899,-0.6874206446824462,-0.34979462403763906,0.8990772230981884,0.02680319098226741,-0.08145068234879368,0.43196944189628256,0.28595129435998323,0.41390077802624936,0.7876941277424461,0.2105341733010629,0.27583633214869147,0.7843830607066105,0.7774966041943367
1.4687940421293182,0.8886043569193308,-0.7945466278248707,-0.7030746009502787,-0.010684955963028146,1.02322196900893,1.4797789723200887,-0.22987888521372726,0.7196640943711202,0.040318554913078855,-0.06690967076673814,0.5603908723543654,0.2836288573009568,0.41390077802624936,0.7641938243137729,0.135742692798364,0.2562846893029138,0.7037371432022482,0.6967849104685226
1.4687940421293182,0.8886043569193308,-0.6500836042705146,1.5680227210237132,-0.010684955963028146,0.3330728513429177,-0.6874206446824462,0.06991039037071911,0.36083783691698385,0.14003237157268014,0.07521290595026159,1.7534952214866022,0.42133863342638755,0.41390077802624936,0.6396372029494093,-0.33539785300499975,0.18070966253610268,0.7746940254982573,0.7645415363444269
1.4687940421293182,0.8886043569193308,-0.5056205807161585,-0.7030746009502787,-0.010684955963028146,-0.6865507261215884,2.2033049625247005,0.3696996659551655,-0.1175971730218646,0.2990276908982757,0.2852174250080473,2.1712171392053286,0.696397695271801,0.41390077802624936,0.48110270605008676,-0.47406658896776127,0.06567937115959194,0.2789905460376954,0.3052130929879616
1.4687940421293182,0.8886043569193308,-0.3611575571618023,-0.7030746009502787,-0.010684955963028146,-0.6865507261215884,-0.6874206446824462,0.6694889415396119,-0.8352496879301373,0.66307741342186,0.48626244331736995,2.6135240988046844,0.9153366198446999,0.04202102867985013,0.323278250727529,-0.624476910950341,-0.037562901697157355,-1.2676136780735823,-1.2761757670616813
1.4687940421293182,0.8886043569193308,-0.2166945336074462,-0.7030746009502787,-0.010684955963028146,-0.6865507261215884,-0.6874206446824462,0.6694889415396119,-0.536227806718357,0.9074923960601344,0.6442987966219946,2.6832948578938542,1.0066269497209708,-0.07607065495654898,0.21593567875070546,-0.6371861731641789,-0.06372681351201899,-1.2676136780735823,-1.2761757670616813
1.4687940421293182,0.8886043569193308,-0.07223151005309006,-0.7030746009502787,-0.010684955963028146,-0.6865507261215884,-0.6874206446824462,0.5195943037473887,-0.536227806718357,1.16248675230316,0.7534819709600444,2.38555649846623,0.9632354601279558,0.07259111357027374,0.13120983504287434,-0.5524355653235644,-0.05549352004646904,-1.2676136780735823,-1.2761757670616813
1.4687940421293182,0.8886043569193308,0.07223151350126605,-0.7030746009502787,-0.010684955963028146,-0.6865507261215884,-0.6874206446824462,0.6694889415396119,-1.3136846978689858,1.3681538554867876,0.8496360538159385,1.970941176511928,0.8569314779254631,0.04071913339920509,0.03488640456235363,-0.45588633452027505,-0.05740975266783023,-1.2676136780735823,-1.2761757670616813
1.4687940421293182,0.8886043569193308,0.2166945370556222,-0.7030746009502787,-0.010684955963028146,-0.6865507261215884,-0.6874206446824462,0.3696996659551655,0.7196640943711202,1.3587547630710208,0.9597543503878887,1.566333601958817,0.9929266868177583,0.41390077802624936,0.007192854917606611,-0.24097351941125908,-0.028958196234235557,-1.2676136780735823,-1.2761757670616813
1.4687940421293182,0.8886043569193308,0.3611575606099783,2.267034541610704,-0.010684955963028146,-0.6865507261215884,-0.6874206446824462,0.5195943037473887,-0.057792796779508555,1.3041571131234166,1.072699582701161,1.3067016015689883,1.1951292543503644,0.41390077802624936,-0.04704506642279904,-0.10910974615937938,-0.07342173655452788,0.8948206270310026,0.8770240111949582
1.4687940421293182,0.8886043569193308,0.5056205841643344,-0.7030746009502787,-0.010684955963028146,1.2180752250566245,1.3058837113104222,0.5195943037473887,0.36083783691698385,1.2497968272044002,1.1271043541560475,1.0675434597642859,1.438269047225802,0.41390077802624936,-0.05618305567651907,0.032825059611078,-0.12188980129092826,0.8385471131647417,0.8342677435196184
1.4687940421293182,0.8886043569193308,0.6500836077186906,2.2771430088000235,-0.010684955963028146,-0.6865507261215884,-0.6874206446824462,0.5046047827878999,-0.1175971730218646,1.0821419711554154,1.0838139000853304,0.9614401183011064,1.7620944048222085,0.41390077802624936,-0.02881102519789703,0.07240284245008559,-0.24809564166772483,0.8269448956772361,0.8201910602150589
1.4687940421293182,0.8886043569193308,0.7945466312730467,-0.7030746009502787,-0.010684955963028146,1.3055556086274338,1.2484387303874207,0.4896152618284111,-0.1175971730218646,0.9558015339886466,0.9735341836039569,0.7913158722892626,1.9943779843814333,0.41390077802624936,0.04562933843918179,0.14446912818495536,-0.33126900241251545,0.7741991935915957,0.7699780965098293
1.4687940421293182,0.8886043569193308,0.9390096548274028,1.3399664991752918,-0.010684955963028146,0.6374782020376177,-0.6874206446824462,0.2198050281629423,0.7196640943711202,0.6668183489798537,0.7781820002036912,0.6147065661758023,1.428398282850893,0.41390077802624936,0.19243730347295349,0.24190405813131452,-0.10038786334783996,0.7813243776133808,0.7736043120226082
1.4687940421293182,0.8886043569193308,1.083472678381759,-0.7030746009502787,-0.010684955963028146,1.0912575487503708,1.4590586824187546,0.2198050281629423,0.7196640943711202,0.5651467695059484,0.5951547835082692,0.7869634885221886,0.7958198098470385,0.41390077802624936,0.34169739444087477,0.19137691722783493,0.18421984435253413,0.7103987705631977,0.7077570931861977
1.4687940421293182,0.8886043569193308,1.227935701936115,1.5440203297107797,-0.010684955963028146,0.4631361398559807,-0.6874206446824462,0.24978407008191994,0.3010334606746278,0.406677835973778,0.4663653521545371,0.8612391430168137,0.8061251157039097,0.41390077802624936,0.4302510997651954,0.14746259176766624,0.16724712396469824,0.7747463306507595,0.7651172852995236
1.4687940421293182,0.8886043569193308,1.3723987254904713,-0.7030746009502787,-0.010684955963028146,1.067255561878485,1.5271106477513292,0.06991039037071911,0.7196640943711202,0.3333918556210941,0.36183343684448105,0.9032047095997431,0.6572352545210284,0.41390077802624936,0.5027071550854024,0.11680035539574872,0.21909850962953886,0.6851330452483406,0.682006398807395
1.4687940421293182,0.8886043569193308,1.5168617490448273,1.6207600414885825,-0.010684955963028146,0.37201946562941285,-0.6874206446824462,-0.07998424742150408,0.7196640943711202,0.21982395721578174,0.2730942331899825,0.9479005660567424,0.6582866170579107,0.41390077802624936,0.5543372523047644,0.07170495316448364,0.1909109373845524,0.7680244894544552,0.7577731601638047
1.4687940421293182,0.8886043569193308,1.6613247725991833,-0.7030746009502787,-0.010684955963028146,1.0546648374933656,1.5542613147431512,0.06991039037071911,0.12162033194755961,0.21164503360812828,0.21628486170506678,0.9671883151064119,0.5701137561280765,0.41390077802624936,0.5769534985360265,0.028097933210125377,0.192048536741582,0.681572160793973,0.6785705304429417
1.4687940421293182,0.9988492888199717,-1.6613247691510074,1.6674880744877083,-0.010684955963028146,0.3313939277059491,-0.6874206446824462,-0.22987888521372726,0.7196640943711202,0.11917899351290426,0.14627175909461068,0.9825099326905605,0.586431032900185,0.41390077802624936,0.601869064740926,-0.01596993656769595,0.14475562742543754,0.7735005333586884,0.7629503979239075
1.4687940421293182,0.9988492888199717,-1.5168617455966513,-0.7030746009502787,-0.010684955963028146,0.8807992252006074,1.3981029331577681,-0.37977352300595046,1.0784903518252564,0.10964062137788338,0.08015499912540588,0.950304282096452,0.4881058507550692,0.41390077802624936,0.6345613456491154,-0.02819449320250337,0.16085407759723763,0.6517242524800148,0.6476780069671118
1.4687940421293182,0.9988492888199717,-1.372398722042295,2.3740822756814453,-0.010684955963028146,-0.6865507261215884,-0.6874206446824462,-0.13994204535812688,0.24122908443227173,0.08236926001069474,0.047710293106800576,0.923059404087744,0.49896938780412403,0.41390077802624936,0.6375480514261924,-0.043718517702801135,0.12810147852741088,0.8284594084435024,0.821608839458555
1.4687940421293182,0.9988492888199717,-1.227935698487939,-0.7030746009502787,-0.010684955963028146,1.1188401794413778,1.287051115711774,-0.22987888521372726,0.7196640943711202,0.09261710864989725,0.01117929774318295,0.8050833631235991,0.44842016998013623,0.41390077802624936,0.6458140344257594,-0.022230337440123316,0.12313425246732138,0.7000845899239077,0.6931294265232593
1.4687940421293182,0.9988492888199717,-1.083472674933583,2.3548066888384356,-0.010684955963028146,-0.6865507261215884,-0.6874206446824462,-0.22987888521372726,0.7196640943711202,0.08121513463753288,-0.022564421080996683,0.7178699142621371,0.4318172676271875,0.41390077802624936,0.6538515315411536,-0.008977814610861825,0.10760940565654176,0.8238324694891674,0.8169782868954173
1.4687940421293182,0.9988492888199717,-0.9390096513792268,-0.7030746009502787,-0.010684955963028146,1.1908879797838308,1.2763123441334627,-0.13994204535812688,0.6598597181287641,0.10203908740450861,-0.04833246567362922,0.5999809043959816,0.37576792643881307,0.41390077802624936,0.6546854568146112,0.02000888023819659,0.11237291190854902,0.7293219119730895,0.7223904907310214
1.4687940421293182,0.9988492888199717,-0.7945466278248707,2.354613187632025,-0.010684955963028146,-0.6865507261215884,-0.6874206446824462,-0.07998424742150408,1.0784903518252564,0.11781104434539458,-0.03231710586714304,0.6068654786807498,0.38660623729696747,0.41390077802624936,0.6426369237452051,0.022528915508145182,0.1131670479664217,0.8247982275111408,0.817944759190464
1.4687940421293182,0.9988492888199717,-0.6500836042705146,-0.7030746009502787,-0.010684955963028146,1.2377005673071135,1.297218809558887,0.2198050281629423,0.36083783691698385,0.24666243983111025,0.11980585170391117,1.5120054751233813,0.49500968958085056,0.41390077802624936,0.5283722899609531,-0.30823634032736025,0.08052122165774418,0.7400432100364945,0.7380317047902053
1.4687940421293182,0.9988492888199717,-0.5056205807161585,-0.7030746009502787,-0.010684955963028146,-0.6865507261215884,-0.6874206446824462,0.4596365058107659,-0.596032182960713,0.37444667803127346,0.30388508091247096,1.9898103474236482,0.6228080139266942,0.41390077802624936,0.3701149647565659,-0.49395122871529284,-0.00018763161242202488,-1.2676136780735823,-1.2761757670616813
1.4687940421293182,0.9988492888199717,-0.3611575571618023,-0.7030746009502787,-0.010684955963028146,-0.6865507261215884,-0.6874206446824462,0.6694889415396119,-1.0744671928995615,0.5953972782953044,0.4760672453312529,2.33821738323315,0.6595568778319613,0.07260974534530981,0.21788407525666822,-0.6303005346253779,-0.04737376816741726,-1.2676136780735823,-1.2761757670616813
1.4687940421293182,0.9988492888199717,-0.2166945336074462,-0.7030746009502787,-0.010684955963028146,-0.6865507261215884,-0.6874206446824462,0.9692782171240583,-1.7323153315654782,0.8662296349141674,0.6471681746670875,2.4586493588957983,0.6455376256760724,-0.18408487727031644,0.05176784791597124,-0.7144688451596403,-0.1023652337465463,-1.2676136780735823,-1.2761757670616813
1.4687940421293182,0.9988492888199717,-0.07223151005309006,-0.7030746009502787,-0.010684955963028146,-0.6865507261215884,-0.6874206446824462,0.9992572590430359,-1.7921197078078341,1.1505721243006772,0.7952966852553875,2.2430401744718504,0.6481082559036352,-0.2603470614648099,-0.08413642365790981,-0.6858957223639202,-0.14788645761490993,-1.2676136780735823,-1.2761757670616813
1.4687940421293182,0.9988492888199717,0.07223151350126605,-0.7030746009502787,-0.010684955963028146,-0.6865507261215884,-0.6874206446824462,0.819383579331835,-1.7323153315654782,1.3400494313856566,0.8683280618618701,1.8384549793439364,0.5840988308640358,-0.3623245886668923,-0.16726551738404827,-0.6016499890593161,-0.17083757923028334,-1.2676136780735823,-1.2761757670616813
1.4687940421293182,0.9988492888199717,0.2166945370556222,-0.7030746009502787,-0.010684955963028146,-0.6865507261215884,-0.6874206446824462,0.6694889415396119,-0.8352496879301373,1.459988886525297,0.9399678875250486,1.4584092383786575,0.7977264216302545,-0.1857186510437914,-0.2050452244980593,-0.45576488703738594,-0.22681794835797037,-1.2676136780735823,-1.2761757670616813
1.4687940421293182,0.9988492888199717,0.3611575606099783,-0.7030746009502787,-0.010684955963028146,-0.6865507261215884,-0.6874206446824462,0.6994679834585895,-0.7156409354454252,1.4669581036511663,0.9967410786854385,1.1972413463262146,1.2698353980798385,0.33560423689500557,-0.2347107904975549,-0.34857056748836274,-0.381412460597378,-1.2676136780735823,-1.2761757670616813
1.4687940421293182,0.9988492888199717,0.5056205841643344,1.1405237307214489,-0.010684955963028146,0.8614084992181215,-0.6874206446824462,0.5195943037473887,0.06181595570520356,1.3130043178253314,1.015451176893633,0.8911421994184006,1.7981434453670122,0.41390077802624936,-0.21936270916409253,-0.17165585045877554,-0.5016564942862022,0.9194105194475496,0.9047731459568266
1.4687940421293182,0.9988492888199717,0.6500836077186906,-0.7030746009502787,-0.010684955963028146,2.7963441944798433,-0.6874206446824462,0.6694889415396119,-0.23720592550657674,1.1249518488072754,1.0508543202177025,0.9821742413126011,1.7117258390749914,0.41390077802624936,-0.22892633773368717,-0.17864016507742395,-0.4479880065389814,0.6089783608902749,0.616337246658128
1.4687940421293182,0.9988492888199717,0.7945466312730467,2.3151332081552365,-0.010684955963028146,-0.6865507261215884,-0.6874206446824462,0.5795521016840115,-0.17740154926422066,0.8282978169131784,0.9703739714117136,1.0984386706829528,1.3625969845092698,0.41390077802624936,-0.1753071118201502,-0.2094856570262009,-0.31319667542928586,0.8820304894304832,0.8634473473348712
1.4687940421293182,0.9988492888199717,0.9390096548274028,-0.7030746009502787,-0.010684955963028146,0.7787395796294265,1.7010103016666203,0.2198050281629423,0.7196640943711202,0.6728165314433175,0.7782327918131218,1.1115745644061656,0.5158139733408608,0.41390077802624936,-0.03763954622875013,-0.19142511509756246,0.04066572295563855,0.7797056140276943,0.7768606809794468
1.4687940421293182,0.9988492888199717,1.083472678381759,2.3015160982574594,-0.010684955963028146,-0.6865507261215884,-0.6874206446824462,0.5195943037473887,0.06181595570520356,0.5041030187489224,0.6330599354283996,1.0456572107889304,0.3662185925608611,0.41390077802624936,0.07336121008348943,-0.14074269491238897,0.1324926993852271,0.8352855004592269,0.8259851864752191
1.4687940421293182,0.9988492888199717,1.227935701936115,-0.7030746009502787,-0.010684955963028146,1.1118288872236963,1.4500306338022524,0.6694889415396119,-0.596032182960713,0.48095642953692064,0.5301937065974784,0.8414872281112004,0.2953557810772811,0.41390077802624936,0.15309724022588914,-0.044493396017734554,0.18194180709881247,0.7686126078702187,0.765237429144757
1.4687940421293182,0.9988492888199717,1.3723987254904713,2.3052130463065996,-0.010684955963028146,-0.6865507261215884,-0.6874206446824462,0.3696996659551655,0.36083783691698385,0.4022221927484382,0.42676389963451916,0.7907853970253267,0.33824600184466186,0.41390077802624936,0.2486125344515245,0.013392161125792845,0.20331033367776546,0.8223947068951294,0.8128721100247638
1.4687940421293182,0.9988492888199717,1.5168617490448273,-0.7030746009502787,-0.010684955963028146,1.2173982582770804,1.3807758490724655,0.2198050281629423,0.7196640943711202,0.40443497476701024,0.3393717172931389,0.6278830744114102,0.3087932033462731,0.41390077802624936,0.33514794779898555,0.11652774917076375,0.2546684684889535,0.7646224976283074,0.7607855572918218
1.4687940421293182,0.9988492888199717,1.6613247725991833,1.4548723530719139,-0.010684955963028146,0.5968839393099332,-0.6874206446824462,0.3097418680185427,0.12162033194755961,0.3286059952209969,0.27988291446689123,0.6630784504383576,0.3560296526813693,0.41390077802624936,0.3875126705193587,0.11115434866443705,0.243140285522909,0.7950809922070421,0.7870205111899131
1.4687940421293182,1.1090942207206127,-1.6613247691510074,-0.7030746009502787,-0.010684955963028146,1.0460242017149677,1.5808839963160926,0.06991039037071911,0.7196640943711202,0.3015988075936141,0.21192861147705347,0.7213238055509198,0.3189609857753323,0.41390077802624936,0.44238157924875626,0.08946924998307478,0.2624353680530418,0.7213828525886585,0.7177654643754158
1.4687940421293182,1.1090942207206127,-1.5168617455966513,2.262423300361275,-0.010684955963028146,-0.6865507261215884,-0.6874206446824462,0.06991039037071911,0.7196640943711202,0.21493085797081285,0.1630086380652,0.7504485552762006,0.38171561125465886,0.41390077802624936,0.47958766146368376,0.0781334286784093,0.23491900126362328,0.8130054826640053,0.8002752222926709
1.4687940421293182,1.1090942207206127,-1.372398722042295,-0.7030746009502787,-0.010684955963028146,1.1373450538082954,1.2954242030182463,0.2198050281629423,0.3010334606746278,0.23133905513157785,0.136249809200935,0.6934282664762904,0.37578257390449715,0.41390077802624936,0.5019816883012673,0.10204426935421929,0.23784793749686609,0.716753397235234,0.7098118190163489
1.4687940421293182,1.1090942207206127,-1.227935698487939,2.327946213039708,-0.010684955963028146,-0.6865507261215884,-0.6874206446824462,0.06991039037071911,0.7196640943711202,0.21436785403523645,0.09995676904862236,0.648459712578924,0.3905317581003113,0.41390077802624936,0.5336607259003192,0.12305338267100067,0.233535759051189,0.805997850428256,0.7991290459156567
1.4687940421293182,1.1090942207206127,-1.083472674933583,-0.7030746009502787,-0.010684955963028146,1.1982770847344717,1.2772572372147164,0.06991039037071911,0.7196640943711202,0.22593722526886395,0.06758164057718224,0.5651668074649883,0.3610423409377122,0.41390077802624936,0.5625559956067597,0.16092070783581855,0.24951651900159968,0.7331340768508181,0.7262056206716545
1.4687940421293182,1.1090942207206127,-0.9390096513792268,2.332331523713874,-0.010684955963028146,-0.6865507261215884,-0.6874206446824462,0.06991039037071911,0.7196640943711202,0.2094754086856631,0.039351246590373215,0.5296456864712803,0.3701498096008599,0.41390077802624936,0.5879463689760267,0.17857396695576824,0.24797759380614007,0.8094183557619906,0.8025522244702216
1.4687940421293182,1.1090942207206127,-0.7945466278248707,-0.7030746009502787,-0.010684955963028146,1.2294476811967887,1.271763594952179,0.06991039037071911,1.0784903518252564,0.23740785829776204,0.03832706509610144,0.4813359672787176,0.35604185890277273,0.41390077802624936,0.59761267158218,0.2102060482267572,0.26542391361919615,0.7451770236645621,0.7382584839733717
1.4687940421293182,1.1090942207206127,-0.6500836042705146,1.4362014574989366,-0.010684955963028146,0.5538543952841426,-0.6874206446824462,0.5195943037473887,0.36083783691698385,0.3314530557732613,0.17707791387747548,0.9625764957805691,0.4766930337428599,0.41390077802624936,0.5311483452498793,0.0621945309017422,0.2677809932850569,0.7799338873736661,0.7714583014310019
1.4687940421293182,1.1090942207206127,-0.5056205807161585,-0.7030746009502787,-0.010684955963028146,-0.6865507261215884,2.816923173419554,0.8493626212508127,-0.6558365592030692,0.4674809532252383,0.39988261428724337,1.3024859809558977,0.779889063419372,0.41390077802624936,0.3721930294119854,-0.07044130134850383,0.13711537040013566,0.5954638598375774,0.599139279469735
1.4687940421293182,1.1090942207206127,-0.3611575571618023,-0.7030746009502787,-0.010684955963028146,-0.6865507261215884,-0.6874206446824462,0.9692782171240583,-0.7754453116877812,0.7544991825703761,0.6508815283592944,1.6023288352196676,1.1010811321850114,0.2122537347546771,0.20558777479387644,-0.17054265415579395,0.016951907567884242,-1.2676136780735823,-1.2761757670616813
1.4687940421293182,1.1090942207206127,-0.2166945336074462,-0.7030746009502787,-0.010684955963028146,-0.6865507261215884,-0.6874206446824462,0.9692782171240583,-1.0744671928995615,0.9213438622242633,0.8162276987690952,1.7796998706574358,1.240595801581963,0.27387250825676324,0.08895898696125873,-0.24385464407229754,-0.04852097488945824,-1.2676136780735823,-1.2761757670616813
1.4687940421293182,1.1090942207206127,-0.07223151005309006,-0.7030746009502787,-0.010684955963028146,-0.6865507261215884,-0.6874206446824462,1.2091096947718818,-1.493097826596054,1.2411706391461843,0.9783239019508094,1.7736914094257619,1.2445937459656338,-0.08762235547890927,-0.02581009930777549,-0.2553114791188418,-0.064770304361778,-1.2676136780735823,-1.2761757670616813
1.4687940421293182,1.1090942207206127,0.07223151350126605,-0.7030746009502787,-0.010684955963028146,-0.6865507261215884,-0.6874206446824462,0.9692782171240583,-1.0744671928995615,1.3489103678908783,1.1132264165984762,1.572300619810496,1.2581149842882626,0.41390077802624936,-0.11351879249084104,-0.1870469333394108,-0.07572597571282605,-1.2676136780735823,-1.2761757670616813
1.4687940421293182,1.1090942207206127,0.2166945370556222,-0.7030746009502787,-0.010684955963028146,-0.6865507261215884,-0.6874206446824462,0.9692782171240583,-0.7754453116877812,1.3942364350248497,1.2412859794824453,1.3991559802646172,1.3858124038705046,0.41390077802624936,-0.1891637684159953,-0.11385769212882726,-0.1176894176381109,-1.2676136780735823,-1.2761757670616813
1.4687940421293182,1.1090942207206127,0.3611575606099783,-0.7030746009502787,-0.010684955963028146,-0.6865507261215884,-0.6874206446824462,0.819383579331835,-0.596032182960713,1.4557156801153182,1.2821384363004937,1.1966967803130804,1.7908644686700987,0.41390077802624936,-0.2045954832956686,-0.023499680506819453,-0.25983496831481495,-1.2676136780735823,-1.2761757670616813
1.4687940421293182,1.1090942207206127,0.5056205841643344,1.1017889100571234,-0.010684955963028146,0.8930467592266902,-0.6874206446824462,0.819383579331835,-0.536227806718357,1.3279046322039372,1.2408184183654951,0.9280019415859467,2.2642616083517915,0.41390077802624936,-0.17280871026388966,0.09488580771992813,-0.4193215944878595,0.9248590627045908,0.9045250806409442
1.4687940421293182,1.1090942207206127,0.6500836077186906,-0.7030746009502787,-0.010684955963028146,2.8056943274253685,-0.6874206446824462,0.6694889415396119,-0.23720592550657674,1.1963140689062244,1.1981931256456775,0.9878387224903167,2.6252386351597785,0.41390077802624936,-0.14062714833097678,0.07712866762800726,-0.5341684725323347,0.603315564225046,0.6141265589709617
1.4687940421293182,1.1090942207206127,0.7945466312730467,1.7362657491250766,-0.010684955963028146,0.22271032118789194,-0.6874206446824462,0.6694889415396119,-0.23720592550657674,0.9692207752963109,1.120242616454615,1.191493978388509,2.6966840902783487,0.41390077802624936,-0.08716048735908682,-0.0005638896222047251,-0.5534768743639605,0.7664628840766577,0.7541039630368878
1.4687940421293182,1.1090942207206127,0.9390096548274028,-0.7030746009502787,-0.010684955963028146,2.165531026762093,-0.6874206446824462,0.5195943037473887,0.06181595570520356,0.818162438282012,0.9610540589689347,1.424059307303608,1.9559845355790773,0.41390077802624936,0.02348910446661294,-0.08395233381991496,-0.29362843804394306,0.16890940967004509,0.21885535489641056
1.4687940421293182,1.1090942207206127,1.083472678381759,2.300666126291524,-0.010684955963028146,-0.6865507261215884,-0.6874206446824462,0.3696996659551655,0.36083783691698385,0.5167186226154444,0.7920439349254144,1.5319496873121716,1.2358394439750922,0.41390077802624936,0.14454107051266815,-0.1180933899650894,-0.010265975858567006,0.8533367095846233,0.8331500168776764
1.4687940421293182,1.1090942207206127,1.227935701936115,-0.7030746009502787,-0.010684955963028146,0.6882321964243117,1.776376245678174,0.6395098996206342,-0.2970103017489328,0.5052061402812306,0.6639683692055972,1.3983917643375094,0.369287236621684,0.41390077802624936,0.23371274820726193,-0.06759530970930114,0.3660507997008014,0.7368482819068501,0.7344597279809815
1.4687940421293182,1.1090942207206127,1.3723987254904713,-0.7030746009502787,-0.010684955963028146,-0.6865507261215884,-0.6874206446824462,0.5195943037473887,0.7196640943711202,0.42639278214988546,0.5524640878941163,1.3040666314689067,0.25469278884198,0.41390077802624936,0.3507601858086645,0.021739723739871264,0.48045268206588576,-1.2676136780735823,-1.2761757670616813
1.4687940421293182,1.1090942207206127,1.5168617490448273,1.2304478621993606,-0.010684955963028146,-0.6865507261215884,0.8284017503149566,0.5195943037473887,0.7196640943711202,0.29196300504465494,0.47878772742541226,1.0767944510467682,0.25267632106613297,0.41390077802624936,0.43718665862907274,0.15604524200933712,0.5280785739193565,0.8775703517872205,0.8661553936999205
1.4687940421293182,1.1090942207206127,1.6613247725991833,-0.7030746009502787,-0.010684955963028146,1.3574494217713422,1.186930520947645,0.3696996659551655,0.7196640943711202,0.22558019838288867,0.3930347920952442,0.7081804520193079,0.3384787337994207,0.41390077802624936,0.5378038401924394,0.35707010370897546,0.5300262488262095,0.7264931199109604,0.7249642707204774
1.4687940421293182,1.2193391526212536,-1.6613247691510074,1.5622128473012427,-0.010684955963028146,0.45608907467188936,-0.6874206446824462,0.2198050281629423,1.0784903518252564,0.10749061331728499,0.3146160260117601,0.6882984049005102,0.40370959472745693,0.41390077802624936,0.6155873765081686,0.3826864140373565,0.51568310791183,0.8208122513534479,0.811161851130776
1.4687940421293182,1.2193391526212536,-1.5168617455966513,-0.7030746009502787,-0.010684955963028146,0.9828863803921559,1.4299061055780071,0.2198050281629423,0.7196640943711202,0.08707142180016036,0.2497996703990729,0.7112157651701412,0.37004809108916464,0.41390077802624936,0.6770867142181496,0.3722590632788024,0.5321619223983989,0.6840272675913183,0.6804293829172352
1.4687940421293182,1.2193391526212536,-1.372398722042295,2.251264014120477,-0.010684955963028146,-0.6865507261215884,-0.6874206446824462,0.33972062403618786,0.48044658940169593,0.05457151285008099,0.2084337312829454,0.7273919452497866,0.418235811945635,0.41390077802624936,0.7198410507090869,0.3607217692748442,0.5043298226588336,0.8404984009158201,0.8269068350869504
1.4687940421293182,1.2193391526212536,-1.227935698487939,-0.7030746009502787,-0.010684955963028146,1.066839361196191,1.1964256818622299,0.2198050281629423,0.7196640943711202,0.0835181542206921,0.1694515189326977,0.6535058585271142,0.38860887135522393,0.41390077802624936,0.7564098790445282,0.3883968313087004,0.5126570062824494,0.7151351728779239,0.7081922308607571
1.4687940421293182,1.2193391526212536,-1.083472674933583,2.3207397264431924,-0.010684955963028146,-0.6865507261215884,-0.6874206446824462,0.06991039037071911,1.0784903518252564,0.08277075178356803,0.1225924324678775,0.5969944944335425,0.3824992506687592,0.41390077802624936,0.8011849177009767,0.4077807170598196,0.508963847832392,0.8220972325741978,0.8152416250098877
1.4687940421293182,1.2193391526212536,-0.9390096513792268,-0.7030746009502787,-0.010684955963028146,1.189828807100014,1.254574155243114,0.2198050281629423,0.7196640943711202,0.11381639737392392,0.09122826575674778,0.5099327283428622,0.3408003571103535,0.41390077802624936,0.833805374987348,0.4430314995798931,0.5242052773753358,0.7344093519607943,0.7274821746115542
1.4687940421293182,1.2193391526212536,-0.7945466278248707,2.3356020524377765,-0.010684955963028146,-0.6865507261215884,-0.6874206446824462,0.06991039037071911,1.0784903518252564,0.12905412177663808,0.08032198523860237,0.491727480378662,0.3567612122174817,0.41390077802624936,0.8537708957395677,0.45038969894943576,0.5153158445493494,0.8253703488184072,0.8185174380302651
1.4687940421293182,1.2193391526212536,-0.6500836042705146,-0.7030746009502787,-0.010684955963028146,1.2308365509277506,1.2739826398505492,0.5195943037473887,0.7196640943711202,0.2759190276192164,0.2449083688333592,1.3045979356004427,0.5091998288363875,0.41390077802624936,0.7692663073499545,0.14948968037938823,0.50319113155578,0.73964040643939,0.7373710159785978
1.4687940421293182,1.2193391526212536,-0.5056205807161585,-0.7030746009502787,-0.010684955963028146,-0.6865507261215884,-0.6874206446824462,0.8493626212508127,-0.35681467799128885,0.41942356502401634,0.43603302046786735,1.999735208064849,0.6638616052469051,0.41390077802624936,0.6267802926062527,-0.12859252486085113,0.4263599418137306,-1.2676136780735823,-1.2761757670616813
1.4687940421293182,1.2193391526212536,-0.3611575571618023,-0.7030746009502787,-0.010684955963028146,-0.6865507261215884,-0.6874206446824462,1.1191728549162814,-0.536227806718357,0.6541713581343448,0.6038978980850485,2.507037820510351,0.718339598866611,0.31848280012280156,0.5340174338207577,-0.27323018773710617,0.4497506003783748,-1.2676136780735823,-1.2761757670616813
1.4687940421293182,1.2193391526212536,-0.2166945336074462,-0.7030746009502787,-0.010684955963028146,-0.6865507261215884,-0.6874206446824462,1.4189621305007278,-1.0146628166572054,0.9401682028716193,0.7732392112530753,2.5905885034478557,0.709463234662035,-0.019844615841463888,0.4315940568818733,-0.2808377881875818,0.48180426364362344,-1.2676136780735823,-1.2761757670616813
1.4687940421293182,1.2193391526212536,-0.07223151005309006,-0.7030746009502787,-0.010684955963028146,-0.6865507261215884,-0.6874206446824462,1.568856768292951,-1.2538803216266297,1.206208814031825,0.9083601993988407,2.334942527345946,0.7309388605992339,0.0270608778118297,0.3702484892078652,-0.15483190415055423,0.5142155829063413,-1.2676136780735823,-1.2761757670616813
1.4687940421293182,1.2193391526212536,0.07223151350126605,-0.7030746009502787,-0.010684955963028146,-0.6865507261215884,-0.6874206446824462,1.7187514060851743,-1.8519240840501903,1.4562551438166544,1.0441080812445647,1.9812680379390804,0.7602728518759626,0.06719139226763417,0.27769194257094815,-0.03598448174781777,0.4820431376736792,-1.2676136780735823,-1.2761757670616813
1.4687940421293182,1.2193391526212536,0.2166945370556222,-0.7030746009502787,-0.010684955963028146,-0.6865507261215884,-0.6874206446824462,1.8686460438773973,-1.7323153315654782,1.6131298803744518,1.1625909905367153,1.7058287035515618,1.0274491359390394,0.2716145700195801,0.21219361985021337,0.09431934196045261,0.3799015631583476,-1.2676136780735823,-1.2761757670616813
1.4687940421293182,1.2193391526212536,0.3611575606099783,-0.7030746009502787,-0.010684955963028146,-0.6865507261215884,-0.6874206446824462,2.0185406816696205,-2.2107503415043266,1.665374160793439,1.2598339620057448,1.540908917199489,1.5797318295587415,0.41390077802624936,0.13257400181968648,0.13893524350481093,0.11199232924457539,-1.2676136780735823,-1.2761757670616813
1.4687940421293182,1.2193391526212536,0.5056205841643344,-0.7030746009502787,-0.010684955963028146,-0.6865507261215884,-0.6874206446824462,1.1191728549162814,-0.7754453116877812,1.552226717127471,1.2713615700200755,1.2692517056703134,2.0872128081392853,0.41390077802624936,0.1350227534897238,0.2569327503978289,-0.09056651611574945,-1.2676136780735823,-1.2761757670616813
1.4687940421293182,1.2193391526212536,0.6500836077186906,1.0874327330515294,-0.010684955963028146,0.8789749085130258,-0.6874206446824462,1.1191728549162814,-0.7754453116877812,1.2247944828598019,1.2649186891525779,1.0031363029140683,2.497967619578563,0.41390077802624936,0.13936350325127622,0.3722263158325234,-0.2472993221178041,0.905490518655866,0.8919038366608397
1.4687940421293182,1.2193391526212536,0.7945466312730467,-0.7030746009502787,-0.010684955963028146,2.3185594091177433,-0.6874206446824462,0.9692782171240583,-0.7754453116877812,1.0281217108420897,1.1974639529513862,0.9786673024974248,2.6053424942721835,0.41390077802624936,0.1810115631511238,0.3701675641270482,-0.29677179319630353,0.3514161066879844,0.41327542051027855
1.4687940421293182,1.2193391526212536,0.9390096548274028,1.6340216825034721,-0.010684955963028146,0.2395584469730422,-0.6874206446824462,0.5195943037473887,0.06181595570520356,0.658918638706104,1.0220756551592318,0.995449384792597,1.7035712694294052,0.41390077802624936,0.3014448337703103,0.3535719824607594,0.04098625958829104,0.7715569745476704,0.7598786452335092
1.4687940421293182,1.2193391526212536,1.083472678381759,-0.7030746009502787,-0.010684955963028146,0.6877256219321406,1.752367970509817,0.5195943037473887,0.36083783691698385,0.5555207753879227,0.834621219137688,1.1524733783880239,0.6782763389762652,0.41390077802624936,0.44248280717212396,0.28627402852282247,0.4995281052959856,0.7407025065979311,0.735590758455871
1.4687940421293182,1.2193391526212536,1.227935701936115,2.266177044597852,-0.010684955963028146,-0.6865507261215884,-0.6874206446824462,0.819383579331835,-0.47642343047600094,0.42979826936995735,0.7142277104003808,1.145777785916033,0.5425049108096995,0.41390077802624936,0.5242672566495283,0.27466755282771843,0.5499187347806865,0.8440774393921902,0.8323247698862262
1.4687940421293182,1.2193391526212536,1.3723987254904713,-0.7030746009502787,-0.010684955963028146,1.0893312477287265,1.4258401576434654,0.6694889415396119,0.06181595570520356,0.4170250767131055,0.5998930144702195,0.9537929858244304,0.43025649878373523,0.41390077802624936,0.6245021822927495,0.3676965415912656,0.6141555423896327,0.7345222304342355,0.7327660477095899
1.4687940421293182,1.2193391526212536,1.5168617490448273,2.289955476181144,-0.010684955963028146,-0.6865507261215884,-0.6874206446824462,0.6694889415396119,0.06181595570520356,0.34297273095682634,0.5160221517908701,0.9146132432447646,0.4763276608488505,0.41390077802624936,0.7055544164577943,0.39634990647389445,0.6029620887545529,0.8342571919456012,0.8232640409515753
1.4687940421293182,1.2193391526212536,1.6613247725991833,-0.7030746009502787,-0.010684955963028146,1.2025194238328565,1.3622595426787887,0.5195943037473887,0.7196640943711202,0.3432447514413789,0.4327691377303477,0.7577177241273223,0.4267866769127862,0.41390077802624936,0.8029289302092827,0.507053624537402,0.6681939136897916,0.743238497651723,0.7402335914801909
1.4687940421293182,1.3295840845218945,-1.6613247691510074,1.4753820476091406,-0.010684955963028146,0.5430316085547484,-0.6874206446824462,0.3696996659551655,0.7196640943711202,0.29919247253795656,0.35760799240513835,0.7471504910961991,0.45447038705577086,0.41390077802624936,0.8866502072871222,0.5275867070953593,0.6705315602764248,0.7853225762809368,0.7768807390660446
1.4687940421293182,1.3295840845218945,-1.5168617455966513,-0.7030746009502787,-0.010684955963028146,-0.6865507261215884,1.9329084426136125,0.3696996659551655,0.7196640943711202,0.2901602154390985,0.3009148154239885,0.7431934771742773,0.43722787870128227,0.41390077802624936,0.9429203996985667,0.5282822108054044,0.678167013619221,0.15371314518302875,0.16574706779310164
1.4687940421293182,1.3295840845218945,-1.372398722042295,-0.7030746009502787,-0.010684955963028146,-0.6865507261215884,-0.6874206446824462,0.3996787078741431,0.7196640943711202,0.21300448213549567,0.2576508008211943,0.6066764968679726,0.5404388044001452,0.41390077802624936,0.9874838237914035,0.5963296692091712,0.6286801314932046,-1.2676136780735823,-1.2761757670616813
1.4687940421293182,1.3295840845218945,-1.227935698487939,0.7120411988704904,-0.010684955963028146,0.43949543902497,0.21070064742100952,0.06991039037071911,0.7196640943711202,0.061914104246814344,0.20338379290969502,0.33844748173198286,0.4913575881369436,0.41390077802624936,1.0355680514665146,0.7306204402842862,0.6547783201974201,0.8497932601810897,0.8376608349442867
1.4687940421293182,1.3295840845218945,-1.083472674933583,-0.7030746009502787,-0.010684955963028146,1.186588529458371,1.0589801369007292,0.06991039037071911,0.7196640943711202,0.010770329778553352,0.1600620289427537,0.29965482032147017,0.4695808754051266,0.41390077802624936,1.0783021423727783,0.7549489735530326,0.6703592827538344,0.7114121604250787,0.7044661342636955
1.4687940421293182,1.3295840845218945,-0.9390096513792268,1.5937080353290654,-0.010684955963028146,0.4534081941774961,-0.6874206446824462,0.0998892893390305,0.6598597181287641,-0.04525869718992982,0.11848526985871563,0.3620834702107269,0.4766474638496204,0.41390077802624936,1.1138842394742499,0.723615956708658,0.667105442903843,0.8125679887080248,0.8057044141813638
1.4687940421293182,1.3295840845218945,-0.7945466278248707,-0.7030746009502787,-0.010684955963028146,1.097747308773552,1.432717565177752,0.2198050281629423,1.0784903518252564,-0.03970581749084178,0.1389076715026457,0.6061311019872385,0.4400898307463404,0.41390077802624936,1.0996723210711572,0.6016740090678065,0.6846740382715895,0.6913467535713675,0.6891339784775994
1.4687940421293182,1.3295840845218945,-0.6500836042705146,2.264665585174447,-0.010684955963028146,-0.6865507261215884,-0.6874206446824462,0.41466794293229947,0.12162033194755961,0.10003293633093323,0.25868681049848413,1.3256868139446945,0.5739831283129646,0.41390077802624936,0.9852852497034035,0.24643730230065491,0.589997386370102,0.8733728183632214,0.85840765074001
1.4687940421293182,1.3295840845218945,-0.5056205807161585,-0.7030746009502787,-0.010684955963028146,-0.6865507261215884,1.8235104495422898,0.6095311436029891,-0.17740154926422066,0.32241949088361205,0.4449264225465235,2.032953734866035,0.8156907245437328,0.41390077802624936,0.823586175104515,-0.06032884656344077,0.4516118090001253,0.08467384886457856,0.12552037044696174
1.4687940421293182,1.3295840845218945,-0.3611575571618023,-0.7030746009502787,-0.010684955963028146,-0.6865507261215884,-0.6874206446824462,0.6694889415396119,0.36083783691698385,0.6925837892510698,0.6086389121488853,2.613737946645459,0.9803323075736967,0.13762648881959832,0.7115456634079702,-0.2537159628123864,0.3998047482238599,-1.2676136780735823,-1.2761757670616813
1.4687940421293182,1.3295840845218945,-0.2166945336074462,-0.7030746009502787,-0.010684955963028146,-0.6865507261215884,-0.6874206446824462,0.9692782171240583,-0.23720592550657674,0.9607083650369224,0.7577923000069288,2.6479610609777238,1.0428655935715745,-0.05232562215902392,0.6066147261959491,-0.2555437474298672,0.38353227373583093,-1.2676136780735823,-1.2761757670616813
1.4687940421293182,1.3295840845218945,-0.07223151005309006,-0.7030746009502787,-0.010684955963028146,-0.6865507261215884,-0.6874206446824462,1.1191728549162814,0.0020115794628475024,1.228037804021775,0.8816125029421221,2.354164795855223,1.0073967554174805,0.19056052618299868,0.5521767591974598,-0.09836402949925177,0.460515434524424,-1.2676136780735823,-1.2761757670616813
1.4687940421293182,1.3295840845218945,0.07223151350126605,-0.7030746009502787,-0.010684955963028146,-0.6865507261215884,-0.6874206446824462,1.1191728549162814,-0.23720592550657674,1.4241076844847815,0.9730436618964423,1.9480478534026944,0.9630930542115824,0.2427830626372093,0.5085537907164817,0.08710926514593359,0.5129666254548616,-1.2676136780735823,-1.2761757670616813
1.4687940421293182,1.3295840845218945,0.2166945370556222,-0.7030746009502787,-0.010684955963028146,-0.6865507261215884,-0.6874206446824462,1.1191728549162814,-0.536227806718357,1.5501891790749087,1.0582448472775903,1.5646195037622241,1.158456882765892,0.4066774717419549,0.44926700618868015,0.2453887334082107,0.41868060028076876,-1.2676136780735823,-1.2761757670616813
1.4687940421293182,1.3295840845218945,0.3611575606099783,-0.7030746009502787,-0.010684955963028146,-0.6865507261215884,-0.6874206446824462,1.1191728549162814,-0.47642343047600094,1.5589827643543879,1.1124756748645637,1.3026658452250761,1.6059377731638171,0.41390077802624936,0.4174216655726671,0.369158465666543,0.22578589072507546,-1.2676136780735823,-1.2761757670616813
1.4687940421293182,1.3295840845218945,0.5056205841643344,-0.7030746009502787,-0.010684955963028146,-0.6865507261215884,-0.6874206446824462,0.9692782171240583,-0.23720592550657674,1.4551219430961506,1.1414136725060429,1.0680871969098202,2.136496647677784,0.41390077802624936,0.4049701489607115,0.48289468400369007,0.009519955683965515,-1.2676136780735823,-1.2761757670616813
1.4687940421293182,1.3295840845218945,0.6500836077186906,1.0808438378054737,-0.010684955963028146,0.9029290934970485,-0.6874206446824462,1.1191728549162814,-0.536227806718357,1.1456129816207568,1.154124098822182,0.8323497916899044,2.5673852144479765,0.41390077802624936,0.40425432293118285,0.6008681182706354,-0.1532831765608492,0.9164589630584138,0.9000044382053881
1.4687940421293182,1.3295840845218945,0.7945466312730467,-0.7030746009502787,-0.010684955963028146,2.3407363471068288,-0.6874206446824462,0.819383579331835,-0.057792796779508555,0.9586106686079686,1.1044485132481143,0.8365123647766015,2.645177090948238,0.41390077802624936,0.44377418625165743,0.5977482191834167,-0.1833064105706241,0.3655801981913449,0.42799232519114166
1.4687940421293182,1.3295840845218945,0.9390096548274028,1.637881673235791,-0.010684955963028146,0.24977602205434593,-0.6874206446824462,0.5195943037473887,0.7196640943711202,0.6176768022127948,0.953933492792048,0.9062375361477766,1.7583828997674715,0.41390077802624936,0.563446319294665,0.5724246840370004,0.17828576801357185,0.7801596443205484,0.7684778335020588
1.4687940421293182,1.3295840845218945,1.083472678381759,-0.7030746009502787,-0.010684955963028146,0.7222944410047519,1.7177761397618845,0.3696996659551655,1.0784903518252564,0.5136178506497031,0.77285375164178,1.0882817271137801,0.7246900889887701,0.41390077802624936,0.7106799236443113,0.4926260973111886,0.6657737311037425,0.7352145996694192,0.730369925058571
1.4687940421293182,1.3295840845218945,1.227935701936115,2.278154769274652,-0.010684955963028146,-0.6865507261215884,-0.6874206446824462,0.4896152618284111,0.6000553418864081,0.3904697308040541,0.6452394850596682,1.0923796485276849,0.5690322849117324,0.41390077802624936,0.8155804924793221,0.49235912971933776,0.747162305448464,0.8525219355080169,0.8405066271489307
1.4687940421293182,1.3295840845218945,1.3723987254904713,-0.7030746009502787,-0.010684955963028146,1.1145631133697531,1.415795255967859,0.3696996659551655,1.0784903518252564,0.36709362430821113,0.5238252737054475,0.8949359264231421,0.44156759728424927,0.41390077802624936,0.9194311831376908,0.5894145362816685,0.81758123409303,0.7380144531420194,0.7364391336492145
1.4687940421293182,1.3295840845218945,1.5168617490448273,2.289992205576805,-0.010684955963028146,-0.6865507261215884,-0.6874206446824462,0.5195943037473887,0.7196640943711202,0.2953116033653132,0.44544686259931915,0.8664129345753886,0.4864710308351028,0.41390077802624936,0.9949920434789038,0.6104639875124095,0.8016360650630024,0.835814124010804,0.8246107981945672
1.4687940421293182,1.3295840845218945,1.6613247725991833,-0.7030746009502787,-0.010684955963028146,1.2115553404301507,1.352822326281252,0.6994679834585895,0.36083783691698385,0.3365083210763289,0.3924343378632085,0.7580699928572797,0.4666115086117183,0.41390077802624936,1.0421632916927845,0.6658190996017407,0.8145964004633574,0.7418704752610213,0.7389746395346525
1.4687940421293182,1.4398290164225354,-1.6613247691510074,2.3065879798788154,-0.010684955963028146,-0.6865507261215884,-0.6874206446824462,0.5195943037473887,0.7196640943711202,0.30907021638327264,0.3375327827215626,0.7301006845662592,0.49658347839379974,0.41390077802624936,1.0982816422191775,0.6858817900340078,0.8052873004657374,0.8302960202932186,0.8198152781028807
1.4687940421293182,1.4398290164225354,-1.5168617455966513,-0.7030746009502787,-0.010684955963028146,0.8157662734526135,0.8884813240898171,0.3696996659551655,1.0784903518252564,0.32761338201053813,0.28969961059642957,0.6404138947866962,0.453319747251474,0.41390077802624936,1.1477377492747858,0.7357485602492779,0.8333683182987794,0.519936657566746,0.5128342450240914
1.4687940421293182,1.4398290164225354,-1.372398722042295,2.0253681974080706,-0.010684955963028146,-0.6865507261215884,-0.6874206446824462,0.5046047827878999,0.7794684706134762,0.31954823620171197,0.2538198610742783,0.5950201318105811,0.44699611081640245,0.41390077802624936,1.184334535798586,0.7619395774163306,0.8400532975530631,0.6174180039507149,0.6103953455150742
1.4687940421293182,1.4398290164225354,-1.227935698487939,-0.7030746009502787,-0.010684955963028146,1.0757226673900004,1.1145862684478707,0.2198050281629423,1.0784903518252564,0.31444654432555974,0.2071896847396316,0.49500813833906554,0.38004824141095,0.41390077802624936,1.2255772019672324,0.8088291493367767,0.8714698178386934,0.7456454333807845,0.7387273929161823
1.4687940421293182,1.4398290164225354,-1.083472674933583,2.287122116849502,-0.010684955963028146,-0.6865507261215884,-0.6874206446824462,0.2198050281629423,1.0784903518252564,0.2821617669606193,0.16429164803492632,0.44961271762775074,0.36023266158461786,0.41390077802624936,1.2617117143076533,0.823997939949624,0.8736904292515515,0.799451438197045,0.7925772152005489
1.4687940421293182,1.4398290164225354,-0.9390096513792268,-0.7030746009502787,-0.010684955963028146,1.228090609658191,1.2491401309854822,0.42965746389178827,0.8392728468558323,0.289850922916999,0.140508650862917,0.3921150010902982,0.32266272585294653,0.41390077802624936,1.2844860689144613,0.8500813893461177,0.8900823407546083,0.7476001362449128,0.740683670382522
1.4687940421293182,1.4398290164225354,-0.7945466278248707,2.303799054157534,-0.010684955963028146,-0.6865507261215884,-0.6874206446824462,0.5195943037473887,0.7196640943711202,0.2948944181029465,0.1533436209884818,0.4202285323437012,0.36065174185280235,0.41390077802624936,1.285323368452031,0.842166917130842,0.8764639008509738,0.801945908665861,0.7950736282845565
1.4687940421293182,1.4398290164225354,-0.6500836042705146,-0.7030746009502787,-0.010684955963028146,1.2327634795452969,1.2444246605764457,0.6694889415396119,1.0784903518252564,0.3516584234960381,0.20363427207948975,0.4485070082494843,0.3980670654466969,0.41390077802624936,1.2681425796678834,0.8583697463122877,0.887681372898582,0.7421967084286897,0.7352757646265451
1.4687940421293182,1.4398290164225354,-0.5056205807161585,2.253268364116878,-0.010684955963028146,-0.6865507261215884,-0.6874206446824462,0.9093204191874354,0.18142470818991568,0.5917943146657737,0.4222998042083998,0.9661572038121364,0.6116970974571964,0.41390077802624936,1.0952452865558773,0.6168319561553958,0.7938641434672037,0.7935434723633865,0.7839456883842193
1.4687940421293182,1.4398290164225354,-0.3611575571618023,-0.7030746009502787,-0.010684955963028146,-0.6865507261215884,1.9274813214933906,0.7894045374128574,0.5402509656440521,0.773135201343811,0.6473101128633045,1.1839902400066156,0.9220695715708332,0.41390077802624936,0.9214441726995167,0.5291156441567307,0.6519133602811849,0.15006113113306457,0.17388471539554987
1.4687940421293182,1.4398290164225354,-0.2166945336074462,-0.7030746009502787,-0.010684955963028146,-0.6865507261215884,-0.6874206446824462,0.6694889415396119,0.36083783691698385,0.8253428636206467,0.7305833044125049,1.0607061309327122,1.0973728821226485,0.41390077802624936,0.8552348443265566,0.5835520927862081,0.5610717938128775,-1.2676136780735823,-1.2761757670616813
1.4687940421293182,1.4398290164225354,-0.07223151005309006,0.5530820182339062,-0.010684955963028146,0.5173763248785558,0.13216025383423038,1.1191728549162814,0.06181595570520356,0.8538422405406954,0.8479223588292597,0.9813296252283031,1.2034970259964641,0.41390077802624936,0.7732657743984388,0.6347441586585054,0.5223936340230758,0.8405384835584593,0.8284674770288671
1.4687940421293182,1.4398290164225354,0.07223151350126605,-0.7030746009502787,-0.010684955963028146,-0.6865507261215884,-0.6874206446824462,1.2690674927085046,0.06181595570520356,0.8807637678712599,0.9631678248518135,0.9837897042648059,1.2197036330278481,0.41390077802624936,0.7058267677754263,0.6662769132381315,0.546472092582853,-1.2676136780735823,-1.2761757670616813
1.4687940421293182,1.4398290164225354,0.2166945370556222,1.0634346417654053,-0.010684955963028146,0.7809372112793369,-0.6874206446824462,0.819383579331835,0.36083783691698385,0.8562014951278727,0.9926387865045782,0.9217083498999072,1.1408595802426105,0.41390077802624936,0.700943243529531,0.717950431631882,0.6053722272771811,0.853564982930595,0.8463744361761846
1.4687940421293182,1.4398290164225354,0.3611575606099783,-0.7030746009502787,-0.010684955963028146,1.03638976782587,1.38050641752749,0.9392991752050807,0.06181595570520356,0.843032041861312,1.015275145699305,1.0022825692861714,1.0537201793916,0.41390077802624936,0.6961088871321286,0.6882049068852719,0.6588284795973323,0.7404891519037039,0.737586538072347
1.4687940421293182,1.4398290164225354,0.5056205841643344,-0.7030746009502787,-0.010684955963028146,-0.6865507261215884,-0.6874206446824462,0.5195943037473887,1.0784903518252564,0.7664196956314189,0.9722066440040449,1.0040231912459612,1.0159891215374035,0.41390077802624936,0.7404423792276017,0.6959053279119557,0.6863789088627001,-1.2676136780735823,-1.2761757670616813
1.4687940421293182,1.4398290164225354,0.6500836077186906,0.7683208455871551,-0.010684955963028146,0.3393221375363443,0.37449473572587827,0.6694889415396119,0.7196640943711202,0.5953796231196243,0.886315249355018,0.9350705244778927,0.9035657536713233,0.41390077802624936,0.8221333133853236,0.7420243589275716,0.7555735535159294,0.854725582139209,0.8442996522594357
1.4687940421293182,1.4398290164225354,0.7945466312730467,-0.7030746009502787,-0.010684955963028146,2.0524924276812553,-0.6874206446824462,0.6694889415396119,0.48044658940169593,0.4742618484771864,0.760711078110509,0.8969351550741006,0.7722992349507178,0.41390077802624936,0.9330930964904857,0.7630260986471776,0.8258509918757823,0.18513353331370674,0.2320481520073743
1.4687940421293182,1.4398290164225354,0.9390096548274028,2.3024966835377225,-0.010684955963028146,-0.6865507261215884,-0.6874206446824462,0.3696996659551655,0.7196640943711202,0.2527940169552681,0.5996119211796721,0.9545049830927445,0.5414413420514138,0.41390077802624936,1.0726830285504112,0.722383698498344,0.937445340165495,0.8891973737800365,0.872791959597186
1.4687940421293182,1.4398290164225354,1.083472678381759,-0.7030746009502787,-0.010684955963028146,0.9644519013655711,1.5656736651839014,0.2198050281629423,1.0784903518252564,0.2147059179547405,0.4533564381610593,0.8441677859292765,0.22373211512622052,0.41390077802624936,1.1915197902067702,0.7511832341014502,1.0858358964488024,0.7454196764339022,0.7436868571646524
1.4687940421293182,1.4398290164225354,1.227935701936115,2.283258005258158,-0.010684955963028146,-0.6865507261215884,-0.6874206446824462,0.3097418680185427,0.3010334606746278,0.15602011399410062,0.36303364953308076,0.810496697418545,0.253174334899393,0.41390077802624936,1.2509579345818929,0.7228018248322908,1.020000554311485,0.8462960046751269,0.8353670494697869
1.4687940421293182,1.4398290164225354,1.3723987254904713,-0.7030746009502787,-0.010684955963028146,1.1579785242759113,1.3903387862452583,0.06991039037071911,1.0784903518252564,0.18047514789261615,0.26786408896957425,0.6143659015922436,0.19290001360924386,0.41390077802624936,1.3116310596221015,0.7722786618792848,1.000450439910141,0.7453067979604611,0.7426704443274644
1.4687940421293182,1.4398290164225354,1.5168617490448273,1.4878567837179615,-0.010684955963028146,0.5130422521791729,-0.6874206446824462,0.2198050281629423,0.7196640943711202,0.1459180840281078,0.21300775923358575,0.6334207388463411,0.24978181909733238,0.41390077802624936,1.3319277402950527,0.7124618728873159,0.9158191615248731,0.7894766119492469,0.7809719747089264
1.4687940421293182,1.4398290164225354,1.6613247725991833,-0.7030746009502787,-0.010684955963028146,0.9852594250966545,1.5233197793832804,0.3097418680185427,1.0784903518252564,0.14744100640436497,0.1820965423545015,0.6730837112367486,0.25261284871483514,0.41390077802624936,1.3593595434522345,0.6860930219060327,0.9072524488235872,0.7132458963901213,0.7063014491873897
1.4687940421293182,1.5500739483231762,-1.6613247691510074,1.6335311211116652,-0.010684955963028146,0.4247967246045988,-0.6874206446824462,0.2198050281629423,0.7196640943711202,0.11426823909225527,0.1455418906248477,0.7327373124015407,0.30271613258355085,0.41390077802624936,1.3744381656944467,0.6286019522113897,0.8502772807188125,0.7760352662129356,0.7691420017776679
1.4687940421293182,1.5500739483231762,-1.5168617455966513,-0.7030746009502787,-0.010684955963028146,-0.6865507261215884,1.9009203497851759,0.2198050281629423,0.7196640943711202,0.10316901864803477,0.11439411008540176,0.7363934473846989,0.32146407491112944,0.41390077802624936,1.381858172477298,0.5963344403602846,0.8078336888921633,0.15547049046142722,0.14807057196730522
1.4687940421293182,1.5500739483231762,-1.372398722042295,-0.7030746009502787,-0.010684955963028146,-0.6865507261215884,-0.6874206446824462,0.3696996659551655,0.7196640943711202,0.039292593037446595,0.09222670355856842,0.5822340202145261,0.4222467762988029,0.41390077802624936,1.3899636369126678,0.6569074568037434,0.7395585127403644,-1.2676136780735823,-1.2761757670616813
1.4687940421293182,1.5500739483231762,-1.227935698487939,0.7533326542245123,-0.010684955963028146,0.4030319079244445,0.20750397183518354,0.2198050281629423,1.0784903518252564,-0.0942400395850768,0.06306884086804725,0.2858143891383425,0.36435755067088443,0.41390077802624936,1.408809866055079,0.7992265571093428,0.7621912812151334,0.8531481593957064,0.8408822045867559
1.4687940421293182,1.5500739483231762,-1.083472674933583,-0.7030746009502787,-0.010684955963028146,1.1731196938071402,1.0701873804860067,0.2198050281629423,0.7196640943711202,-0.12966939990726103,0.03963094832997732,0.237527878238577,0.34510264328101664,0.41390077802624936,1.4149481345130033,0.8039200685819957,0.7520624983026787,0.7112439211716696,0.7042976872711451
1.4687940421293182,1.5500739483231762,-0.9390096513792268,1.612548602793219,-0.010684955963028146,0.4205429841806624,-0.6874206446824462,0.33972062403618786,1.0784903518252564,-0.16365103582367738,0.027349815479847533,0.3021455674591692,0.3685589320779459,0.41390077802624936,1.4264659440413245,0.7722309503681499,0.7413703744418292,0.8111189023180843,0.8042542963900877
1.4687940421293182,1.5500739483231762,-0.7945466278248707,-0.7030746009502787,-0.010684955963028146,1.0438453979421152,1.3806580773645298,0.2198050281629423,0.7196640943711202,-0.16883184904269227,0.019301780599248624,0.3826601083782406,0.33780576412604474,0.41390077802624936,1.4229094696670066,0.7161063817265143,0.7420088275166765,0.7005168713389172,0.6935619034312291
1.4687940421293182,1.5500739483231762,-0.6500836042705146,2.371785703029808,-0.010684955963028146,-0.6865507261215884,-0.6874206446824462,0.2198050281629423,0.7196640943711202,-0.12338677294672902,0.056034550849645336,0.4938833650060015,0.3931731844120141,0.41390077802624936,1.371206584750366,0.6354223127281379,0.6877219748214505,0.8732759369982775,0.8664622005551248
1.4687940421293182,1.5500739483231762,-0.5056205807161585,-0.7030746009502787,-0.010684955963028146,1.2279816171698898,1.298596717623137,0.3696996659551655,0.7196640943711202,0.022741192785054157,0.17312799652490699,0.6085331602917483,0.4779323720893551,0.41390077802624936,1.2610898856355375,0.5768269384212248,0.6418400380667504,0.719880023103879,0.719050614638143
1.4687940421293182,1.5500739483231762,-0.3611575571618023,2.273206513424059,-0.010684955963028146,-0.6865507261215884,-0.6874206446824462,0.3696996659551655,0.7196640943711202,0.20380744339695667,0.29905500758826264,0.7362608285687149,0.6031804099099749,0.41390077802624936,1.14614365050061,0.5187696198376114,0.5823313641386332,0.8491907623419579,0.836950819613597
1.4687940421293182,1.5500739483231762,-0.2166945336074462,-0.7030746009502787,-0.010684955963028146,1.2397036442274267,1.2747800568144054,0.3696996659551655,0.7196640943711202,0.34363905036490106,0.4335553640133145,0.8511427067824338,0.7256966953805065,0.41390077802624936,1.0312576700819724,0.46996031020549695,0.5275073723995889,0.7165966615205196,0.7147430382040997
1.4687940421293182,1.5500739483231762,-0.07223151005309006,2.27187726763669,-0.010684955963028146,-0.6865507261215884,-0.6874206446824462,0.3696996659551655,0.48044658940169593,0.5638932520326616,0.5478260486000839,0.9504228101632377,0.8386367932859986,0.30250023059967707,0.9198057264541513,0.40693513896020433,0.455651269289002,0.8238916048677696,0.8127095985884514
1.4687940421293182,1.5500739483231762,0.07223151350126605,-0.7030746009502787,-0.010684955963028146,1.2476762041682248,1.2690841317071544,0.2198050281629423,0.7196640943711202,0.6308998749017913,0.6287871782569845,0.9871938634975946,0.9100008735952129,0.41390077802624936,0.8278719725648106,0.3591446869613273,0.3904519783852791,0.7127575352239753,0.7101878058028802
1.4687940421293182,1.5500739483231762,0.2166945370556222,2.3217398410118797,-0.010684955963028146,-0.6865507261215884,-0.6874206446824462,0.2198050281629423,0.7196640943711202,0.6776161236467215,0.6770106804217143,1.039354501559292,0.9827670418696347,0.41390077802624936,0.7756793373141625,0.3181802341123325,0.33899143779703794,0.798322114234257,0.7914470034230716
1.4687940421293182,1.5500739483231762,0.3611575606099783,-0.7030746009502787,-0.010684955963028146,1.2247116333222223,1.2353934741702117,0.2797628260995651,0.5402509656440521,0.713624835289371,0.6962446975600628,1.0213572993626667,0.9917662820363387,0.41390077802624936,0.7318264368358207,0.2960208396361873,0.3044844028666099,0.7185725740341162,0.7116323973866242
1.4687940421293182,1.5500739483231762,0.5056205841643344,2.326389603334807,-0.010684955963028146,-0.6865507261215884,-0.6874206446824462,0.06991039037071911,1.0784903518252564,0.6879378624656222,0.6585705430965209,0.9988469130845866,0.9906335446901001,0.41390077802624936,0.7325885384874603,0.279868975023454,0.27876854362000636,0.7904360789734968,0.7835545556955632
1.4687940421293182,1.5500739483231762,0.6500836077186906,-0.7030746009502787,-0.010684955963028146,1.2427949724416796,1.2443457974611851,0.06991039037071911,0.7196640943711202,0.6429204339583546,0.5824158303977924,0.904272291068414,0.9050386377206708,0.41390077802624936,0.7533176070045106,0.278627174510913,0.274231465493381,0.7212293522442018,0.7142913219069442
1.4687940421293182,1.5500739483231762,0.7945466312730467,1.4498122965242835,-0.010684955963028146,0.5967051790772013,-0.6874206446824462,0.06991039037071911,0.7196640943711202,0.5582122088360439,0.4758299858954195,0.8631596292457817,0.8256176375370976,0.41390077802624936,0.7884653881109618,0.24591919866382986,0.2587858794439453,0.7503124549777587,0.7433980616525154
1.4687940421293182,1.5500739483231762,0.9390096548274028,-0.7030746009502787,-0.010684955963028146,1.067500638078187,1.5132694388721388,0.06991039037071911,0.0020115794628475024,0.4540597502313874,0.3285920679108342,0.8381485494188038,0.6360664116151024,0.41390077802624936,0.8257191920611913,0.15694265215968542,0.2417229808345253,0.6816075701240175,0.6780189330615036
1.4687940421293182,1.5500739483231762,1.083472678381759,1.570055558697724,-0.010684955963028146,0.4173101330905254,-0.6874206446824462,0.06991039037071911,0.36083783691698385,0.2861093334636097,0.22784447539109343,0.8699513703593611,0.6117923059841431,0.41390077802624936,0.8353869407805354,0.07239308327735343,0.17858971010665922,0.7536837107864568,0.7437777325774014
1.4687940421293182,1.5500739483231762,1.227935701936115,-0.7030746009502787,-0.010684955963028146,1.0067050046613626,1.5089480748534239,0.1898261291946309,-0.057792796779508555,0.2574693690335158,0.1763236932662047,0.8842899509700285,0.551486248518345,0.41390077802624936,0.8204476274423864,0.012242530577944524,0.1480808674653999,0.6811921845314657,0.6742216097895847
1.4687940421293182,1.5500739483231762,1.3723987254904713,1.679078617583904,-0.010684955963028146,0.398906092465184,-0.6874206446824462,0.06991039037071911,0.36083783691698385,0.19019922631997582,0.11591716259284802,0.8724213958070626,0.5123726326531863,0.41390077802624936,0.7928991711544664,-0.03351237485950934,0.1117554203573629,0.7579191699395897,0.7510111288881266
1.4687940421293182,1.5500739483231762,1.5168617490448273,-0.7030746009502787,-0.010684955963028146,1.000295367714994,1.5285818527636064,0.06991039037071911,0.36083783691698385,0.16188228621528813,0.0778505907632944,0.8864433489945683,0.47305883475701127,0.41390077802624936,0.765441337959847,-0.06724983499458272,0.09866123689446304,0.6832290298515855,0.6762601663458458
1.4687940421293182,1.5500739483231762,1.6613247725991833,1.7184195628605314,-0.010684955963028146,0.3721258431347893,-0.6874206446824462,0.06991039037071911,0.36083783691698385,0.1171597645314177,0.04836014739732356,0.9130839825229493,0.4880928307855722,0.41390077802624936,0.7472998479791669,-0.09262173226364946,0.07627170943384588,0.7666341789575326,0.7597333264428521
1.4687940421293182,1.6603188802238171,-1.6613247691510074,-0.7030746009502787,-0.010684955963028146,1.0014885321238718,1.5383244806950438,0.06991039037071911,0.36083783691698385,0.09842566144864892,0.021848318825495015,0.9140628751584311,0.4540277080928731,0.41390077802624936,0.7353761626819142,-0.10250560553627486,0.08054742356232067,0.6879109701003042,0.6809457763099507
1.4687940421293182,1.6603188802238171,-1.5168617455966513,2.3604282572202235,-0.010684955963028146,-0.6865507261215884,-0.6874206446824462,0.06991039037071911,0.36083783691698385,0.06619711908772657,-0.003278916557746011,0.8886788049114982,0.46043353308539436,0.41390077802624936,0.7242762798657824,-0.1007116527175989,0.06923562465823707,0.8204414419733379,0.813584376773337
1.4687940421293182,1.6603188802238171,-1.372398722042295,-0.7030746009502787,-0.010684955963028146,1.0982265828439894,1.2739002205735923,0.1298681883073419,0.0020115794628475024,0.08365547225375952,-0.018988830932176955,0.7916797451656187,0.4287640847801423,0.41390077802624936,0.7009215518316665,-0.08202760808662807,0.06247444153147668,0.6880621337884635,0.681097030656846
1.4687940421293182,1.6603188802238171,-1.227935698487939,2.3460733343891156,-0.010684955963028146,-0.6865507261215884,-0.6874206446824462,-0.07998424742150408,0.7196640943711202,0.07091562826208118,-0.04890856776415709,0.7024620944475989,0.4109511390120666,0.41390077802624936,0.6960327251707377,-0.057951728956392015,0.05852297597213605,0.816705128553877,0.8098449763433279
1.4687940421293182,1.6603188802238171,-1.083472674933583,-0.7030746009502787,-0.010684955963028146,1.1801652946007937,1.269010707427429,-0.07998424742150408,0.7196640943711202,0.0878305943544045,-0.07679176979061177,0.5755541762269332,0.3475202888669898,0.41390077802624936,0.7003488910080435,-0.008207273706031588,0.08462116467635163,0.7205127177320841,0.7135741429738982
1.4687940421293182,1.6603188802238171,-0.9390096513792268,2.3555509518119804,-0.010684955963028146,-0.6865507261215884,-0.6874206446824462,0.1298681883073419,0.18142470818991568,0.08531505876768856,-0.08549870404286514,0.5136734078212102,0.3373858701097667,0.41390077802624936,0.6851049298243309,0.013115868102220167,0.0851456394662912,0.8250743124398123,0.8182210695670656
1.4687940421293182,1.6603188802238171,-0.7945466278248707,-0.7030746009502787,-0.010684955963028146,1.2189046976403364,1.2665782928272926,0.06991039037071911,0.36083783691698385,0.11483255081862279,-0.08617430202583924,0.4300647041517127,0.2947853436636941,0.41390077802624936,0.6656320516325005,0.04562996171769113,0.10172249274581717,0.7386394188301642,0.7317156589297975
1.4687940421293182,1.6603188802238171,-0.6500836042705146,1.4993656263047839,-0.010684955963028146,0.5609413128080062,-0.6874206446824462,0.06991039037071911,0.7196640943711202,0.13263158348574203,-0.05090683491874169,0.4742168234631778,0.33154804128655174,0.41390077802624936,0.638878475561882,0.049045238432936435,0.1079642231143485,0.7791139007560888,0.7722231694883059
1.4687940421293182,1.6603188802238171,-0.5056205807161585,-0.7030746009502787,-0.010684955963028146,1.0592782949684225,1.5207486744769958,0.1898261291946309,-0.057792796779508555,0.2003228348340221,0.06486255003396615,0.6873534958366244,0.4045298528057676,0.41390077802624936,0.529516165495008,-0.04724006096557439,0.06606868779175773,0.6976603988868043,0.6943599287337253
1.4687940421293182,1.6603188802238171,-0.3611575571618023,2.2986053384432537,-0.010684955963028146,-0.6865507261215884,-0.6874206446824462,0.2198050281629423,0.36083783691698385,0.30048064646720807,0.20069183760987336,0.8556061588078944,0.5578701023123402,0.41390077802624936,0.42669896373045024,-0.0978168652147354,0.017736654609950345,0.843011744377807,0.8298797300648311
1.4687940421293182,1.6603188802238171,-0.2166945336074462,-0.7030746009502787,-0.010684955963028146,1.2169907393380965,1.343303108978723,0.2198050281629423,0.0020115794628475024,0.41057309084512367,0.3432374458136375,0.9698473223668906,0.7022037879193669,0.41390077802624936,0.3146030176949184,-0.13963600472456214,-0.039383497366814325,0.7164873779029205,0.7146640339038269
1.4687940421293182,1.6603188802238171,-0.07223151005309006,2.2842973575714787,-0.010684955963028146,-0.6865507261215884,-0.6874206446824462,0.3696996659551655,0.0020115794628475024,0.5509775101795779,0.47657516142555884,1.0632316905096069,0.833025186432794,0.41390077802624936,0.22111710231393997,-0.16050089915541274,-0.0770135809735561,0.8155035479886634,0.8041069308559002
1.4687940421293182,1.6603188802238171,0.07223151350126605,-0.7030746009502787,-0.010684955963028146,1.241435808916742,1.3061918422620906,0.06991039037071911,1.0784903518252564,0.6159518261593098,0.5344247172405944,1.0483402552098062,0.8882941431994422,0.41390077802624936,0.20121328239120145,-0.11454408727765578,-0.05767286345961923,0.7131642931625062,0.710540255038812
1.4687940421293182,1.6603188802238171,0.2166945370556222,1.5028941566372334,-0.010684955963028146,0.556067716831601,-0.6874206446824462,0.06991039037071911,1.0784903518252564,0.6148088170078725,0.5510586214413792,1.0882038135593894,0.9285697913422077,0.41390077802624936,0.20812473936856274,-0.09742432960039744,-0.040633546564318064,0.7595242730730764,0.7526174132107709
1.4687940421293182,1.6603188802238171,0.3611575606099783,-0.7030746009502787,-0.010684955963028146,1.01192262779134,1.4783583903154853,0.2198050281629423,0.48044658940169593,0.603831221107226,0.5440271145248639,1.1441175641134336,0.9164001886029857,0.41390077802624936,0.23232158731755173,-0.08791954597079014,-0.0036408242863995985,0.6759798233032488,0.6690048698793455
1.4687940421293182,1.6603188802238171,0.5056205841643344,2.2904886795054744,-0.010684955963028146,-0.6865507261215884,-0.6874206446824462,0.3696996659551655,0.36083783691698385,0.7859325881302985,0.6634827179263841,1.2892978685738914,1.3325265512078672,0.3631385069404903,0.1732979953905062,-0.10533511501708546,-0.13056263170574894,0.8183893185158893,0.8050617367128237
1.4687940421293182,1.6603188802238171,0.6500836077186906,-0.7030746009502787,-0.010684955963028146,1.2279906127111508,1.3165063846686547,0.3696996659551655,0.0020115794628475024,0.7951034710530153,0.7073784966574383,1.2918350322971848,1.5824578856721747,0.41390077802624936,0.13915285276312536,-0.11447967673762353,-0.23373808970582818,0.6859681302604547,0.6840801593523786
1.4687940421293182,1.6603188802238171,0.7945466312730467,2.2785396216740685,-0.010684955963028146,-0.6865507261215884,-0.6874206446824462,0.4596365058107659,-0.596032182960713,0.6925020523266249,0.6780800873216435,1.2488532740367781,1.9735981130642302,0.41390077802624936,0.1348149952279549,-0.1351190258431087,-0.4090301414178257,0.7919052965561528,0.7800255605004774
1.4687940421293182,1.6603188802238171,0.9390096548274028,-0.7030746009502787,-0.010684955963028146,1.2862116385396416,1.2442447606318192,0.2198050281629423,-0.2970103017489328,0.596366351271523,0.5252272612808263,0.9747649938370964,1.305685884089813,0.41390077802624936,0.21198152324887154,-0.07778215107763378,-0.21243681468195488,0.6866382113894175,0.6846043303705096
1.4687940421293182,1.6603188802238171,1.083472678381759,1.4667212561122243,-0.010684955963028146,0.517704452935946,-0.6874206446824462,0.06991039037071911,0.0020115794628475024,0.43733245211758953,0.3703163313948625,0.9112281479667735,1.1674683291539996,0.41390077802624936,0.2926621063238378,-0.09396784748917192,-0.1994520241706619,0.7501059305096314,0.7407291080888965
1.4687940421293182,1.6603188802238171,1.227935701936115,-0.7030746009502787,-0.010684955963028146,1.1119893425759553,1.4823864755872627,0.15984723022631953,-0.41661905423364487,0.39570743292248267,0.26976146868076933,0.9188520721506523,0.9086321493018413,0.41390077802624936,0.33529496930673386,-0.1378197142438548,-0.14006409735280137,0.6687748334817696,0.6655513995205309
1.4687940421293182,1.6603188802238171,1.3723987254904713,1.655057951157032,-0.010684955963028146,0.43258257476457385,-0.6874206446824462,-0.07998424742150408,0.36083783691698385,0.319620818590619,0.1988758636288616,0.9441474535643959,0.8423263271422095,0.41390077802624936,0.3728158221595618,-0.16334689079461545,-0.13018685272428102,0.7497512979808106,0.7428366399021314
1.4687940421293182,1.6603188802238171,1.5168617490448273,-0.7030746009502787,-0.010684955963028146,1.0396360076285815,1.500388393650897,-0.07998424742150408,0.36083783691698385,0.26843388702625115,0.1374820275612307,0.9549650046106888,0.7360801210543596,0.41390077802624936,0.3966410190184723,-0.1896756207324441,-0.11110815425610912,0.6797614319063198,0.672789503341376
1.4687940421293182,1.6603188802238171,1.6613247725991833,1.7173004808834584,-0.010684955963028146,0.39077422776461385,-0.6874206446824462,0.06991039037071911,-0.17740154926422066,0.2097284662037445,0.10064628254102952,0.9868366215620378,0.7061114062646524,0.41390077802624936,0.40059372840711527,-0.22563383484034652,-0.12426020025828208,0.7651949784211578,0.7582930330205219
1.4687940421293182,1.770563812124458,-1.6613247691510074,-0.7030746009502787,-0.010684955963028146,1.0185734707626821,1.5208218895707393,-0.07998424742150408,0.36083783691698385,0.17770720868321438,0.06342994833783465,0.9938637610739887,0.6375571981225083,0.41390077802624936,0.40609281483463217,-0.24735211470899812,-0.11721363472084266,0.6793699521051177,0.6723977566296608
1.4687940421293182,1.770563812124458,-1.5168617455966513,2.358479986740125,-0.010684955963028146,-0.6865507261215884,-0.6874206446824462,-0.07998424742150408,0.7196640943711202,0.13652422277550547,0.03110561147582513,0.9805596072279962,0.6253102893143978,0.41390077802624936,0.4224936665711184,-0.24503572084339392,-0.11503931333940298,0.8125755379052931,0.8057121918067793
1.4687940421293182,1.770563812124458,-1.372398722042295,-0.7030746009502787,-0.010684955963028146,1.1218756516203592,1.2762493791528435,-0.07998424742150408,0.36083783691698385,0.13961845578729123,0.0017772837947492136,0.8713264617075949,0.5613171392366696,0.41390077802624936,0.43203271121646664,-0.21079208494927923,-0.09595668458554461,0.6869087242915337,0.6799426673057102
1.4687940421293182,1.770563812124458,-1.227935698487939,2.359366150598371,-0.010684955963028146,-0.6865507261215884,-0.6874206446824462,-0.07998424742150408,0.7196640943711202,0.12343519864259857,-0.02495023517329146,0.786364217247461,0.5331459939856411,0.41390077802624936,0.44807589095705375,-0.1762921081180665,-0.08186202506623216,0.8174805389590126,0.810621101490049
1.4687940421293182,1.770563812124458,-1.083472674933583,-0.7030746009502787,-0.010684955963028146,1.2426656876858828,1.319414697378123,-0.22987888521372726,0.7196640943711202,0.13160431381931864,-0.07149343957398165,0.5800433231479908,0.4021317371740399,0.41390077802624936,0.4744356422019989,-0.10301134755430585,-0.034654271939961324,0.7142619823938838,0.71191505266817
1.4687940421293182,1.770563812124458,-0.9390096513792268,1.5435234974465428,-0.010684955963028146,0.5212541353572385,-0.6874206446824462,-0.020026449484881293,0.12162033194755961,0.10865520101677578,-0.08616664849565107,0.5757274095553122,0.39774807619402053,0.41390077802624936,0.47297313972820104,-0.11293013697826185,-0.044785893392078516,0.7700235887882332,0.7631253944957552
1.4687940421293182,1.770563812124458,-0.7945466278248707,-0.7030746009502787,-0.010684955963028146,1.0212725515382313,1.483224474631651,-0.07998424742150408,0.7196640943711202,0.11713295482019977,-0.05620794823725843,0.6879254144805553,0.38067075870252504,0.41390077802624936,0.4383869325775753,-0.15875921212848013,-0.04071542751611962,0.6918534485023081,0.6848914884878223
1.4687940421293182,1.770563812124458,-0.6500836042705146,1.5869917517887893,-0.010684955963028146,0.33984126394655395,-0.6874206446824462,0.2198050281629423,-0.596032182960713,0.22675786399029063,0.12728335069775543,1.77701599736896,0.5281829443630055,0.41390077802624936,0.27905948361187255,-0.5635512630654934,-0.1284594921650754,0.7703970943102249,0.7602147205211981
1.4687940421293182,1.770563812124458,-0.5056205807161585,-0.7030746009502787,-0.010684955963028146,-0.6865507261215884,2.147766293456794,0.5795521016840115,-0.8352496879301373,0.34463297136615095,0.3315351981559222,2.2481600896364315,0.7860206553043629,0.41390077802624936,0.13502709182929673,-0.6990775454084999,-0.21718984017213155,0.2440627469333007,0.2678413981923524
1.4687940421293182,1.770563812124458,-0.3611575571618023,-0.7030746009502787,-0.010684955963028146,-0.6865507261215884,-0.6874206446824462,0.819383579331835,-1.0744671928995615,0.48092504255793384,0.5275622837636905,2.630227438677866,0.9833692154588707,0.2644157179400205,0.004890642717587259,-0.7939026556957745,-0.27190662245161695,-1.2676136780735823,-1.2761757670616813
1.4687940421293182,1.770563812124458,-0.2166945336074462,-0.7030746009502787,-0.010684955963028146,-0.6865507261215884,-0.6874206446824462,0.9692782171240583,-1.0744671928995615,0.7303763275328046,0.6937433847394737,2.6643154475913473,1.071352473082905,0.0064832467704356855,-0.09081722558131186,-0.7799038814582606,-0.275311341602128,-1.2676136780735823,-1.2761757670616813
1.4687940421293182,1.770563812124458,-0.07223151005309006,-0.7030746009502787,-0.010684955963028146,-0.6865507261215884,-0.6874206446824462,1.149151896835259,-1.4332934503536978,0.9647291678242154,0.8453500769105622,2.4035280057672583,1.0566464175360497,0.08285955058702506,-0.1790373607962494,-0.6845574144765835,-0.24627439095045345,-1.2676136780735823,-1.2761757670616813
1.4687940421293182,1.770563812124458,0.07223151350126605,-0.7030746009502787,-0.010684955963028146,-0.6865507261215884,-0.6874206446824462,1.2690674927085046,-1.2538803216266297,1.1362550846149102,0.9601391142237123,1.99914588320132,1.0172805397618867,0.3189742131893778,-0.21696529451233454,-0.5073254158979486,-0.17123300964018365,-1.2676136780735823,-1.2761757670616813
1.4687940421293182,1.770563812124458,0.2166945370556222,-0.7030746009502787,-0.010684955963028146,-0.6865507261215884,-0.6874206446824462,1.2690674927085046,-1.493097826596054,1.1864154004082503,1.1089453101214013,1.6873192611781982,1.1701911302750585,0.41390077802624936,-0.2873953452519969,-0.37060200836646406,-0.19377276135370608,-1.2676136780735823,-1.2761757670616813
1.4687940421293182,1.770563812124458,0.3611575606099783,-0.7030746009502787,-0.010684955963028146,-0.6865507261215884,-0.6874206446824462,1.359004332564105,-1.55290220283841,1.2337469647204018,1.2140018401370831,1.4748730355154682,1.6572112267910752,0.41390077802624936,-0.3383920448937153,-0.27583892304366486,-0.35248861483379196,-1.2676136780735823,-1.2761757670616813
1.4687940421293182,1.770563812124458,0.5056205841643344,-0.7030746009502787,-0.010684955963028146,-0.6865507261215884,-0.6874206446824462,1.2690674927085046,-1.493097826596054,0.9771695277247276,1.158344672833223,1.1389993066840518,1.2376500334832679,0.41390077802624936,-0.2976569644550982,-0.14185697556789637,-0.18789305396674003,-1.2676136780735823,-1.2761757670616813
1.4687940421293182,1.770563812124458,0.6500836077186906,-0.7030746009502787,-0.010684955963028146,-0.6865507261215884,-0.6874206446824462,0.9692782171240583,-1.0744671928995615,0.6948338433071887,1.0504264183026366,0.8087975188387503,0.8840130144792118,0.41390077802624936,-0.2178515208795321,0.0019116871941862535,-0.03387411023119611,-1.2676136780735823,-1.2761757670616813
1.4687940421293182,1.770563812124458,0.7945466312730467,0.598161618038978,-0.010684955963028146,0.44908039743713246,0.47031593099941515,0.9692782171240583,-1.0146628166572054,0.3675265030600713,0.9109693574175357,0.3833646458381555,0.4101292534375688,0.41390077802624936,-0.11900751510715603,0.19344694619957842,0.1807845563133505,0.9898445299613289,0.971038105147788
1.4687940421293182,1.770563812124458,0.9390096548274028,-0.7030746009502787,-0.010684955963028146,2.820044935318805,-0.6874206446824462,0.6544994205801231,-0.536227806718357,0.23388990106965396,0.7179828106208868,0.2075195556518029,0.19204476436291004,0.41390077802624936,0.01828092780934554,0.2813159350338754,0.2894713665918912,0.6523524535384174,0.6637764635309832
1.4687940421293182,1.770563812124458,1.083472678381759,2.36312867405635,-0.010684955963028146,-0.6865507261215884,-0.6874206446824462,0.5795521016840115,-0.41661905423364487,0.08051088929651572,0.5667643611629802,0.47548830636142414,-0.038641427688652336,0.41390077802624936,0.12052763792006681,0.16516811667935927,0.39734984811424695,0.9685054656827705,0.950501899261341
1.4687940421293182,1.770563812124458,1.227935701936115,-0.7030746009502787,-0.010684955963028146,0.9297433376054642,1.6627907676166955,0.4896152618284111,-0.2970103017489328,0.055475850182139255,0.44637433130303134,0.536202858054088,-0.28203022748072,0.41390077802624936,0.2093573098449969,0.13979773750382862,0.5154562430880385,0.8188517967199722,0.817158400326091
1.4687940421293182,1.770563812124458,1.3723987254904713,2.3291899957942457,-0.010684955963028146,-0.6865507261215884,-0.6874206446824462,0.41466794293229947,-0.23720592550657674,0.015016726477314276,0.35352379038654097,0.5325301457189318,-0.14576404047326857,0.41390077802624936,0.27618123632411806,0.1340010057714314,0.4410203441226906,0.9014678749685838,0.89126320593583
1.4687940421293182,1.770563812124458,1.5168617490448273,-0.7030746009502787,-0.010684955963028146,1.1635701945634367,1.4466650405358614,0.3097418680185427,-0.17740154926422066,0.033497772042001675,0.2706242302656178,0.40473036596077383,-0.0954060534512679,0.41390077802624936,0.32323101102995744,0.16323666796041245,0.38985239146888695,0.8030752326286489,0.8004133774809717
1.4687940421293182,1.770563812124458,1.6613247725991833,1.5274820682673418,-0.010684955963028146,0.5712935072102729,-0.6874206446824462,0.20481550720345348,-0.23720592550657674,0.03868120084259882,0.21230920066004713,0.42915129205662306,-0.02424703766163129,0.41390077802624936,0.3477002102965785,0.11996167674945274,0.32127720350968714,0.8335646429676254,0.8267183300078021
1.7965806060563545,-1.5367841448947694,-1.6613247691510074,-0.7030746009502787,-0.010684955963028146,0.9940901178340191,1.5743973481964133,0.11487881029851932,-0.23720592550657674,0.04497036675708643,0.15659358821656838,0.4928265588161292,0.0128208154963122,0.41390077802624936,0.3544193342195412,0.041573398918690406,0.24869268745187365,0.7533253036590019,0.7464135288958281
1.7965806060563545,-1.5367841448947694,-1.5168617455966513,2.3483867488124215,-0.010684955963028146,-0.6865507261215884,-0.6874206446824462,0.02494197044291891,-0.23720592550657674,0.026606368468204113,0.10655619939724176,0.5338016286171782,0.08838464971640078,0.41390077802624936,0.34287453057832185,-0.04205685589227221,0.14330076667382752,0.8286664721400059,0.8218161745781827
1.7965806060563545,-1.5367841448947694,-1.372398722042295,-0.7030746009502787,-0.010684955963028146,1.1190550264384704,1.3035102871572448,-0.035015827493703876,-0.17740154926422066,0.058392877541728484,0.07213549103914471,0.5005557491851953,0.12412690722993151,0.41390077802624936,0.3200177475196289,-0.09307824467700934,0.059758832471327517,0.7142821135865994,0.7073385341342345
1.7965806060563545,-1.5367841448947694,-1.227935698487939,2.3365287082151416,-0.010684955963028146,-0.6865507261215884,-0.6874206446824462,-0.09497376838099289,-0.1175971730218646,0.07336315872765897,0.047769434021890995,0.48787904811232696,0.18571950043165136,0.41390077802624936,0.2855857924427063,-0.14946566037089776,-0.030527690318367762,0.8048171200269264,0.7979474608755668
1.7965806060563545,-1.5367841448947694,-1.083472674933583,-0.7030746009502787,-0.010684955963028146,1.1936349670465602,1.2869557269039256,-0.13994204535812688,0.0020115794628475024,0.12094843445328723,0.034789742598222574,0.4454327383214558,0.20785344857654212,0.41390077802624936,0.2569508231106398,-0.1756380266745067,-0.08375052733858322,0.7234651728351805,0.7165290266087115
1.7965806060563545,-1.5367841448947694,-0.9390096513792268,1.493804795801675,-0.010684955963028146,0.5600362149181122,-0.6874206446824462,-0.18491046528592706,0.18142470818991568,0.12530010831073318,0.020955638895365475,0.4697856972741132,0.25016672194558726,0.41390077802624936,0.2352075472089914,-0.21492932357619915,-0.1319655253466156,0.7541247995982794,0.7472138056162078
1.7965806060563545,-1.5367841448947694,-0.7945466278248707,-0.7030746009502787,-0.010684955963028146,1.017466077793734,1.5021419997390415,-0.07998424742150408,0.0020115794628475024,0.15590764398606446,0.04811801753318866,0.5759155625004895,0.28949516730744645,0.41390077802624936,0.19151998567215014,-0.2734607210840903,-0.16761518166578376,0.684603702725595,0.6776357826726159
1.7965806060563545,-1.5367841448947694,-0.6500836042705146,1.586039654186137,-0.010684955963028146,0.39730833789819775,-0.6874206446824462,0.06991039037071911,-0.2970103017489328,0.22635833390360402,0.17278984964568408,0.8790026045502674,0.4593235806857756,0.41390077802624936,0.08456159776639346,-0.395277534443465,-0.2478039271301065,0.742207672739008,0.7325799987226781
1.7965806060563545,-1.5367841448947694,-0.5056205807161585,-0.7030746009502787,-0.010684955963028146,1.0199755200075844,1.5434489096991324,0.3097418680185427,-0.9548584404148494,0.31247831918492674,0.3112846530534902,1.1264983255423624,0.6419677127896152,0.41390077802624936,-0.03178085965441278,-0.49886117695209453,-0.3368513181825382,0.6469425549816784,0.6437415051351268
1.7965806060563545,-1.5367841448947694,-0.3611575571618023,2.2759350596022285,-0.010684955963028146,-0.6865507261215884,-0.6874206446824462,0.5195943037473887,-1.0744671928995615,0.4477810466432287,0.4669922458544956,1.2494351390919078,0.8018854881364508,0.2079160246290932,-0.1628787330192501,-0.554234506163859,-0.4106125181050413,0.7940780274271031,0.7805429772649582
1.7965806060563545,-1.5367841448947694,-0.2166945336074462,-0.7030746009502787,-0.010684955963028146,1.1714067753921507,1.3410811354766032,0.819383579331835,-1.55290220283841,0.5969555110229219,0.6589184308323469,1.3952205169002927,1.029237754248689,0.11622556621879818,-0.310225375216657,-0.6120565202493748,-0.5015366205727647,0.6563125467340475,0.654478926369867
1.7965806060563545,-1.5367841448947694,-0.07223151005309006,2.2128868123524437,-0.010684955963028146,-0.6865507261215884,-0.6874206446824462,0.9392991752050807,-1.493097826596054,0.7885926345994331,0.822162663542287,1.4972325678903664,1.1873522638201908,0.05095030686588427,-0.4167055816939339,-0.6322291640277576,-0.5424707643466028,0.7314236444411587,0.692212690096001
1.7965806060563545,-1.5367841448947694,0.07223151350126605,-0.7030746009502787,-0.010684955963028146,-0.6865507261215884,-0.6874206446824462,0.9392991752050807,-1.3136846978689858,1.0223183892065026,1.025461994379762,1.528121976735834,1.278876139399314,-0.18127380821175015,-0.5218249956585109,-0.6083263475606385,-0.5380391488858979,-1.2676136780735823,-1.2761757670616813
1.7965806060563545,-1.5367841448947694,0.2166945370556222,2.26390000123464,-0.010684955963028146,-0.6865507261215884,-0.6874206446824462,0.9542886961645695,-1.1342715691419176,1.280590723067466,1.1609065181198457,1.4533025850956744,1.335372228291054,-0.5320961583095767,-0.5801197465373092,-0.544840326491883,-0.5161127400886703,0.7446678123345322,0.7386711074690968
1.7965806060563545,-1.5367841448947694,0.3611575606099783,-0.7030746009502787,-0.010684955963028146,-0.6865507261215884,-0.6874206446824462,0.9542886961645695,-0.9548584404148494,1.466567074204622,1.2871751549397825,1.3872327198400578,1.5535836620683086,-0.6076852696308923,-0.6171016812076368,-0.4601922984002087,-0.5259860544315041,-1.2676136780735823,-1.2761757670616813
1.7965806060563545,-1.5367841448947694,0.5056205841643344,2.2760805438426037,-0.010684955963028146,-0.6865507261215884,-0.6874206446824462,0.9692782171240583,-0.7754453116877812,1.4430771899099515,1.3276637211861568,1.2519391481112054,1.5868724690797493,-0.22244304412581523,-0.5999688551776561,-0.34719690970868505,-0.47245949366740614,0.7284172665004313,0.7222828320213232
1.7965806060563545,-1.5367841448947694,0.6500836077186906,-0.7030746009502787,-0.010684955963028146,2.7923114724127016,-0.6874206446824462,0.864351856308969,-1.1940759453842735,1.3819471249607118,1.2821412194023802,1.0847101366258116,1.4718800984822935,0.41390077802624936,-0.5513437811691234,-0.25428915155752185,-0.40114751677519117,0.6393904818286469,0.6369025163027063
1.7965806060563545,-1.5367841448947694,0.7945466312730467,2.301948250951776,-0.010684955963028146,-0.6865507261215884,-0.6874206446824462,0.7744153023547011,-1.2538803216266297,1.1930432841376377,1.1684111523570844,1.1231555025119664,1.1052011387827165,0.41390077802624936,-0.49235513697752625,-0.2791043422398452,-0.27986785280798093,0.7284312864382153,0.7182791970015417
1.7965806060563545,-1.5367841448947694,0.9390096548274028,-0.7030746009502787,-0.010684955963028146,2.824645004081287,-0.6874206446824462,0.6694889415396119,-0.23720592550657674,1.0877216605657214,0.9893561178293239,1.248870680256376,0.7485443006034512,0.41390077802624936,-0.36505523888989844,-0.2933095771982706,-0.11139724860326981,0.5381503541762042,0.5416501425139951
1.7965806060563545,-1.5367841448947694,1.083472678381759,2.326720347063542,-0.010684955963028146,-0.6865507261215884,-0.6874206446824462,0.5195943037473887,0.06181595570520356,0.9180318820457564,0.8382489924468817,1.3814248445675597,0.40480164466901736,0.41390077802624936,-0.25297447704287174,-0.3112764310686803,0.061500385728845385,0.738878117258078,0.7239339400272828
1.7965806060563545,-1.5367841448947694,1.227935701936115,-0.7030746009502787,-0.010684955963028146,0.7133238989805749,1.8635375596637467,0.3696996659551655,0.36083783691698385,0.9009279401841165,0.717340609860552,1.362152844002288,0.11194672576549311,0.41390077802624936,-0.15956424158555388,-0.28085080041789134,0.2161296154918169,0.731642391419149,0.7249335695675218
1.7965806060563545,-1.5367841448947694,1.3723987254904713,2.2900713977372065,-0.010684955963028146,-0.6865507261215884,-0.6874206446824462,0.2947523470590539,0.24122908443227173,0.8017084684435579,0.6338990406472119,1.307408625631703,0.08448354135586378,0.41390077802624936,-0.09140290142365347,-0.2442586738234089,0.24833655989883807,0.7227586039194207,0.7153836689291094
1.7965806060563545,-1.5367841448947694,1.5168617490448273,-0.7030746009502787,-0.010684955963028146,1.0609397505194542,1.527839451713049,0.2198050281629423,0.7196640943711202,0.7922688345132665,0.5577714631918779,1.0934273371739585,0.24082733507577436,0.41390077802624936,-0.021349081132507674,-0.14069823645883137,0.2059615297224974,0.7190066528770468,0.7132194423200829
1.7965806060563545,-1.5367841448947694,1.6613247725991833,2.3152041585975867,-0.010684955963028146,-0.6865507261215884,-0.6874206446824462,0.06991039037071911,1.0784903518252564,0.6956538281332199,0.4909338798340416,1.043642233653574,0.3424717956945302,0.41390077802624936,0.04708147710177775,-0.09371063907005324,0.19206644137637593,0.7433407713004301,0.7350878735704559
1.7965806060563545,-1.4265392129941283,-1.6613247691510074,-0.7030746009502787,-0.010684955963028146,1.1798703245268887,1.4155827230100213,0.2198050281629423,0.7196640943711202,0.7000565058315193,0.4570433523853434,0.962577324648169,0.39444751392653243,0.41390077802624936,0.0849578327807184,-0.04496031821534207,0.18787369994572672,0.7238836140551981,0.7169477903350279
1.7965806060563545,-1.4265392129941283,-1.5168617455966513,1.901768047638978,-0.010684955963028146,-0.6865507261215884,-0.6874206446824462,0.2198050281629423,0.7196640943711202,0.6683831206614267,0.42927286598529635,0.9400387568716924,0.4933976546075039,0.41390077802624936,0.108931256241703,-0.02867681320597718,0.15250724254518955,0.4486772681516262,0.4415166947540274
1.7965806060563545,-1.4265392129941283,-1.372398722042295,-0.7030746009502787,-0.010684955963028146,1.1368134800793641,1.2634325540281137,0.1448577092668307,0.8990772230981884,0.6383228954321785,0.39522231017811815,0.8546380414512114,0.5105254244808002,0.41390077802624936,0.1448274009244796,0.01864931904135427,0.15904199754656803,0.686841680230079,0.6798755341179137
1.7965806060563545,-1.4265392129941283,-1.227935698487939,2.3024735708936235,-0.010684955963028146,-0.6865507261215884,-0.6874206446824462,0.06991039037071911,1.0784903518252564,0.5816589360346074,0.3560612835316559,0.8084203840807959,0.5447508555479311,0.41390077802624936,0.18778130103577031,0.05446678419140845,0.16202399263657827,0.7360193081496677,0.7290933711186713
1.7965806060563545,-1.4265392129941283,-1.083472674933583,-0.7030746009502787,-0.010684955963028146,1.2135835211865411,1.2830525256634762,0.2198050281629423,1.0186859755829005,0.5718969316743052,0.33310069296713923,0.7450028951448586,0.5427815851615106,0.41390077802624936,0.23270866361500053,0.11217212194514865,0.1956137425576241,0.6910949339196302,0.6841323513124035
1.7965806060563545,-1.4265392129941283,-0.9390096513792268,2.31606559730168,-0.010684955963028146,-0.6865507261215884,-0.6874206446824462,0.3696996659551655,1.0784903518252564,0.5485234407600446,0.3293525505013498,0.7436220017234255,0.5874889054218158,0.41390077802624936,0.2745987064554699,0.15989556095793153,0.22440657879832765,0.7423827422185171,0.7354620182878099
1.7965806060563545,-1.4265392129941283,-0.7945466278248707,-0.7030746009502787,-0.010684955963028146,1.2293719512912895,1.26761418181077,0.3696996659551655,0.7196640943711202,0.5645510708005941,0.3347677709972175,0.7168553803198597,0.595719967388197,0.41390077802624936,0.3092808391144298,0.21491192131820422,0.2653734749528864,0.6899695642982686,0.6830060283476339
1.7965806060563545,-1.4265392129941283,-0.6500836042705146,2.3168026935638766,-0.010684955963028146,-0.6865507261215884,-0.6874206446824462,0.41466794293229947,0.6598597181287641,0.5912313107301973,0.38792849590879,0.7861279899814895,0.6873301002652378,0.41390077802624936,0.2982532619578463,0.21395855857752488,0.25379572671735134,0.7424940030068293,0.7355733611358627
1.7965806060563545,-1.4265392129941283,-0.5056205807161585,-0.7030746009502787,-0.010684955963028146,1.236595580122456,1.2578832682943315,0.4596365058107659,0.48044658940169593,0.6815068012502983,0.49378864659422983,0.8795969026193956,0.7857610696625166,0.41390077802624936,0.2374070853724521,0.18738107817027877,0.22374432566015667,0.6880276231723795,0.6810626453655356
1.7965806060563545,-1.4265392129941283,-0.3611575571618023,2.2692913390143565,-0.010684955963028146,-0.6865507261215884,-0.6874206446824462,0.33972062403618786,0.7794684706134762,0.8804387818596671,0.7259174340996064,1.1703114380054684,1.017573489075569,0.41390077802624936,0.09224311001794464,0.07992109225243565,0.1371810935107817,0.7351809877672957,0.7259223513670495
1.7965806060563545,-1.4265392129941283,-0.2166945336074462,-0.7030746009502787,-0.010684955963028146,1.1762302682957186,1.1990756498837751,0.2198050281629423,0.7196640943711202,1.0730116297472234,0.8968346787109249,1.555442281696133,1.2125198648578812,0.41390077802624936,-0.008856591313474693,-0.07016782764149823,0.058187373244352074,0.6765461928411677,0.67206761689821
1.7965806060563545,-1.4265392129941283,-0.07223151005309006,1.8779822701765538,-0.010684955963028146,-0.6865507261215884,-0.6874206446824462,0.2797628260995651,0.8392728468558323,1.4835108116943498,1.040146335708978,1.7269946665826041,1.3691321954486675,0.09915303785606389,-0.08501276825163577,-0.12372616759558637,0.006342538055655578,0.46090858541149493,0.4335270267088258
1.7965806060563545,-1.4265392129941283,0.07223151350126605,-0.7030746009502787,-0.010684955963028146,1.8009521993880109,-0.6874206446824462,0.5195943037473887,0.36083783691698385,1.648059664614429,1.209425029084556,1.8113941099424062,1.4389412031510844,0.41390077802624936,-0.1776134213408773,-0.14317945190835646,-0.009046932248145456,0.029847893574525268,0.056597817118975005
1.7965806060563545,-1.4265392129941283,0.2166945370556222,2.2619513724189746,-0.010684955963028146,-0.6865507261215884,-0.6874206446824462,0.5645625807245227,0.3010334606746278,1.8796092553450776,1.3308733334368876,1.96248424039015,1.5210125808753896,0.41390077802624936,-0.22811434517695925,-0.1780214335262051,-0.019590796998932878,0.7092480572081494,0.6771949141161715
1.7965806060563545,-1.4265392129941283,0.3611575606099783,-0.7030746009502787,-0.010684955963028146,1.1701187394027648,-0.6874206446824462,0.6095311436029891,0.18142470818991568,1.891592542364094,1.4458557963311571,2.0646736690466025,1.7760371646573025,0.41390077802624936,-0.2627771963267062,-0.18786952316547922,-0.09158293166411276,-0.3102029113653793,-0.30212069658364954
1.7965806060563545,-1.4265392129941283,0.5056205841643344,1.6257790686137426,-0.010684955963028146,-0.6865507261215884,-0.6874206446824462,0.5046047827878999,0.06181595570520356,1.7617622654712264,1.4708800569445937,2.083272629120755,1.7767133893230527,0.41390077802624936,-0.26801405422892777,-0.19833157320485872,-0.09560164877853307,0.26335400158142097,0.2331100025509368
1.7965806060563545,-1.4265392129941283,0.6500836077186906,-0.7030746009502787,-0.010684955963028146,-0.6865507261215884,-0.6874206446824462,0.41466794293229947,-0.17740154926422066,1.581746170864592,1.3809538603354568,1.8878405686811692,1.4512149656462825,0.41390077802624936,-0.22066445205482793,-0.1539117225971642,0.005042705239456495,-1.2676136780735823,-1.2761757670616813
1.7965806060563545,-1.4265392129941283,0.7945466312730467,1.7100615649180906,-0.010684955963028146,-0.6865507261215884,-0.6874206446824462,0.3097418680185427,-0.41661905423364487,1.23446428796933,1.2006046834304234,1.5344694448158671,1.0018412971827317,0.41390077802624936,-0.1267280724148633,-0.06016337436800439,0.14970232866027547,0.3288465232546837,0.31970557224071827
1.7965806060563545,-1.4265392129941283,0.9390096548274028,-0.7030746009502787,-0.010684955963028146,2.5555542655893206,-0.6874206446824462,0.2198050281629423,0.0020115794628475024,1.0956063312453732,0.9864756073766845,1.0714946716130085,0.651738386149016,0.41390077802624936,0.011350912379366855,0.11441998473112258,0.29235968987304045,0.4527180658609108,0.4857562374658354
1.7965806060563545,-1.4265392129941283,1.083472678381759,2.325985759150317,-0.010684955963028146,-0.6865507261215884,-0.6874206446824462,0.2198050281629423,0.0020115794628475024,0.8700941567019217,0.8248386160062606,1.1834125192894855,0.31093580207662225,0.41390077802624936,0.10339529392781643,0.027350380578842003,0.40478725872828575,0.7483167707570306,0.7364190755626168
1.7965806060563545,-1.4265392129941283,1.227935701936115,-0.7030746009502787,-0.010684955963028146,0.7997535824122436,1.778505758976195,0.24978407008191994,0.12162033194755961,0.8535826440686584,0.7069471158650141,1.1217638338117344,0.037775214533489386,0.41390077802624936,0.18339379361437663,0.03932315055715972,0.521507136251571,0.7519504510422002,0.7448537056513236
1.7965806060563545,-1.4265392129941283,1.3723987254904713,2.289311188830911,-0.010684955963028146,-0.6865507261215884,-0.6874206446824462,0.0998892893390305,0.3010334606746278,0.7447469866410074,0.6149384632692227,1.0744827393106475,-0.004428202842924896,0.41390077802624936,0.2404231954510788,0.03398011192155529,0.513844607607379,0.7292825483016188,0.7223724793879539
1.7965806060563545,-1.4265392129941283,1.5168617490448273,-0.7030746009502787,-0.010684955963028146,1.0962617892736937,1.4933894490609965,-0.05000534845319268,0.4206422131593399,0.7352504638113023,0.5278065009542403,0.8919387411819043,0.1582400410601508,0.41390077802624936,0.2858750150808997,0.07623038999563832,0.3990988252447281,0.7322319477772493,0.7262209712481323
1.7965806060563545,-1.4265392129941283,1.6613247725991833,1.3894759328487827,-0.010684955963028146,0.6581157518785962,-0.6874206446824462,-0.19989998624541588,0.5402509656440521,0.6111247703492924,0.4455115697181828,0.8914820351343595,0.2764621778409549,0.41390077802624936,0.3255833551539303,0.04214376834725881,0.30638425929761076,0.7275273599367255,0.7205103521240118
1.7965806060563545,-1.3162942810934875,-1.6613247691510074,-0.7030746009502787,-0.010684955963028146,0.9801825926473424,1.649280490961225,-0.22987888521372726,0.36083783691698385,0.5720754451172929,0.38060476329418086,0.9497472830693193,0.31034827595307035,0.41390077802624936,0.3487799748125005,-0.020232092605587487,0.24841189037449551,0.6866606792384304,0.6821191743759191
1.7965806060563545,-1.3162942810934875,-1.5168617455966513,1.6409963259878626,-0.010684955963028146,-0.6865507261215884,-0.6874206446824462,-0.22987888521372726,0.36083783691698385,0.4448182466059503,0.3284062958599031,0.9632304723168901,0.40205687234943216,0.41390077802624936,0.3563185628770111,-0.07215197589319872,0.15701506187837114,0.3249498792646663,0.2775706959012027
1.7965806060563545,-1.3162942810934875,-1.372398722042295,-0.7030746009502787,-0.010684955963028146,1.0487626118337041,1.2720430674242966,-0.25985778418203864,0.6598597181287641,0.4236209195681104,0.29055611020203326,0.889764621467367,0.41702414103432095,0.41390077802624936,0.3646125040649367,-0.07112834710884783,0.12069594689727346,0.6755633592539444,0.6685881528965596
1.7965806060563545,-1.3162942810934875,-1.227935698487939,2.3235189771041527,-0.010684955963028146,-0.6865507261215884,-0.6874206446824462,-0.07998424742150408,0.36083783691698385,0.38121580316610143,0.25853582722113566,0.8252621448431608,0.4485869883393165,0.41390077802624936,0.3583749358345661,-0.08446067828400786,0.06616497979107637,0.7607612629683344,0.7538554883722993
1.7965806060563545,-1.3162942810934875,-1.083472674933583,-0.7030746009502787,-0.010684955963028146,1.1747029090690653,1.2887662315792077,0.06991039037071911,0.0020115794628475024,0.38656466750177504,0.24238966162597889,0.7358323040195667,0.4417767305442947,0.41390077802624936,0.3379616020308769,-0.0874246474780171,0.029142562021304535,0.6869198683446441,0.6799537197207742
1.7965806060563545,-1.3162942810934875,-0.9390096513792268,2.3284202909954135,-0.010684955963028146,-0.6865507261215884,-0.6874206446824462,-0.07998424742150408,0.4206422131593399,0.36509858945636026,0.21631686737676276,0.6893535533551828,0.4620911379519805,0.41390077802624936,0.32800704086199084,-0.0985986833858339,-0.009889323480279853,0.7599806400222278,0.7530742463667522
1.7965806060563545,-1.3162942810934875,-0.7945466278248707,-0.7030746009502787,-0.010684955963028146,1.2208322538537846,1.2833319981355937,0.06991039037071911,0.0020115794628475024,0.41292188310597205,0.2616007181737628,0.7569825185662111,0.488699073115276,0.41390077802624936,0.271447625812353,-0.14811781018133405,-0.0453326398009081,0.7018253988654326,0.694871614616321
1.7965806060563545,-1.3162942810934875,-0.6500836042705146,2.2773884686637107,-0.010684955963028146,-0.6865507261215884,-0.6874206446824462,0.06991039037071911,-0.2970103017489328,0.5445562573951873,0.41281220987695283,1.3298634777805898,0.6229373998735706,0.2356424348546374,0.10852056009546839,-0.4169337893476411,-0.16555767710891428,0.7591383652984296,0.7489390057379672
1.7965806060563545,-1.3162942810934875,-0.5056205807161585,-0.7030746009502787,-0.010684955963028146,1.167376145311349,1.2723114530393616,0.15984723022631953,-0.596032182960713,0.6784387240543348,0.5842158015429562,2.3465085458349484,0.8330089114709227,0.09291488667680138,-0.0391598932301867,-0.7704760868579847,-0.28612836120812546,0.6802212139685212,0.6772542696785526
1.7965806060563545,-1.3162942810934875,-0.3611575571618023,-0.7030746009502787,-0.010684955963028146,-0.6865507261215884,-0.6874206446824462,0.2198050281629423,-0.2970103017489328,0.8067395396169897,0.7314502406501833,2.7441942470612957,0.9523182157047259,-0.006338907912196284,-0.13120933617480465,-0.8675844098235743,-0.3126433785443121,-1.2676136780735823,-1.2761757670616813
1.7965806060563545,-1.3162942810934875,-0.2166945336074462,-0.7030746009502787,-0.010684955963028146,-0.6865507261215884,-0.6874206446824462,0.2198050281629423,-0.8352496879301373,1.0033913869820439,0.8590798142926714,2.799887518833766,0.9799929746186813,-0.39420239126765977,-0.2523728939554295,-0.9247007272853024,-0.3761391089521531,-1.2676136780735823,-1.2761757670616813
1.7965806060563545,-1.3162942810934875,-0.07223151005309006,-0.7030746009502787,-0.010684955963028146,-0.6865507261215884,-0.6874206446824462,0.2198050281629423,-0.7754453116877812,1.1531602422763003,0.9442371658191054,2.46533832042699,0.892963429760302,-0.5339022760021352,-0.3377555140708247,-0.8637943808754142,-0.3817037384365867,-1.2676136780735823,-1.2761757670616813
1.7965806060563545,-1.3162942810934875,0.07223151350126605,-0.7030746009502787,-0.010684955963028146,-0.6865507261215884,-0.6874206446824462,0.2198050281629423,-0.8950540641724933,1.2671276707682992,1.011893676907076,1.969493973682503,0.7913702352714406,-0.5335110087263779,-0.4110025933064907,-0.7551040885818036,-0.3833282565203296,-1.2676136780735823,-1.2761757670616813
1.7965806060563545,-1.3162942810934875,0.2166945370556222,-0.7030746009502787,-0.010684955963028146,-0.6865507261215884,-0.6874206446824462,0.2198050281629423,-1.1342715691419176,1.3148345710375016,1.0663304540336584,1.6625444086171919,0.978750381279812,-0.37749201803218896,-0.4795100365587625,-0.703622717455624,-0.4933229785356471,-1.2676136780735823,-1.2761757670616813
1.7965806060563545,-1.3162942810934875,0.3611575606099783,-0.7030746009502787,-0.010684955963028146,-0.6865507261215884,-0.6874206446824462,0.20481550720345348,-1.0744671928995615,1.2761461960638505,1.1159733381605583,1.3368649223969438,1.3973033406996958,-0.07724795024164034,-0.5454908790475499,-0.6418467203200477,-0.6696152879548524,-1.2676136780735823,-1.2761757670616813
1.7965806060563545,-1.3162942810934875,0.5056205841643344,1.1913181557397314,-0.010684955963028146,0.8158702451736992,-0.6874206446824462,0.2198050281629423,-1.3734890741113417,1.117265308432478,1.151234543288411,1.0516159399646106,1.940057044143785,0.41390077802624936,-0.6248680320997247,-0.6208762099531846,-0.8948368156310044,0.8654806718475296,0.8516499176257458
1.7965806060563545,-1.3162942810934875,0.6500836077186906,-0.7030746009502787,-0.010684955963028146,2.8429310566770667,-0.6874206446824462,0.06991039037071911,-0.596032182960713,0.9938772089766587,1.1529649368864097,1.081215630824634,2.2907165588734975,0.41390077802624936,-0.6558538994425731,-0.6469937080189884,-1.0047315337105216,0.5566892054965781,0.56740165559021
1.7965806060563545,-1.3162942810934875,0.7945466312730467,1.787895096015463,-0.010684955963028146,0.16218214822460486,-0.6874206446824462,0.0998892893390305,-0.7754453116877812,0.8072705026781838,1.1196338129169197,1.4767214102632449,2.313057199034153,0.41390077802624936,-0.6616373881309802,-0.7837589715579685,-1.0265284614293002,0.7261997796742471,0.7131095321925014
1.7965806060563545,-1.3162942810934875,0.9390096548274028,-0.7030746009502787,-0.010684955963028146,2.1753016489619084,-0.6874206446824462,-0.07998424742150408,-0.2970103017489328,0.699460807126165,0.9848356645900007,1.592534935659251,1.608894933735822,0.41390077802624936,-0.5950814746299182,-0.8157992031196669,-0.8321367497254697,0.13598897806786514,0.18543234005679204
1.7965806060563545,-1.3162942810934875,1.083472678381759,2.3245570752429874,-0.010684955963028146,-0.6865507261215884,-0.6874206446824462,-0.07998424742150408,-0.2970103017489328,0.4818182636682676,0.8135030420221059,1.649945621098714,0.9788293148448874,0.41390077802624936,-0.509120168219271,-0.8331126261580323,-0.6413785871387849,0.818686792836821,0.7983699087402377
1.7965806060563545,-1.3162942810934875,1.227935701936115,-0.7030746009502787,-0.010684955963028146,0.6752331163056726,1.8601721755833378,-0.13994204535812688,-0.41661905423364487,0.5052963778458178,0.6704446472957343,1.5230551090976463,0.25271375347843683,0.41390077802624936,-0.4342597087002163,-0.8058758594151025,-0.40587434036079134,0.7106283021087142,0.7081813831200461
1.7965806060563545,-1.3162942810934875,1.3723987254904713,2.306403795397158,-0.010684955963028146,-0.6865507261215884,-0.6874206446824462,-0.22987888521372726,-0.2970103017489328,0.4627735602726082,0.5555101929090088,1.4079345170151565,0.26762650104105695,0.41390077802624936,-0.37935898548061747,-0.7819663199623235,-0.4221350239917609,0.7811216277438878,0.7709902111856034
1.7965806060563545,-1.3162942810934875,1.5168617490448273,-0.7030746009502787,-0.010684955963028146,1.0664443941752457,1.5443710015083343,-0.22987888521372726,-0.2970103017489328,0.48509101012304096,0.4756824814954293,1.147448782997431,0.29721763671535134,0.41390077802624936,-0.35296838382093165,-0.7191723326755305,-0.4487847627873118,0.714050964355954,0.7106962168958272
1.7965806060563545,-1.3162942810934875,1.6613247725991833,2.3416865903726793,-0.010684955963028146,-0.6865507261215884,-0.6874206446824462,-0.28983668315035005,-0.23720592550657674,0.44208757943409543,0.4096513019092377,1.0869315017935433,0.381579715323034,0.41390077802624936,-0.3234862331778237,-0.708283698352503,-0.4863351489343,0.7922994724992364,0.7821664542332577
1.7965806060563545,-1.2060493491928466,-1.6613247691510074,-0.7030746009502787,-0.010684955963028146,1.201203564425152,1.44057312636445,-0.28983668315035005,-0.23720592550657674,0.46712981139782306,0.3509222858980341,0.8901077726537255,0.3994903108623371,0.41390077802624936,-0.30001075469226207,-0.6565379620805346,-0.5017741845075916,0.7239567693715844,0.72039368774278
1.7965806060563545,-1.2060493491928466,-1.5168617455966513,2.2829070155698634,-0.010684955963028146,-0.6865507261215884,-0.6874206446824462,-0.5146786398386849,0.18142470818991568,0.41007351476291654,0.2862235163400561,0.850858405195668,0.45384135977944734,0.41390077802624936,-0.27423041279916427,-0.6544106792954291,-0.5310399651259009,0.7550236933015902,0.7447998762964745
1.7965806060563545,-1.2060493491928466,-1.372398722042295,-0.7030746009502787,-0.010684955963028146,1.228370935827718,1.3532973876466554,-0.7395205965270196,0.6598597181287641,0.41646011109134246,0.21257916154304812,0.6728632324551753,0.4024946688237686,0.41390077802624936,-0.24516040441548193,-0.6108984317518253,-0.5267175242675981,0.699924079610559,0.6961604490174029
1.7965806060563545,-1.2060493491928466,-1.227935698487939,1.4533066058100435,-0.010684955963028146,0.569473688293322,-0.6874206446824462,-0.82945743638262,0.7794684706134762,0.33435504353875267,0.16690358915550801,0.697578406548989,0.43734505842675525,0.41390077802624936,-0.2289677929784949,-0.6290552641847544,-0.5492740888698904,0.7317202200481299,0.7233448872392387
1.7965806060563545,-1.2060493491928466,-1.083472674933583,-0.7030746009502787,-0.010684955963028146,1.051851848061617,1.5594894999943731,-0.9793520741748433,1.0784903518252564,0.29928532568412597,0.11185244228745693,0.7219189324876478,0.35555116880235477,0.41390077802624936,-0.21593108256192803,-0.6543330396545821,-0.5402588869019368,0.6675444940698193,0.6637744167874527
1.7965806060563545,-1.2060493491928466,-0.9390096513792268,1.6323090176589568,-0.010684955963028146,0.45963593291162325,-0.6874206446824462,-0.8894152343192429,0.7794684706134762,0.24290254130664532,0.0823473876365814,0.7827851669510933,0.40083218146862115,0.41390077802624936,-0.20664968708343712,-0.6816298795274409,-0.5644251218420453,0.7300266834609282,0.7230960032259443
1.7965806060563545,-1.2060493491928466,-0.7945466278248707,-0.7030746009502787,-0.010684955963028146,1.0385973364108942,1.586437256583535,-0.5296681607981737,0.7196640943711202,0.2685195473230694,0.14145003507606219,1.0969748905015297,0.4951968516423698,0.41390077802624936,-0.24918831169005515,-0.7799854247682004,-0.6001963986682893,0.658764777646719,0.6553049920587295
1.7965806060563545,-1.2060493491928466,-0.6500836042705146,1.6075603925268576,-0.010684955963028146,0.300478239779131,-0.6874206446824462,-0.07998424742150408,-0.596032182960713,0.37765338105109536,0.3222062406320119,2.1426568483155797,0.6641122396597222,0.41390077802624936,-0.37433856251931064,-1.065666338768204,-0.6592199006633318,0.7187632811365383,0.708507224690083
1.7965806060563545,-1.2060493491928466,-0.5056205807161585,-0.7030746009502787,-0.010684955963028146,-0.6865507261215884,-0.6874206446824462,-0.020026449484881293,-0.9548584404148494,0.49550690987890217,0.5087714756007844,2.6229524677535454,0.7627564110575143,0.41390077802624936,-0.49859077705697563,-1.1886351682509837,-0.7005837556722244,-1.2676136780735823,-1.2761757670616813
1.7965806060563545,-1.2060493491928466,-0.3611575571618023,-0.7030746009502787,-0.010684955963028146,-0.6865507261215884,-0.6874206446824462,0.06991039037071911,-0.8950540641724933,0.6410404846961221,0.6963824611034498,2.9421991125309708,0.7639664544726412,0.41390077802624936,-0.6102244489091284,-1.2605814161612479,-0.7013730880475915,-1.2676136780735823,-1.2761757670616813
1.7965806060563545,-1.2060493491928466,-0.2166945336074462,-0.7030746009502787,-0.010684955963028146,-0.6865507261215884,-0.6874206446824462,0.06991039037071911,-1.1342715691419176,0.8665657371474847,0.8238290457968935,2.987257184129126,0.6944731810305264,0.32054161126428676,-0.7022876299290606,-1.2833600843648747,-0.6970375462370003,-1.2676136780735823,-1.2761757670616813
1.7965806060563545,-1.2060493491928466,-0.07223151005309006,-0.7030746009502787,-0.010684955963028146,-0.6865507261215884,-0.6874206446824462,0.15984723022631953,-1.0146628166572054,1.0314578851502325,0.9135806027626457,2.6140562318038203,0.5996943130771546,0.41390077802624936,-0.7684123606803492,-1.2045119326279226,-0.6724075375858878,-1.2676136780735823,-1.2761757670616813
1.7965806060563545,-1.2060493491928466,0.07223151350126605,-0.7030746009502787,-0.010684955963028146,-0.6865507261215884,-0.6874206446824462,0.2198050281629423,-0.8352496879301373,1.1732753724344898,0.9892315740198981,2.1582163509009,0.548027819120706,0.41390077802624936,-0.8128205686240223,-1.0835748544727257,-0.6394278553430648,-1.2676136780735823,-1.2761757670616813
1.7965806060563545,-1.2060493491928466,0.2166945370556222,-0.7030746009502787,-0.010684955963028146,-0.6865507261215884,-0.6874206446824462,0.1898261291946309,-0.8950540641724933,1.2279305651769032,1.0493688395857255,1.7118247317692372,0.7256340367773022,0.41390077802624936,-0.8545337036174634,-0.9614834830538197,-0.686303936027238,-1.2676136780735823,-1.2761757670616813
1.7965806060563545,-1.2060493491928466,0.3611575606099783,2.2889827742833644,-0.010684955963028146,-0.6865507261215884,-0.6874206446824462,0.15984723022631953,-0.7754453116877812,1.2870158992242298,1.11004393959114,1.3824957415066301,1.24161624169129,0.41390077802624936,-0.893148782118123,-0.8612322727274647,-0.8312327840175806,0.8659055838080629,0.8529717045976669
1.7965806060563545,-1.2060493491928466,0.5056205841643344,-0.7030746009502787,-0.010684955963028146,1.1202037361376287,1.3745676274949932,0.1898261291946309,-0.6558365592030692,1.25222343301732,1.1703788053909163,1.0794161592652514,2.1740324059895255,0.41390077802624936,-0.9228432703814379,-0.7545217912754514,-1.0671221987928488,0.8240691907463681,0.8199708306111898
1.7965806060563545,-1.2060493491928466,0.6500836077186906,1.320068662619446,-0.010684955963028146,0.676118235726022,-0.6874206446824462,0.2198050281629423,-0.8352496879301373,1.1337317022834477,1.2050604295508829,1.1091153142372627,2.4431112330953506,0.41390077802624936,-0.9456983663080748,-0.7590884335025863,-1.1307415148506088,0.7780951186104447,0.7722217367678347
1.7965806060563545,-1.2060493491928466,0.7945466312730467,-0.7030746009502787,-0.010684955963028146,2.8477727498617904,-0.6874206446824462,-0.07998424742150408,0.3010334606746278,0.9725955294327916,1.1081848275308857,1.2321731424563938,1.988914479681257,0.41390077802624936,-0.8698130945743549,-0.7354462953826684,-0.961440091921618,0.5213580635667026,0.5285303118098895
1.7965806060563545,-1.2060493491928466,0.9390096548274028,1.7967689180072144,-0.010684955963028146,0.1328998832318658,-0.6874206446824462,-0.22987888521372726,0.24122908443227173,0.6588624037020859,0.9258749553467369,1.482530114403343,1.275817260315614,0.41390077802624936,-0.7803878650336115,-0.8070456589199306,-0.7564422859436307,0.70471386553454,0.6911934118178704
1.7965806060563545,-1.2060493491928466,1.083472678381759,-0.7030746009502787,-0.010684955963028146,0.7057378335160462,1.8449359053893633,-0.37977352300595046,-0.35681467799128885,0.55788591503366,0.7237083469771113,1.4699777434704597,0.5519045150384361,0.41390077802624936,-0.7122311042301491,-0.8576118365143389,-0.5863277305759492,0.6694681014309137,0.6638341816985399
1.7965806060563545,-1.2060493491928466,1.227935701936115,2.3143133363769643,-0.010684955963028146,-0.6865507261215884,-0.6874206446824462,-0.07998424742150408,-0.8950540641724933,0.49065958331162246,0.6131391878995306,1.4329870402221292,0.6029078042986316,0.41390077802624936,-0.668099585943681,-0.8656425513203798,-0.623749290692103,0.7935936206023835,0.7809508932505634
1.7965806060563545,-1.2060493491928466,1.3723987254904713,-0.7030746009502787,-0.010684955963028146,1.1039188776744568,1.4880146244363055,-0.07998424742150408,-0.596032182960713,0.5127377074472805,0.5346689344311443,1.262154112412371,0.5879844780107951,0.41390077802624936,-0.6291827518238396,-0.8178824611922251,-0.6195010885634336,0.6820233152021534,0.6795879666518949
1.7965806060563545,-1.2060493491928466,1.5168617490448273,2.331531718727378,-0.010684955963028146,-0.6865507261215884,-0.6874206446824462,-0.07998424742150408,-0.596032182960713,0.47563306712167386,0.4743772067106101,1.1893206875415716,0.6362454361956861,0.41390077802624936,-0.6067294343454265,-0.8038815182496596,-0.6427301687165227,0.7862194928135346,0.7751182882120321
1.7965806060563545,-1.2060493491928466,1.6613247725991833,-0.7030746009502787,-0.010684955963028146,1.2181871463258012,1.4062936102878285,-0.07998424742150408,-0.596032182960713,0.49864103050981706,0.4156029652937491,0.9751802565046462,0.5911393793695355,0.41390077802624936,-0.5896421608809612,-0.7505903627579275,-0.6383151477953828,0.7008939717167509,0.6978719359575088
1.7965806060563545,-1.0958044172922057,-1.6613247691510074,1.5179103877580271,-0.010684955963028146,0.5371060572473985,-0.6874206446824462,-0.10996314638981547,-0.41661905423364487,0.4419234516898101,0.36819978241009704,0.9774115680835767,0.6326966807596615,0.41390077802624936,-0.5713483469774993,-0.7514478687353264,-0.6519689602701957,0.7413134523482918,0.7326764003429591
1.7965806060563545,-1.0958044172922057,-1.5168617455966513,-0.7030746009502787,-0.010684955963028146,0.9794319879486391,1.5077404441786226,-0.07998424742150408,-0.2970103017489328,0.43556497286339324,0.3408683303326624,1.019955684251236,0.6269394129977092,0.41390077802624936,-0.5620891252346032,-0.7619084006811698,-0.6479423825844024,0.6344856605177195,0.6274768529965884
1.7965806060563545,-1.0958044172922057,-1.372398722042295,2.369055186006018,-0.010684955963028146,-0.6865507261215884,-0.6874206446824462,-0.15493156631761568,-0.057792796779508555,0.3978136299915786,0.3055250236991548,1.0366383024344201,0.6568023405352533,0.41390077802624936,-0.5413308934348684,-0.7554888168579558,-0.6455946919343483,0.7665951747716461,0.7596942336414217
1.7965806060563545,-1.0958044172922057,-1.227935698487939,-0.7030746009502787,-0.010684955963028146,1.1509707884350073,1.3102057028870837,-0.22987888521372726,0.0020115794628475024,0.38775410322629705,0.253640351002592,0.942391911987808,0.615848026482457,0.41390077802624936,-0.5103310469978407,-0.7162805813597393,-0.6207913140146213,0.672891482649322,0.6659138777997617
1.7965806060563545,-1.0958044172922057,-1.083472674933583,2.356232864396793,-0.010684955963028146,-0.6865507261215884,-0.6874206446824462,-0.2748473051415275,0.4206422131593399,0.36288188406541483,0.21261951652040395,0.8773979168768613,0.6124034308024083,0.41390077802624936,-0.47877589309548163,-0.6760712716097084,-0.5983921791889927,0.7650096636024989,0.7581073933823161
1.7965806060563545,-1.0958044172922057,-0.9390096513792268,-0.7030746009502787,-0.010684955963028146,1.2171352955941734,1.2968345349097254,-0.31981572506932765,0.6598597181287641,0.3647016749512559,0.1723445533438268,0.7644356960245106,0.5556062551160503,0.41390077802624936,-0.4395604366017056,-0.6097769943696477,-0.5474558950414863,0.6968177646774218,0.6898597537334731
1.7965806060563545,-1.0958044172922057,-0.7945466278248707,1.510783630825264,-0.010684955963028146,0.5622783012777423,-0.6874206446824462,-0.22987888521372726,0.36083783691698385,0.3448487568466854,0.15643634295997502,0.7519471478968195,0.5541333710667028,0.41390077802624936,-0.4119355773335295,-0.5730337090330694,-0.5131883891887283,0.7276673795717743,0.7207346752149418
1.7965806060563545,-1.0958044172922057,-0.6500836042705146,-0.7030746009502787,-0.010684955963028146,1.0653061444077863,1.5449514926087282,-0.07998424742150408,0.0020115794628475024,0.41554334974676854,0.2547320227176141,1.0521754255945428,0.6395508809517356,0.41390077802624936,-0.45461447491967133,-0.6423962701801208,-0.5152991709515701,0.658449508789369,0.6549140640444264
1.7965806060563545,-1.0958044172922057,-0.5056205807161585,2.289409372776386,-0.010684955963028146,-0.6865507261215884,-0.6874206446824462,0.06991039037071911,-0.1175971730218646,0.5935814107818368,0.4719371221315265,1.504030111077145,0.8378360651619334,0.3472281355456306,-0.561406800827332,-0.7517243786294043,-0.5525259635770385,0.7839931985905374,0.7705016535049011
1.7965806060563545,-1.0958044172922057,-0.3611575571618023,-0.7030746009502787,-0.010684955963028146,1.1630022202721937,1.3414444915275525,0.2198050281629423,-0.596032182960713,0.782983519896327,0.7255048392449168,2.0697728625211864,1.1398643663241839,0.2316680443422568,-0.6895861767539329,-0.8969818574094041,-0.6348536578516226,0.6544297409867605,0.6532320502111579
1.7965806060563545,-1.0958044172922057,-0.2166945336074462,1.5954900381058776,-0.010684955963028146,-0.6865507261215884,-0.6874206446824462,0.2198050281629423,-0.2970103017489328,1.090046258696934,0.9341317228688315,2.2289427943327538,1.2979162172924814,-0.2836332868020719,-0.7799651179441188,-0.910607180637034,-0.6518966866834055,0.2897495900874423,0.24408003618790503
1.7965806060563545,-1.0958044172922057,-0.07223151005309006,-0.7030746009502787,-0.010684955963028146,-0.6865507261215884,-0.6874206446824462,0.4896152618284111,-0.6558365592030692,1.368727321748693,1.1008012582257145,2.150865953024988,1.3612632513839213,-0.6001324138256475,-0.8266984348800016,-0.8409596516462036,-0.6178944751144846,-1.2676136780735823,-1.2761757670616813
1.7965806060563545,-1.0958044172922057,0.07223151350126605,-0.7030746009502787,-0.010684955963028146,-0.6865507261215884,-0.6874206446824462,0.3696996659551655,-0.2970103017489328,1.4614745368640074,1.1900393328933876,1.8517375826323315,1.2581304455020403,-0.6293831361463298,-0.8353319716489394,-0.7097499598378837,-0.5346883619889734,-1.2676136780735823,-1.2761757670616813
1.7965806060563545,-1.0958044172922057,0.2166945370556222,2.275546265511571,-0.010684955963028146,-0.6865507261215884,-0.6874206446824462,0.5195943037473887,-0.2970103017489328,1.5532095219069963,1.273247817323724,1.6449691000289155,1.3729755276945614,-0.49235574664358983,-0.815147123729423,-0.567115529817783,-0.4893232578020448,0.7758291012303926,0.7698640928951869
1.7965806060563545,-1.0958044172922057,0.3611575606099783,-0.7030746009502787,-0.010684955963028146,-0.6865507261215884,-0.6874206446824462,0.42965746389178827,-0.17740154926422066,1.5683589704313101,1.3466277774415043,1.4410709859239526,1.5233545478886614,-0.142808508649794,-0.7927388767787948,-0.4326018158633645,-0.47152976275335007,-1.2676136780735823,-1.2761757670616813
1.7965806060563545,-1.0958044172922057,0.5056205841643344,0.9987213883015728,-0.010684955963028146,1.0847884993919534,-0.6874206446824462,0.3996787078741431,-0.17740154926422066,1.4605061177831844,1.3532432106259717,1.2246495112521028,1.6001593479514322,0.41390077802624936,-0.7484420195508262,-0.3133460262994135,-0.45450725874681885,0.7919680267905971,0.7848149403615728
1.7965806060563545,-1.0958044172922057,0.6500836077186906,-0.7030746009502787,-0.010684955963028146,2.7884101270876966,-0.6874206446824462,0.3696996659551655,0.0020115794628475024,1.319406607643251,1.305079545151804,1.2327641250551222,1.4834979800140804,0.40087716727603995,-0.667809399230027,-0.2673551657523465,-0.36668546178095274,0.5341352596861904,0.538541343765697
1.7965806060563545,-1.0958044172922057,0.7945466312730467,2.3394366013448082,-0.010684955963028146,-0.6865507261215884,-0.6874206446824462,0.33972062403618786,-0.17740154926422066,1.0598474076438271,1.1811201871222803,1.4774682199707545,1.1971416533857435,0.41390077802624936,-0.5630768205440336,-0.3386600191436028,-0.24644710517145352,0.775273696002792,0.7593788304633898
1.7965806060563545,-1.0958044172922057,0.9390096548274028,-0.7030746009502787,-0.010684955963028146,0.7606510105441199,1.7449201128022784,0.3247313889780315,-0.23720592550657674,0.9387459803862782,0.9725148725379867,1.3900575006205165,0.49462234548831496,0.41390077802624936,-0.4288097901211923,-0.3166305301000478,0.021204039982240186,0.7146716162170883,0.7098222574083538
1.7965806060563545,-1.0958044172922057,1.083472678381759,2.277887450941352,-0.010684955963028146,-0.6865507261215884,-0.6874206446824462,0.2947523470590539,-0.23720592550657674,0.7633875826822112,0.799170763081546,1.2941641502529033,0.3632573632483884,0.41390077802624936,-0.3158288228127887,-0.29306169421087375,0.064408360438427,0.732302406951754,0.7237933287467455
1.7965806060563545,-1.0958044172922057,1.227935701936115,-0.7030746009502787,-0.010684955963028146,1.098729914757334,1.4717654757168872,0.2797628260995651,-0.2970103017489328,0.7444952369137171,0.6733571634200696,1.0823619547152954,0.40271519455712396,0.389342934042776,-0.23814964766567426,-0.2365419875088383,0.02522581398552776,0.703109840857806,0.6981803802075375
1.7965806060563545,-1.0958044172922057,1.3723987254904713,2.3162304316626967,-0.010684955963028146,-0.6865507261215884,-0.6874206446824462,0.2198050281629423,0.0020115794628475024,0.6630604121415755,0.5935830267178073,1.0345420962742735,0.504362910168254,0.41390077802624936,-0.1756570712123642,-0.2251267915992846,-0.023559293796248236,0.752579011586187,0.7436964768592452
1.7965806060563545,-1.0958044172922057,1.5168617490448273,-0.7030746009502787,-0.010684955963028146,1.2080364102080525,1.392073983966976,0.20481550720345348,-0.057792796779508555,0.6700858642714627,0.5252272612808263,0.874040174229667,0.5021283579033323,0.41390077802624936,-0.12204266567613045,-0.16871508640881833,-0.0263799288239082,0.7093638115662643,0.7046927087725089
1.7965806060563545,-1.0958044172922057,1.6613247725991833,1.4548386695285758,-0.010684955963028146,0.6382556887607869,-0.6874206446824462,0.1898261291946309,0.0020115794628475024,0.6257000987163052,0.48091540881772415,0.8987528617206809,0.5535897873402033,0.41390077802624936,-0.0854487713787123,-0.17741593107580092,-0.04674710594962936,0.7303854500739674,0.7234547973668203
1.7965806060563545,-0.9855594853915648,-1.6613247691510074,-0.7030746009502787,-0.010684955963028146,1.0067605468986829,1.5644028603424986,0.15984723022631953,0.12162033194755961,0.5842195904036168,0.4387688096224031,0.9608947234203723,0.5630992475615707,0.41390077802624936,-0.04763074226514065,-0.19897502799366576,-0.04883059406187052,0.6728195855324804,0.6658420371018453
1.7965806060563545,-0.9855594853915648,-1.5168617455966513,2.1470634353007236,-0.010684955963028146,-0.6865507261215884,-0.6874206446824462,0.1448577092668307,0.18142470818991568,0.5240769075016712,0.4032035506134385,1.0078666503066966,0.6207036613567424,0.41390077802624936,-0.013226022319981271,-0.21241210762281762,-0.06787501170488816,0.6214573637176627,0.6144378686619328
1.7965806060563545,-0.9855594853915648,-1.372398722042295,-0.7030746009502787,-0.010684955963028146,1.060797913845619,1.2267593227580487,0.1298681883073419,0.24122908443227173,0.5066362095113184,0.3715068032268591,0.9571598460152236,0.6221724766656221,0.41390077802624936,0.019351774627256554,-0.187689303775692,-0.06232763180763402,0.6644563331586846,0.6574718794343456
1.7965806060563545,-0.9855594853915648,-1.227935698487939,2.322287736094475,-0.010684955963028146,-0.6865507261215884,-0.6874206446824462,0.06991039037071911,0.36083783691698385,0.47034828453476507,0.3374472023385494,0.908700101787079,0.6362299749819084,0.41390077802624936,0.05335037778461939,-0.16405865979254758,-0.06235143187095767,0.7479247517274523,0.7410086932551467
1.7965806060563545,-0.9855594853915648,-1.083472674933583,-0.7030746009502787,-0.010684955963028146,1.192002171708383,1.2748076693640458,0.06991039037071911,0.48044658940169593,0.4708001262530964,0.30670297157266163,0.817539585414894,0.601944326555854,0.41390077802624936,0.08879437107635367,-0.118548167414408,-0.037310053317994155,0.6778446547713253,0.6708712953047015
1.7965806060563545,-0.9855594853915648,-0.9390096513792268,2.3289463276083953,-0.010684955963028146,-0.6865507261215884,-0.6874206446824462,0.06991039037071911,0.36083783691698385,0.4481171488765461,0.2797528044536923,0.7763788492714675,0.6076714856383444,0.41390077802624936,0.11909237057803213,-0.09624346969980623,-0.03304962363385565,0.75109092101036,0.7441772569145321
1.7965806060563545,-0.9855594853915648,-0.7945466278248707,-0.7030746009502787,-0.010684955963028146,1.2230095932361993,1.2683239498481162,0.2198050281629423,0.0020115794628475024,0.49272589276158923,0.32942073649757175,0.8539882092528899,0.61690183026362,0.41390077802624936,0.09715772569744574,-0.12356980396136666,-0.03409027594395221,0.688274410025938,0.6813094826352997
1.7965806060563545,-0.9855594853915648,-0.6500836042705146,2.277227575993936,-0.010684955963028146,-0.6865507261215884,-0.6874206446824462,0.33972062403618786,0.0020115794628475024,0.6437881531482615,0.5021177747653761,1.456386801434902,0.7654995558809123,0.41390077802624936,0.004169273254159923,-0.321905037656022,-0.06926327594903292,0.7520958629610122,0.7419164240108714
1.7965806060563545,-0.9855594853915648,-0.5056205807161585,-0.7030746009502787,-0.010684955963028146,1.1157978037074754,1.2126045440916546,0.4596365058107659,-0.23720592550657674,0.7774273707202611,0.6909491504453192,2.4948509801890237,0.9863068460766301,0.377519908296453,-0.10767046972770562,-0.6512172611069615,-0.14490970290581498,0.6722267938041222,0.6683566662032734
1.7965806060563545,-0.9855594853915648,-0.3611575571618023,-0.7030746009502787,-0.010684955963028146,-0.6865507261215884,-0.6874206446824462,0.5645625807245227,-0.41661905423364487,0.9095822457443414,0.8523363584214201,2.935100690405428,1.1076358730786546,0.31115236113204975,-0.2016598735180057,-0.7722657022665576,-0.18189238112031247,-1.2676136780735823,-1.2761757670616813
1.7965806060563545,-0.9855594853915648,-0.2166945336074462,-0.7030746009502787,-0.010684955963028146,-0.6865507261215884,-0.6874206446824462,0.6694889415396119,-0.536227806718357,1.1207976513592883,0.9995095692871419,2.9820344893821575,1.1475420795869429,0.03726177464407528,-0.2797343196039844,-0.7738610017025078,-0.18227602067315335,-1.2676136780735823,-1.2761757670616813
1.7965806060563545,-0.9855594853915648,-0.07223151005309006,-0.7030746009502787,-0.010684955963028146,-0.6865507261215884,-0.6874206446824462,0.7444362604357235,-0.6558365592030692,1.298757898842285,1.117563880888755,2.6976168611525235,1.1053907420885165,-0.052794909992744804,-0.3368042126100336,-0.6777405238879178,-0.14913628846320887,-1.2676136780735823,-1.2761757670616813
1.7965806060563545,-0.9855594853915648,0.07223151350126605,-0.7030746009502787,-0.010684955963028146,-0.6865507261215884,-0.6874206446824462,0.819383579331835,-0.536227806718357,1.4549584692472608,1.2447133694558032,2.271815970937573,1.0967674535410383,-0.08458071820427167,-0.3796332649491709,-0.5078441701462891,-0.10023480055527224,-1.2676136780735823,-1.2761757670616813
1.7965806060563545,-0.9855594853915648,0.2166945370556222,-0.7030746009502787,-0.010684955963028146,-0.6865507261215884,-0.6874206446824462,0.8493626212508127,-0.8352496879301373,1.5441785725989294,1.3840271005937437,2.049730843955608,1.3447327726112996,0.1440404773757637,-0.46377801217309844,-0.44191119916782345,-0.20379935683831246,-1.2676136780735823,-1.2761757670616813
1.7965806060563545,-0.9855594853915648,0.3611575606099783,-0.7030746009502787,-0.010684955963028146,-0.6865507261215884,-0.6874206446824462,0.8793413772684578,-0.8352496879301373,1.5074374981132534,1.4891295517905545,1.8152475154143406,1.6244578660251985,0.41390077802624936,-0.5135421413383827,-0.3537058441800247,-0.29838321032775816,-1.2676136780735823,-1.2761757670616813
1.7965806060563545,-0.9855594853915648,0.5056205841643344,2.254731806574248,-0.010684955963028146,-0.6865507261215884,-0.6874206446824462,0.7744153023547011,-0.7156409354454252,1.3900913921124005,1.5392497378910077,1.584805745290185,1.9491148741732254,0.41390077802624936,-0.5348226610189217,-0.2674145882707601,-0.4085628741195448,0.8313174985807442,0.8172732226381455
1.7965806060563545,-0.9855594853915648,0.6500836077186906,-0.7030746009502787,-0.010684955963028146,2.586726535640709,-0.6874206446824462,0.6694889415396119,-0.23720592550657674,1.2862730740548747,1.507631613132725,1.3454561350699057,2.177873296991139,0.41390077802624936,-0.4960644173123564,-0.1526582110773447,-0.46195384002745943,0.5259341353108722,0.5664403001539894
1.7965806060563545,-0.9855594853915648,0.7945466312730467,2.296434720743567,-0.010684955963028146,-0.6865507261215884,-0.6874206446824462,0.6694889415396119,-0.596032182960713,1.1180499829071489,1.4270260247418385,1.3398571344325823,2.0258244657090496,0.41390077802624936,-0.4388289443459415,-0.14397493292128,-0.4039000268509522,0.7848911935798878,0.7734810980620791
1.7965806060563545,-0.9855594853915648,0.9390096548274028,-0.7030746009502787,-0.010684955963028146,2.1831827890996593,-0.6874206446824462,0.6694889415396119,-0.596032182960713,1.015342633126678,1.2457646861934695,1.3306243782372977,1.3850076070059716,0.41390077802624936,-0.32317628291722644,-0.1391374194332014,-0.16902069549710805,0.22105153545980108,0.2631380838967097
1.7965806060563545,-0.9855594853915648,1.083472678381759,2.3014462228218115,-0.010684955963028146,-0.6865507261215884,-0.6874206446824462,0.6694889415396119,-0.596032182960713,0.8281912319637023,1.069480229593827,1.425823137556195,0.911560014942478,0.41390077802624936,-0.2119540302679038,-0.17586899376250115,0.018284056066394338,0.7652095375873182,0.7512765915240173
1.7965806060563545,-0.9855594853915648,1.227935701936115,-0.7030746009502787,-0.010684955963028146,0.772777209362497,1.7445624047728467,0.6694889415396119,-0.536227806718357,0.8061301091083286,0.9260864710901192,1.3492042743566528,0.39563395864694606,0.41390077802624936,-0.11593910393478936,-0.14420351443371768,0.24346562583806716,0.7268278009898577,0.7213572945968841
1.7965806060563545,-0.9855594853915648,1.3723987254904713,-0.7030746009502787,-0.010684955963028146,-0.6865507261215884,-0.6874206446824462,0.5195943037473887,-0.2970103017489328,0.723728173046155,0.8124308520202902,1.2904806626389485,0.3083814468109306,0.41390077802624936,-0.03907457255191965,-0.12304085679928366,0.2815966025206297,-1.2676136780735823,-1.2761757670616813
1.7965806060563545,-0.9855594853915648,1.5168617490448273,2.305117729045664,-0.010684955963028146,-0.6865507261215884,-0.6874206446824462,0.3696996659551655,0.0020115794628475024,0.5732491873523214,0.7328104816972629,1.1130748147619844,0.30414832922822027,0.41390077802624936,0.019257536250978542,-0.05526036598736775,0.2827208825761662,0.7985005988268161,0.7891219027725569
1.7965806060563545,-0.9855594853915648,1.6613247725991833,-0.7030746009502787,-0.010684955963028146,1.1269637807959059,1.460276772392662,0.3696996659551655,0.0020115794628475024,0.5736343317403059,0.6487524554160392,0.8083847427740002,0.21186115793733573,0.41390077802624936,0.08461751414311085,0.06894375789279815,0.3272713258799706,0.7707686226615034,0.7656293805308253
1.7965806060563545,-0.8753145534909239,-1.6613247691510074,2.32621796059801,-0.010684955963028146,-0.6865507261215884,-0.6874206446824462,0.3247313889780315,0.24122908443227173,0.5154297947907974,0.5798351991734351,0.7763374058914725,0.3023816821170968,0.41390077802624936,0.14167873047001428,0.08873948073321446,0.29286757012341486,0.7903916825038471,0.7825839899134558
1.7965806060563545,-0.8753145534909239,-1.5168617455966513,-0.7030746009502787,-0.010684955963028146,1.081119364550661,1.2435224414355455,0.2647733051400763,0.36083783691698385,0.5366997042175445,0.5149548322173559,0.6448284436237627,0.3152974918581154,0.41390077802624936,0.1991964365275329,0.15282905241782785,0.2965917341605544,0.7158066919492235,0.7102324248118426
1.7965806060563545,-0.8753145534909239,-1.372398722042295,2.0978080615445385,-0.010684955963028146,-0.6865507261215884,-0.6874206446824462,0.2198050281629423,0.48044658940169593,0.5128416768151745,0.4685827885826921,0.6396836624311844,0.3667922849668224,0.41390077802624936,0.2426511738406285,0.16302782166394425,0.2815572996637649,0.6182113886350609,0.6111892773305097
1.7965806060563545,-0.8753145534909239,-1.227935698487939,-0.7030746009502787,-0.010684955963028146,1.2014376576965702,1.2861859224897096,0.2198050281629423,0.48044658940169593,0.5123950662600075,0.4266859727816941,0.5986978173513368,0.3804461642287019,0.41390077802624936,0.2864862389229484,0.1898961254186087,0.28511442655922925,0.7151312185364976,0.7081883420480494
1.7965806060563545,-0.8753145534909239,-1.083472674933583,2.2982957365129972,-0.010684955963028146,-0.6865507261215884,-0.6874206446824462,0.2198050281629423,0.7196640943711202,0.4871311637571854,0.3920801881481376,0.6040290937538926,0.43264973192690154,0.41390077802624936,0.3278730343729613,0.20428548343591413,0.27866308095408593,0.7495897092107094,0.7426747424888782
1.7965806060563545,-0.8753145534909239,-0.9390096513792268,-0.7030746009502787,-0.010684955963028146,1.233643368999797,1.2792304885840908,0.2198050281629423,0.6000553418864081,0.4942893566523711,0.362895190214222,0.5746656301598405,0.44142600511596947,0.41390077802624936,0.365405456131317,0.23267947119437274,0.29078495540799293,0.7120727151860601,0.7051272324240092
1.7965806060563545,-0.8753145534909239,-0.7945466278248707,2.3135834068261163,-0.010684955963028146,-0.6865507261215884,-0.6874206446824462,0.3696996659551655,0.36083783691698385,0.49607122160526973,0.3653338832423624,0.6175164273394629,0.512545960997115,0.41390077802624936,0.38739023293585684,0.23501494966443096,0.27996990094483876,0.7522824359792158,0.745369894369686
1.7965806060563545,-0.8753145534909239,-0.6500836042705146,-0.7030746009502787,-0.010684955963028146,1.243314831047108,1.2681164373538494,0.3696996659551655,0.36083783691698385,0.5579473812008425,0.4166786341729231,0.6671813450578619,0.5803995320307022,0.41390077802624936,0.3663338607999177,0.22811499767228943,0.2643096776270806,0.7059359367780534,0.698985364438037
1.7965806060563545,-0.8753145534909239,-0.5056205807161585,2.281150633786122,-0.010684955963028146,-0.6865507261215884,-0.6874206446824462,0.6095311436029891,0.0020115794628475024,0.6559329523299811,0.5474934679246343,0.8252687757839601,0.7409438934095807,0.41390077802624936,0.3012115275088343,0.19027803437819385,0.22339627702769888,0.7508200486226596,0.7416141199914339
1.7965806060563545,-0.8753145534909239,-0.3611575571618023,-0.7030746009502787,-0.010684955963028146,1.261199222265655,1.2761732354553503,0.5195943037473887,0.06181595570520356,0.7733529485105322,0.6890907341605367,1.0173381203707523,0.9228857609086761,0.41390077802624936,0.2181747440080526,0.12439667857995607,0.1592402586245302,0.6890329246086159,0.6847709352938828
1.7965806060563545,-0.8753145534909239,-0.2166945336074462,1.9868757907551093,-0.010684955963028146,-0.6865507261215884,-0.6874206446824462,0.6395098996206342,0.3010334606746278,0.9033238129134451,0.8286883416909112,1.1648011262013342,1.0681202656552762,0.41390077802624936,0.16224390615875497,0.11138770132798823,0.14572902818045444,0.5474286771046003,0.5198502771718899
1.7965806060563545,-0.8753145534909239,-0.07223151005309006,-0.7030746009502787,-0.010684955963028146,1.0708048259025096,1.083097920930728,0.7594257813952123,0.18142470818991568,0.9622371724717396,0.9066207607197106,1.2265575644670723,1.1391922103989016,0.41390077802624936,0.14777120534355795,0.1337867377123342,0.16396075008319103,0.6825055651133679,0.6755360284847964
1.7965806060563545,-0.8753145534909239,0.07223151350126605,1.977131392502295,-0.010684955963028146,-0.6865507261215884,-0.6874206446824462,0.7144572185167458,0.4206422131593399,1.0179680231398478,0.9915088471386152,1.3146288912944306,1.244256854254899,0.41390077802624936,0.15823913669523723,0.17743691489721913,0.20012549217649217,0.5108334041178589,0.5037235755472992
1.7965806060563545,-0.8753145534909239,0.2166945370556222,-0.7030746009502787,-0.010684955963028146,1.0680703905578186,1.0764330463542793,0.6694889415396119,-1.55290220283841,1.0759358499561638,1.0592064089794133,1.343566316942134,1.2975614231236883,0.41390077802624936,0.08887487137731749,0.0978263548993802,0.10898325885316945,0.6804090451862697,0.6734377070174482
1.7965806060563545,-0.8753145534909239,0.3611575606099783,1.4823996913616222,-0.010684955963028146,-0.6865507261215884,-0.6874206446824462,0.7294467394762346,0.5402509656440521,1.0671749594464626,1.0710345919974977,1.3642515367652346,1.347683423198556,0.41390077802624936,0.09659157238318218,0.0924540387455793,0.09105373224988178,0.1582357434465475,0.15083797389473555
1.7965806060563545,-0.8753145534909239,0.5056205841643344,-0.7030746009502787,-0.010684955963028146,1.8645073719856033,-0.6874206446824462,0.819383579331835,0.06181595570520356,1.0437556958545127,1.0625941397508871,1.3543440823436317,1.2846586333521668,0.41390077802624936,0.14198964480607215,0.14191851417377935,0.1636065876729987,0.12229545319423231,0.11486840075461498
1.7965806060563545,-0.8753145534909239,0.6500836077186906,2.2845109255696645,-0.010684955963028146,-0.6865507261215884,-0.6874206446824462,0.819383579331835,0.36083783691698385,0.9474499819965656,1.009060479186509,1.4140009989788234,1.0758940011930753,0.41390077802624936,0.24114914427294418,0.1970324662613736,0.33868705900554097,0.7464936396167221,0.7350270852876035
1.7965806060563545,-0.8753145534909239,0.7945466312730467,-0.7030746009502787,-0.010684955963028146,0.8460587586488192,1.393159868400181,0.7294467394762346,0.4206422131593399,0.8713803689449865,0.8886781028567483,1.286262555423058,0.6992580198206719,0.41390077802624936,0.3943585703653962,0.3265425439207617,0.5969749535588232,0.6944460585356127,0.6890572255952101
1.7965806060563545,-0.8753145534909239,0.9390096548274028,1.9303780968456656,-0.010684955963028146,-0.6865507261215884,-0.6874206446824462,0.7144572185167458,0.5402509656440521,0.7453910736056332,0.7688732201684588,1.2029099718419296,0.6973758204802626,0.41390077802624936,0.5570053311420984,0.43430246174723985,0.6737886753644883,0.5022289369170598,0.48001430316570004
1.7965806060563545,-0.8753145534909239,1.083472678381759,-0.7030746009502787,-0.010684955963028146,1.1090157931926308,1.3167724692379164,0.6844784624991007,0.6000553418864081,0.7198407649195561,0.6665970089374985,0.9919706274758174,0.6134458421102615,0.41390077802624936,0.7107339118701075,0.5960837380563208,0.7838493388396567,0.6868898512983628,0.6823453395360264
1.7965806060563545,-0.8753145534909239,1.227935701936115,2.3136984325432604,-0.010684955963028146,-0.6865507261215884,-0.6874206446824462,0.6694889415396119,0.6598597181287641,0.667982282783949,0.607266147143316,0.9559223466885731,0.6397242092956643,0.41390077802624936,0.8105803151026888,0.6534796015991989,0.8121124599095053,0.7417362073953199,0.7348148379835029
1.7965806060563545,-0.8753145534909239,1.3723987254904713,-0.7030746009502787,-0.010684955963028146,1.203462909672085,1.3069802642287156,0.6544994205801231,0.7196640943711202,0.6582372797039314,0.5607027652539478,0.8879800695247826,0.6328244392103508,0.41390077802624936,0.9204415342204464,0.7362070244971842,0.8670713914571186,0.6952049326038748,0.6882456917854134
1.7965806060563545,-0.8753145534909239,1.5168617490448273,2.327507968640745,-0.010684955963028146,-0.6865507261215884,-0.6874206446824462,0.6245206645624779,0.8392728468558323,0.6284791541474314,0.52450017591295,0.8691995874462519,0.6676544851109983,0.41390077802624936,1.0173614863922409,0.7878998443658939,0.8922352639139772,0.7457969565545279,0.7388790566117837
1.7965806060563545,-0.8753145534909239,1.6613247725991833,-0.7030746009502787,-0.010684955963028146,1.2281891422147933,1.2831257407572196,0.6095311436029891,0.9588815993405444,0.6316361611171909,0.49664619645630464,0.8177700106076662,0.6605447680175457,0.41390077802624936,1.1007062920026986,0.8523086494341016,0.9352552976413093,0.6923759607989537,0.685414431459835
1.7965806060563545,-0.7650696215902829,-1.6613247691510074,1.4245087887660242,-0.010684955963028146,0.6194851321287207,-0.6874206446824462,0.6694889415396119,0.7196640943711202,0.6016105923439072,0.4757325773293883,0.8591495677974662,0.698728269811763,0.41390077802624936,1.1686702377140321,0.8576818330699231,0.9421105892753403,0.7114892700828912,0.704543296494791
1.7965806060563545,-0.7650696215902829,-1.5168617455966513,-0.7030746009502787,-0.010684955963028146,-0.6865507261215884,0.865400056601242,0.6694889415396119,0.7196640943711202,0.5736506791251949,0.4573668879796616,0.8901972903545148,0.6741481948976243,0.41390077802624936,1.2283185505395753,0.8585241581119609,0.9730764368022548,-0.4532516618181368,-0.4611487800816709
1.7965806060563545,-0.7650696215902829,-1.372398722042295,-0.7030746009502787,-0.010684955963028146,-0.6865507261215884,-0.6874206446824462,0.5795521016840115,0.8392728468558323,0.498391896364109,0.4391006945223811,0.8105406274013397,0.6711405819438186,0.41390077802624936,1.266142605124776,0.9012962266214567,0.9759865950038844,-1.2676136780735823,-1.2761757670616813
1.7965806060563545,-0.7650696215902829,-1.227935698487939,1.521630985954617,-0.010684955963028146,-0.6865507261215884,-0.6874206446824462,0.5195943037473887,1.0784903518252564,0.36464478605184225,0.41832136006149356,0.607973674661816,0.5618558404746077,0.41390077802624936,1.3059290353101187,1.0151484706788638,1.042342481645455,0.28145194383276434,0.24715670106277615
1.7965806060563545,-0.7650696215902829,-1.083472674933583,-0.7030746009502787,-0.010684955963028146,1.0227876726447973,0.9605975638690765,0.5195943037473887,1.0784903518252564,0.33518156731873944,0.3855823410183794,0.3331510177686228,0.35882243613847464,0.41390077802624936,1.3534054134072935,1.1732310205224565,1.1634398240266537,0.6992856332130064,0.712283671177992
1.7965806060563545,-0.7650696215902829,-0.9390096513792268,2.2674159898222292,-0.010684955963028146,-0.6865507261215884,-0.6874206446824462,0.6694889415396119,0.7196640943711202,0.30753290830831315,0.3735586450927609,0.3288019494719483,0.3582088700759288,0.41390077802624936,1.3730648402007586,1.1761396877376502,1.1642547032589827,0.7882315336283441,0.7813483708441638
1.7965806060563545,-0.7650696215902829,-0.7945466278248707,-0.7030746009502787,-0.010684955963028146,1.2029417958748525,1.1808978064091746,0.6694889415396119,1.0784903518252564,0.35881596249582826,0.40415606723413006,0.36631815477861523,0.3803013170680478,0.41390077802624936,1.370108984838422,1.1743066982280457,1.1709933964176482,0.7355577286595452,0.728631421103864
1.7965806060563545,-0.7650696215902829,-0.6500836042705146,2.253287535069735,-0.010684955963028146,-0.6865507261215884,-0.6874206446824462,0.9692782171240583,0.36083783691698385,0.547538020398937,0.5862265926560305,0.9989496926669742,0.5568822121267558,0.41390077802624936,1.2449927176691544,0.8648368247761317,1.1045968968239843,0.7692411684142055,0.7560084578919087
1.7965806060563545,-0.7650696215902829,-0.5056205807161585,-0.7030746009502787,-0.010684955963028146,-0.6865507261215884,1.0625620284726363,1.2990465346274822,0.12162033194755961,0.7224962341209217,0.8095900007695349,1.7631904858026306,0.8805212214097365,0.41390077802624936,1.0953233766681894,0.54164251827573,0.9823457972446004,-0.31334202935807537,-0.3165860564846287
1.7965806060563545,-0.7650696215902829,-0.3611575571618023,-0.7030746009502787,-0.010684955963028146,-0.6865507261215884,-0.6874206446824462,0.9692782171240583,0.36083783691698385,0.98494369008253,0.9818487004901986,2.386658063506497,1.0129400074308261,0.3772159774661772,0.9578867071496138,0.259377097861477,0.9057619971515941,-1.2676136780735823,-1.2761757670616813
1.7965806060563545,-0.7650696215902829,-0.2166945336074462,-0.7030746009502787,-0.010684955963028146,-0.6865507261215884,-0.6874206446824462,0.6694889415396119,0.36083783691698385,1.140515213116978,1.093054494124341,2.449107435085751,1.0449512299353743,0.33716814151209523,0.8501165677059943,0.193401403393495,0.8411459169739031,-1.2676136780735823,-1.2761757670616813
1.7965806060563545,-0.7650696215902829,-0.07223151005309006,-0.7030746009502787,-0.010684955963028146,-0.6865507261215884,-0.6874206446824462,0.819383579331835,0.4206422131593399,1.3127891862401926,1.1995505835908706,2.2221261871911775,1.0051866155953657,0.41390077802624936,0.7720076559222975,0.2807798311451221,0.8520000559447172,-1.2676136780735823,-1.2761757670616813
1.7965806060563545,-0.7650696215902829,0.07223151350126605,-0.7030746009502787,-0.010684955963028146,-0.6865507261215884,-0.6874206446824462,0.9692782171240583,0.36083783691698385,1.4816929824946954,1.3500384688035425,1.8705222090488618,1.0842503803658652,0.41390077802624936,0.6844257386623067,0.4613585753593721,0.8388484466409538,-1.2676136780735823,-1.2761757670616813
1.7965806060563545,-0.7650696215902829,0.2166945370556222,-0.7030746009502787,-0.010684955963028146,-0.6865507261215884,-0.6874206446824462,0.9692782171240583,0.36083783691698385,1.524270727281132,1.511814615268297,1.6890640274759874,1.30110041358259,0.41390077802624936,0.5869061315539912,0.5688823212057319,0.7515589850364003,-1.2676136780735823,-1.2761757670616813
1.7965806060563545,-0.7650696215902829,0.3611575606099783,-0.7030746009502787,-0.010684955963028146,-0.6865507261215884,-0.6874206446824462,0.5795521016840115,0.7196640943711202,1.1598849025242302,1.3738819984415855,1.2607574705065399,1.0301865845257825,0.41390077802624936,0.6880304168096569,0.7474855919884877,0.8617266396219228,-1.2676136780735823,-1.2761757670616813
1.7965806060563545,-0.7650696215902829,0.5056205841643344,2.2411161300187405,-0.010684955963028146,-0.6865507261215884,-0.6874206446824462,0.819383579331835,1.0784903518252564,1.1147406183102242,1.404125270867884,1.0970345689687224,1.6103181791514622,0.41390077802624936,0.67856801616343,0.859647547328685,0.5953580776972486,0.835533365769538,0.8233805006584541
1.7965806060563545,-0.7650696215902829,0.6500836077186906,-0.7030746009502787,-0.010684955963028146,1.2321668450411993,1.217402433777648,0.819383579331835,1.0784903518252564,0.9359374996623517,1.2659066903223237,0.7044845313913545,0.95954023003509,0.41390077802624936,0.8009390784585122,1.0924220341131086,0.9521048690776357,0.8111377753112552,0.8054923715516162
1.7965806060563545,-0.7650696215902829,0.7945466312730467,1.1549734333101411,-0.010684955963028146,0.6336571889880592,-0.6874206446824462,0.819383579331835,0.0020115794628475024,0.7140171725267066,1.111511330060854,0.6198695824555785,0.7744621773834061,0.41390077802624936,0.9157286513310852,1.100540364603234,1.0157458017066714,0.7781769015808518,0.7719992557460821
1.7965806060563545,-0.7650696215902829,0.9390096548274028,-0.7030746009502787,-0.010684955963028146,2.1585676410315915,-0.6874206446824462,0.819383579331835,1.0784903518252564,0.6338240951107317,0.958558312352119,0.796253436581866,0.5501582116296516,0.41390077802624936,1.0971980214014128,1.0842820165724674,1.2255924884757443,0.20718878274740254,0.2515923013046448
1.7965806060563545,-0.7650696215902829,1.083472678381759,2.301984084508519,-0.010684955963028146,-0.6865507261215884,-0.6874206446824462,0.819383579331835,0.7196640943711202,0.5133249055124927,0.8457612802143085,1.029016864853341,0.34211456028145637,0.41390077802624936,1.2335472138003813,0.9958079590287765,1.3907889463544172,0.8066735035837741,0.7915032888701571
1.7965806060563545,-0.7650696215902829,1.227935701936115,-0.7030746009502787,-0.010684955963028146,0.7729022055462973,1.5709340650763703,0.8943308982279466,-0.41661905423364487,0.5205079464327096,0.7668025923648224,1.0561896313808579,0.13884435525009672,0.41390077802624936,1.2633564270435131,0.8921599059801147,1.4159423380494454,0.7210641686182585,0.7164739692077443
1.7965806060563545,-0.7650696215902829,1.3723987254904713,-0.7030746009502787,-0.010684955963028146,-0.6865507261215884,-0.6874206446824462,0.9692782171240583,0.7196640943711202,0.4904764926008659,0.7254081264543571,1.048401591412199,0.25208391245401973,0.41390077802624936,1.33892307183749,0.9372490189667302,1.3924422865331942,-1.2676136780735823,-1.2761757670616813
1.7965806060563545,-0.7650696215902829,1.5168617490448273,2.270553396882833,-0.010684955963028146,-0.6865507261215884,-0.6874206446824462,0.3696996659551655,0.7196640943711202,0.3654843877397401,0.6213883018914369,0.8622321264014938,0.18620937678397578,0.41390077802624936,1.3898291483859078,0.9406543196387381,1.327037092329341,0.8079804134251605,0.7977706222345418
1.7965806060563545,-0.7650696215902829,1.6613247725991833,-0.7030746009502787,-0.010684955963028146,1.1322832836606294,1.4067870800196587,0.3696996659551655,0.36083783691698385,0.3718415587753659,0.5339007983104403,0.5792923691024815,0.08770354256208925,0.41390077802624936,1.388040788406412,0.9495924206383648,1.2318390225267812,0.7612729906974538,0.7568109860301718
1.7965806060563545,-0.654824689689642,-1.6613247691510074,2.29145636470531,-0.010684955963028146,-0.6865507261215884,-0.6874206446824462,0.2198050281629423,0.36083783691698385,0.3274911035715686,0.4598695923511939,0.5470867185083729,0.15896753185579537,0.41390077802624936,1.339214704664335,0.7936109122487534,1.006310059170265,0.7929952568474701,0.7847668418886088
1.7965806060563545,-0.654824689689642,-1.5168617455966513,-0.7030746009502787,-0.010684955963028146,0.999684507703786,1.134266485646085,0.2198050281629423,0.36083783691698385,0.3558394306552431,0.4139964197297046,0.4861798695325323,0.17139753398495736,0.41390077802624936,1.2940260776352701,0.7117852369112195,0.8804430967593245,0.7279713246332218,0.7210388213035567
1.7965806060563545,-0.654824689689642,-1.372398722042295,1.7630199784280622,-0.010684955963028146,-0.6865507261215884,-0.6874206446824462,0.1898261291946309,0.36083783691698385,0.3542851212999991,0.37838176066225265,0.4802261135624517,0.23252954576572105,0.41390077802624936,1.2323488680028,0.6001984221507041,0.7282504257727624,0.39522877174886006,0.38802454090159516
1.7965806060563545,-0.654824689689642,-1.227935698487939,-0.7030746009502787,-0.010684955963028146,1.1202974571256497,1.191753303765511,0.06991039037071911,0.7196640943711202,0.3524836394852337,0.33631239254428497,0.4258341639218239,0.23452729733541613,0.41390077802624936,1.1823041928784683,0.5385206673539649,0.6359157874420043,0.721742338172866,0.7148046451843643
1.7965806060563545,-0.654824689689642,-1.083472674933583,2.2979556760595092,-0.010684955963028146,-0.6865507261215884,-0.6874206446824462,0.06991039037071911,0.7196640943711202,0.33068145920650155,0.30239612140313565,0.42918113129021945,0.2813894225474738,0.41390077802624936,1.13977255781894,0.47504115240036404,0.5486547112340753,0.77185426912581,0.7649574346298007
1.7965806060563545,-0.654824689689642,-0.9390096513792268,-0.7030746009502787,-0.010684955963028146,1.2259714274960214,1.2647408031603165,0.06991039037071911,0.9588815993405444,0.339839264221307,0.2687720759600802,0.3903486842349116,0.27699681033842527,0.41390077802624936,1.1164515724259465,0.4629571278528997,0.5196064064237509,0.7199436520522837,0.7130045342493927
1.7965806060563545,-0.654824689689642,-0.7945466278248707,1.400183178771272,-0.010684955963028146,0.6122939290858205,-0.6874206446824462,0.1448577092668307,0.7794684706134762,0.3313144299494028,0.260752567873819,0.45254690893139615,0.3267119363665118,0.41390077802624936,1.0758210941748094,0.41827226148790075,0.4791945539478043,0.7353882312065914,0.7284617460651953
1.7965806060563545,-0.654824689689642,-0.6500836042705146,-0.7030746009502787,-0.010684955963028146,1.0380122078316654,1.512276642200979,0.2198050281629423,0.7196640943711202,0.3641975216012798,0.3186146476473442,0.6637539775322759,0.40125777172155414,0.41390077802624936,0.9871955652286708,0.32502748657172037,0.44607862180118346,0.6645952743369808,0.6608903504787906
1.7965806060563545,-0.654824689689642,-0.5056205807161585,2.273805112989445,-0.010684955963028146,-0.6865507261215884,-0.6874206446824462,0.1898261291946309,0.7196640943711202,0.404266269754956,0.39250461118584534,0.8112708597568514,0.5356539656099997,0.41390077802624936,0.8868536272093182,0.25857966501400703,0.38124855940278435,0.7808924556839555,0.7688036750720957
1.7965806060563545,-0.654824689689642,-0.3611575571618023,-0.7030746009502787,-0.010684955963028146,1.2025591715733117,1.3288100765792346,0.3696996659551655,0.0020115794628475024,0.524129219133316,0.5341721507443846,0.9738018496860128,0.7165558630455228,0.16452029159821835,0.7123333130593169,0.14369099681244457,0.25143275162296086,0.6761539940687973,0.6735684939290396
1.7965806060563545,-0.654824689689642,-0.2166945336074462,2.1925140020019738,-0.010684955963028146,-0.6865507261215884,-0.6874206446824462,-0.07998424742150408,1.0784903518252564,0.5728267709267904,0.5842408494599356,1.0129161117252865,0.7827322992582783,0.06319254755051872,0.6272941448267763,0.09683417233827737,0.19039869015008187,0.6749590639868915,0.6679833401833316
1.7965806060563545,-0.654824689689642,-0.07223151005309006,-0.7030746009502787,-0.010684955963028146,1.1963267258699202,1.2613191480507162,0.054920869411230304,0.9588815993405444,0.6653353142227256,0.660477663664319,1.03192370352619,0.8417550759805288,-0.16784612084044606,0.5275243855933162,0.07598033830318988,0.15121221341149615,0.6862726145502784,0.6793061300677612
1.7965806060563545,-0.654824689689642,0.07223151350126605,2.3287220095431866,-0.010684955963028146,-0.6865507261215884,-0.6874206446824462,0.20481550720345348,0.6000553418864081,0.7480720447274255,0.7437445932342744,1.100405573497515,0.9534550217914322,-0.440796967175039,0.4342269469648938,0.05206277464171997,0.1074478272449867,0.7518807108388639,0.7449677092659659
1.7965806060563545,-0.654824689689642,0.2166945370556222,-0.7030746009502787,-0.010684955963028146,1.2159558336958207,1.2516068520866868,0.33972062403618786,0.24122908443227173,0.8240873844611732,0.8142718739182814,1.1196485636967901,1.0167849671729072,-0.7445799077365003,0.3589379559035825,0.04931697717590077,0.08578038060465684,0.6748779999876527,0.6679022891395284
1.7965806060563545,-0.654824689689642,0.3611575606099783,2.307508543951534,-0.010684955963028146,-0.6865507261215884,-0.6874206446824462,0.4896152618284111,-0.057792796779508555,0.8332229570325297,0.8304674395719255,1.1392438226260224,1.0804379705475264,-0.947077025744093,0.3221310009293619,0.041402504960625044,0.05909352244428928,0.7315059666399423,0.7245764128214699
1.7965806060563545,-0.654824689689642,0.5056205841643344,-0.7030746009502787,-0.010684955963028146,1.1585927314652626,1.160682909840652,0.5645625807245227,-0.17740154926422066,1.004520010434779,0.9736176766605552,1.2763401813846569,1.9145883563114765,-1.3757592347457557,0.21065350930183357,-0.005504633470739046,-0.2596919495856682,0.6670020303232501,0.6628437625041878
1.7965806060563545,-0.654824689689642,0.6500836077186906,1.8871705316287222,-0.010684955963028146,-0.6865507261215884,-0.6874206446824462,0.6245206645624779,-0.35681467799128885,1.0193850144620245,0.9925831244668459,1.3012741765248441,2.4147236308514346,-1.261542960316858,0.18253383830348163,-0.022999143380912277,-0.442953747273017,0.4681750472678736,0.4380647594528606
1.7965806060563545,-0.654824689689642,0.7945466312730467,-0.7030746009502787,-0.010684955963028146,2.2039478455080457,-0.6874206446824462,0.6994679834585895,-0.47642343047600094,0.9910752672066878,1.0037030080547886,1.2776489633248989,2.537624819170221,-1.0072541656527636,0.17275763109481487,-0.010904925919705473,-0.48188082515629543,0.23481111580953204,0.27140682542227895
1.7965806060563545,-0.654824689689642,0.9390096548274028,2.2895663237549186,-0.010684955963028146,-0.6865507261215884,-0.6874206446824462,0.6395098996206342,-0.47642343047600094,0.8498789805482115,0.9124040464400822,1.3174677628240874,1.9615839362108785,-0.4460883912852815,0.2159216996565261,-0.047759682695935564,-0.30087479310377824,0.7403868782549969,0.727235132667437
1.7965806060563545,-0.654824689689642,1.083472678381759,-0.7030746009502787,-0.010684955963028146,1.9050159678726748,-0.6874206446824462,0.5795521016840115,-0.536227806718357,0.8157999142178569,0.7662271860497661,1.2349224962852614,1.394569147105327,-0.2085146278004169,0.2924008418740031,-0.050509383830847625,-0.12140135411978138,0.05360341995012658,0.08660717076144489
1.7965806060563545,-0.654824689689642,1.227935701936115,2.31321252951383,-0.010684955963028146,-0.6865507261215884,-0.6874206446824462,0.5195943037473887,-0.536227806718357,0.7083073579326843,0.6588050194304675,1.2807199177825277,0.8958912954009386,0.2417443411789487,0.34408878362100376,-0.10040586530532458,0.04698387554585133,0.7495129590384811,0.7360289662457259
1.7965806060563545,-0.654824689689642,1.3723987254904713,-0.7030746009502787,-0.010684955963028146,0.8933667285373553,1.638805084534408,0.4746260267702547,-0.596032182960713,0.710261197374615,0.5699558832514481,1.1758897169527944,0.3684450073448472,0.28939044788992585,0.37165652141813665,-0.10509915990747239,0.2256356664721702,0.6974894634915136,0.6925356662250953
1.7965806060563545,-0.654824689689642,1.5168617490448273,2.32023877331993,-0.010684955963028146,-0.6865507261215884,-0.6874206446824462,0.44464698485127707,-0.6558365592030692,0.670764607692053,0.5180336386794161,1.1250958815633318,0.41324672238400545,0.41390077802624936,0.3741163599559714,-0.12552575904739646,0.16152724819564881,0.735484573343159,0.7285581476854763
1.7965806060563545,-0.654824689689642,1.6613247725991833,-0.7030746009502787,-0.010684955963028146,1.1301224709702988,1.4199750010766763,0.3996787078741431,-0.7156409354454252,0.6582627816243583,0.46896616086757237,1.0090519309745536,0.42011475629367007,0.41390077802624936,0.3369416101935149,-0.1597388162002837,0.07275323034763187,0.7040294049822089,0.6970773901190144
1.7965806060563545,-0.5445797577890011,-1.6613247691510074,2.349342429770748,-0.010684955963028146,-0.6865507261215884,-0.6874206446824462,0.2947523470590539,-0.7156409354454252,0.6181914178890998,0.4237421467611344,0.9426521764141766,0.47460739737906005,0.41390077802624936,0.27630849428492316,-0.2255316888324166,-0.047680112101757474,0.7516461464951685,0.744732947783031
1.7965806060563545,-0.5445797577890011,-1.5168617455966513,-0.7030746009502787,-0.010684955963028146,1.017846923906886,1.1649496763180327,0.20481550720345348,-0.7754453116877812,0.6094311812747942,0.38184254785824984,0.84447032260324,0.47762965779854993,0.41390077802624936,0.2172723693768892,-0.275815934770118,-0.14064294109473716,0.6845285702384957,0.6775606671850509
1.7965806060563545,-0.5445797577890011,-1.372398722042295,1.960459471892207,-0.010684955963028146,-0.6865507261215884,-0.6874206446824462,0.0998892893390305,-0.7754453116877812,0.5678421263264432,0.3412802294118804,0.7880749999736542,0.5036948229834395,0.41390077802624936,0.1588002286133324,-0.33771446374110914,-0.23706988022193465,0.49851814697407776,0.49139829068168817
1.7965806060563545,-0.5445797577890011,-1.227935698487939,-0.7030746009502787,-0.010684955963028146,1.1938433288859995,1.2729009391369868,0.054920869411230304,-0.596032182960713,0.5443051615632927,0.30400475429359514,0.6998271243475173,0.48107506722669213,0.41390077802624936,0.11761805817984133,-0.3657885675044581,-0.2902647685439352,0.6948833727488012,0.6879237390280841
1.7965806060563545,-0.5445797577890011,-1.083472674933583,2.3166446675786414,-0.010684955963028146,-0.6865507261215884,-0.6874206446824462,-0.0050369285253924825,-0.41661905423364487,0.49572988820878783,0.26809091177333283,0.6634323769035149,0.49514639926056897,0.41390077802624936,0.0832217738949626,-0.39560132210766746,-0.33945469575141807,0.747544955207737,0.7406284083072017
1.7965806060563545,-0.5445797577890011,-0.9390096513792268,-0.7030746009502787,-0.010684955963028146,1.239727702070334,1.2828653042094753,-0.05000534845319268,-0.2970103017489328,0.4839244607373635,0.23508332339816104,0.5971801607759201,0.46777354088932505,0.41390077802624936,0.060091193405446566,-0.39841196385452926,-0.3560988005860237,0.7054069537408921,0.6984560765610801
1.7965806060563545,-0.5445797577890011,-0.7945466278248707,2.3052650049638763,-0.010684955963028146,-0.6865507261215884,-0.6874206446824462,0.054920869411230304,-0.41661905423364487,0.4920386487008566,0.30010910742781544,0.7660279506839182,0.5403932345069058,0.41390077802624936,-0.024318915589023424,-0.47091264121123266,-0.39753427413409215,0.7626650986222974,0.7532435120567149
1.7965806060563545,-0.5445797577890011,-0.6500836042705146,-0.7030746009502787,-0.010684955963028146,1.2331766468473981,1.27601069794724,0.1448577092668307,-0.536227806718357,0.6044079568461092,0.47111123664667554,1.6656592930576155,0.6917707236118065,0.28968506283268364,-0.1609645611921402,-0.754428536958233,-0.45200825209783535,0.7075933450640423,0.7040037749001822
1.7965806060563545,-0.5445797577890011,-0.5056205807161585,2.0092456052228473,-0.010684955963028146,-0.6865507261215884,-0.6874206446824462,0.24978407008191994,-0.6558365592030692,0.7821668045472736,0.6227882021404008,2.216518069010255,0.828077598023936,-0.13193803240218982,-0.2704295452955729,-0.9020841697842819,-0.4905739620471629,0.5659132461017589,0.5375906313958342
1.7965806060563545,-0.5445797577890011,-0.3611575571618023,-0.7030746009502787,-0.010684955963028146,-0.6865507261215884,-0.6874206446824462,0.24978407008191994,-0.536227806718357,0.9259243994701549,0.7705451686268386,2.5744612265566045,0.8826630063919921,-0.3691577921613692,-0.36575877295730386,-0.9824676562625079,-0.49207358438575777,-1.2676136780735823,-1.2761757670616813
1.7965806060563545,-0.5445797577890011,-0.2166945336074462,-0.7030746009502787,-0.010684955963028146,-0.6865507261215884,-0.6874206446824462,0.24978407008191994,-0.41661905423364487,1.0729567025339963,0.8916087091433467,2.5937945633242685,0.8209491647243315,-0.5762499716872315,-0.43509411601140424,-0.969749068616948,-0.44856226494761636,-1.2676136780735823,-1.2761757670616813
1.7965806060563545,-0.5445797577890011,-0.07223151005309006,-0.7030746009502787,-0.010684955963028146,-0.6865507261215884,-0.6874206446824462,0.24978407008191994,-0.2970103017489328,1.2917612181098024,1.0430616349352,2.323411321296139,0.7761092035247759,-0.8223349629057585,-0.5210045674415024,-0.8655809600969147,-0.39287230026231884,-1.2676136780735823,-1.2761757670616813
1.7965806060563545,-0.5445797577890011,0.07223151350126605,-0.7030746009502787,-0.010684955963028146,-0.6865507261215884,-0.6874206446824462,0.2347945491224311,-0.2970103017489328,1.3965021825704622,1.1806992429619307,1.9042015862355923,0.8051258330450153,-0.722559478615751,-0.5981563933116443,-0.7307382535861697,-0.38452393676583707,-1.2676136780735823,-1.2761757670616813
1.7965806060563545,-0.5445797577890011,0.2166945370556222,-0.7030746009502787,-0.010684955963028146,-0.6865507261215884,-0.6874206446824462,0.2198050281629423,-0.2970103017489328,1.3482662809262527,1.2565832990021866,1.6042833050202314,0.8981730450552868,-0.0474895120512253,-0.64014573592456,-0.6255998664260547,-0.4012178252191381,-1.2676136780735823,-1.2761757670616813
1.7965806060563545,-0.5445797577890011,0.3611575606099783,2.289619178251114,-0.010684955963028146,-0.6865507261215884,-0.6874206446824462,0.1298681883073419,-0.23720592550657674,0.9881687021734276,1.1902494570858264,1.2248766209744752,0.693256627630651,0.41390077802624936,-0.6089422285464711,-0.5017965192394228,-0.3247517153475213,0.8369601640532576,0.8276410019912986
1.7965806060563545,-0.5445797577890011,0.5056205841643344,-0.7030746009502787,-0.010684955963028146,1.1644086626884096,1.383914475548252,0.11487881029851932,-0.23720592550657674,0.9342497956464136,1.1154034980492753,0.8409948807568599,0.5190868681731677,0.41390077802624936,-0.5695402234510603,-0.37060721325858786,-0.2591722784782344,0.832789592048074,0.8270056927994679
1.7965806060563545,-0.5445797577890011,0.6500836077186906,2.31159034440009,-0.010684955963028146,-0.6865507261215884,-0.6874206446824462,0.11487881029851932,-0.2970103017489328,0.8256704652138218,1.0232793467251897,0.7744724537916978,0.5263056275111576,0.41390077802624936,-0.5202966950345241,-0.34901081461383565,-0.26373119152534014,0.7979133791250131,0.791925532060475
1.7965806060563545,-0.5445797577890011,0.7945466312730467,-0.7030746009502787,-0.010684955963028146,1.2499148387503942,1.3531009620094412,0.0998892893390305,-0.35681467799128885,0.7689509247076283,0.8996170848220614,0.7138465909322232,0.5131131434183279,0.41390077802624936,-0.447646137490132,-0.32676358758310103,-0.25800301848650814,0.7751777133518085,0.7698714611718963
1.7965806060563545,-0.5445797577890011,0.9390096548274028,1.3601497500105928,-0.010684955963028146,0.6935467831211367,-0.6874206446824462,0.08489991133020793,-0.35681467799128885,0.5969169311945839,0.7515831996979061,0.7687358611327909,0.5439484999276788,0.41390077802624936,-0.3655175130732775,-0.35201967600241285,-0.27552445042601686,0.7619103586382537,0.7549656420631788
1.7965806060563545,-0.5445797577890011,1.083472678381759,-0.7030746009502787,-0.010684955963028146,1.0466420698804135,1.5807794033250306,0.06991039037071911,-0.2970103017489328,0.5564113809166742,0.6207822814556281,0.836624261902588,0.4821288710078551,0.41390077802624936,-0.29641885054476536,-0.38533814232151886,-0.2622459802342623,0.7021944108176216,0.6983191494188975
1.7965806060563545,-0.5445797577890011,1.227935701936115,1.5398243993839984,-0.010684955963028146,0.48184707487736383,-0.6874206446824462,-0.05000534845319268,-0.17740154926422066,0.428013134940081,0.5189938088302959,0.9271556677664491,0.5338002474528651,0.41390077802624936,-0.25167152905781054,-0.434880474261071,-0.30088396377038,0.7417477109340145,0.7326911368963779
1.7965806060563545,-0.5445797577890011,1.3723987254904713,-0.7030746009502787,-0.010684955963028146,1.0317846782961722,1.5939123084687494,-0.06499472646201526,-0.23720592550657674,0.4114761203863908,0.44600278720116915,0.9990798248801585,0.5262421551598598,0.41390077802624936,-0.2236106666625579,-0.4788106312681163,-0.3189715751979459,0.6712802682609038,0.667723403754973
1.7965806060563545,-0.5445797577890011,1.5168617490448273,1.626068782920007,-0.010684955963028146,0.39457547154326167,-0.6874206446824462,-0.07998424742150408,-0.2970103017489328,0.33019299934601887,0.3918401456104177,1.0820229478669363,0.5990254121442464,0.41390077802624936,-0.2067229568184461,-0.5256763474329951,-0.3662607725776087,0.7398584344462118,0.7300737612697246
1.7965806060563545,-0.5445797577890011,1.6613247725991833,-0.7030746009502787,-0.010684955963028146,0.9909711754000816,1.5525137750484883,-0.22987888521372726,-0.1175971730218646,0.32312896738779373,0.34800907399822706,1.1082259393025702,0.6012095120273673,0.41390077802624936,-0.18886128974021807,-0.5463386848120271,-0.38003336701983503,0.6601718042233072,0.653183951738194
1.7965806060563545,-0.4343348258883602,-1.6613247691510074,1.7173778813660225,-0.010684955963028146,0.39476678369403206,-0.6874206446824462,-0.15493156631761568,-0.23720592550657674,0.29229453001020345,0.3106424522931554,1.143748718031478,0.6462512827541264,0.41390077802624936,-0.18290643663868142,-0.575949099233923,-0.415568390006481,0.7382998846958801,0.731375694829401
1.7965806060563545,-0.4343348258883602,-1.5168617455966513,-0.7030746009502787,-0.010684955963028146,0.8834489350985383,1.4456500701505963,-0.07998424742150408,-0.2970103017489328,0.2863512747599666,0.2839998179326563,1.1588001247780593,0.6397176993109158,0.41390077802624936,-0.18279990630028017,-0.5960000786589116,-0.4296527871131677,0.6206492401243642,0.6136289956187256
1.7965806060563545,-0.4343348258883602,-1.372398722042295,2.3691634033473807,-0.010684955963028146,-0.6865507261215884,-0.6874206446824462,-0.13994204535812688,-0.17740154926422066,0.2646242924517237,0.25693554363633603,1.1432704614263358,0.6662564658862585,0.41390077802624936,-0.18166181521898922,-0.604084577350232,-0.4528873259963769,0.7770756174936322,0.7701831802115736
1.7965806060563545,-0.4343348258883602,-1.227935698487939,-0.7030746009502787,-0.010684955963028146,1.1165774870163012,1.3042380451890536,-0.07998424742150408,-0.2970103017489328,0.28406002529392743,0.2320706156059078,1.0344368300890863,0.6336178436015739,0.41390077802624936,-0.1842889208492458,-0.583050090184347,-0.4559660497841153,0.6620776170479834,0.6550913120341576
1.7965806060563545,-0.4343348258883602,-1.083472674933583,2.3540104672076136,-0.010684955963028146,-0.6865507261215884,-0.6874206446824462,0.06991039037071911,-0.596032182960713,0.29893679943829293,0.22918453894949523,1.0010881710747157,0.6763111373303126,0.41390077802624936,-0.19127846793891928,-0.5786814507284224,-0.4773926572515462,0.7707418409854798,0.7638442108236256
1.7965806060563545,-0.4343348258883602,-0.9390096513792268,-0.7030746009502787,-0.010684955963028146,1.1789421101879403,1.274578401527638,-0.28983668315035005,0.5402509656440521,0.32728839599894527,0.20617246100007633,0.9050008656887261,0.6483255266446163,0.41390077802624936,-0.17520323268926574,-0.5468869334490692,-0.4669073100876463,0.6755514962296655,0.6685762817840835
1.7965806060563545,-0.4343348258883602,-0.7945466278248707,1.5283614237498064,-0.010684955963028146,0.5290613237778791,-0.6874206446824462,-0.25985778418203864,0.3010334606746278,0.34118236536378543,0.21824834008606878,0.9227966530585757,0.681709542183004,0.41390077802624936,-0.18272760064073185,-0.5524863130217716,-0.4782494595311977,0.7244782032114774,0.71754277867931
1.7965806060563545,-0.4343348258883602,-0.6500836042705146,-0.7030746009502787,-0.010684955963028146,1.0590068597408395,1.5355707564263652,-0.22987888521372726,0.36083783691698385,0.4091188274854002,0.3196012572661468,1.1237672068006923,0.7521418809250895,0.41390077802624936,-0.24657301598419146,-0.616616656361355,-0.50232224101165,0.651092276822978,0.6476798490362891
1.7965806060563545,-0.4343348258883602,-0.5056205807161585,2.3876259267878996,-0.010684955963028146,-0.6865507261215884,-0.6874206446824462,-0.10996314638981547,-0.41661905423364487,0.43968843722778905,0.38879960679929837,1.1941223175477913,0.8301314982120869,0.41390077802624936,-0.30025442476494,-0.648492933821153,-0.5391328600527618,0.7813256358129256,0.7744367226164147
1.7965806060563545,-0.4343348258883602,-0.3611575571618023,-0.7030746009502787,-0.010684955963028146,1.2097706668837076,1.3499405801915136,0.06991039037071911,-0.8352496879301373,0.6341621590302358,0.620072590474543,1.4219092247494678,1.0388709041802777,0.38688470422395516,-0.4577727861287431,-0.7368650622274191,-0.6280378874236613,0.6626024660009264,0.6605507957271002
1.7965806060563545,-0.4343348258883602,-0.2166945336074462,2.278235573945107,-0.010684955963028146,-0.6865507261215884,-0.6874206446824462,0.06991039037071911,-0.8950540641724933,0.9678083612419033,0.8357114993017667,1.7217562233512371,1.2293229492418463,-0.09401072534440005,-0.6024973840920618,-0.844403772138635,-0.7104620920467688,0.760220237164102,0.7485978135914525
1.7965806060563545,-0.4343348258883602,-0.07223151005309006,-0.7030746009502787,-0.010684955963028146,-0.6865507261215884,2.5411578952772564,0.06991039037071911,-0.9548584404148494,1.2819939825863358,1.03411187504334,1.8126299515338569,1.539111965972399,-0.5359494422842229,-0.7300910841763211,-0.8897934676454009,-0.8247056712383702,0.3962667863732593,0.4376914334329188
1.7965806060563545,-0.4343348258883602,0.07223151350126605,-0.7030746009502787,-0.010684955963028146,-0.6865507261215884,-0.6874206446824462,0.06991039037071911,-1.0146628166572054,1.479210795573153,1.1564918227522136,1.6275628804310187,1.788053782754935,-0.6690513496840519,-0.8152150910493984,-0.8585428615929869,-0.9155834836746751,-1.2676136780735823,-1.2761757670616813
1.7965806060563545,-0.4343348258883602,0.2166945370556222,2.302656859536362,-0.010684955963028146,-0.6865507261215884,-0.6874206446824462,0.06991039037071911,-1.1342715691419176,1.5501244434307484,1.237355543843083,1.476994107703612,1.9544807291021742,-0.4751411509962056,-0.8760894668420165,-0.837586230938454,-0.9814258129865462,0.7726165583071221,0.7573908284723292
1.7965806060563545,-0.4343348258883602,0.3611575606099783,-0.7030746009502787,-0.010684955963028146,2.827215636895575,-0.6874206446824462,0.06991039037071911,-1.1940759453842735,1.6284650351911043,1.3533308783354,1.455360663346226,2.091456504447212,-0.2091411212360046,-0.9592742359260071,-0.8580189024525224,-1.0421827893185287,0.6187795556009008,0.6210920365535598
1.7965806060563545,-0.4343348258883602,0.5056205841643344,2.3204523413181164,-0.010684955963028146,-0.6865507261215884,-0.6874206446824462,0.06991039037071911,-1.1342715691419176,1.592088180440755,1.386440049929433,1.5741398770146737,2.392284527171458,0.3006743166461427,-0.9889265458879188,-0.9039574972078461,-1.1299009795867152,0.7435742571873729,0.7321694219704834
1.7965806060563545,-0.4343348258883602,0.6500836077186906,-0.7030746009502787,-0.010684955963028146,2.724020461139177,-0.6874206446824462,0.06991039037071911,-1.1342715691419176,1.516325244329693,1.366881105645823,1.7908730059040858,2.5313426838879214,0.41390077802624936,-0.99944967055972,-0.9813121702110202,-1.1811035405894803,0.4681597691305448,0.49576297126022906
1.7965806060563545,-0.4343348258883602,0.7945466312730467,2.3141395436267627,-0.010684955963028146,-0.6865507261215884,-0.6874206446824462,0.009952592434096328,-0.9548584404148494,1.3652649456292074,1.3166537701227354,1.9980973656874468,2.5177384432597494,0.41390077802624936,-0.9810567979026769,-1.0398329410641585,-1.1827543697524021,0.7193549944081439,0.7047829701621988
1.7965806060563545,-0.4343348258883602,0.9390096548274028,-0.7030746009502787,-0.010684955963028146,1.956301431388983,-0.6874206446824462,-0.10996314638981547,-0.7754453116877812,1.2602748470228395,1.1693441872645698,1.9441314539931676,2.040519128782595,0.41390077802624936,-0.9089241898995161,-1.0269371702158838,-1.0659618911185196,0.04632060149966644,0.08532836540366183
1.7965806060563545,-0.4343348258883602,1.083472678381759,2.312887160818607,-0.010684955963028146,-0.6865507261215884,-0.6874206446824462,-0.22987888521372726,-0.596032182960713,0.9782039902405021,0.9742932746435293,1.9172214384948192,1.4165598755857507,0.41390077802624936,-0.8092354130047501,-1.020207461570292,-0.8987053084925194,0.723183515879954,0.7086742389621622
1.7965806060563545,-0.4343348258883602,1.227935701936115,-0.7030746009502787,-0.010684955963028146,0.7607158621206521,1.7600488614014413,-0.31981572506932765,-0.47642343047600094,0.9694790639775568,0.7991672842041877,1.674867183224903,0.6412939293681457,0.41390077802624936,-0.7164301348989868,-0.957146072950638,-0.6665808890556891,0.6922956157708834,0.6867392885470518
1.7965806060563545,-0.4343348258883602,1.3723987254904713,2.3133970723310546,-0.010684955963028146,-0.6865507261215884,-0.6874206446824462,-0.4697103628615509,-0.1175971730218646,0.8314927498158802,0.6587159601700961,1.5520513843449426,0.5323420108692017,0.41390077802624936,-0.6439253937680172,-0.9275577793202683,-0.635377259244743,0.7287521273221206,0.7200973192795806
1.7965806060563545,-0.4343348258883602,1.5168617490448273,-0.7030746009502787,-0.010684955963028146,1.1163373269844976,1.5150711577361717,-0.6196050006537741,0.24122908443227173,0.8015744198874682,0.5332592933255772,1.2725505987179149,0.5154087267902667,0.41390077802624936,-0.5763533447314358,-0.8529582292146352,-0.6325797692327922,0.7073000048273289,0.7023049777699646
1.7965806060563545,-0.4343348258883602,1.6613247725991833,1.4699412595211192,-0.010684955963028146,0.6074576750655799,-0.6874206446824462,-0.7694996384459972,0.6000553418864081,0.6488656508947781,0.4245812519799468,1.1409819579830123,0.5429801396963398,0.41390077802624936,-0.5275795620830988,-0.8254395308149987,-0.6521842525861326,0.7243660437092045,0.7166673864713654
1.7965806060563545,-0.32408989398771926,-1.6613247691510074,-0.7030746009502787,-0.010684955963028146,0.9958449805751207,1.6479364710260793,-0.82945743638262,0.6598597181287641,0.5936572626477217,0.3291236403711763,1.108046903900992,0.48187254035838306,0.41390077802624936,-0.4899615786276108,-0.8294746234339886,-0.6471663695105285,0.6652617606101016,0.6608223985935819
1.7965806060563545,-0.32408989398771926,-1.5168617455966513,2.2980513516560124,-0.010684955963028146,-0.6865507261215884,-0.6874206446824462,-0.82945743638262,0.3010334606746278,0.4580550510982536,0.2608541510926802,1.0959528967508532,0.5444709262037457,0.41390077802624936,-0.47049617202060046,-0.8443374097640564,-0.6869810369113357,0.7566183713531348,0.7444214334177067
1.7965806060563545,-0.32408989398771926,-1.372398722042295,-0.7030746009502787,-0.010684955963028146,1.180451059934804,1.3980820145595558,-0.9793520741748433,0.6598597181287641,0.44605018553118375,0.20056033604573115,0.8825476712750391,0.47207094457142684,0.41390077802624936,-0.4615437672930545,-0.8074872072684346,-0.6900870543496748,0.6706116250742779,0.6675895467280859
1.7965806060563545,-0.32408989398771926,-1.227935698487939,1.5097958788336525,-0.010684955963028146,0.5174207795882755,-0.6874206446824462,-0.9793520741748433,0.6598597181287641,0.3391709831270456,0.1467414075379758,0.8449228843127853,0.4901092985614192,0.41390077802624936,-0.46055703605908477,-0.8233864177426575,-0.7240198308714679,0.7224749697934809,0.7136652230610002
1.7965806060563545,-0.32408989398771926,-1.083472674933583,-0.7030746009502787,-0.010684955963028146,1.046445004767209,1.5797489531770883,-0.9793520741748433,0.6598597181287641,0.314676061609401,0.1037612693276156,0.8640829877520702,0.4259346826588266,0.41390077802624936,-0.4605661947759609,-0.8495492417440395,-0.7259830085718619,0.6577033964593464,0.6539295804063123
1.7965806060563545,-0.32408989398771926,-0.9390096513792268,1.6161728087221714,-0.010684955963028146,0.39199720297883334,-0.6874206446824462,-0.9793520741748433,0.48044658940169593,0.2065407261503938,0.0650142290867863,0.9030928124737566,0.4654657512959828,0.41390077802624936,-0.46225959332258315,-0.8810208388412107,-0.7600048715692153,0.7241012825764357,0.7141478451854645
1.7965806060563545,-0.32408989398771926,-0.7945466278248707,-0.7030746009502787,-0.010684955963028146,1.0376235167697392,1.5871714993807897,-0.6795627985903968,0.3010334606746278,0.24866335974152115,0.1259001490601112,1.210372266843828,0.5096197228526655,0.41390077802624936,-0.5166604434158377,-0.9739292476038894,-0.7835440075931261,0.649547207782054,0.6461036518435415
1.7965806060563545,-0.32408989398771926,-0.6500836042705146,2.3128147770339864,-0.010684955963028146,-0.6865507261215884,-0.6874206446824462,-0.07998424742150408,-0.596032182960713,0.40038082331454367,0.2748615028879786,1.8167875514149545,0.6988902056823818,0.41390077802624936,-0.6058473052989367,-1.1182618821146382,-0.8293824928560702,0.8054552069388948,0.7909467793042461
1.7965806060563545,-0.32408989398771926,-0.5056205807161585,-0.7030746009502787,-0.010684955963028146,1.0981431125890333,1.3563374875248617,0.2198050281629423,-1.1940759453842735,0.5473941634119139,0.5145123190173853,2.852781704721375,0.9587289231858085,0.41390077802624936,-0.7473258611862649,-1.3484005247793582,-0.901354757743613,0.6458996873018924,0.6453850401900241
1.7965806060563545,-0.32408989398771926,-0.3611575571618023,-0.7030746009502787,-0.010684955963028146,-0.6865507261215884,-0.6874206446824462,0.5195943037473887,-1.3734890741113417,0.7204835440933907,0.739044629923265,3.159012641577573,1.1146813040727157,0.2544488827816655,-0.8612819908231105,-1.392033460759083,-0.9209168813512212,-1.2676136780735823,-1.2761757670616813
1.7965806060563545,-0.32408989398771926,-0.2166945336074462,-0.7030746009502787,-0.010684955963028146,-0.6865507261215884,-0.6874206446824462,0.6694889415396119,-1.7921197078078341,0.9492906975350646,0.8982728466108297,3.146049981182739,1.149251764331517,-0.21171230619098155,-0.9534032573895466,-1.3889572610786538,-0.9299268429382596,-1.2676136780735823,-1.2761757670616813
1.7965806060563545,-0.32408989398771926,-0.07223151005309006,-0.7030746009502787,-0.010684955963028146,-0.6865507261215884,-0.6874206446824462,0.7294467394762346,-1.612706579080766,1.132058383966212,1.0078066917865922,2.8207385121768467,1.0870781549909938,-0.3840667056480404,-1.000771900053994,-1.2881867543276955,-0.8702729667889475,-1.2676136780735823,-1.2761757670616813
1.7965806060563545,-0.32408989398771926,0.07223151350126605,-0.7030746009502787,-0.010684955963028146,-0.6865507261215884,-0.6874206446824462,0.819383579331835,-1.7323153315654782,1.2704435743191795,1.1017155071954652,2.3821316175434437,0.9835441712989866,-0.5139779215729432,-1.0407060748036807,-1.1687935772987261,-0.8143046068675247,-1.2676136780735823,-1.2761757670616813
1.7965806060563545,-0.32408989398771926,0.2166945370556222,-0.7030746009502787,-0.010684955963028146,-0.6865507261215884,-0.6874206446824462,0.3696996659551655,-0.596032182960713,1.2306965427001184,1.0830575921476446,1.8408686417948448,1.01316704314893,-0.0654819843063653,-0.9916601818565767,-0.9580640857989764,-0.7346503802565626,-1.2676136780735823,-1.2761757670616813
1.7965806060563545,-0.32408989398771926,0.3611575606099783,-0.7030746009502787,-0.010684955963028146,-0.6865507261215884,-0.6874206446824462,0.5795521016840115,-0.9548584404148494,1.1998568741593636,1.1606755206632573,1.53941198231407,1.4674402888838183,0.3823862950386852,-1.0131366498744916,-0.8467034669753419,-0.8386854790759557,-1.2676136780735823,-1.2761757670616813
1.7965806060563545,-0.32408989398771926,0.5056205841643344,1.2431107244810806,-0.010684955963028146,0.7538338546587673,-0.6874206446824462,0.3996787078741431,-0.8352496879301373,1.0205129840193639,1.1646755338497847,1.173070738245535,1.9574688121017345,0.41390077802624936,-1.00346528587217,-0.7228927461915347,-0.9589026558125889,0.8598284800070347,0.8445127182609485
1.7965806060563545,-0.32408989398771926,0.6500836077186906,-0.7030746009502787,-0.010684955963028146,2.8427892200032314,-0.6874206446824462,0.2198050281629423,-0.596032182960713,0.9281770691078561,1.1504858888809135,1.160060832397507,2.340189187969702,0.41390077802624936,-0.982715730751581,-0.69623545743839,-1.0397885902878512,0.5474319124748581,0.5582369520842159
1.7965806060563545,-0.32408989398771926,0.7945466312730467,1.8236682732150078,-0.010684955963028146,0.13406213854257396,-0.6874206446824462,0.06991039037071911,-0.6558365592030692,0.7853061563413529,1.1286621954370764,1.5711534670522347,2.431311071990606,0.41390077802624936,-0.9763942879561343,-0.8249164391565549,-1.0701380380096037,0.7302240410466582,0.7168657159194596
1.7965806060563545,-0.32408989398771926,0.9390096548274028,-0.7030746009502787,-0.010684955963028146,2.5070346172127995,-0.6874206446824462,0.06991039037071911,-0.596032182960713,0.6928852350284225,1.0294807935040242,1.7058560561823584,1.9183446175113594,0.41390077802624936,-0.9237940898044986,-0.8605931553487608,-0.9328852563141509,0.2896241296185539,0.33861062587062685
1.7965806060563545,-0.32408989398771926,1.083472678381759,2.3245488335249367,-0.010684955963028146,-0.6865507261215884,-0.6874206446824462,-0.07998424742150408,-0.2970103017489328,0.48758365937091236,0.853468385113798,1.784034019337312,1.213031712408732,0.41390077802624936,-0.8340292646827433,-0.8825458722334895,-0.7286835515368797,0.8206316098473836,0.7985412211737307
1.7965806060563545,-0.32408989398771926,1.227935701936115,-0.7030746009502787,-0.010684955963028146,0.6322000159031044,1.8772492824200024,-0.10996314638981547,-0.41661905423364487,0.47830161423095063,0.697689823214684,1.6371744291194572,0.3466967757963049,0.41390077802624936,-0.7573512819015084,-0.8502026725760838,-0.45437777766836995,0.6983658893458116,0.6964375780914167
1.7965806060563545,-0.32408989398771926,1.3723987254904713,2.318867423103389,-0.010684955963028146,-0.6865507261215884,-0.6874206446824462,-0.07998424742150408,-0.2970103017489328,0.47003833811727,0.5899559491840853,1.5347371690506348,0.37320217869981154,0.41390077802624936,-0.6947569954871002,-0.8172927902886975,-0.45890590347759835,0.7880210548187906,0.7774640609722037
1.7965806060563545,-0.32408989398771926,1.5168617490448273,-0.7030746009502787,-0.010684955963028146,1.056295750043837,1.55351954125054,-0.22987888521372726,0.0020115794628475024,0.4847934877180616,0.49014974087748975,1.2214036657308949,0.3447161129365746,0.41390077802624936,-0.6403559043749805,-0.7270855036677752,-0.450283948427497,0.7056399003994586,0.7025340083710144
1.7965806060563545,-0.32408989398771926,1.6613247725991833,1.5461011843508259,-0.010684955963028146,0.5021440493422306,-0.6874206446824462,-0.22987888521372726,-0.23720592550657674,0.4221816958024847,0.4153288297579182,1.142093469434478,0.41528272011409795,0.41390077802624936,-0.6017936090057913,-0.7114307062528665,-0.4838715148564948,0.7405538593088613,0.7323086005305494
1.7965806060563545,-0.21384496208707834,-1.6613247691510074,-0.7030746009502787,-0.010684955963028146,0.9883552510815377,1.6536669118203806,-0.22987888521372726,-0.35681467799128885,0.4112649121736252,0.3548109750090972,1.1222470636224762,0.4218057248320922,0.41390077802624936,-0.5796466265049979,-0.7233553309790389,-0.505825217304323,0.6733543203389891,0.6694406215769639
1.7965806060563545,-0.21384496208707834,-1.5168617455966513,2.372688708659723,-0.010684955963028146,-0.6865507261215884,-0.6874206446824462,-0.22987888521372726,-0.47642343047600094,0.3733095539383961,0.31473361206646927,1.1109479405006413,0.48819210805298674,0.41390077802624936,-0.5693985043583455,-0.7376798447153018,-0.547717040690432,0.7693621353132915,0.7624634776380295
1.7965806060563545,-0.21384496208707834,-1.372398722042295,-0.7030746009502787,-0.010684955963028146,1.1130855434179858,1.348054977748649,-0.22987888521372726,-0.596032182960713,0.3768222800033397,0.27622870168977487,1.0137880804403812,0.49896206407128196,0.41390077802624936,-0.5708405202286048,-0.7380819226318668,-0.5831046779638352,0.6752694797888547,0.6682938311768906
1.7965806060563545,-0.21384496208707834,-1.227935698487939,2.355890653929901,-0.010684955963028146,-0.6865507261215884,-0.6874206446824462,-0.30482620410983885,-0.47642343047600094,0.3559852493284528,0.23584171866226172,0.9374112465800098,0.528975535006135,0.41390077802624936,-0.5664759095994014,-0.741447969742441,-0.6208679545855075,0.7670332079560029,0.7601326461056297
1.7965806060563545,-0.21384496208707834,-1.083472674933583,-0.7030746009502787,-0.010684955963028146,1.1893999499003647,1.3106755346029337,-0.37977352300595046,0.0020115794628475024,0.36442049993116543,0.19658954542901305,0.8209064456056872,0.502968959683982,0.41390077802624936,-0.5591038655707171,-0.7227292258306447,-0.6295316143337264,0.692499264354337,0.6855378500947171
1.7965806060563545,-0.21384496208707834,-0.9390096513792268,1.513489960198253,-0.010684955963028146,0.5568190537255232,-0.6874206446824462,-0.40975242197426187,-0.23720592550657674,0.3372916877602087,0.1625577755595695,0.7972024899837513,0.5172038550846649,0.41390077802624936,-0.5537248065380505,-0.7303311876479862,-0.6495520529222186,0.7282208076286618,0.7212885240142634
1.7965806060563545,-0.21384496208707834,-0.7945466278248707,-0.7030746009502787,-0.010684955963028146,1.054645068222455,1.5558147298464031,-0.07998424742150408,-2.0911415890196143,0.3705442303105766,0.23139988805123524,1.0994946480052252,0.5619811576810163,0.41390077802624936,-0.6443982727814634,-0.890058049661695,-0.7404527920250279,0.6602113476375701,0.6566318958894766
1.7965806060563545,-0.21384496208707834,-0.6500836042705146,2.289166958765022,-0.010684955963028146,-0.6865507261215884,-0.6874206446824462,-0.07998424742150408,-0.8950540641724933,0.48685718158644614,0.41457182604476084,1.7160262616331297,0.7294724865346349,0.41390077802624936,-0.7485217967951946,-1.0500471081161413,-0.788018201148768,0.7862766510214236,0.7727186860970116
1.7965806060563545,-0.21384496208707834,-0.5056205807161585,-0.7030746009502787,-0.010684955963028146,1.116247789969156,1.3382828545937322,0.009952592434096328,-0.8352496879301373,0.6159335170882342,0.5947067041045253,2.7303463560697687,0.9550442718181591,0.41390077802624936,-0.843545171517036,-1.281896750631314,-0.8479166284074606,0.6563734795405707,0.6553201379608543
1.7965806060563545,-0.21384496208707834,-0.3611575571618023,-0.7030746009502787,-0.010684955963028146,-0.6865507261215884,-0.6874206446824462,0.06991039037071911,-0.8950540641724933,0.758314008308068,0.7598984123596194,3.0939100648110394,1.0838833799756686,0.314957901183166,-0.9338713295757517,-1.3574304704379196,-0.8834702110765149,-1.2676136780735823,-1.2761757670616813
1.7965806060563545,-0.21384496208707834,-0.2166945336074462,-0.7030746009502787,-0.010684955963028146,-0.6865507261215884,-0.6874206446824462,0.0998892893390305,-0.7754453116877812,0.9742982730428275,0.8890092919812547,3.12891480129001,1.1133801208711098,0.10998741503953567,-0.9948705531405232,-1.3574718927044052,-0.8826175574317547,-1.2676136780735823,-1.2761757670616813
1.7965806060563545,-0.21384496208707834,-0.07223151005309006,-0.7030746009502787,-0.010684955963028146,-0.6865507261215884,-0.6874206446824462,0.1298681883073419,-0.6558365592030692,1.1358130513275124,0.9683757042571289,2.7633294844725835,1.0302728418237002,0.04973225457290152,-1.0214445701565966,-1.259041960880376,-0.8321740874394913,-1.2676136780735823,-1.2761757670616813
1.7965806060563545,-0.21384496208707834,0.07223151350126605,-0.7030746009502787,-0.010684955963028146,-0.6865507261215884,-0.6874206446824462,0.11487881029851932,-0.7156409354454252,1.2590082516416417,1.0329492342302096,2.225372032712385,0.8986604801633306,0.10069481724029826,-1.0502904309956793,-1.1278486427951957,-0.7837479457504133,-1.2676136780735823,-1.2761757670616813
1.7965806060563545,-0.21384496208707834,0.2166945370556222,-0.7030746009502787,-0.010684955963028146,-0.6865507261215884,-0.6874206446824462,0.11487881029851932,-0.7156409354454252,1.3206895504093379,1.0947967159053575,1.8854650341398562,1.0847028243058858,0.2936303411965704,-1.0797207625827776,-1.0384011619890983,-0.8322782400101828,-1.2676136780735823,-1.2761757670616813
1.7965806060563545,-0.21384496208707834,0.3611575606099783,2.2891759171542074,-0.010684955963028146,-0.6865507261215884,-0.6874206446824462,0.0998892893390305,-0.7754453116877812,1.360974737938944,1.1578047510672211,1.5382068088238154,1.5741950875301445,0.41390077802624936,-1.1096321678247374,-0.945306461462488,-0.9672569147376003,0.8539420833084287,0.8385026605583331
1.7965806060563545,-0.21384496208707834,0.5056205841643344,-0.7030746009502787,-0.010684955963028146,1.1629275363598646,1.3318014361236061,0.08489991133020793,-0.8950540641724933,1.3304044743011596,1.2204725520234467,1.2320007379956146,2.5152695315438818,0.41390077802624936,-1.1429433851786608,-0.8657780953861043,-1.2083589800791579,0.7963992258443311,0.7929006006783493
1.7965806060563545,-0.21384496208707834,0.6500836077186906,1.3293884332248598,-0.010684955963028146,0.6486931316063986,-0.6874206446824462,0.08489991133020793,-0.9548584404148494,1.1935297823119335,1.2418857379390094,1.248350980271239,2.897526070998519,0.41390077802624936,-1.158239165418383,-0.8751601303097916,-1.2990843847705096,0.7661010618361529,0.7597126543331952
1.7965806060563545,-0.21384496208707834,0.7945466312730467,-0.7030746009502787,-0.010684955963028146,2.8139601838509996,-0.6874206446824462,0.06991039037071911,-1.0744671928995615,1.1082546298816733,1.241270672422069,1.443185427171297,3.0578718778425684,0.41390077802624936,-1.163929861843703,-0.936099441036464,-1.340046913940972,0.515394736953076,0.5196701637412162
1.7965806060563545,-0.21384496208707834,0.9390096548274028,1.8047861388250326,-0.010684955963028146,0.1240389089922333,-0.6874206446824462,-0.07998424742150408,-0.7754453116877812,0.8786922272581286,1.1398899242231249,1.7707456139757178,2.4285345634953717,0.41390077802624936,-1.1199564519327807,-1.025179001030559,-1.2015570748257016,0.6828226313986389,0.6693747164352857
1.7965806060563545,-0.21384496208707834,1.083472678381759,-0.7030746009502787,-0.010684955963028146,2.3139829798009,-0.6874206446824462,-0.19989998624541588,-0.536227806718357,0.779141884447417,0.953911227976955,1.853463284975323,1.7697371269169444,0.41390077802624936,-1.032014452488239,-1.0466608920485874,-1.038899253976684,0.17860015243492322,0.22670164855730884
1.7965806060563545,-0.21384496208707834,1.227935701936115,2.3364778245645668,-0.010684955963028146,-0.6865507261215884,-0.6874206446824462,-0.30482620410983885,-0.2970103017489328,0.6171628404318853,0.8086924504111038,1.9413273949027063,1.1862520763976947,0.41390077802624936,-0.9598283382970126,-1.06782853770464,-0.8788619511091235,0.7983000058708283,0.7771869318981899
1.7965806060563545,-0.21384496208707834,1.3723987254904713,-0.7030746009502787,-0.010684955963028146,0.6851197391480275,1.8501471465760333,-0.34979462403763906,-0.2970103017489328,0.632589540603916,0.6719837026390285,1.7726926239678826,0.4560075572045098,0.41390077802624936,-0.893609369169446,-1.0281080540732377,-0.661238757410951,0.6779751480383925,0.675667020070741
1.7965806060563545,-0.21384496208707834,1.5168617490448273,2.3139431757358127,-0.010684955963028146,-0.6865507261215884,-0.6874206446824462,-0.37977352300595046,-0.35681467799128885,0.5624331036143781,0.5622766093708247,1.6424609466716185,0.48885694024542703,0.41390077802624936,-0.8400742588398502,-0.9996604993000048,-0.6776470451043681,0.7696410961266364,0.7586047520601992
1.7965806060563545,-0.21384496208707834,1.6613247725991833,-0.7030746009502787,-0.010684955963028146,1.0772857995830638,1.5480660626965705,-0.5596470597664851,0.0020115794628475024,0.5662695079001234,0.46079497372849104,1.3484035882551495,0.4523505732720414,0.41390077802624936,-0.7915398079246181,-0.9270860859715473,-0.6722129884444074,0.6979799815711647,0.6946941619522369
1.7965806060563545,-0.10360003018643743,-1.6613247691510074,1.5510374359599104,-0.010684955963028146,0.5112545452525371,-0.6874206446824462,-0.5296681607981737,0.0020115794628475024,0.4789934355594522,0.3819371733223945,1.209104928283581,0.5039796348161862,0.41390077802624936,-0.7584674402660696,-0.8985888678526329,-0.6991730014599848,0.735316693575334,0.7269852252823772
1.7965806060563545,-0.10360003018643743,-1.5168617455966513,-0.7030746009502787,-0.010684955963028146,0.9546823251589255,1.6123438945396662,-0.82945743638262,0.24122908443227173,0.4513146973608302,0.30109502127114635,1.1698721381775214,0.4794557085205034,0.41390077802624936,-0.726582331537305,-0.8999551520351351,-0.7048708239593491,0.6346231637536789,0.6303860942506743
1.7965806060563545,-0.10360003018643743,-1.372398722042295,2.3106085049453413,-0.010684955963028146,-0.6865507261215884,-0.6874206446824462,-1.1292467119670664,0.7794684706134762,0.3446153161904708,0.22717583516283582,1.144528682442984,0.5429012061312644,0.41390077802624936,-0.6917326907670581,-0.8979185211211862,-0.7300637368604467,0.7813312078394807,0.7685848781886978
1.7965806060563545,-0.10360003018643743,-1.227935698487939,-0.7030746009502787,-0.010684955963028146,1.1885886775978085,1.418181440465946,-1.1292467119670664,1.0784903518252564,0.33826795358577844,0.16034103490688617,0.8802749163161137,0.440549598419203,0.41390077802624936,-0.6660950320421357,-0.8370837419780003,-0.7125102075878317,0.6829599548918062,0.6805861634716625
1.7965806060563545,-0.10360003018643743,-1.083472674933583,1.5451363658355297,-0.010684955963028146,0.49033290366662013,-0.6874206446824462,-1.1292467119670664,0.6598597181287641,0.2417353380255723,0.1016106273447392,0.8163874594510332,0.4485625758965096,0.41390077802624936,-0.6565171833594966,-0.8493612150160665,-0.747281226706868,0.7352113642991612,0.7261781943083474
1.7965806060563545,-0.10360003018643743,-0.9390096513792268,-0.7030746009502787,-0.010684955963028146,1.054823933054504,1.5858027954997533,-1.099267812998755,0.7794684706134762,0.21693373956741044,0.0493571936482009,0.7892495053627123,0.3460417085809874,0.41390077802624936,-0.65791316462651,-0.8763811112538372,-0.7525052314318071,0.6645914997383466,0.6610125410675545
1.7965806060563545,-0.10360003018643743,-0.7945466278248707,1.6470659929967175,-0.010684955963028146,0.3847821512916598,-0.6874206446824462,-0.664573277630908,0.24122908443227173,0.2129848652736289,0.11451865389482747,1.1491181223436293,0.4623873422580371,0.41390077802624936,-0.711771722273152,-0.9863797833050726,-0.8010460064534074,0.7413256748581548,0.7312866614858293
1.7965806060563545,-0.10360003018643743,-0.6500836042705146,-0.7030746009502787,-0.010684955963028146,0.9845627936455168,1.5540445980656707,-0.22987888521372726,0.0020115794628475024,0.32379397900507734,0.266514980330041,2.13603088072198,0.67615978018491,0.41390077802624936,-0.775936246594085,-1.194717843744433,-0.824051497020777,0.6444103385265207,0.6418128587064473
1.7965806060563545,-0.10360003018643743,-0.5056205807161585,2.265235517894439,-0.010684955963028146,-0.6865507261215884,-0.6874206446824462,0.1298681883073419,-0.596032182960713,0.5497409939865756,0.49212504744150987,2.6760107694259343,0.8746703726170246,0.41390077802624936,-0.8838731710923959,-1.3014352650526115,-0.8653513757126621,0.7809163614753053,0.7663791026860044
1.7965806060563545,-0.10360003018643743,-0.3611575571618023,-0.7030746009502787,-0.010684955963028146,-0.6865507261215884,1.8102032924754616,0.41466794293229947,-1.1940759453842735,0.7767970155589421,0.7293963114578665,3.1245234607457406,1.1878527188977315,0.2244330931985648,-1.0018728742300502,-1.3879658375643191,-0.9452580140043778,0.03607274595066268,0.06982806963654474
1.7965806060563545,-0.10360003018643743,-0.2166945336074462,-0.7030746009502787,-0.010684955963028146,-0.6865507261215884,-0.6874206446824462,0.6844784624991007,-1.672510955323122,1.1434361638489405,0.9214129472470326,3.266227494492218,1.3735606125738327,-0.011032950735344904,-1.0879349265263347,-1.4034712112011731,-0.9794923307780055,-1.2676136780735823,-1.2761757670616813
1.7965806060563545,-0.10360003018643743,-0.07223151005309006,-0.7030746009502787,-0.010684955963028146,-0.6865507261215884,-0.6874206446824462,0.9692782171240583,-2.1509459652619705,1.3706321190359567,1.1697066862853005,3.021422277729398,1.517352341950547,0.11325146912866631,-1.2026153178529897,-1.3494613468553438,-1.0125427581631852,-1.2676136780735823,-1.2761757670616813
1.7965806060563545,-0.10360003018643743,0.07223151350126605,-0.7030746009502787,-0.010684955963028146,-0.6865507261215884,-0.6874206446824462,0.9692782171240583,-2.0911415890196143,1.5385086456240362,1.2891010614453153,2.591662715857326,1.4933947843279833,0.36215102286357886,-1.2536440730037746,-1.250380695080585,-0.9977932693786651,-1.2676136780735823,-1.2761757670616813
1.7965806060563545,-0.10360003018643743,0.2166945370556222,-0.7030746009502787,-0.010684955963028146,-0.6865507261215884,-0.6874206446824462,0.9692782171240583,-1.9715328365349023,1.6046240090690187,1.3625547737630908,2.1688598397512133,1.6973721364526486,0.41390077802624936,-1.2800168392674385,-1.1389009059143655,-1.0358196567921263,-1.2676136780735823,-1.2761757670616813
1.7965806060563545,-0.10360003018643743,0.3611575606099783,-0.7030746009502787,-0.010684955963028146,-0.6865507261215884,-0.6874206446824462,0.9992572590430359,-1.9715328365349023,1.5931703773204053,1.4376470373166066,1.9333395978424714,2.151124583407657,0.41390077802624936,-1.3030992159839223,-1.0645262505225825,-1.1334486082917707,-1.2676136780735823,-1.2761757670616813
1.7965806060563545,-0.10360003018643743,0.5056205841643344,-0.7030746009502787,-0.010684955963028146,-0.6865507261215884,-0.6874206446824462,0.9692782171240583,-1.9715328365349023,1.5047957607151947,1.4958869231712388,1.6532760111151117,2.651059675916599,0.41390077802624936,-1.3223416801406587,-0.9803065416785975,-1.240307399027691,-1.2676136780735823,-1.2761757670616813
1.7965806060563545,-0.10360003018643743,0.6500836077186906,1.1873198474783857,-0.010684955963028146,0.8585542976554797,-0.6874206446824462,0.819383579331835,-1.55290220283841,1.2712975617057798,1.520518070643192,1.4246105042575414,2.8076329465988943,0.41390077802624936,-1.319539594814295,-0.8961711954611193,-1.2563473316126037,0.8561690965025943,0.8410457393948335
1.7965806060563545,-0.10360003018643743,0.7945466312730467,-0.7030746009502787,-0.010684955963028146,2.631363457370649,-0.6874206446824462,0.6994679834585895,-1.3136846978689858,1.109933833257469,1.4574752467077459,1.3435571993985351,2.3808611314340324,0.41390077802624936,-1.2823928032401972,-0.8551269342662261,-1.140207607926483,0.451616602030899,0.49557774097072943
1.7965806060563545,-0.10360003018643743,0.9390096548274028,2.3128104770071776,-0.010684955963028146,-0.6865507261215884,-0.6874206446824462,0.6095311436029891,-1.0146628166572054,0.8345412101499768,1.2957311059146874,1.3663220480297844,1.8037501697316554,0.41390077802624936,-1.1947142374152768,-0.8362008621514977,-0.969095633391256,0.8333257647969196,0.8152084677646955
1.7965806060563545,-0.10360003018643743,1.083472678381759,-0.7030746009502787,-0.010684955963028146,0.8571528760064794,1.63736630334936,0.5195943037473887,-0.536227806718357,0.76296516625668,1.095113989520431,1.416544793642916,0.8984692493613435,0.41390077802624936,-1.0707042468370986,-0.8030090482074046,-0.6556706343392403,0.7172755500462955,0.7152176780287954
1.7965806060563545,-0.10360003018643743,1.227935701936115,2.3019131340661683,-0.010684955963028146,-0.6865507261215884,-0.6874206446824462,0.4896152618284111,-0.596032182960713,0.647100787222164,0.9430077305606963,1.3604221684536972,0.7387386360760272,0.41390077802624936,-0.9726577724895409,-0.7528694548966443,-0.5672110393461414,0.7873987852725274,0.7772393285325676
1.7965806060563545,-0.10360003018643743,1.3723987254904713,-0.7030746009502787,-0.010684955963028146,1.1486104002478643,1.4277268060162407,0.2198050281629423,-0.2970103017489328,0.6202080312890041,0.7997280792343392,1.1290446068092548,0.6613707223325113,0.41390077802624936,-0.8698451500834212,-0.6449074137593579,-0.5001946463600384,0.7117630183552652,0.7089268071138114
1.7965806060563545,-0.10360003018643743,1.5168617490448273,1.4922299109828352,-0.010684955963028146,0.551988134270449,-0.6874206446824462,0.06991039037071911,0.0020115794628475024,0.5671463816255682,0.6860613277569638,1.1297408555931705,0.7025821807828734,0.41390077802624936,-0.790764932273125,-0.6217766562906052,-0.4894156195156769,0.7432760638952728,0.7351283990923575
1.7965806060563545,-0.10360003018643743,1.6613247725991833,-0.7030746009502787,-0.010684955963028146,1.0356264020104942,1.6055838403413512,0.0998892893390305,-0.7156409354454252,0.5458771260942168,0.6044858283585944,1.1551547650736997,0.6678611771267631,0.41390077802624936,-0.7407793067707577,-0.633989501918134,-0.4819906548063119,0.6761455461575684,0.6724714393967546
1.7965806060563545,0.00664490171420348,-1.6613247691510074,1.6127860001066392,-0.010684955963028146,0.41022258797075983,-0.6874206446824462,-0.07998424742150408,-0.596032182960713,0.4411688564033349,0.5219042376282162,1.1875767501113823,0.7116090883847583,0.41390077802624936,-0.7061417626018526,-0.674413079727262,-0.5293704671059685,0.7329257549547699,0.7233037476942781
1.7965806060563545,0.00664490171420348,-1.5168617455966513,-0.7030746009502787,-0.010684955963028146,-0.6865507261215884,2.6508219729178406,-0.22987888521372726,-0.2970103017489328,0.4229755248126935,0.44350425748246675,1.1349817854273374,0.6998317122266332,0.41390077802624936,-0.6759387245330476,-0.6903066515683508,-0.5594600792740038,0.4649750863400504,0.49700145577046356
1.7965806060563545,0.00664490171420348,-1.372398722042295,2.25708123372208,-0.010684955963028146,-0.6865507261215884,-0.6874206446824462,-0.37977352300595046,0.0020115794628475024,0.3446081233411197,0.3773067875585503,0.9434321408256824,0.8555204387312263,0.41390077802624936,-0.6494336389124102,-0.6547502985065082,-0.6345929489010865,0.7683726512427602,0.7113311167389519
1.7965806060563545,0.00664490171420348,-1.227935698487939,-0.7030746009502787,-0.010684955963028146,1.4913087240972036,1.0842540918539267,-0.37977352300595046,0.06181595570520356,0.36217306145662875,0.313178553887327,0.6199350629959706,0.8610897306835656,0.41390077802624936,-0.6248501967037028,-0.5727866935276932,-0.6567372702047086,0.6781969506438487,0.6760661350591656
1.7965806060563545,0.00664490171420348,-1.083472674933583,1.4818595004937267,-0.010684955963028146,0.552539268071657,-0.6874206446824462,-0.37977352300595046,0.0020115794628475024,0.30042637314937665,0.2589456389739387,0.6411739663758043,0.8415923263618164,0.41390077802624936,-0.6046557080295799,-0.600541563907448,-0.6709712365166861,0.7488802644102759,0.739480185186657
1.7965806060563545,0.00664490171420348,-0.9390096513792268,-0.7030746009502787,-0.010684955963028146,1.106964182189235,1.4087854337068881,-0.31981572506932765,0.0020115794628475024,0.2963172944836831,0.23111114123049967,0.7076905912677671,0.7748967188653682,0.41390077802624936,-0.5925269156780751,-0.6292621586466762,-0.6573202625815358,0.6583653891626645,0.651376063177807
1.7965806060563545,0.00664490171420348,-0.7945466278248707,1.6088591797909952,-0.010684955963028146,0.4012437826005408,-0.6874206446824462,-0.22987888521372726,0.0020115794628475024,0.29034592173143725,0.2643977355698039,0.9154056406702687,0.8044170584555227,0.41390077802624936,-0.6088407596042382,-0.6916061396352641,-0.6646358343392939,0.7379382421981674,0.7277687187058077
1.7965806060563545,0.00664490171420348,-0.6500836042705146,-0.7030746009502787,-0.010684955963028146,1.0409330391592282,1.4828232559179373,-0.07998424742150408,-0.2970103017489328,0.3871754058012273,0.44074133308453656,1.8966514312681046,0.90272433814258,0.41390077802624936,-0.7012271469223514,-0.963520547708779,-0.6887239002640825,0.638356421545674,0.6361036723027981
1.7965806060563545,0.00664490171420348,-0.5056205807161585,2.265229247022009,-0.010684955963028146,-0.6865507261215884,-0.6874206446824462,0.2198050281629423,-0.596032182960713,0.6006107862840973,0.6283982397683311,2.453153137840862,1.067685724173314,0.26761106735870566,-0.7849204658118322,-1.0829068933168358,-0.7144960936055255,0.7826940176892114,0.7681010280181153
1.7965806060563545,0.00664490171420348,-0.3611575571618023,-0.7030746009502787,-0.010684955963028146,-0.6865507261215884,1.7519954102756543,0.819383579331835,-1.3136846978689858,0.8339997847624538,0.8533605399156918,2.9586944066365777,1.334630903777819,-0.059477894800993365,-0.8773268576957538,-1.1711627791323367,-0.757224631144444,0.0009437247905078087,0.03533665467406649
1.7965806060563545,0.00664490171420348,-0.2166945336074462,-0.7030746009502787,-0.010684955963028146,-0.6865507261215884,-0.6874206446824462,0.9692782171240583,-1.7323153315654782,1.1872890046567173,1.03609553091302,3.124385039856557,1.505413029921803,-0.4499207145130121,-0.947787999869022,-1.188500166361522,-0.7827293467100019,-1.2676136780735823,-1.2761757670616813
1.7965806060563545,0.00664490171420348,-0.07223151005309006,-0.7030746009502787,-0.010684955963028146,-0.6865507261215884,-0.6874206446824462,1.1791306528529042,-1.8519240840501903,1.3725578409758783,1.1756409552830207,2.8442186735468096,1.5637905044058587,-0.29905923204599394,-0.9951269972130548,-1.0997619605425475,-0.7721271827215318,-1.2676136780735823,-1.2761757670616813
1.7965806060563545,0.00664490171420348,0.07223151350126605,-0.7030746009502787,-0.010684955963028146,-0.6865507261215884,-0.6874206446824462,1.2690674927085046,-2.0911415890196143,1.5494110435541935,1.300228598563446,2.4659724041409135,1.5363492911947556,0.0409648399324932,-1.047088013334283,-0.998504796378012,-0.7553466096339235,-1.2676136780735823,-1.2761757670616813
1.7965806060563545,0.00664490171420348,0.2166945370556222,-0.7030746009502787,-0.010684955963028146,-0.6865507261215884,-0.6874206446824462,1.4189621305007278,-2.2705547177466827,1.676552502580522,1.44548216490288,2.156342281257526,1.8179362402467245,0.41390077802624936,-1.1063362348436587,-0.9110376685897748,-0.8314978599522128,-1.2676136780735823,-1.2761757670616813
1.7965806060563545,0.00664490171420348,0.3611575606099783,-0.7030746009502787,-0.010684955963028146,-0.6865507261215884,-0.6874206446824462,1.5088989703563283,-2.0911415890196143,1.7053029753324653,1.6050930580998533,1.9724936455265405,2.2334669392471187,0.41390077802624936,-1.153788029016587,-0.8262026981226535,-0.9140683585425392,-1.2676136780735823,-1.2761757670616813
1.7965806060563545,0.00664490171420348,0.5056205841643344,-0.7030746009502787,-0.010684955963028146,-0.6865507261215884,-0.6874206446824462,1.3140357696856386,-1.7921197078078341,1.5808052153903822,1.656911632126609,1.7624494781683202,2.6965896954994957,0.41390077802624936,-1.1485931083969034,-0.7285548013402281,-1.0037731990506362,-1.2676136780735823,-1.2761757670616813
1.7965806060563545,0.00664490171420348,0.6500836077186906,1.140788540705777,-0.010684955963028146,0.8396551884628358,-0.6874206446824462,1.1191728549162814,-1.493097826596054,1.3125655540149113,1.6360230609166722,1.4783227824662513,3.0426295623020554,0.41390077802624936,-1.1243755328255105,-0.6230950120914672,-1.0756867280020865,0.8439340046440914,0.8289988116493544
1.7965806060563545,0.00664490171420348,0.7945466312730467,-0.7030746009502787,-0.010684955963028146,2.281511167835257,-0.6874206446824462,1.239088450789527,-1.612706579080766,1.2222384057585611,1.6373478174146976,1.5006773416355503,3.182236998981673,0.41390077802624936,-1.1215281359524967,-0.623883986989236,-1.105180356015609,0.2828994125375759,0.3409410480543205
1.7965806060563545,0.00664490171420348,0.9390096548274028,2.2895471528020614,-0.010684955963028146,-0.6865507261215884,-0.6874206446824462,1.1191728549162814,-1.3136846978689858,1.0226178732976687,1.5416230280248127,1.5510128132422683,2.5957980428827927,0.41390077802624936,-1.0788668327435116,-0.6420818079476401,-0.9570916675079434,0.8180774647715893,0.801757473957374
1.7965806060563545,0.00664490171420348,1.083472678381759,-0.7030746009502787,-0.010684955963028146,1.9831784350875914,-0.6874206446824462,0.819383579331835,-0.8352496879301373,0.9374663070971689,1.3360999987799376,1.5600250906559792,1.9394508018140812,0.41390077802624936,-0.9607283027395244,-0.6190881126381479,-0.7475255594670438,0.1001698344574279,0.15106004556778208
1.7965806060563545,0.00664490171420348,1.227935701936115,2.312905077596978,-0.010684955963028146,-0.6865507261215884,-0.6874206446824462,0.6694889415396119,-0.8352496879301373,0.7820680663425441,1.1642657220969816,1.617322221234256,1.3363023423619957,0.41390077802624936,-0.8568653201190324,-0.6195246729650332,-0.5399630237294272,0.7908600922200695,0.7757660825393983
1.7965806060563545,0.00664490171420348,1.3723987254904713,-0.7030746009502787,-0.010684955963028146,0.8010292756822248,1.7044662632772887,0.6095311436029891,-0.8352496879301373,0.7702881407915466,1.0102947848732198,1.488661248039802,0.6235363184704322,0.41390077802624936,-0.7662077611207201,-0.5710315605294407,-0.2806167905804592,0.7148792191419682,0.7108963884130987
1.7965806060563545,0.00664490171420348,1.5168617490448273,-0.7030746009502787,-0.010684955963028146,-0.6865507261215884,-0.6874206446824462,0.5495733456663663,-0.8352496879301373,0.6878718190306707,0.890120445409483,1.4281688328639115,0.5231539811447914,0.41390077802624936,-0.6905143404036684,-0.5456880732965498,-0.23612661165718074,-1.2676136780735823,-1.2761757670616813
1.7965806060563545,0.00664490171420348,1.6613247725991833,2.318540979401463,-0.010684955963028146,-0.6865507261215884,-0.6874206446824462,0.4896152618284111,-0.8950540641724933,0.5779879672839384,0.8059267429112871,1.2120208845000287,0.49087666301364835,0.41390077802624936,-0.6403508429788122,-0.4779743786002229,-0.22730726892593647,0.8151857627322239,0.8047547251832663
1.7965806060563545,0.1168898336148444,-1.6613247691510074,-0.7030746009502787,-0.010684955963028146,1.147469849295431,1.4523578278533804,0.5195943037473887,-0.8352496879301373,0.5573961473823862,0.7261936569618522,0.9145527359099719,0.3708439367246684,0.41390077802624936,-0.5859950634133426,-0.37485592332515955,-0.1792086510440647,0.7644689972838508,0.7601220030392718
1.7965806060563545,0.1168898336148444,-1.5168617455966513,2.1891961729831713,-0.010684955963028146,-0.6865507261215884,-0.6874206446824462,0.3696996659551655,-0.6558365592030692,0.5179826024150602,0.6510679961856971,0.8821000827710931,0.4460757617225836,0.41390077802624936,-0.5329080071540815,-0.3615771591647738,-0.20621015040855503,0.7122398759827165,0.6926122144331316
1.7965806060563545,0.1168898336148444,-1.372398722042295,-0.7030746009502787,-0.010684955963028146,1.194608995886349,1.342524518753258,0.2198050281629423,-0.35681467799128885,0.536727167824158,0.5781041097999648,0.7512616743917023,0.4468219687243801,0.41390077802624936,-0.48305132674457535,-0.3146964789350391,-0.2059601405690543,0.7106498712437667,0.7065259769526726
1.7965806060563545,0.1168898336148444,-1.227935698487939,2.281202771611183,-0.010684955963028146,-0.6865507261215884,-0.6874206446824462,0.2198050281629423,-0.2970103017489328,0.4959809840406825,0.5211200986716644,0.7614716654872687,0.5125231760504954,0.41390077802624936,-0.4410277594528067,-0.315305668184031,-0.22791165952483433,0.7627691696989255,0.7535443833556812
1.7965806060563545,0.1168898336148444,-1.083472674933583,-0.7030746009502787,-0.010684955963028146,1.2202326905688115,1.297259391639419,-0.07998424742150408,0.36083783691698385,0.5054663906486632,0.4618003692850282,0.703494863477074,0.5018793509867023,0.41390077802624936,-0.3990022640101168,-0.2913518871481995,-0.22064565303656677,0.7157712826191791,0.7088287680987061
1.7965806060563545,0.1168898336148444,-0.9390096513792268,2.339151007897569,-0.010684955963028146,-0.6865507261215884,-0.6874206446824462,0.7294467394762346,-1.0744671928995615,0.513766284904495,0.455936373609945,0.7313928891545031,0.571711143635739,0.41390077802624936,-0.3797443746460102,-0.29047681465988257,-0.23592900562683297,0.7670880295075946,0.760187498832244
1.7965806060563545,0.1168898336148444,-0.7945466278248707,-0.7030746009502787,-0.010684955963028146,1.2545766211098994,1.2982224839011174,0.3696996659551655,0.0020115794628475024,0.5901157651853735,0.5448418676021684,1.008353195587838,0.6569227752531005,0.41390077802624936,-0.41465161892503055,-0.36847060504176055,-0.2469425395171541,0.6995223544702072,0.6952805539736915
1.7965806060563545,0.1168898336148444,-0.6500836042705146,2.2772042841820532,-0.010684955963028146,-0.6865507261215884,-0.6874206446824462,0.9692782171240583,-0.8950540641724933,0.7804823700083133,0.7484765622169799,1.6515378757581216,0.8578322970650364,0.41390077802624936,-0.5100090457939853,-0.553911369111172,-0.2899931421331588,0.7508541997531594,0.7412364958100783
1.7965806060563545,0.1168898336148444,-0.5056205807161585,-0.7030746009502787,-0.010684955963028146,-0.6865507261215884,1.9818159160481923,0.9992572590430359,-0.7156409354454252,0.9123168362885696,0.9288591363446524,2.3310675713164137,1.1712311003386309,0.41390077802624936,-0.5648584319953048,-0.706811364492978,-0.34054884361669163,0.1408890361948018,0.1647716921636978
1.7965806060563545,0.1168898336148444,-0.3611575571618023,-0.7030746009502787,-0.010684955963028146,-0.6865507261215884,-0.6874206446824462,1.0592150569796586,-0.9548584404148494,1.0695230978119155,1.0989637152050815,2.926787148378433,1.3747617047599305,0.41390077802624936,-0.6347389597223998,-0.8519508657181712,-0.3842516553074463,-1.2676136780735823,-1.2761757670616813
1.7965806060563545,0.1168898336148444,-0.2166945336074462,-0.7030746009502787,-0.010684955963028146,-0.6865507261215884,-0.6874206446824462,1.1191728549162814,-1.493097826596054,1.2969629559814753,1.2387067398090312,2.9645793665958666,1.4675818810520982,0.2597426358637875,-0.7071174069680249,-0.8668973640632304,-0.4223562117362275,-1.2676136780735823,-1.2761757670616813
1.7965806060563545,0.1168898336148444,-0.07223151005309006,-0.7030746009502787,-0.010684955963028146,-0.6865507261215884,-0.6874206446824462,1.1191728549162814,-1.3734890741113417,1.4812064843203994,1.3380906124043341,2.6837076339586043,1.4352305118444408,0.32429824290593334,-0.7418619635130616,-0.7749217153432408,-0.3943620968866975,-1.2676136780735823,-1.2761757670616813
1.7965806060563545,0.1168898336148444,0.07223151350126605,-0.7030746009502787,-0.010684955963028146,-0.6865507261215884,-0.6874206446824462,1.1191728549162814,-1.493097826596054,1.6162744633316957,1.4197690865725079,2.2211738183188925,1.3980503614495858,0.34966074667377683,-0.7730734245137008,-0.635419546029153,-0.3777625352898719,-1.2676136780735823,-1.2761757670616813
1.7965806060563545,0.1168898336148444,0.2166945370556222,-0.7030746009502787,-0.010684955963028146,-0.6865507261215884,-0.6874206446824462,0.9692782171240583,-0.7754453116877812,1.6749498049660065,1.4836809340720474,1.9411831719403239,1.5874933588751372,0.41390077802624936,-0.7662844051198414,-0.4976063642092441,-0.3910049778628338,-1.2676136780735823,-1.2761757670616813
1.7965806060563545,0.1168898336148444,0.3611575606099783,-0.7030746009502787,-0.010684955963028146,-0.6865507261215884,-0.6874206446824462,0.9692782171240583,-1.0146628166572054,1.66007172303085,1.5429547422775547,1.67017330600667,2.034772439745859,0.41390077802624936,-0.7868307813370995,-0.4018877474407139,-0.5372613890183855,-1.2676136780735823,-1.2761757670616813
1.7965806060563545,0.1168898336148444,0.5056205841643344,2.265485277784935,-0.010684955963028146,-0.6865507261215884,-0.6874206446824462,0.8793413772684578,-0.8352496879301373,1.5066920573623162,1.5930283114214072,1.4521877581738092,2.5280828090251113,0.41390077802624936,-0.7818055379984894,-0.2977304824459386,-0.6680617333626708,0.8289988165626058,0.8134703731586946
1.7965806060563545,0.1168898336148444,0.6500836077186906,-0.7030746009502787,-0.010684955963028146,2.779437388477863,-0.6874206446824462,0.7894045374128574,-0.7156409354454252,1.4262380756835131,1.6143774859935778,1.30842564617678,2.6844257889969283,0.41390077802624936,-0.7707849503889956,-0.2279831930227349,-0.7004721792285695,0.6587541728219849,0.6601576162949137
1.7965806060563545,0.1168898336148444,0.7945466312730467,2.302252836184089,-0.010684955963028146,-0.6865507261215884,-0.6874206446824462,0.6994679834585895,-0.596032182960713,1.2391082530685908,1.5341016951762543,1.3261227983022417,2.2328501181921987,0.41390077802624936,-0.7070549830819481,-0.22021315656389515,-0.546416116128209,0.7828476977764602,0.7713336547500016
1.7965806060563545,0.1168898336148444,0.9390096548274028,-0.7030746009502787,-0.010684955963028146,2.5965147305257785,-0.6874206446824462,0.5195943037473887,-0.2970103017489328,1.113598916949578,1.3362259341403067,1.3217530083155697,1.5512905199406504,0.41390077802624936,-0.5797712332582862,-0.20846853435700477,-0.3023862062994326,0.4297226717531163,0.4596520704793356
1.7965806060563545,0.1168898336148444,1.083472678381759,2.312930877757833,-0.010684955963028146,-0.6865507261215884,-0.6874206446824462,0.3696996659551655,0.0020115794628475024,0.8464421063491528,1.1222756723827825,1.4140855434740132,1.0273230049845372,0.41390077802624936,-0.4308001239096931,-0.22945140634266192,-0.09028855757803378,0.7638454695380428,0.7487371968258715
1.7965806060563545,0.1168898336148444,1.227935701936115,-0.7030746009502787,-0.010684955963028146,0.7929354851330381,1.754691399213267,0.3696996659551655,-0.23720592550657674,0.8168533397001027,0.9496843919866691,1.3565198597933688,0.44676337886164363,0.41390077802624936,-0.32540209213698973,-0.2248086425682162,0.13218024167315234,0.7243426771462311,0.719200436264567
1.7965806060563545,0.1168898336148444,1.3723987254904713,2.2896557284789916,-0.010684955963028146,-0.6865507261215884,-0.6874206446824462,0.2198050281629423,-0.2970103017489328,0.746362762163434,0.816965916544518,1.2923696518991201,0.33296070797697563,0.41390077802624936,-0.25015118205637393,-0.2444447487168354,0.13251235081365945,0.7416315970903155,0.733232091211458
1.7965806060563545,0.1168898336148444,1.5168617490448273,-0.7030746009502787,-0.010684955963028146,1.1052025204925293,1.4805728331222487,0.06991039037071911,-0.2970103017489328,0.7365804870458695,0.6929919472300896,1.0914421992721983,0.3768209164718825,0.41390077802624936,-0.19246886011395023,-0.2234139483495381,0.05470579517374996,0.7120736139000206,0.7071659936546233
1.7965806060563545,0.1168898336148444,1.6613247725991833,2.3279505130665172,-0.010684955963028146,-0.6865507261215884,-0.6874206446824462,0.06991039037071911,-0.6558365592030692,0.6561336982164178,0.6075173220885823,1.0309307201415099,0.47303035357373663,0.41390077802624936,-0.1916580726515481,-0.3031791370175555,-0.09611389601300359,0.7611203890669577,0.7522608704877782
1.7965806060563545,0.2271347655154853,-1.6613247691510074,-0.7030746009502787,-0.010684955963028146,1.2140450133730907,1.4011944927875768,0.06991039037071911,-0.596032182960713,0.6666784153652041,0.5368815004309977,0.8693835960534296,0.4921811012076285,0.41390077802624936,-0.1989211761531795,-0.32810449791649965,-0.19205719165155988,0.7170221127094292,0.712385394331452
1.7965806060563545,0.2271347655154853,-1.5168617455966513,2.269594490904399,-0.010684955963028146,-0.6865507261215884,-0.6874206446824462,-0.07998424742150408,-0.596032182960713,0.5866095780743854,0.465485891958369,0.8477493228284437,0.5386094986858175,0.41390077802624936,-0.2108689633369483,-0.40172270898628787,-0.29520470095342416,0.7300198532348283,0.7206648812605557
1.7965806060563545,0.2271347655154853,-1.372398722042295,-0.7030746009502787,-0.010684955963028146,1.2281445829057567,1.3254492945904324,-0.10996314638981547,-0.41661905423364487,0.5885588402485472,0.39774449626285674,0.7013878820381286,0.49054790878384924,0.41390077802624936,-0.22497411038277454,-0.42176653168460615,-0.35105864589152963,0.6896595079818896,0.6851381210832335
1.7965806060563545,0.2271347655154853,-1.227935698487939,2.2934546229970643,-0.010684955963028146,-0.6865507261215884,-0.6874206446824462,-0.07998424742150408,-0.596032182960713,0.5234105880935965,0.3524794314035913,0.7103786088942423,0.5385663700368587,0.41390077802624936,-0.24922422350096415,-0.48375115824614545,-0.4291643399420208,0.746824366354193,0.7374088807339099
1.7965806060563545,0.2271347655154853,-1.083472674933583,-0.7030746009502787,-0.010684955963028146,1.2439131391402773,1.2949280138686485,-0.22987888521372726,-0.8950540641724933,0.521131762640073,0.303821069569079,0.639280832777633,0.5007547511213993,0.41390077802624936,-0.277757964909663,-0.531508212187228,-0.4893289348813697,0.7057464878751761,0.6987958359871236
1.7965806060563545,0.2271347655154853,-0.9390096513792268,2.3529175437269627,-0.010684955963028146,-0.6865507261215884,-0.6874206446824462,-0.22987888521372726,-1.0744671928995615,0.48647334498925293,0.25771968259288786,0.6136986631743242,0.5043279190002308,0.41390077802624936,-0.34179065191135277,-0.6286108965196835,-0.5983046211578662,0.7598239043075132,0.752917261137972
1.7965806060563545,0.2271347655154853,-0.7945466278248707,-0.7030746009502787,-0.010684955963028146,1.2849897093185918,1.314009331600042,-0.07998424742150408,-1.1342715691419176,0.5415986885210734,0.3427998030419684,0.8109757828912871,0.547113166263542,0.41390077802624936,-0.46490140110361455,-0.7621150782725865,-0.6875880477006913,0.7094123421201323,0.7050625553284491
1.7965806060563545,0.2271347655154853,-0.6500836042705146,2.3127649683901144,-0.010684955963028146,-0.6865507261215884,-0.6874206446824462,-0.07998424742150408,-1.1342715691419176,0.6538718740431787,0.5116770339704032,1.3789407283706596,0.6845096493729513,0.19390143634415308,-0.6121403078682944,-0.9634366188232825,-0.7749369002889516,0.7633571083718969,0.753612949263949
1.7965806060563545,0.2271347655154853,-0.5056205807161585,-0.7030746009502787,-0.010684955963028146,1.1875232289549724,1.2820697699194583,0.08489991133020793,-1.612706579080766,0.7605248286404535,0.6647413757546026,2.37529097324147,0.878602403405117,-0.1164457114597018,-0.752684674634258,-1.2565990230750115,-0.8909224694364805,0.6895478877079931,0.6860843306173293
1.7965806060563545,0.2271347655154853,-0.3611575571618023,-0.7030746009502787,-0.010684955963028146,-0.6865507261215884,-0.6874206446824462,0.06991039037071911,-1.612706579080766,0.8568972398287475,0.8217340658517494,2.841502474421938,1.0291010445689706,0.06878673800509723,-0.8507342822270629,-1.3675082259421574,-0.9473956527194104,-1.2676136780735823,-1.2761757670616813
1.7965806060563545,0.2271347655154853,-0.2166945336074462,-0.7030746009502787,-0.010684955963028146,-0.6865507261215884,-0.6874206446824462,0.11487881029851932,-1.493097826596054,0.9791161743173071,0.9393716079458428,2.904103528771974,1.0567058211468796,-0.09466167298472257,-0.9322425240849926,-1.3905112466833713,-0.9681370803821658,-1.2676136780735823,-1.2761757670616813
1.7965806060563545,0.2271347655154853,-0.07223151005309006,-0.7030746009502787,-0.010684955963028146,-0.6865507261215884,-0.6874206446824462,0.15984723022631953,-1.493097826596054,1.0535928981853042,1.003979926692506,2.554076056804668,0.9493561726441596,-0.0979536747364073,-0.9958454744501001,-1.3323634930991066,-0.9565217760834045,-1.2676136780735823,-1.2761757670616813
1.7965806060563545,0.2271347655154853,0.07223151350126605,-0.7030746009502787,-0.010684955963028146,-0.6865507261215884,-0.6874206446824462,0.06991039037071911,-1.612706579080766,1.1066395082546423,1.0508104863629886,2.029115249010899,0.8250553376044462,0.01772402954688164,-1.0523513833116722,-1.24505403016812,-0.9548459459365327,-1.2676136780735823,-1.2761757670616813
1.7965806060563545,0.2271347655154853,0.2166945370556222,-0.7030746009502787,-0.010684955963028146,-0.6865507261215884,-0.6874206446824462,0.06991039037071911,-1.612706579080766,1.1213698098304026,1.1021134907652501,1.716387647906686,0.9684182217358531,0.27485649887585545,-1.0975720658498036,-1.1879117966810255,-1.0105922447166698,-1.2676136780735823,-1.2761757670616813
1.7965806060563545,0.2271347655154853,0.3611575606099783,-0.7030746009502787,-0.010684955963028146,-0.6865507261215884,-0.6874206446824462,0.02494197044291891,-1.4332934503536978,1.0786815567221164,1.1453768095925727,1.3444581784796263,1.3795001599087429,0.41390077802624936,-1.1640067468616895,-1.1256355877252997,-1.1446513417680546,-1.2676136780735823,-1.2761757670616813
1.7965806060563545,0.2271347655154853,0.5056205841643344,1.2370881785993424,-0.010684955963028146,0.8056212902972992,-0.6874206446824462,0.06991039037071911,-1.3734890741113417,0.9222553924056728,1.1716325927908333,1.0321309204261648,1.858931241704199,0.41390077802624936,-1.1998751743749725,-1.0515782138825644,-1.262692559504212,0.8907934897739179,0.8766066801891131
1.7965806060563545,0.2271347655154853,0.6500836077186906,-0.7030746009502787,-0.010684955963028146,2.859771128314809,-0.6874206446824462,0.06991039037071911,-1.3734890741113417,0.8338611589385954,1.1696064946173825,1.0298672830108384,2.1816547843819225,0.397586330010295,-1.2212463171488122,-1.0564135586655914,-1.3396261550233146,0.5670722276252439,0.5771726045299036
1.7965806060563545,0.2271347655154853,0.7945466312730467,1.8257344360967893,-0.010684955963028146,0.1464053809437005,-0.6874206446824462,-0.020026449484881293,-1.4332934503536978,0.7233136033653705,1.1782647245866205,1.4990668518889447,2.234893439655133,0.41390077802624936,-1.2630975559519906,-1.191816983867425,-1.3696925130010382,0.742147099418069,0.7288311832724294
1.7965806060563545,0.2271347655154853,0.9390096548274028,-0.7030746009502787,-0.010684955963028146,2.8566908876281567,-0.6874206446824462,-0.22987888521372726,-1.4332934503536978,0.6355941899465102,1.0611316197094747,1.6262532696231768,1.6638343225245777,0.41390077802624936,-1.2386661966472,-1.2480431563407277,-1.2692467475848181,0.4618867456861236,0.4690758917162762
1.7965806060563545,0.2271347655154853,1.083472678381759,2.3362441897746047,-0.010684955963028146,-0.6865507261215884,-0.6874206446824462,-0.37977352300595046,-1.1940759453842735,0.4242617370557583,0.8517379915157993,1.7268031981670273,1.0225658336295729,0.41390077802624936,-1.1610559528955215,-1.2845955956327662,-1.1301061186646288,0.8308560988334139,0.8072906404174104
1.7965806060563545,0.2271347655154853,1.227935701936115,-0.7030746009502787,-0.010684955963028146,0.6272292471612178,1.9230246141442415,-0.31981572506932765,-0.8352496879301373,0.466625658047847,0.6841389001287893,1.6279615657465705,0.25627552888395844,0.41390077802624936,-1.083080565563124,-1.254858311965352,-0.916097477702784,0.7020567278388701,0.7003871790819961
1.7965806060563545,0.2271347655154853,1.3723987254904713,2.3309246982761573,-0.010684955963028146,-0.6865507261215884,-0.6874206446824462,-0.22987888521372726,-0.596032182960713,0.4367112514918084,0.5704004837778337,1.5212838190366604,0.2922895782607389,0.41390077802624936,-1.0274232841257842,-1.2193578030585879,-0.9130170071214072,0.7969981288276208,0.7862490935533119
1.7965806060563545,0.2271347655154853,1.5168617490448273,-0.7030746009502787,-0.010684955963028146,1.0529853908598121,1.571612246030416,-0.5296681607981737,-0.35681467799128885,0.45047378788214115,0.4620174512321837,1.2108438925081708,0.2906083746994395,0.41390077802624936,-0.9817212869139261,-1.141361410230648,-0.9071248538297673,0.7112266658636276,0.708234803126189
1.7965806060563545,0.2271347655154853,1.6613247725991833,1.5676681479797445,-0.010684955963028146,0.5058339994476035,-0.6874206446824462,-0.6495838996220854,-0.47642343047600094,0.3712746314674161,0.3631025313047743,1.0981527113609875,0.3457406217863694,0.41390077802624936,-0.9511246650383129,-1.1249543974685952,-0.9351809798534617,0.7535961760467023,0.7453393978910833
1.7965806060563545,0.3373796974161262,-1.6613247691510074,-0.7030746009502787,-0.010684955963028146,0.982250311945554,1.6599675936019518,-0.6795627985903968,-0.6558365592030692,0.35882969429913497,0.2880019184455987,1.0742274480898784,0.3499053845292205,0.41390077802624936,-0.9379206875293242,-1.138065195422735,-0.957368534299635,0.6736462226333656,0.6696893009159055
1.7965806060563545,0.3373796974161262,-1.5168617455966513,2.3108557564868657,-0.010684955963028146,-0.6865507261215884,-0.6874206446824462,-0.7395205965270196,-0.17740154926422066,0.2767618987840921,0.23562672404152127,1.0505889730083346,0.42398005973809033,0.41390077802624936,-0.927036998635242,-1.1411900825315724,-0.9876079340221661,0.7916804383232311,0.7787533047219917
1.7965806060563545,0.3373796974161262,-1.372398722042295,-0.7030746009502787,-0.010684955963028146,1.1755466071598875,1.415708862157242,-0.7994785374143086,0.06181595570520356,0.2950232354958716,0.18356880325251718,0.8599311899441718,0.40035858007816794,0.41390077802624936,-0.9119395769215473,-1.0967242553767842,-0.9838401001440656,0.6826189828151853,0.6803698226805011
1.7965806060563545,0.3373796974161262,-1.227935698487939,1.5486233292421576,-0.010684955963028146,0.48605186282095,-0.6874206446824462,-0.82945743638262,-0.057792796779508555,0.23262265179306038,0.1377839941159277,0.8376412824476651,0.4385551018418822,0.41390077802624936,-0.9016463842471099,-1.0965344936847699,-1.0000365891088228,0.7411473700083879,0.7321391301662337
1.7965806060563545,0.3373796974161262,-1.083472674933583,-0.7030746009502787,-0.010684955963028146,1.014850676471775,1.5499073177112248,-0.9044047552787317,0.48044658940169593,0.21673887873953382,0.0985742631864498,0.8385480636019556,0.40503763161615036,0.41390077802624936,-0.8881071494966819,-1.0947788185102545,-0.98880754455336,0.6731210141948385,0.6661437270982237
1.7965806060563545,0.3373796974161262,-0.9390096513792268,1.689511915965096,-0.010684955963028146,0.4253842589681184,-0.6874206446824462,-0.9793520741748433,-0.057792796779508555,0.16489935957039792,0.05667048963073528,0.8544366266244358,0.4152021590528353,0.41390077802624936,-0.8848553229679277,-1.1091940925529264,-1.0027491412801048,0.7412471272580055,0.7343254616053884
1.7965806060563545,0.3373796974161262,-0.7945466278248707,-0.7030746009502787,-0.010684955963028146,1.041249347493799,1.5983196479261175,-0.5296681607981737,-0.23720592550657674,0.2000475448724917,0.13038442197490846,1.1461598938795867,0.4619715169822269,0.41390077802624936,-0.9324134064603918,-1.1724500140157084,-1.0072368724864444,0.6584942647446029,0.6551641761038391
1.7965806060563545,0.3373796974161262,-0.6500836042705146,2.324562450276499,-0.010684955963028146,-0.6865507261215884,-0.6874206446824462,-0.07998424742150408,-1.1342715691419176,0.35132689853048965,0.2927213634698143,1.7334971329038185,0.6466500193199719,0.31040941910248665,-1.022700037425221,-1.2990592317980885,-1.0484074884490853,0.819417986515099,0.8047115388947752
1.7965806060563545,0.3373796974161262,-0.5056205807161585,-0.7030746009502787,-0.010684955963028146,-0.6865507261215884,2.8454682741682134,0.15984723022631953,-1.3136846978689858,0.4908060558802277,0.5176829678417034,2.3842261659683905,0.994172535149002,0.4066611689387984,-1.1305391082642766,-1.415478246719306,-1.115103672326343,0.5495633025036245,0.5575600939987183
1.7965806060563545,0.3373796974161262,-0.3611575571618023,-0.7030746009502787,-0.010684955963028146,-0.6865507261215884,-0.6874206446824462,0.3247313889780315,-1.55290220283841,0.6307279004127593,0.7309736344521016,2.75715359198573,1.2733727610425531,0.34418999172881226,-1.2316677318595153,-1.4808191612186874,-1.1754452392961858,-1.2676136780735823,-1.2761757670616813
1.7965806060563545,0.3373796974161262,-0.2166945336074462,-0.7030746009502787,-0.010684955963028146,-0.6865507261215884,-0.6874206446824462,0.5046047827878999,-1.7323153315654782,0.805554027264841,0.8802821802403235,2.8030363868457857,1.3813945654705555,0.41390077802624936,-1.2961079817621928,-1.4732325972072122,-1.1819492070596869,-1.2676136780735823,-1.2761757670616813
1.7965806060563545,0.3373796974161262,-0.07223151005309006,-0.7030746009502787,-0.010684955963028146,-0.6865507261215884,-0.6874206446824462,0.6694889415396119,-1.9715328365349023,0.9397961363915461,0.9946836706157635,2.4885880566041805,1.3431622387907247,0.41390077802624936,-1.3424402433064473,-1.3976542020765437,-1.1563683967962546,-1.2676136780735823,-1.2761757670616813
1.7965806060563545,0.3373796974161262,0.07223151350126605,-0.7030746009502787,-0.010684955963028146,-0.6865507261215884,-0.6874206446824462,0.6994679834585895,-1.7921197078078341,1.0602750552325229,1.0906331954829918,2.079052864169665,1.2498025475125252,0.41390077802624936,-1.3734022497816447,-1.2889799582003147,-1.1073589352065425,-1.2676136780735823,-1.2761757670616813
1.7965806060563545,0.3373796974161262,0.2166945370556222,-0.7030746009502787,-0.010684955963028146,-0.6865507261215884,-0.6874206446824462,0.7294467394762346,-1.672510955323122,1.1527463264909112,1.203318903545338,1.729107450094749,1.4121599396438602,0.41390077802624936,-1.4007533116189979,-1.1697968202555922,-1.1054747999182875,-1.2676136780735823,-1.2761757670616813
1.7965806060563545,0.3373796974161262,0.3611575606099783,-0.7030746009502787,-0.010684955963028146,-0.6865507261215884,-0.6874206446824462,0.7594257813952123,-1.55290220283841,1.168358732955281,1.3447116117925746,1.5179807816510595,1.6425377211679624,0.41390077802624936,-1.4396103730602792,-1.0815312837026116,-1.1255309386017651,-1.2676136780735823,-1.2761757670616813
1.7965806060563545,0.3373796974161262,0.5056205841643344,1.2237068535049322,-0.010684955963028146,0.8128248360596041,-0.6874206446824462,0.6694889415396119,-1.3136846978689858,1.1146941917371394,1.42497139977405,1.340487902676106,1.9337545651591461,0.41390077802624936,-1.4434563110916556,-0.9847543388689052,-1.1481774630764368,0.8886570669469726,0.8680869055695425
1.7965806060563545,0.3373796974161262,0.6500836077186906,-0.7030746009502787,-0.010684955963028146,2.7939614220388647,-0.6874206446824462,0.6694889415396119,-1.3136846978689858,1.0386356949072848,1.4383205479731658,1.3813568774243679,2.1473943621467684,0.41390077802624936,-1.4290053019743232,-0.9630744450796668,-1.1701964519365013,0.5635706582922705,0.5705935521258417
1.7965806060563545,0.3373796974161262,0.7945466312730467,2.4910361965136936,-0.010684955963028146,-0.6865507261215884,-0.6874206446824462,0.6395098996206342,-1.0146628166572054,0.9577926454681243,1.415648008453913,1.4687120626454127,2.1058875131384434,0.41390077802624936,-1.394330158862453,-0.9458933130494485,-1.1230328053496008,0.8395569081707807,0.8327154932261762
1.7965806060563545,0.3373796974161262,0.9390096548274028,-0.7030746009502787,-0.010684955963028146,0.8429528911295052,1.6772823357143092,0.5195943037473887,-0.536227806718357,0.8584417407530582,1.2714408884238437,1.5590984166792912,1.462891437040806,0.41390077802624936,-1.282835313876633,-0.8964162591319491,-0.8810347440461295,0.7169200188035142,0.7149759576178573
1.7965806060563545,0.3373796974161262,1.083472678381759,2.2893996977160653,-0.010684955963028146,-0.6865507261215884,-0.6874206446824462,0.3696996659551655,-0.2970103017489328,0.6731637498983595,1.0651010187752494,1.4779572518546955,1.133286840483921,0.41390077802624936,-1.1614353165892852,-0.8350659787980002,-0.7441348146656402,0.7853026248310133,0.7748902809827475
1.7965806060563545,0.3373796974161262,1.227935701936115,-0.7030746009502787,-0.010684955963028146,1.1521636390459344,1.4271858510664683,0.3996787078741431,-0.17740154926422066,0.6611667310760363,0.9013161685238357,1.2875589043493014,0.8739249793633217,0.41390077802624936,-1.0616754391292966,-0.7490963418478865,-0.6302687612491452,0.6997946648002443,0.6967570747565095
1.7965806060563545,0.3373796974161262,1.3723987254904713,2.3300851180416773,-0.010684955963028146,-0.6865507261215884,-0.6874206446824462,0.2347945491224311,0.18142470818991568,0.6115367244484946,0.7844711146919537,1.231915364632825,0.8960638099967737,0.41390077802624936,-0.9832160859156556,-0.706090270063324,-0.609600698919204,0.7869319932414339,0.7767212977450277
1.7965806060563545,0.3373796974161262,1.5168617490448273,-0.7030746009502787,-0.010684955963028146,1.2502091812283975,1.375488045816338,0.06991039037071911,0.7196640943711202,0.6331734691921503,0.6858866881135791,1.0678708624662463,0.8221518844066164,0.41390077802624936,-0.9302502621455705,-0.6511855980132083,-0.5804868893474383,0.7109092400927723,0.707592535006355
1.7965806060563545,0.3373796974161262,1.6613247725991833,1.4985780047275803,-0.010684955963028146,0.5746587810357163,-0.6874206446824462,0.1298681883073419,0.48044658940169593,0.5700758329976731,0.6098168600223922,1.078615473163748,0.8384488174763858,0.41390077802624936,-0.8651122626282517,-0.6214938571518777,-0.5516333520277992,0.7505033418229728,0.7421198703177915
1.7965806060563545,0.44762462931676716,-1.6613247691510074,-0.7030746009502787,-0.010684955963028146,1.0670398780868564,1.573854928944766,0.06991039037071911,0.7196640943711202,0.551023282857267,0.538416381121462,1.126368193329178,0.7644107609317262,0.41390077802624936,-0.786954182996062,-0.5858470690893838,-0.4735431607708491,0.6674503088467569,0.6638229246091228
1.7965806060563545,0.44762462931676716,-1.5168617455966513,2.2871325085809575,-0.010684955963028146,-0.6865507261215884,-0.6874206446824462,0.06991039037071911,0.7196640943711202,0.46748029932984275,0.48152908278372125,1.145511719416465,0.8083987278773223,0.41390077802624936,-0.7144723386572828,-0.5430693619467538,-0.4373633525824165,0.7695476298747425,0.7566847019543472
1.7965806060563545,0.44762462931676716,-1.372398722042295,-0.7030746009502787,-0.010684955963028146,1.2005464715158356,1.345083072500615,-0.020026449484881293,0.5402509656440521,0.47245513549925655,0.40731488787543024,0.9686744747130324,0.7048012718340173,0.41390077802624936,-0.6204248493204788,-0.43547188012863985,-0.349426048887209,0.6573453488174756,0.6549376015950258
1.7965806060563545,0.44762462931676716,-1.227935698487939,2.2964664334412843,-0.010684955963028146,-0.6865507261215884,-0.6874206446824462,-0.07998424742150408,0.7196640943711202,0.444117270741911,0.3739559328870742,0.9927903775321184,0.7698368332195987,0.41390077802624936,-0.5810226032062029,-0.42705123215432284,-0.35568350039848623,0.7660590020228006,0.7547640378254361
1.7965806060563545,0.44762462931676716,-1.083472674933583,-0.7030746009502787,-0.010684955963028146,1.2113894459134085,1.282074581197047,-0.07998424742150408,0.7196640943711202,0.45561798295900474,0.33239308931246914,0.8970702604928843,0.714523934055898,0.41390077802624936,-0.5267184016778779,-0.37077420354756035,-0.3115407150600512,0.6867230499872905,0.6797568229931514
1.7965806060563545,0.44762462931676716,-0.9390096513792268,1.5028642356173532,-0.010684955963028146,0.5569975001603041,-0.6874206446824462,-0.020026449484881293,0.7196640943711202,0.4283145807174337,0.29611326889411793,0.878169592612368,0.6985736576739862,0.41390077802624936,-0.46050184273896283,-0.3281574143197585,-0.2685947017131477,0.71755361214568,0.7106125050854346
1.7965806060563545,0.44762462931676716,-0.7945466278248707,-0.7030746009502787,-0.010684955963028146,1.025988307145302,1.4967435370983706,0.06991039037071911,0.7196640943711202,0.42637185749722756,0.29690854025821617,0.9407101396276113,0.6833663333014965,0.41390077802624936,-0.40639310751028357,-0.30425524846415486,-0.21501923072717352,0.6536376145019593,0.6466444014842685
1.7965806060563545,0.44762462931676716,-0.6500836042705146,1.5899980080317144,-0.010684955963028146,0.39303859377876227,-0.6874206446824462,0.2198050281629423,0.36083783691698385,0.43466390500831276,0.369659519349623,1.131657197484139,0.7803773122755093,0.41390077802624936,-0.39307319992715234,-0.3249449115268369,-0.20252397913305145,0.7150271474598695,0.7052256807878206
1.7965806060563545,0.44762462931676716,-0.5056205807161585,-0.7030746009502787,-0.010684955963028146,1.0255125894516424,1.538167591208451,0.24978407008191994,0.24122908443227173,0.4856232809750261,0.4581475480588551,1.3121223956723334,0.8627806992219879,0.41390077802624936,-0.3898493315867568,-0.3475055164375264,-0.19064272550283862,0.6248960230733996,0.6214856253344524
1.7965806060563545,0.44762462931676716,-0.3611575571618023,2.2881399690287774,-0.010684955963028146,-0.6865507261215884,-0.6874206446824462,0.3696996659551655,0.0020115794628475024,0.6913328873593652,0.6871529994719858,1.5757412492176803,1.0963125683567372,0.3698261496924979,-0.478555119814994,-0.4081698353636572,-0.24672309856632596,0.7796031606361952,0.7660321796576046
1.7965806060563545,0.44762462931676716,-0.2166945336074462,-0.7030746009502787,-0.010684955963028146,1.1337146207142883,1.3050080587892516,0.3696996659551655,0.0020115794628475024,0.9205859974608103,0.9237549274846133,2.0043387387146927,1.3681809239272933,0.18137389660427888,-0.5803200332142581,-0.5299426240104845,-0.325156753122433,0.6405145932504638,0.6384435095067315
1.7965806060563545,0.44762462931676716,-0.07223151005309006,1.5882106302213908,-0.010684955963028146,-0.6865507261215884,-0.6874206446824462,0.4896152618284111,-0.057792796779508555,1.329817930131343,1.0933648099846978,2.135691873873621,1.5045366232250366,-0.23999650518166796,-0.6228622731038536,-0.5352396860989953,-0.3341745752808442,0.28396133295332493,0.23589029896260855
1.7965806060563545,0.44762462931676716,0.07223151350126605,-0.7030746009502787,-0.010684955963028146,-0.6865507261215884,-0.6874206446824462,0.8043940583723462,-0.596032182960713,1.5420167944212109,1.2893195349434141,2.059320013218849,1.5988988521545044,-0.08588494245679622,-0.6812611441324014,-0.47445652213603734,-0.3292564777918356,-1.2676136780735823,-1.2761757670616813
1.7965806060563545,0.44762462931676716,0.2166945370556222,-0.7030746009502787,-0.010684955963028146,-0.6865507261215884,-0.6874206446824462,1.1191728549162814,-0.7754453116877812,1.6383035453126868,1.3892301095707575,1.951403109447089,1.722367222894504,0.41390077802624936,-0.6794595281153217,-0.38357672007861676,-0.3162546560425679,-1.2676136780735823,-1.2761757670616813
1.7965806060563545,0.44762462931676716,0.3611575606099783,-0.7030746009502787,-0.010684955963028146,-0.6865507261215884,-0.6874206446824462,1.2990465346274822,-1.3136846978689858,1.6060926581274446,1.4447418598010422,1.7932427383721994,2.224198348461446,0.41390077802624936,-0.7086876448745498,-0.3327199360072954,-0.4938092422147459,-1.2676136780735823,-1.2761757670616813
1.7965806060563545,0.44762462931676716,0.5056205841643344,-0.7030746009502787,-0.010684955963028146,-0.6865507261215884,-0.6874206446824462,1.2690674927085046,-1.2538803216266297,1.511016921508544,1.502901035700963,1.6608684383301944,2.722941300013319,0.41390077802624936,-0.7085177265746112,-0.26199000632521585,-0.6326354482800174,-1.2676136780735823,-1.2761757670616813
1.7965806060563545,0.44762462931676716,0.6500836077186906,1.0849992762131357,-0.010684955963028146,0.8408209478506631,-0.6874206446824462,0.9692782171240583,-0.7754453116877812,1.326414404597458,1.5153839434378717,1.4063281716065505,2.9486408437475324,0.41390077802624936,-0.6844278910017538,-0.14521825152735704,-0.6824302027848077,0.8215287061227735,0.8135819206811005
1.7965806060563545,0.44762462931676716,0.7945466312730467,-0.7030746009502787,-0.010684955963028146,2.228081418320702,-0.6874206446824462,0.8793413772684578,-0.35681467799128885,1.1939410825157404,1.5108836676872264,1.3924396661026286,2.7737582409600887,0.41390077802624936,-0.65844412918646,-0.11403877900063511,-0.6069418606523038,0.2499085217608913,0.3033135103174135
1.7965806060563545,0.44762462931676716,0.9390096548274028,1.6488243456260796,-0.010684955963028146,0.2511065253664287,-0.6874206446824462,0.6694889415396119,0.06181595570520356,0.9360924728710993,1.3858208097596627,1.4521852715710095,2.1463641570603187,0.41390077802624936,-0.5627598807363466,-0.11083495102791992,-0.37615657688853743,0.7109340445980827,0.6995600900213684
1.7965806060563545,0.44762462931676716,1.083472678381759,-0.7030746009502787,-0.010684955963028146,1.8670880463343225,-0.6874206446824462,0.5945416226435003,0.18142470818991568,0.8281689995202532,1.1791121791110926,1.639816859027938,1.5568614393891769,0.41390077802624936,-0.4040639011973662,-0.1477369855742747,-0.1262408458950605,-0.005148836890641234,0.03434019758629971
1.7965806060563545,0.44762462931676716,1.227935701936115,2.3011362625559872,-0.010684955963028146,-0.6865507261215884,-0.6874206446824462,0.5195943037473887,0.3010334606746278,0.6596732339925793,1.0201205260838895,1.7113812876032908,1.0273262599769115,0.41390077802624936,-0.2669617658636342,-0.1448649694744529,0.12034178448708115,0.7960111611561791,0.7778629712862752
1.7965806060563545,0.44762462931676716,1.3723987254904713,-0.7030746009502787,-0.010684955963028146,0.7294843888558484,1.7863414474945911,0.5195943037473887,0.06181595570520356,0.6625686828041151,0.8866568751115992,1.6038257701050869,0.47452439507351674,0.41390077802624936,-0.17012351908712925,-0.10130869721830185,0.36981011795991436,0.6954565725128201,0.692378885670668
1.7965806060563545,0.44762462931676716,1.5168617490448273,-0.7030746009502787,-0.010684955963028146,-0.6865507261215884,-0.6874206446824462,0.3696996659551655,0.36083783691698385,0.5972052990640254,0.7827574197052748,1.5199526576712212,0.3864459289225357,0.41390077802624936,-0.094243790787308,-0.06615875948312736,0.4144968111675165,-1.2676136780735823,-1.2761757670616813
1.7965806060563545,0.44762462931676716,1.6613247725991833,1.223165229294767,-0.010684955963028146,-0.6865507261215884,0.8518900937247448,0.2797628260995651,0.36083783691698385,0.4618620300911988,0.7079142437706104,1.3113175652328306,0.4586131786000958,0.41390077802624936,-0.03393315812030189,0.013939976021824698,0.3783322874234202,0.8294950864116043,0.8185207128199137
1.7965806060563545,0.557869561217408,-1.6613247691510074,-0.7030746009502787,-0.010684955963028146,1.3609961754117592,1.1835651368672362,0.06991039037071911,0.7196640943711202,0.4023497023505722,0.6104861960261214,0.9385136404878767,0.5563337459116949,0.41390077802624936,0.03948986488693169,0.15695089323888145,0.32215671410663826,0.6805629050163104,0.6786509674636857
1.7965806060563545,0.557869561217408,-1.5168617455966513,2.261792450594821,-0.010684955963028146,-0.6865507261215884,-0.6874206446824462,0.06991039037071911,0.7196640943711202,0.32146807308307357,0.5369552526309928,0.9014889536679503,0.6289160071169717,0.41390077802624936,0.09862336141649072,0.15983787340355923,0.27578152649828563,0.7920569994726884,0.7798741014792292
1.7965806060563545,0.557869561217408,-1.372398722042295,-0.7030746009502787,-0.010684955963028146,1.1808269898800576,1.2227218241170759,-0.020026449484881293,0.7196640943711202,0.3505696876624322,0.4685883547864653,0.7612188608692992,0.6080889384103418,0.41390077802624936,0.1454820081622573,0.20021872772317093,0.26514617343068525,0.6819641798235513,0.6788752905546157
1.7965806060563545,0.557869561217408,-1.227935698487939,2.283559723805931,-0.010684955963028146,-0.6865507261215884,-0.6874206446824462,-0.05000534845319268,0.7794684706134762,0.33229200356576366,0.41498859555228035,0.7644854280805046,0.6440598591381635,0.41390077802624936,0.18757932722676526,0.18838041745805184,0.2383584379376982,0.7831180309357842,0.7723877276681487
1.7965806060563545,0.557869561217408,-1.083472674933583,-0.7030746009502787,-0.010684955963028146,1.2198373051505982,1.2473382029354672,-0.07998424742150408,0.7794684706134762,0.36400789193656763,0.3763000004510698,0.7160099353679619,0.6198834032784317,0.41390077802624936,0.2141694925068045,0.2022521055795425,0.24209657632394518,0.6982821292046911,0.6913254267755801
1.7965806060563545,0.557869561217408,-0.9390096513792268,1.4756362866942296,-0.010684955963028146,0.5687167030362824,-0.6874206446824462,-0.10996314638981547,0.8392728468558323,0.35598917270082614,0.33884362371015503,0.7485968650580244,0.6360607153784474,0.41390077802624936,0.24421201201141216,0.18763872033040777,0.23422814437962297,0.7303672960519649,0.7234367860237529
1.7965806060563545,0.557869561217408,-0.7945466278248707,-0.7030746009502787,-0.010684955963028146,1.0444828261798378,1.500955915220399,0.2198050281629423,0.36083783691698385,0.40474295949831857,0.4554507223307319,1.2223651521467789,0.6784521085644746,0.41390077802624936,0.16812862277052973,-0.013229777735010885,0.20937279934915257,0.6525149410224792,0.6495638764560062
1.7965806060563545,0.557869561217408,-0.6500836042705146,2.25331673941848,-0.010684955963028146,-0.6865507261215884,-0.6874206446824462,0.5195943037473887,-0.41661905423364487,0.5594670341001219,0.6626582239924764,1.8130062574242114,0.858043057821269,0.41390077802624936,0.027668853626237687,-0.24982704091387364,0.11675103181407695,0.772735907521079,0.7355418412854948
1.7965806060563545,0.557869561217408,-0.5056205807161585,-0.7030746009502787,-0.010684955963028146,-0.6865507261215884,1.515255868958387,0.819383579331835,-0.8950540641724933,0.6986506307310673,0.8475960401330549,2.4787013238725755,1.140756234234728,0.41390077802624936,-0.0892416852597534,-0.4848879934341894,-0.009539528054183611,-0.10488829197180966,-0.0829368763213293
1.7965806060563545,0.557869561217408,-0.3611575571618023,-0.7030746009502787,-0.010684955963028146,-0.6865507261215884,-0.6874206446824462,0.9692782171240583,-0.536227806718357,0.8449178761821046,1.0293165904927144,2.8865116428316995,1.3141708354613857,0.41390077802624936,-0.18198839578128256,-0.5881027392135434,-0.04826878155790945,-1.2676136780735823,-1.2761757670616813
1.7965806060563545,0.557869561217408,-0.2166945336074462,-0.7030746009502787,-0.010684955963028146,-0.6865507261215884,-0.6874206446824462,0.9692782171240583,-0.536227806718357,1.0231893778733874,1.1693448830400415,3.0209299303750576,1.3689979270132298,0.41390077802624936,-0.24559833569347975,-0.6095325813103334,-0.045838991606848914,-1.2676136780735823,-1.2761757670616813
1.7965806060563545,0.557869561217408,-0.07223151005309006,-0.7030746009502787,-0.010684955963028146,-0.6865507261215884,-0.6874206446824462,1.1791306528529042,-0.596032182960713,1.1543241760803955,1.2652797966223652,2.715580908645153,1.3228372526578225,0.41390077802624936,-0.26181480799811774,-0.4722006351413725,0.02303577146134217,-1.2676136780735823,-1.2761757670616813
1.7965806060563545,0.557869561217408,0.07223151350126605,-0.7030746009502787,-0.010684955963028146,-0.6865507261215884,-0.6874206446824462,1.194120173812393,-0.596032182960713,1.2583661263632027,1.3480972552376334,2.3175727779224444,1.2787931370937706,0.41390077802624936,-0.2816287278841511,-0.3058941388716421,0.07899583411298242,-1.2676136780735823,-1.2761757670616813
1.7965806060563545,0.557869561217408,0.2166945370556222,-0.7030746009502787,-0.010684955963028146,-0.6865507261215884,-0.6874206446824462,1.194120173812393,-0.596032182960713,1.3242898984572864,1.423183952587376,1.9389659511105917,1.4386157039136596,0.41390077802624936,-0.2753991132763307,-0.11563190973153376,0.07078743245678014,-1.2676136780735823,-1.2761757670616813
1.7965806060563545,0.557869561217408,0.3611575606099783,-0.7030746009502787,-0.010684955963028146,-0.6865507261215884,-0.6874206446824462,1.2091096947718818,-0.596032182960713,1.3058951670848127,1.4921408680318644,1.6705595583082233,1.8726656820273413,0.41390077802624936,-0.28349831122120617,0.024096021778424744,-0.06833376338418166,-1.2676136780735823,-1.2761757670616813
1.7965806060563545,0.557869561217408,0.5056205841643344,2.2408989786648803,-0.010684955963028146,-0.6865507261215884,-0.6874206446824462,1.3290252906451274,-1.0744671928995615,1.2653543064555428,1.5668128832005024,1.4882136595358562,2.440573966539624,0.41390077802624936,-0.31198457191346823,0.10116702816085077,-0.2791691353526077,0.8425656227678054,0.8092246083792689
1.7965806060563545,0.557869561217408,0.6500836077186906,-0.7030746009502787,-0.010684955963028146,2.31400138928069,-0.6874206446824462,1.4489411724197054,-1.493097826596054,1.2609738612006924,1.6272632477285731,1.3657484716506538,2.8462404111498576,0.41390077802624936,-0.3475285880342444,0.13040290722033698,-0.43878851784217315,0.3986386722578605,0.43250426896669364
1.7965806060563545,0.557869561217408,0.7945466312730467,2.270646743298147,-0.010684955963028146,-0.6865507261215884,-0.6874206446824462,1.568856768292951,-1.9117284602925464,1.2432395641777334,1.6828591867909277,1.4574303457431759,2.944415863645758,0.41390077802624936,-0.39229519103041216,0.05186932615111806,-0.5051939697532342,0.7853863849721336,0.775091271197431
1.7965806060563545,0.557869561217408,0.9390096548274028,-0.7030746009502787,-0.010684955963028146,1.2005745041327882,-0.6874206446824462,1.3440148116046162,-1.612706579080766,1.1781410080728452,1.5924807361252171,1.388581287425095,2.4216421171429,0.41390077802624936,-0.3392609179026213,0.04971580203488833,-0.3533318794627456,-0.2615035790155787,-0.2505135935226997
1.7965806060563545,0.557869561217408,1.083472678381759,2.2652876557194994,-0.010684955963028146,-0.6865507261215884,-0.6874206446824462,1.1191728549162814,-1.3136846978689858,0.9726844592065876,1.384827938161615,1.3635909292881145,1.7626404297929887,0.41390077802624936,-0.21789201204887917,0.03501675293621573,-0.13326579486122428,0.7523059822849815,0.7431119269069679
1.7965806060563545,0.557869561217408,1.227935701936115,-0.7030746009502787,-0.010684955963028146,2.268255923989315,-0.6874206446824462,0.9093204191874354,-0.9548584404148494,0.9399197226213067,1.2002387055323345,1.2689524844667497,1.2329294807925137,0.41390077802624936,-0.1024507241649105,0.06304769946903804,0.06936401399066192,0.2732217011251252,0.31050341332811804
1.7965806060563545,0.557869561217408,1.3723987254904713,2.30139211415113,-0.010684955963028146,-0.6865507261215884,-0.6874206446824462,0.7894045374128574,-0.7156409354454252,0.8270142202516958,1.0545161865250072,1.388157736081546,0.7903603738873299,0.41390077802624936,-0.00768090128921858,0.006619945861190033,0.2516617999388004,0.758153374797701,0.7447051120710177
1.7965806060563545,0.557869561217408,1.5168617490448273,-0.7030746009502787,-0.010684955963028146,0.7797205120241366,1.7377839422081047,0.6694889415396119,0.06181595570520356,0.8131333287947669,0.9221567312262285,1.331632281238776,0.332461880395622,0.41390077802624936,0.10351700845472281,0.0583689351907359,0.4971297576304169,0.7277908628699497,0.7220081590395458
1.7965806060563545,0.557869561217408,1.6613247725991833,-0.7030746009502787,-0.010684955963028146,-0.6865507261215884,-0.6874206446824462,0.5495733456663663,0.18142470818991568,0.7418208047458803,0.8189565301689145,1.287190058267346,0.2888685812754036,0.41390077802624936,0.19268025048903595,0.09193007960511494,0.5361874083381681,-1.2676136780735823,-1.2761757670616813
1.7965806060563545,0.6681144931180489,-1.6613247691510074,0.6661561502937355,-0.010684955963028146,0.29995764897848354,0.5979442732268514,0.3696996659551655,0.7196640943711202,0.5858020172608699,0.736849458310203,1.102277985405689,0.3447519178526913,0.41390077802624936,0.2607820589912415,0.17990446750491923,0.5211385627938616,0.8221267103921027,0.8126979321503282
1.7965806060563545,0.6681144931180489,-1.5168617455966513,-0.7030746009502787,-0.010684955963028146,-0.6865507261215884,-0.6874206446824462,0.3696996659551655,0.7196640943711202,0.5051414046370702,0.661891479422716,0.9728080374337329,0.3570745052335031,0.41390077802624936,0.3330115565781971,0.25236025266705475,0.5337938643551051,-1.2676136780735823,-1.2761757670616813
1.7965806060563545,0.6681144931180489,-1.372398722042295,1.086768737245088,-0.010684955963028146,-0.6865507261215884,0.8239000679796508,0.3696996659551655,0.7196640943711202,0.3640379711247634,0.6040975856454126,0.7509317850869422,0.28877744148892465,0.41390077802624936,0.39906374065107225,0.37133497805631954,0.5898181216729578,0.8140409808893151,0.8063479103473161
1.7965806060563545,0.6681144931180489,-1.227935698487939,-0.7030746009502787,-0.010684955963028146,0.9615191457158716,0.6218624938299042,0.2198050281629423,0.7196640943711202,0.32728120314959414,0.5296781369729843,0.4565395641601137,0.3586133028784292,0.41390077802624936,0.4706588765849236,0.5107354351034878,0.5583786747208231,0.4229424141493783,0.4318809332245156
1.7965806060563545,0.6681144931180489,-1.083472674933583,2.301675020081613,-0.010684955963028146,-0.6865507261215884,-0.6874206446824462,0.3846891869146543,0.6000553418864081,0.2942666785232097,0.4935729561980177,0.44064685679963406,0.41131325691370174,0.41390077802624936,0.5100852245857157,0.5256199084840715,0.5399764220891345,0.8127775688036177,0.8059144100675811
1.7965806060563545,0.6681144931180489,-0.9390096513792268,-0.7030746009502787,-0.010684955963028146,1.2569495612150812,1.2169311377599228,0.5495733456663663,0.4206422131593399,0.32245218565339,0.4727407428012846,0.4268917989792961,0.42460745951822676,0.41390077802624936,0.5417223249022295,0.5442664345176498,0.5457035033819424,0.7365820828317445,0.7296564302638796
1.7965806060563545,0.6681144931180489,-0.7945466278248707,2.3139019671455587,-0.010684955963028146,-0.6865507261215884,-0.6874206446824462,0.7294467394762346,0.0020115794628475024,0.37297672118205655,0.5131437286646457,0.5267197838436338,0.5167847748164803,0.41390077802624936,0.5335402164677386,0.5163690802160055,0.5205992402579953,0.786525055560111,0.7796403633680595
1.7965806060563545,0.6681144931180489,-0.6500836042705146,-0.7030746009502787,-0.010684955963028146,1.2626734450392787,1.2528379115914858,0.9093204191874354,-0.41661905423364487,0.5315025436136406,0.7013864782955712,1.0163169554876756,0.7245598892938001,0.41390077802624936,0.4226161041546203,0.3117378788860766,0.4413044164381408,0.7142244161503342,0.7109362999119411
1.7965806060563545,0.6681144931180489,-0.5056205807161585,-0.7030746009502787,-0.010684955963028146,-0.6865507261215884,-0.6874206446824462,1.0891938129973038,-0.7754453116877812,0.6490932064924326,0.9047734768424746,1.435936980010173,0.9215121541267431,0.41390077802624936,0.29603685247382433,0.13907924552023657,0.3572565671281096,-1.2676136780735823,-1.2761757670616813
1.7965806060563545,0.6681144931180489,-0.3611575571618023,-0.7030746009502787,-0.010684955963028146,-0.6865507261215884,-0.6874206446824462,1.2690674927085046,-1.0146628166572054,0.82736993934688,1.1220850299035496,1.7163486911294905,1.0547577082108919,0.24493736162575433,0.1602675514644335,0.035459602507750584,0.3081188253805749,-1.2676136780735823,-1.2761757670616813
1.7965806060563545,0.6681144931180489,-0.2166945336074462,-0.7030746009502787,-0.010684955963028146,-0.6865507261215884,-0.6874206446824462,1.4189621305007278,-1.1940759453842735,0.9740844492484797,1.2877985697623828,1.96281578743011,1.0860967747901578,0.22452275861592588,0.0661646277886425,-0.04821099021717162,0.30865443597995945,-1.2676136780735823,-1.2761757670616813
1.7965806060563545,0.6681144931180489,-0.07223151005309006,-0.7030746009502787,-0.010684955963028146,-0.6865507261215884,-0.6874206446824462,1.568856768292951,-1.2538803216266297,1.1264361913551946,1.4434094497728287,1.9336678294120317,1.1824225778693913,0.41390077802624936,-0.0035245309595144637,-0.005511573326904136,0.30023707413475964,-1.2676136780735823,-1.2761757670616813
1.7965806060563545,0.6681144931180489,0.07223151350126605,-0.7030746009502787,-0.010684955963028146,-0.6865507261215884,-0.6874206446824462,1.6737831291080403,-1.493097826596054,1.2490579254074186,1.572493889926541,1.7566299987494234,1.2184895208722533,0.41390077802624936,-0.06079639777456874,0.08717085636939878,0.30802777376217155,-1.2676136780735823,-1.2761757670616813
1.7965806060563545,0.6681144931180489,0.2166945370556222,-0.7030746009502787,-0.010684955963028146,-0.6865507261215884,-0.6874206446824462,1.763719683062308,-1.612706579080766,1.3224079875088672,1.6838757147550114,1.644144376767015,1.4068835970052032,0.41390077802624936,-0.12273824612098555,0.13974503797107496,0.23107452681463667,-1.2676136780735823,-1.2761757670616813
1.7965806060563545,0.6681144931180489,0.3611575606099783,-0.7030746009502787,-0.010684955963028146,-0.6865507261215884,-0.6874206446824462,1.8686460438773973,-1.7323153315654782,1.354250077691014,1.8040597950753512,1.5863805937299946,1.6858283059973758,0.41390077802624936,-0.1861621194692783,0.17192905467769382,0.11947406474718947,-1.2676136780735823,-1.2761757670616813
1.7965806060563545,0.6681144931180489,0.5056205841643344,-0.7030746009502787,-0.010684955963028146,-0.6865507261215884,-0.6874206446824462,1.6737831291080403,-1.4332934503536978,1.3092980387233024,1.8700262675426793,1.5136549216471822,1.8625532344686442,0.41390077802624936,-0.2184702163064008,0.20989548966336938,0.05314438001019551,-1.2676136780735823,-1.2761757670616813
1.7965806060563545,0.6681144931180489,0.6500836077186906,-0.7030746009502787,-0.010684955963028146,-0.6865507261215884,-0.6874206446824462,1.4639304074778619,-1.0744671928995615,1.1645151358201844,1.8350245866657526,1.344187967642059,1.8850183780876149,0.41390077802624936,-0.18787407646851798,0.2923748127034527,0.052868604964527874,-1.2676136780735823,-1.2761757670616813
1.7965806060563545,0.6681144931180489,0.7945466312730467,2.250880415895547,-0.010684955963028146,-0.6865507261215884,-0.6874206446824462,1.2690674927085046,-0.7156409354454252,0.9497654255922404,1.7274486536672191,1.0862849850656213,1.6931740100379613,0.41390077802624936,-0.10964995766727419,0.42096579316197663,0.14533468951657813,0.8621768195858703,0.8486639234892706
1.7965806060563545,0.6681144931180489,0.9390096548274028,-0.7030746009502787,-0.010684955963028146,2.791020298443806,-0.6874206446824462,1.2990465346274822,-0.7156409354454252,0.8611567144354197,1.531898870033004,0.768296561304844,1.2329612169681627,0.41390077802624936,0.037422887099309625,0.5944409439797407,0.3710389872845521,0.6860064154751728,0.6906045637041793
1.7965806060563545,0.6681144931180489,1.083472678381759,2.3011480876297123,-0.010684955963028146,-0.6865507261215884,-0.6874206446824462,1.3440148116046162,-0.6558365592030692,0.7050365731640976,1.3327971526160056,0.8096868937734428,0.8671505264844167,0.41390077802624936,0.20570346384915378,0.6175079415199767,0.5869533801059273,0.8264293933494825,0.8145680417140387
1.7965806060563545,0.6681144931180489,1.227935701936115,-0.7030746009502787,-0.010684955963028146,0.9112374172453768,1.590605287277353,1.3739938535235938,-0.6558365592030692,0.7178967339085588,1.179652796652566,0.9075148211192222,0.47064200291913166,0.41390077802624936,0.342592056468353,0.6057583312914676,0.826369789586397,0.7714511060431213,0.76643068062297
1.7965806060563545,0.6681144931180489,1.3723987254904713,-0.7030746009502787,-0.010684955963028146,-0.6865507261215884,-0.6874206446824462,1.2540779717490158,-0.47642343047600094,0.6698916573389816,1.0640629217715445,0.9474770147131936,0.4183432266939852,0.41390077802624936,0.45071697568148966,0.6121247818409178,0.8818601830985034,-1.2676136780735823,-1.2761757670616813
1.7965806060563545,0.6681144931180489,1.5168617490448273,-0.7030746009502787,-0.010684955963028146,-0.6865507261215884,-0.6874206446824462,1.1341623758757702,-0.35681467799128885,0.5701830718425448,0.9837015505712079,0.8382977455867858,0.37667606931122843,0.41390077802624936,0.5486226950117934,0.6990839989060724,0.9403192523991272,-1.2676136780735823,-1.2761757670616813
1.7965806060563545,0.6681144931180489,1.6613247725991833,1.2448384394194276,-0.010684955963028146,0.7926285907369964,-0.6874206446824462,0.9992572590430359,-0.17740154926422066,0.4220947277148754,0.9014706306785424,0.6451525308553235,0.23947732698855476,0.41390077802624936,0.6412954127417181,0.8147453767175167,1.0355142653128195,0.8511972311302122,0.8418235019363789
1.7965806060563545,0.7783594250186899,-1.6613247691510074,-0.7030746009502787,-0.010684955963028146,0.932917822276722,1.632101092179302,0.8793413772684578,0.0020115794628475024,0.38076919261093456,0.8094912006525604,0.6833890221063035,0.08182339883800908,0.41390077802624936,0.7326217990908526,0.7990417834389472,1.129566438488567,0.7608635366170414,0.7578971928217458
1.7965806060563545,0.7783594250186899,-1.5168617455966513,-0.7030746009502787,-0.010684955963028146,-0.6865507261215884,-0.6874206446824462,0.7594257813952123,0.24122908443227173,0.30708956723012404,0.7295431200823851,0.725741669858386,0.21785685389070172,0.41390077802624936,0.8178827046793414,0.7812618719439846,1.0561434614843057,-1.2676136780735823,-1.2761757670616813
1.7965806060563545,0.7783594250186899,-1.372398722042295,-0.7030746009502787,-0.010684955963028146,-0.6865507261215884,0.9212541781301913,0.6395098996206342,0.4206422131593399,0.22976316722828036,0.6741969644143536,0.6495554755459916,0.24913895810341827,0.41390077802624936,0.8746942254619379,0.8168164900417859,1.0348347625874692,-0.40254765810800297,-0.41040335604701217
1.7965806060563545,0.7783594250186899,-1.227935698487939,-0.7030746009502787,-0.010684955963028146,-0.6865507261215884,-0.6874206446824462,0.7144572185167458,0.3010334606746278,0.1232396839193264,0.6162750479502662,0.4708408457287857,0.3225341536541637,0.41390077802624936,0.9397649807158768,0.9089808161012638,0.9926501329177176,-1.2676136780735823,-1.2761757670616813
1.7965806060563545,0.7783594250186899,-1.083472674933583,1.2607227384523123,-0.010684955963028146,-0.6865507261215884,0.5626266717139402,0.7894045374128574,0.18142470818991568,0.015358059873796136,0.5827261462581492,0.25790807478491445,0.2933905794313285,0.41390077802624936,0.9867631773845716,1.027174807671956,1.0124133561429505,0.8574664799759992,0.8484531089056412
1.7965806060563545,0.7783594250186899,-0.9390096513792268,-0.7030746009502787,-0.010684955963028146,1.2432598118063727,0.6825880339175633,0.864351856308969,0.12162033194755961,0.015596077797779656,0.5486943763887057,0.07082353994391992,0.3694857911565132,0.41390077802624936,1.0402847906577184,1.146398066660133,0.9848764645282805,0.6587681927597691,0.6754772869454745
1.7965806060563545,0.7783594250186899,-0.7945466278248707,2.2701185566717608,-0.010684955963028146,-0.6865507261215884,-0.6874206446824462,0.9392991752050807,0.0020115794628475024,0.12617828982696908,0.6544049353477402,0.3847728918903853,0.49176202093944393,0.41390077802624936,0.9802715752703212,0.992629504905165,0.9375051678476113,0.8655667686449473,0.8552132981121419
1.7965806060563545,0.7783594250186899,-0.6500836042705146,-0.7030746009502787,-0.010684955963028146,1.2470937951712375,1.1142599383157574,1.0142464941011922,-0.1175971730218646,0.2920865912744156,0.8501293586253399,1.412266179092233,0.7078292284901622,0.41390077802624936,0.843193059785375,0.4931370442213434,0.8384274693740915,0.7375798350707125,0.735703124675689
1.7965806060563545,0.7783594250186899,-0.5056205807161585,-0.7030746009502787,-0.010684955963028146,-0.6865507261215884,-0.6874206446824462,1.0891938129973038,-0.17740154926422066,0.4881760885992889,0.9860943224182193,2.1339993262346257,0.8532036979088549,0.41390077802624936,0.7581731730620472,0.195247188262904,0.7852065974967193,-1.2676136780735823,-1.2761757670616813
1.7965806060563545,0.7783594250186899,-0.3611575571618023,-0.7030746009502787,-0.010684955963028146,-0.6865507261215884,-0.6874206446824462,1.4189621305007278,-0.7754453116877812,0.622584287156466,1.1366413485459816,2.6759519198263413,0.9420560384968134,0.41390077802624936,0.6465954175866119,-0.01907422097854312,0.7433730733482928,-1.2676136780735823,-1.2761757670616813
1.7965806060563545,0.7783594250186899,-0.2166945336074462,-0.7030746009502787,-0.010684955963028146,-0.6865507261215884,-0.6874206446824462,1.568856768292951,-0.7754453116877812,0.8035452606096835,1.2776472056309798,2.8034450185725364,0.9468246023250877,0.41390077802624936,0.5553365165197225,-0.05074143527136785,0.7626485044499933,-1.2676136780735823,-1.2761757670616813
1.7965806060563545,0.7783594250186899,-0.07223151005309006,-0.7030746009502787,-0.010684955963028146,-0.6865507261215884,-0.6874206446824462,1.8086882459407747,-1.0744671928995615,0.9861677822630166,1.3958942470382405,2.5929831019439664,1.028548509613442,0.41390077802624936,0.48743378960014,0.05181597600684893,0.7466775702137988,-1.2676136780735823,-1.2761757670616813
1.7965806060563545,0.7783594250186899,0.07223151350126605,-0.7030746009502787,-0.010684955963028146,-0.6865507261215884,-0.6874206446824462,1.568856768292951,-0.7754453116877812,1.1176792242178668,1.4761693420800923,2.2468877778705854,1.0158662455752756,0.41390077802624936,0.44635598033526375,0.21110194028356938,0.7751909194723531,-1.2676136780735823,-1.2761757670616813
1.7965806060563545,0.7783594250186899,0.2166945370556222,-0.7030746009502787,-0.010684955963028146,-0.6865507261215884,-0.6874206446824462,1.4189621305007278,-0.47642343047600094,1.2112019592723144,1.5436303402605287,1.908615306205059,1.2189818384688584,0.41390077802624936,0.4282636582030765,0.3893807727906072,0.707546990871643,-1.2676136780735823,-1.2761757670616813
1.7965806060563545,0.7783594250186899,0.3611575606099783,-0.7030746009502787,-0.010684955963028146,-0.6865507261215884,-0.6874206446824462,1.3290252906451274,-0.17740154926422066,1.2095920688084478,1.6009441489623921,1.6644723546545588,1.6845393290171733,0.41390077802624936,0.43188665378417895,0.5537844472480717,0.5336689686099572,-1.2676136780735823,-1.2761757670616813
1.7965806060563545,0.7783594250186899,0.5056205841643344,-0.7030746009502787,-0.010684955963028146,-0.6865507261215884,-0.6874206446824462,1.2690674927085046,-0.23720592550657674,1.1314496073529463,1.6354907926808582,1.4647310115630936,2.2253148108458127,0.41390077802624936,0.4222921747998437,0.6590737762797776,0.2947390411577912,-1.2676136780735823,-1.2761757670616813
1.7965806060563545,0.7783594250186899,0.6500836077186906,0.7532487141178428,-0.010684955963028146,0.4159684376515249,-0.6874206446824462,1.4189621305007278,-0.23720592550657674,1.0177535454501043,1.6613374599017874,1.2684104050564151,2.7040761779602676,0.41390077802624936,0.4272267950451532,0.7891468497705587,0.11883146303745086,0.4843164892271676,0.43208437953143564
1.7965806060563545,0.7783594250186899,0.7945466312730467,-0.7030746009502787,-0.010684955963028146,1.1514103147649895,-0.6874206446824462,1.239088450789527,0.06181595570520356,0.9585995523862442,1.687169515837812,1.2318333067404348,2.8624006345399082,0.41390077802624936,0.4161148612857633,0.8171105664467817,0.06186524725007311,-0.25853279014768776,-0.22751904398191017
1.7965806060563545,0.7783594250186899,0.9390096548274028,1.4044819514059048,-0.010684955963028146,0.3669105211897855,-0.6874206446824462,1.1041833339567926,0.3010334606746278,0.7938630314876396,1.5983996980625608,1.21854655911404,2.348752259158257,0.41390077802624936,0.5009891726145337,0.8451024762886754,0.29637185651131664,0.787529817767971,0.7792211902930372
1.7965806060563545,0.7783594250186899,1.083472678381759,-0.7030746009502787,-0.010684955963028146,1.262298561087195,-0.6874206446824462,0.9692782171240583,0.36083783691698385,0.7051536204399027,1.3850032735804714,1.154029162873036,1.7408881295039786,0.41390077802624936,0.6660234662695222,0.8790587587634543,0.5775082485537144,-0.25631305653660236,-0.23004001798828244
1.7965806060563545,0.7783594250186899,1.227935701936115,1.5414872555846415,-0.010684955963028146,0.23895637330446134,-0.6874206446824462,0.8793413772684578,0.7794684706134762,0.5608205975689293,1.21090076885993,1.3684414624827284,1.1867020790934346,0.41390077802624936,0.8223126314210034,0.7891160541588261,0.877701067445394,0.7402358943096298,0.7300805155233748
1.7965806060563545,0.7783594250186899,1.3723987254904713,-0.7030746009502787,-0.010684955963028146,0.5831109288449027,1.6774722765860777,0.819383579331835,1.0784903518252564,0.5531837532441943,1.0655310080167302,1.41452567216956,0.5535442174469638,0.41390077802624936,0.937203432216944,0.7633344885055139,1.2280056838872397,0.7027178218282277,0.6971991713590721
1.7965806060563545,0.7783594250186899,1.5168617490448273,-0.7030746009502787,-0.010684955963028146,-0.6865507261215884,-0.6874206446824462,0.9692782171240583,0.7196640943711202,0.499857275945557,0.9656837489573072,1.400471393145658,0.4982467794970408,0.41390077802624936,1.0195933210836332,0.7707466886308411,1.2609602559715103,-1.2676136780735823,-1.2761757670616813
1.7965806060563545,0.7783594250186899,1.6613247725991833,-0.7030746009502787,-0.010684955963028146,-0.6865507261215884,-0.6874206446824462,1.029236015060681,0.12162033194755961,0.41839041029903296,0.9023069527954681,1.249790723292265,0.47150050715783975,0.41390077802624936,1.075815791759776,0.8476454998321709,1.2771792349043622,-1.2676136780735823,-1.2761757670616813
1.7965806060563545,0.8886043569193308,-1.6613247691510074,-0.7030746009502787,-0.010684955963028146,-0.6865507261215884,-0.6874206446824462,0.9542886961645695,0.3010334606746278,0.328341821481191,0.8421077632126638,0.9921985660657899,0.3351684065548098,0.41390077802624936,1.1301130037410112,0.9804730456089775,1.35650375421607,-1.2676136780735823,-1.2761757670616813
1.7965806060563545,0.8886043569193308,-1.5168617455966513,-0.7030746009502787,-0.010684955963028146,-0.6865507261215884,0.16008119590872796,0.864351856308969,0.4206422131593399,0.21303652300987808,0.7756236337944267,0.729010723672391,0.1402838756276082,0.41390077802624936,1.1949610575635412,1.1217936741088244,1.4740310870987212,-0.7757740395434788,-0.8482174803681548
1.7965806060563545,0.8886043569193308,-1.372398722042295,-0.7030746009502787,-0.010684955963028146,-0.6865507261215884,-0.6874206446824462,0.7894045374128574,0.6000553418864081,0.10057501561385174,0.7008256832654196,0.4714044756967176,0.08123750021064433,0.41390077802624936,1.2640992471859398,1.2633454865671707,1.5060672824275854,-1.2676136780735823,-1.2761757670616813
1.7965806060563545,0.8886043569193308,-1.227935698487939,1.1114639703776408,-0.010684955963028146,-0.6865507261215884,0.6539701364471245,0.8043940583723462,0.36083783691698385,-0.006733142169773166,0.6486494806462347,0.21394162181582693,0.0020394670047071484,0.41390077802624936,1.3223723063668735,1.3996082611456975,1.539975167140031,0.8955803998132252,0.8898906597243554
1.7965806060563545,0.8886043569193308,-1.083472674933583,-0.7030746009502787,-0.010684955963028146,-0.6865507261215884,1.1570334511965188,0.8043940583723462,0.12162033194755961,-0.02584650458196624,0.5912626155198478,0.015391361465417813,0.12196152355296261,0.41390077802624936,1.36795234803296,1.4708844876302727,1.4150326952622312,-0.254725658068138,-0.2286704395549269
1.7965806060563545,0.8886043569193308,-0.9390096513792268,0.9781633184627435,-0.010684955963028146,0.8245671553846367,-0.6874206446824462,0.819383579331835,-0.1175971730218646,-0.050657257575665915,0.5457122827172051,-0.2157864430874489,0.23722812725794895,0.41390077802624936,1.3769057168359666,1.5254673238507324,1.259761955535545,0.8978383287676326,0.8859504737540158
1.7965806060563545,0.8886043569193308,-0.7945466278248707,-0.7030746009502787,-0.010684955963028146,1.2782284094685108,1.2310384312083746,0.8343731002913238,-0.35681467799128885,0.02327280974164372,0.624817083415738,0.24157689646408775,0.3913455061938735,0.41390077802624936,1.2569790678713488,1.1410934141039417,1.0613021797970086,0.7365572783264343,0.7364475252976891
1.7965806060563545,0.8886043569193308,-0.6500836042705146,2.2410149002209425,-0.010684955963028146,-0.6865507261215884,-0.6874206446824462,0.8343731002913238,-0.596032182960713,0.23903736562349534,0.7685907353269681,0.7387598643824129,0.5640342441210736,0.19250288873050844,1.0666917816002353,0.7540159966398382,0.8447609064086405,0.8539674270421154,0.8414000306999427
1.7965806060563545,0.8886043569193308,-0.5056205807161585,-0.7030746009502787,-0.010684955963028146,-0.6865507261215884,1.4351434950124426,0.8493626212508127,-0.8352496879301373,0.3272877421035497,0.8159960055370351,0.710712642537002,0.7053790329804465,0.09357980814840094,0.964346494773663,0.6670485384954875,0.6687450270827173,-0.1171285963712836,-0.0896096695790827
1.7965806060563545,0.8886043569193308,-0.3611575571618023,-0.7030746009502787,-0.010684955963028146,-0.6865507261215884,-0.6874206446824462,0.7294467394762346,-0.6558365592030692,0.41822432086856093,0.8835954630363303,0.6467431277795314,0.8668998920715996,0.2529862884413344,0.8166038585807963,0.5646494426860369,0.45736465549910016,-1.2676136780735823,-1.2761757670616813
1.7965806060563545,0.8886043569193308,-0.2166945336074462,1.1740379605039366,-0.010684955963028146,0.9073203820228236,-0.6874206446824462,0.6095311436029891,-0.47642343047600094,0.4860188876893394,0.9485335793565566,0.6318019604237367,0.9160169132509179,0.41390077802624936,0.7032724498424484,0.48970723718225245,0.3548093092406647,0.8519212350968062,0.8450898999365165
1.7965806060563545,0.8886043569193308,-0.07223151005309006,-0.7030746009502787,-0.010684955963028146,1.09309305756487,1.294857936564637,0.4896152618284111,-0.2970103017489328,0.5520479369421082,0.9843131372107901,0.6961262305139644,0.9014011837424479,0.41390077802624936,0.6225147407306305,0.3945984602742297,0.29802192145202155,0.7192325895667212,0.7122930861982317
1.7965806060563545,0.8886043569193308,0.07223151350126605,2.266066498075301,-0.010684955963028146,-0.6865507261215884,-0.6874206446824462,0.6245206645624779,-0.596032182960713,0.8879696951303214,1.1602316159123434,1.0389284636129434,1.1229636321689913,0.21090642452238165,0.44970758867419475,0.19952040469655866,0.1572855965431235,0.8259735656287074,0.8144327519666805
1.7965806060563545,0.8886043569193308,0.2166945370556222,-0.7030746009502787,-0.010684955963028146,1.1329202935010843,1.1206384372826788,0.7744153023547011,-0.8950540641724933,1.1244934681349885,1.3225581207751744,1.337325772782488,1.495268846187457,0.41390077802624936,0.30814419414632976,0.04994416667682085,-0.02297193443532508,0.6993007316075431,0.696658421718345
1.7965806060563545,0.8886043569193308,0.3611575606099783,-0.7030746009502787,-0.010684955963028146,-0.6865507261215884,-0.6874206446824462,0.9093204191874354,-1.1940759453842735,1.270542312523909,1.44255503749364,1.5060782429164976,1.9507464391008176,0.41390077802624936,0.2097655958025799,-0.031977799165003644,-0.21376066591068243,-1.2676136780735823,-1.2761757670616813
1.7965806060563545,0.8886043569193308,0.5056205841643344,2.000576034504529,-0.010684955963028146,-0.6865507261215884,-0.6874206446824462,0.819383579331835,-0.9548584404148494,1.3149986987817868,1.5014788706369062,1.503999442975949,2.523057914547365,0.41390077802624936,0.1639233256111979,-0.03600833750338527,-0.42238372373603283,0.6190856575758535,0.5820010771924292
1.7965806060563545,0.8886043569193308,0.6500836077186906,-0.7030746009502787,-0.010684955963028146,1.8574454536984997,-0.6874206446824462,0.8493626212508127,-0.9548584404148494,1.2823889354052536,1.5154089913548512,1.5242984104974961,3.020791818463221,0.41390077802624936,0.1526426786461952,-0.04636954275786582,-0.5877921986925706,0.10528441560674039,0.1344755897526213
1.7965806060563545,0.8886043569193308,0.7945466312730467,2.2662442325167445,-0.010684955963028146,-0.6865507261215884,-0.6874206446824462,0.6994679834585895,-0.596032182960713,1.222624204041941,1.5300369748708633,1.54454267275745,3.240608777229074,0.41390077802624936,0.14237093665075712,-0.0545444764498376,-0.6562606138906212,0.7622497130297456,0.7516785719533844
1.7965806060563545,0.8886043569193308,0.9390096548274028,-0.7030746009502787,-0.010684955963028146,1.8063997318167273,-0.6874206446824462,0.5795521016840115,-0.35681467799128885,1.1507290591956114,1.4471179330367339,1.521327749019455,2.8139606517744338,0.41390077802624936,0.1985345987238004,-0.045531771996436265,-0.5217337036679434,0.033135299370706986,0.06187862010171519
1.7965806060563545,0.8886043569193308,1.083472678381759,1.4546143514633667,-0.010684955963028146,0.3453781241919777,-0.6874206446824462,0.4596365058107659,-0.057792796779508555,0.9388133316120207,1.2424980203540632,1.5952925781641178,2.0895409414349664,0.41390077802624936,0.3452948420222702,-0.07144107437728724,-0.2695156986590116,0.6863520608643883,0.6771306463693175
1.7965806060563545,0.8886043569193308,1.227935701936115,-0.7030746009502787,-0.010684955963028146,1.4769721325122436,-0.6874206446824462,0.3696996659551655,0.18142470818991568,0.8858105325341852,1.0715772968653863,1.631044124350598,1.5006908497348617,0.41390077802624936,0.4687837498139698,-0.08520649595124996,-0.044714274852902754,-0.19465921180290358,-0.1700470996718255
1.7965806060563545,0.8886043569193308,1.3723987254904713,2.289662357686989,-0.010684955963028146,-0.6865507261215884,-0.6874206446824462,0.2947523470590539,0.24122908443227173,0.7270427688062442,0.933234868285872,1.67009124811428,0.9903487328573534,0.41390077802624936,0.5761509057150398,-0.09736187089491163,0.1706616688294255,0.7656948431259983,0.7501371694006532
1.7965806060563545,0.8886043569193308,1.5168617490448273,-0.7030746009502787,-0.010684955963028146,0.7749675190602182,1.7415658155789222,0.33972062403618786,0.12162033194755961,0.7362077666704009,0.8153224948804759,1.5238242982303534,0.4576195921778564,0.41390077802624936,0.6661005923063738,-0.04086255002036112,0.41153970788685396,0.7021318603259695,0.6979140988742347
1.7965806060563545,0.8886043569193308,1.6613247725991833,-0.7030746009502787,-0.010684955963028146,-0.6865507261215884,-0.6874206446824462,0.3247313889780315,0.06181595570520356,0.6607528152906473,0.7278203800145747,1.4458361457557767,0.38454989586453586,0.41390077802624936,0.7387769388693382,-0.0073387073328694446,0.4495420768877868,-1.2676136780735823,-1.2761757670616813
1.7965806060563545,0.9988492888199717,-1.6613247691510074,-0.7030746009502787,-0.010684955963028146,-0.6865507261215884,2.8024849477473817,0.2347945491224311,0.3010334606746278,0.5317451388053931,0.6633539994641285,1.2518894160552114,0.552701988170127,0.41390077802624936,0.7896989226628566,0.07057006981098614,0.370307735797663,0.596512838772295,0.5943824428307728
1.7965806060563545,0.9988492888199717,-1.5168617455966513,-0.7030746009502787,-0.010684955963028146,-0.6865507261215884,-0.6874206446824462,0.15984723022631953,0.48044658940169593,0.39204169533497824,0.5890945791501802,0.9678132812767364,0.7335656394452525,0.41390077802624936,0.8402381684984992,0.1827194466618842,0.28095290906486703,-1.2676136780735823,-1.2761757670616813
1.7965806060563545,0.9988492888199717,-1.372398722042295,1.1660185896727138,-0.010684955963028146,-0.6865507261215884,0.2067914843800696,0.06991039037071911,0.7196640943711202,0.17790926236044216,0.5237689158922437,0.6306465189894763,0.7504704423409129,0.41390077802624936,0.8745346709732013,0.3173615479553569,0.26098662107916626,0.5621075519645459,0.49831362304779186
1.7965806060563545,0.9988492888199717,-1.227935698487939,-0.7030746009502787,-0.010684955963028146,1.4521584549405335,0.8276492037442659,0.1448577092668307,0.6000553418864081,0.14473845673451913,0.4657273260470322,0.3623130665358992,0.7466002564079313,0.41390077802624936,0.9131960250959718,0.43482663775820934,0.2581118354487149,0.7053124090322456,0.7018544895189274
1.7965806060563545,0.9988492888199717,-1.083472674933583,1.4635378029312067,-0.010684955963028146,0.5143898051799246,-0.6874206446824462,0.20481550720345348,0.48044658940169593,0.08854464812635505,0.42212516456501514,0.41824173670674125,0.753640804913431,0.41390077802624936,0.941111312096667,0.4054953356764532,0.2516624549864148,0.78834225518828,0.7788063153794286
1.7965806060563545,0.9988492888199717,-0.9390096513792268,-0.7030746009502787,-0.010684955963028146,1.1032732906900091,1.3283960975206115,0.2797628260995651,0.36083783691698385,0.10539291688833134,0.3961031619252296,0.5146829685578882,0.7096243567845603,0.41390077802624936,0.9549993011449831,0.35804818968724295,0.26807925829881935,0.6742958130840286,0.6673195812564284
1.7965806060563545,0.9988492888199717,-0.7945466278248707,1.5142514232790345,-0.010684955963028146,0.3086809182173018,-0.6874206446824462,0.35471014499567666,0.24122908443227173,0.18150372534983064,0.5171854883794723,1.122818982266407,0.7900942782607351,0.41390077802624936,0.8504361587211979,0.09358284972493235,0.23040332135906874,0.7500212716545506,0.7399849121412494
1.7965806060563545,0.9988492888199717,-0.6500836042705146,-0.7030746009502787,-0.010684955963028146,-0.6865507261215884,1.9256519900797173,0.41466794293229947,0.12162033194755961,0.3234330287467287,0.72614216957695,1.6907955318921781,1.0058913214443905,0.41390077802624936,0.6887881801217236,-0.12778186291256646,0.1392084658773882,0.10637347718409706,0.13212756557456637
1.7965806060563545,0.9988492888199717,-0.5056205807161585,-0.7030746009502787,-0.010684955963028146,-0.6865507261215884,-0.6874206446824462,0.4896152618284111,0.06181595570520356,0.5064315402525084,0.890228290607589,2.3796209775833472,1.2085984127950054,0.41390077802624936,0.5631363690340678,-0.374766572677034,0.05361361245131962,-1.2676136780735823,-1.2761757670616813
1.7965806060563545,0.9988492888199717,-0.3611575571618023,-0.7030746009502787,-0.010684955963028146,-0.6865507261215884,-0.6874206446824462,0.5945416226435003,-0.057792796779508555,0.6137174655926843,1.032468453379298,2.9231276979248753,1.2898609249143096,0.41390077802624936,0.4558063300382326,-0.5509738581187922,0.0215996887413453,-1.2676136780735823,-1.2761757670616813
1.7965806060563545,0.9988492888199717,-0.2166945336074462,-0.7030746009502787,-0.010684955963028146,-0.6865507261215884,-0.6874206446824462,0.7144572185167458,-0.1175971730218646,0.7827186922611254,1.1703829800437462,2.994353119651869,1.2680248085716626,0.41390077802624936,0.35610791238886025,-0.5679103602191911,0.0371716989803626,-1.2676136780735823,-1.2761757670616813
1.7965806060563545,0.9988492888199717,-0.07223151005309006,-0.7030746009502787,-0.010684955963028146,-0.6865507261215884,-0.6874206446824462,0.819383579331835,-0.23720592550657674,0.9682628185418168,1.2837067142135974,2.7321657204515493,1.2259678658520896,0.41390077802624936,0.27710626672860655,-0.472272202408075,0.06983433817781004,-1.2676136780735823,-1.2761757670616813
1.7965806060563545,0.9988492888199717,0.07223151350126605,-0.7030746009502787,-0.010684955963028146,-0.6865507261215884,-0.6874206446824462,0.9243099401469242,-0.2970103017489328,1.1143005467090128,1.3848077606729372,2.3439257943936602,1.195202491678785,0.41390077802624936,0.2124707915451487,-0.3237237137122861,0.10438395120317491,-1.2676136780735823,-1.2761757670616813
1.7965806060563545,0.9988492888199717,0.2166945370556222,-0.7030746009502787,-0.010684955963028146,-0.6865507261215884,-0.6874206446824462,1.0442255360201698,-0.41661905423364487,1.2076048807013438,1.4626184189941975,1.9550078546390532,1.3634961761526558,0.41390077802624936,0.17120595164090735,-0.14851641816981645,0.07336002278778259,-1.2676136780735823,-1.2761757670616813
1.7965806060563545,0.9988492888199717,0.3611575606099783,-0.7030746009502787,-0.010684955963028146,-0.6865507261215884,-0.6874206446824462,1.149151896835259,-0.47642343047600094,1.2263984882651082,1.55624057490875,1.7157170940183668,1.8379194521803306,0.41390077802624936,0.12431235715969241,-0.009446254902005452,-0.06978207365964757,-1.2676136780735823,-1.2761757670616813
1.7965806060563545,0.9988492888199717,0.5056205841643344,-0.7030746009502787,-0.010684955963028146,-0.6865507261215884,-0.6874206446824462,1.0592150569796586,-0.35681467799128885,1.1332687443433918,1.5848814764238337,1.48594836438533,2.356307096458888,0.41390077802624936,0.11398252961775047,0.10572976671889281,-0.24509203000643898,-1.2676136780735823,-1.2761757670616813
1.7965806060563545,0.9988492888199717,0.6500836077186906,1.1374708908547582,-0.010684955963028146,0.7513700177471234,-0.6874206446824462,0.9542886961645695,-0.23720592550657674,0.9831114751841733,1.5890978757820449,1.2316219455024602,2.7839561320686097,0.41390077802624936,0.11575859763512303,0.2260462699235769,-0.3853191645697338,0.8784888374548708,0.8623435385489359
1.7965806060563545,0.9988492888199717,0.7945466312730467,-0.7030746009502787,-0.010684955963028146,2.0721202803153522,-0.6874206446824462,0.864351856308969,-0.1175971730218646,0.9318722319881607,1.6104115658051612,1.2465838345482525,2.9144373838789277,0.41390077802624936,0.1047883829684479,0.22948692048792582,-0.42184418285096176,0.19754845783570948,0.252769997532027
1.7965806060563545,0.9988492888199717,0.9390096548274028,1.6595650959241233,-0.010684955963028146,0.23887761001876964,-0.6874206446824462,0.7744153023547011,0.0020115794628475024,0.7772109313443311,1.523353355690174,1.34608110124023,2.398329048010438,0.41390077802624936,0.16620818445292565,0.19697694741205288,-0.2312840629930344,0.7472852268731471,0.7360807488570446
1.7965806060563545,0.9988492888199717,1.083472678381759,-0.7030746009502787,-0.010684955963028146,1.686838737725808,-0.6874206446824462,0.6694889415396119,0.18142470818991568,0.7026838575308759,1.3159593862020267,1.5079324197374735,1.7647106049430108,0.41390077802624936,0.3107283984185877,0.13422438239174525,0.01846528590638178,-0.07436023693253078,-0.036351970198055826
1.7965806060563545,0.9988492888199717,1.227935701936115,2.277220946785939,-0.010684955963028146,-0.6865507261215884,-0.6874206446824462,0.5795521016840115,0.3010334606746278,0.5714934782152452,1.1412188553739802,1.5962781017403989,1.1861796528173678,0.41390077802624936,0.4354980804597537,0.099352906385195,0.26613114669355675,0.8153692801229618,0.7977266172486385
1.7965806060563545,0.9988492888199717,1.3723987254904713,-0.7030746009502787,-0.010684955963028146,0.7526546019590487,1.7222242704857667,0.5195943037473887,0.24122908443227173,0.579138169284727,0.9850826648824372,1.483291843727651,0.504747813016509,0.41390077802624936,0.5477000747959565,0.14268818759658894,0.582625917215914,0.7078859663295871,0.7054387467893334
1.7965806060563545,0.9988492888199717,1.5168617490448273,-0.7030746009502787,-0.010684955963028146,-0.6865507261215884,-0.6874206446824462,0.4596365058107659,0.24122908443227173,0.5207557727876265,0.8642501218225176,1.4171639577400412,0.42245021332219346,0.41390077802624936,0.635950096350174,0.16666018575485378,0.6194572794314822,-1.2676136780735823,-1.2761757670616813
1.7965806060563545,0.9988492888199717,1.6613247725991833,-0.7030746009502787,-0.010684955963028146,-0.6865507261215884,2.678586182395232,0.3996787078741431,0.18142470818991568,0.4236156884049459,0.7801809631337474,1.2286927274044142,0.5391872598322466,0.41390077802624936,0.6968541174632068,0.241799743418333,0.5558608900402265,0.5325067899897303,0.5516724315592196
1.7965806060563545,1.1090942207206127,-1.6613247691510074,-0.7030746009502787,-0.010684955963028146,-0.6865507261215884,-0.6874206446824462,0.3247313889780315,0.18142470818991568,0.30529070099694094,0.6933502715979903,0.9545812389119352,0.7593679639959215,0.41390077802624936,0.7505160037158773,0.3432190182854749,0.42963277804454,-1.2676136780735823,-1.2761757670616813
1.7965806060563545,1.1090942207206127,-1.5168617455966513,0.9688636146491058,-0.010684955963028146,-0.6865507261215884,-0.020368907850790038,0.2347945491224311,0.24122908443227173,0.1277084050525774,0.6211169494574926,0.6233027520543637,0.7345494608903692,0.41390077802624936,0.7731197169661511,0.45079329495953685,0.3973184058287551,0.29684152169268824,0.23017875880389935
1.7965806060563545,1.1090942207206127,-1.372398722042295,-0.7030746009502787,-0.010684955963028146,1.32650852540913,0.7903008247168961,0.15984723022631953,0.24122908443227173,0.08222998029144064,0.5372133853309756,0.33801149737443553,0.6787955102599579,0.41390077802624936,0.8068343999003541,0.5399648080478193,0.3788858026575987,0.719708728223004,0.7168190501669668
1.7965806060563545,1.1090942207206127,-1.227935698487939,1.4732055173725915,-0.010684955963028146,0.5023547123666436,-0.6874206446824462,0.0998892893390305,0.18142470818991568,0.009311489151060956,0.4676267930846422,0.35738710638969434,0.6594250506408041,0.41390077802624936,0.8091467348927102,0.459186834120709,0.31887951089173283,0.8056020568000436,0.7962267635895741
1.7965806060563545,1.1090942207206127,-1.083472674933583,-0.7030746009502787,-0.010684955963028146,1.1497584823511207,1.3945840065664803,0.03993149140240772,0.06181595570520356,0.010760521347619964,0.4074547387452323,0.47858246911185026,0.5497781912699581,0.41390077802624936,0.8014215982265649,0.33143926305674876,0.2981714906573124,0.6788116709928435,0.676924334621455
1.7965806060563545,1.1090942207206127,-0.9390096513792268,2.2874184603637637,-0.010684955963028146,-0.6865507261215884,-0.6874206446824462,-0.020026449484881293,-0.057792796779508555,0.0203780148255035,0.3563291570882419,0.5581612185106347,0.5786060312324912,0.41390077802624936,0.7845941430987433,0.22433212545079947,0.21340876605075243,0.8439097393671574,0.8302649271972491
1.7965806060563545,1.1090942207206127,-0.7945466278248707,-0.7030746009502787,-0.010684955963028146,1.2596885989297195,1.2821662046572173,0.2797628260995651,-0.596032182960713,0.14974664156910644,0.4782436310065804,0.9448478466863113,0.6402726755107252,0.41390077802624936,0.6369107975467063,0.001626502479902054,0.12368165392376536,0.6926265222511464,0.6915736967658155
1.7965806060563545,1.1090942207206127,-0.6500836042705146,2.2531786010572374,-0.010684955963028146,-0.6865507261215884,-0.6874206446824462,0.5645625807245227,-1.0744671928995615,0.40077643002885693,0.6878752144115606,1.5310710876562776,0.8078103880056768,0.2966999261337621,0.43646070980720736,-0.26442524522764727,0.006797577798467419,0.7957814498678705,0.7835422752343809
1.7965806060563545,1.1090942207206127,-0.5056205807161585,-0.7030746009502787,-0.010684955963028146,-0.6865507261215884,1.5883174201908643,0.864351856308969,-1.493097826596054,0.5697593476262225,0.8728241629596855,2.2130948458226687,1.0849567137110772,0.23634578436224887,0.2732817793762294,-0.5230600216587558,-0.1342787168223107,-0.06052974805131488,-0.03378392109048476
1.7965806060563545,1.1090942207206127,-0.3611575571618023,-0.7030746009502787,-0.010684955963028146,-0.6865507261215884,-0.6874206446824462,1.0442255360201698,-1.7921197078078341,0.8090458286771267,1.040652164476869,2.7961261176654206,1.2580759243797717,-0.07539758208337113,0.11973974724985499,-0.7323175046047382,-0.23765352764637612,-1.2676136780735823,-1.2761757670616813
1.7965806060563545,1.1090942207206127,-0.2166945336074462,-0.7030746009502787,-0.010684955963028146,-0.6865507261215884,-0.6874206446824462,1.2240992157313706,-2.0911415890196143,0.971859243217392,1.1971209356438617,2.8607562399000113,1.3382333665880186,-0.1836377146694509,-0.019450093493902934,-0.781393131217188,-0.3046057259662667,-1.2676136780735823,-1.2761757670616813
1.7965806060563545,1.1090942207206127,-0.07223151005309006,-0.7030746009502787,-0.010684955963028146,-0.6865507261215884,-0.6874206446824462,1.403972609541239,-2.330359093989039,1.1260072359757078,1.3111745382834756,2.5989252537676486,1.3129030159316157,-0.04595704855450896,-0.16052494278208626,-0.7624549143541708,-0.36255429482605833,-1.2676136780735823,-1.2761757670616813
1.7965806060563545,1.1090942207206127,0.07223151350126605,-0.7030746009502787,-0.010684955963028146,-0.6865507261215884,-0.6874206446824462,1.5988358102119287,-2.569576598958463,1.263194489964011,1.4223316276346023,2.22226958128596,1.3174852314464642,0.08496377668016064,-0.2942954743426956,-0.7073043111512046,-0.4275786880167331,-1.2676136780735823,-1.2761757670616813
1.7965806060563545,1.1090942207206127,0.2166945370556222,-0.7030746009502787,-0.010684955963028146,-0.6865507261215884,-0.6874206446824462,1.778709204021797,-2.7489897276855313,1.3564040091239857,1.5268607598427717,1.9255101144938176,1.5411813273743278,0.12662675463268144,-0.40210899718204407,-0.656839845823716,-0.5457700208311934,-1.2676136780735823,-1.2761757670616813
1.7965806060563545,1.1090942207206127,0.3611575606099783,-0.7030746009502787,-0.010684955963028146,-0.6865507261215884,-0.6874206446824462,1.9585828837329977,-2.9284028564125992,1.379854005799527,1.6419482848332607,1.7511155426072897,2.028893923517966,0.41390077802624936,-0.5384278212040023,-0.6619855322996256,-0.7578726915843027,-1.2676136780735823,-1.2761757670616813
1.7965806060563545,1.1090942207206127,0.5056205841643344,-0.7030746009502787,-0.010684955963028146,-0.6865507261215884,-0.6874206446824462,1.8086882459407747,-2.7489897276855313,1.308015749852611,1.7057773350516736,1.582911782824414,2.5571507046752453,0.41390077802624936,-0.6024164017533676,-0.6278971756872049,-0.924877080878754,-1.2676136780735823,-1.2761757670616813
1.7965806060563545,1.1090942207206127,0.6500836077186906,-0.7030746009502787,-0.010684955963028146,-0.6865507261215884,-0.6874206446824462,1.6438040871890627,-2.509772222716107,1.178951184467943,1.7265420582276565,1.406902576853281,2.9182872261095705,0.41390077802624936,-0.6295751305363221,-0.575435116136696,-1.023042734723807,-1.2676136780735823,-1.2761757670616813
1.7965806060563545,1.1090942207206127,0.7945466312730467,1.1503901422349718,-0.010684955963028146,0.8711137468448198,-0.6874206446824462,1.4939094493968395,-2.330359093989039,1.036811326753675,1.74395036052839,1.2020744733012305,2.9857322956001893,0.41390077802624936,-0.6560643089118587,-0.5151375252347892,-1.0450839952027615,0.8812220063516005,0.8663864710445006
1.7965806060563545,1.1090942207206127,0.9390096548274028,-0.7030746009502787,-0.010684955963028146,2.090257174285107,-0.6874206446824462,1.3440148116046162,-2.031337212777258,0.914029388329539,1.646982220370663,1.1165320215211667,2.5132083076228886,0.41390077802624936,-0.6132928600814951,-0.4776790009721962,-0.9129178765824261,0.2074539033657556,0.26338819595612245
1.7965806060563545,1.1090942207206127,1.083472678381759,2.288792318929277,-0.010684955963028146,-0.6865507261215884,-0.6874206446824462,1.1791306528529042,-1.7921197078078341,0.6966209394232518,1.4355464911676892,1.139742800921162,1.8475184246919898,0.41390077802624936,-0.5012766912903316,-0.4780006199313471,-0.7139565527204543,0.8471111382373174,0.8315996086534116
1.7965806060563545,1.1090942207206127,1.227935701936115,-0.7030746009502787,-0.010684955963028146,2.56361531655229,-0.6874206446824462,1.029236015060681,-1.493097826596054,0.6869524421045146,1.2481171030631248,1.2723143714519434,1.3049901294698174,0.41390077802624936,-0.39383240935241,-0.5104479174312291,-0.5301191865292418,0.40942072338499663,0.45018670034872815
1.7965806060563545,1.1090942207206127,1.3723987254904713,2.3133368719557272,-0.010684955963028146,-0.6865507261215884,-0.6874206446824462,0.9542886961645695,-1.3734890741113417,0.6270837413733082,1.1035537459915699,1.4389805818370052,0.8487329658828243,0.41390077802624936,-0.30888506930749576,-0.5476756914763328,-0.35429851139241353,0.8139448184955396,0.7966230131370562
1.7965806060563545,1.1090942207206127,1.5168617490448273,-0.7030746009502787,-0.010684955963028146,0.7546156299539329,1.7768259955397403,0.864351856308969,-1.3136846978689858,0.6412915805280168,0.9739384291529868,1.412001770327865,0.3759860109278877,0.41390077802624936,-0.23699492628268715,-0.5286266537851793,-0.16531945812647295,0.7252428290490868,0.7217662339542547
1.7965806060563545,1.1090942207206127,1.6613247725991833,-0.7030746009502787,-0.010684955963028146,-0.6865507261215884,-0.6874206446824462,0.7894045374128574,-1.1940759453842735,0.5912228100900551,0.8732026648162642,1.3536420314865165,0.31278219650091477,0.41390077802624936,-0.18097346534008896,-0.4962246822208755,-0.12514691637899172,-1.2676136780735823,-1.2761757670616813
1.7965806060563545,1.2193391526212536,-1.6613247691510074,-0.7030746009502787,-0.010684955963028146,-0.6865507261215884,2.8156548788099367,0.7144572185167458,-1.1342715691419176,0.4916280023924455,0.8047947162189093,1.183531047356271,0.48915558579576435,0.41390077802624936,-0.15742061979881058,-0.4298057044403484,-0.1836415765999985,0.6139038526222943,0.6120485002645643
1.7965806060563545,1.2193391526212536,-1.5168617455966513,-0.7030746009502787,-0.010684955963028146,-0.6865507261215884,-0.6874206446824462,0.6245206645624779,-1.0146628166572054,0.3751574623262462,0.7330073861557405,0.92888551444744,0.7443567529139804,0.41390077802624936,-0.13015994003589298,-0.33911804965049874,-0.2779804422816539,-1.2676136780735823,-1.2761757670616813
1.7965806060563545,1.2193391526212536,-1.372398722042295,1.4008921456914254,-0.010684955963028146,-0.6865507261215884,0.40180595295898025,0.5495733456663663,-0.9548584404148494,0.1849386378627027,0.6348703432056382,0.6066018987839816,0.7434787187210268,0.41390077802624936,-0.08124684848349273,-0.2263696764643513,-0.2817508963502119,0.7970626564899861,0.7830836000092222
1.7965806060563545,1.2193391526212536,-1.227935698487939,-0.7030746009502787,-0.010684955963028146,1.4831326138855476,0.7873756725358669,0.35471014499567666,-0.47642343047600094,0.15843952695766936,0.565067364787621,0.36397411720609846,0.7793641958990245,0.41390077802624936,-0.03785622218853001,-0.12914380968496553,-0.2899121345781765,0.7028429228115319,0.6990938418451473
1.7965806060563545,1.2193391526212536,-1.083472674933583,1.4770877249100909,-0.010684955963028146,0.528553598693221,-0.6874206446824462,0.1748366082351421,0.0020115794628475024,0.10181022401606292,0.49894364706369965,0.42935933782419794,0.7944014469199596,0.41390077802624936,0.007173573408393719,-0.1449699347989499,-0.2865737935859259,0.8027711078244093,0.7931652446168278
1.7965806060563545,1.2193391526212536,-0.9390096513792268,-0.7030746009502787,-0.010684955963028146,1.1806426858835253,1.3944208415004238,-0.020026449484881293,0.5402509656440521,0.10665035773399152,0.4424981661504579,0.5872975723823142,0.716245011273782,0.41390077802624936,0.04479276195820742,-0.202925974856654,-0.2555358908214261,0.6781769991939252,0.6762010154578177
1.7965806060563545,1.2193391526212536,-0.7945466278248707,1.5941383963455447,-0.010684955963028146,0.3644331909662502,-0.6874206446824462,0.2647733051400763,-0.057792796779508555,0.18538590231326513,0.5523715497563866,1.1553951366776707,0.8068135465910632,0.41390077802624936,-0.023849410839689496,-0.3986288343596883,-0.2808827399119106,0.7648381889788318,0.7543076140181608
1.7965806060563545,1.2193391526212536,-0.6500836042705146,-0.7030746009502787,-0.010684955963028146,1.023347906586583,1.4310867512611143,0.5645625807245227,-0.596032182960713,0.3396600968829238,0.771647972749407,2.1864799071898844,1.0005783601415232,0.41390077802624936,-0.16325544550549698,-0.7176648657941697,-0.34112790570783225,0.6423059099165699,0.6406967694593296
1.7965806060563545,1.2193391526212536,-0.5056205807161585,-0.7030746009502787,-0.010684955963028146,-0.6865507261215884,-0.6874206446824462,0.8493626212508127,-1.0744671928995615,0.5316182830986546,0.9417198501626683,2.826126980443796,1.1583055256204895,0.41390077802624936,-0.2630832902854609,-0.8854575756357553,-0.38246315697089556,-1.2676136780735823,-1.2761757670616813
1.7965806060563545,1.2193391526212536,-0.3611575571618023,-0.7030746009502787,-0.010684955963028146,-0.6865507261215884,-0.6874206446824462,0.8793413772684578,-1.3136846978689858,0.6366031505418579,1.0790944550611148,3.1951007080096123,1.2098808797904592,0.41390077802624936,-0.3520631169633864,-0.984830460416216,-0.4041358439921407,-1.2676136780735823,-1.2761757670616813
1.7965806060563545,1.2193391526212536,-0.2166945336074462,-0.7030746009502787,-0.010684955963028146,-0.6865507261215884,-0.6874206446824462,0.8943308982279466,-1.612706579080766,0.7919104998365001,1.2042115834754674,3.253402426118968,1.175906896884239,0.41390077802624936,-0.4341203997961532,-1.008463273104412,-0.4036912850111595,-1.2676136780735823,-1.2761757670616813
1.7965806060563545,1.2193391526212536,-0.07223151005309006,-0.7030746009502787,-0.010684955963028146,-0.6865507261215884,-0.6874206446824462,0.9243099401469242,-1.8519240840501903,0.9545722106449955,1.2919523493281453,2.952076727718977,1.1227740288631913,0.41390077802624936,-0.5050380317000366,-0.951875902804767,-0.41133962095703913,-1.2676136780735823,-1.2761757670616813
1.7965806060563545,1.2193391526212536,0.07223151350126605,-0.7030746009502787,-0.010684955963028146,-0.6865507261215884,-0.6874206446824462,0.9542886961645695,-2.0911415890196143,1.0820210005072368,1.367416852758995,2.524638823994225,1.0764921060418435,0.41390077802624936,-0.5735984991026438,-0.8675553491758831,-0.43191095458925216,-1.2676136780735823,-1.2761757670616813
1.7965806060563545,1.2193391526212536,0.2166945370556222,-0.7030746009502787,-0.010684955963028146,-0.6865507261215884,-0.6874206446824462,0.9692782171240583,-2.330359093989039,1.1603524377320549,1.4334041984904726,2.106314319530371,1.236354546518317,0.41390077802624936,-0.6562236223817303,-0.8066977986296555,-0.5510833303808975,-1.2676136780735823,-1.2761757670616813
1.7965806060563545,1.2193391526212536,0.3611575606099783,-0.7030746009502787,-0.010684955963028146,-0.6865507261215884,-0.6874206446824462,0.9992572590430359,-2.629380975200819,1.166988168206189,1.5082592026081552,1.8209857658084472,1.725863084704447,0.41390077802624936,-0.7549615798534355,-0.8004859767503838,-0.7845881534904996,-1.2676136780735823,-1.2761757670616813
1.7965806060563545,1.2193391526212536,0.5056205841643344,-0.7030746009502787,-0.010684955963028146,-0.6865507261215884,-0.6874206446824462,0.9392991752050807,-2.569576598958463,1.0962321091389233,1.5553597231616385,1.5985740649921214,2.2745831891705337,0.41390077802624936,-0.8145725347548788,-0.780497456030881,-0.9812808291145563,-1.2676136780735823,-1.2761757670616813
1.7965806060563545,1.2193391526212536,0.6500836077186906,-0.7030746009502787,-0.010684955963028146,-0.6865507261215884,-0.6874206446824462,0.8793413772684578,-2.509772222716107,0.9811818298718784,1.5774596394677216,1.380072132644523,2.6816037106084547,0.41390077802624936,-0.8559947599780703,-0.7540748211643185,-1.1184225802393661,-1.2676136780735823,-1.2761757670616813
1.7965806060563545,1.2193391526212536,0.7945466312730467,1.2331717500151538,-0.010684955963028146,0.8058042345027107,-0.6874206446824462,0.819383579331835,-2.509772222716107,0.844037732979682,1.5922636541780617,1.1278410910542,2.7707001756244822,0.41390077802624936,-0.8953938728470991,-0.7179595928106809,-1.172185613192267,0.8962941584406693,0.8799999762881345
1.7965806060563545,1.2193391526212536,0.9390096548274028,-0.7030746009502787,-0.010684955963028146,2.7806609912879843,-0.6874206446824462,0.6844784624991007,-2.2705547177466827,0.729184930122096,1.4922410596997822,1.022504452120928,2.2780969534385354,0.41390077802624936,-0.8777308053137639,-0.7240354368832179,-1.0828210699198573,0.5447724381228909,0.567637031096204
1.7965806060563545,1.2193391526212536,1.083472678381759,2.3123897910510185,-0.010684955963028146,-0.6865507261215884,-0.6874206446824462,0.5645625807245227,-2.031337212777258,0.5165786890007948,1.2752579126613268,1.202045462935234,1.613455991800238,0.41390077802624936,-0.7867594397530118,-0.7965504276932618,-0.9246135333885555,0.8715214676045527,0.8520285651788666
1.7965806060563545,1.2193391526212536,1.227935701936115,-0.7030746009502787,-0.010684955963028146,0.846161684376735,1.6484512777280862,0.42965746389178827,-1.7921197078078341,0.5057377572378202,1.071415876955963,1.2111381405061354,0.698624110055787,0.41390077802624936,-0.6950356132952266,-0.8128755718396172,-0.6667594987052189,0.7353521029053784,0.7340305258626603
1.7965806060563545,1.2193391526212536,1.3723987254904713,2.3018851838919088,-0.010684955963028146,-0.6865507261215884,-0.6874206446824462,0.2347945491224311,-1.3136846978689858,0.44128198030676663,0.905764261114107,1.1735125246762816,0.5411313040277667,0.41390077802624936,-0.6116050049687715,-0.8042814274611729,-0.6184803060309741,0.8153863556882117,0.8048652493339069
1.7965806060563545,1.2193391526212536,1.5168617490448273,-0.7030746009502787,-0.010684955963028146,1.1524864325381583,1.4386394111456968,0.02494197044291891,-0.7754453116877812,0.44111654477169016,0.7578319592088129,0.9768305318960468,0.5019167833990061,0.41390077802624936,-0.5474361423082656,-0.7533402807633447,-0.6127543164841902,0.7320101451717933,0.7297886498959423
1.7965806060563545,1.2193391526212536,1.6613247725991833,1.5147068677852336,-0.010684955963028146,0.5399567024332627,-0.6874206446824462,-0.16992108727710448,-0.17740154926422066,0.4097635683454215,0.6375483829960268,0.9913862758178881,0.5584779721382311,0.41390077802624936,-0.4827652373516291,-0.7533567629217367,-0.626548745846897,0.7661051959203713,0.757903128377984
1.7965806060563545,1.3295840845218945,-1.6613247691510074,-0.7030746009502787,-0.010684955963028146,1.0357692846774993,1.60502133923542,-0.2748473051415275,0.0020115794628475024,0.39494629868205183,0.5361140600857655,1.0080945888966693,0.5177897537120296,0.41390077802624936,-0.435847540983898,-0.7539457832137488,-0.6086148522595132,0.6867714007983664,0.6832833620960007
1.7965806060563545,1.3295840845218945,-1.5168617455966513,2.2988067230321474,-0.010684955963028146,-0.6865507261215884,-0.6874206446824462,-0.36478400204646166,0.18142470818991568,0.3218120220611376,0.4495748984726306,1.0122298093525695,0.5722815810493261,0.41390077802624936,-0.399654702078108,-0.7519169596379855,-0.6228649764126463,0.7955459868102145,0.7827131394302229
1.7965806060563545,1.3295840845218945,-1.372398722042295,-0.7030746009502787,-0.010684955963028146,1.1979013639878522,1.3778491279965703,-0.4697103628615509,0.36083783691698385,0.3422292518920756,0.36468055007448114,0.8519707455147336,0.5176318865818785,0.41390077802624936,-0.37083776350284486,-0.7052086914598523,-0.6064752484016374,0.6833981678189551,0.6812613841623357
1.7965806060563545,1.3295840845218945,-1.227935698487939,2.32004383877125,-0.010684955963028146,-0.6865507261215884,-0.6874206446824462,-0.4996892618298623,0.3010334606746278,0.29984571403812016,0.29632826351485836,0.820618828548522,0.5450958847396015,0.41390077802624936,-0.3530896163101077,-0.7012050450641104,-0.6211847792816784,0.7931647543004239,0.7818582146575821
1.7965806060563545,1.3295840845218945,-1.083472674933583,-0.7030746009502787,-0.010684955963028146,1.2523668559392185,1.341590712529057,-0.5296681607981737,0.18142470818991568,0.3257112003048567,0.24259630694105955,0.658936599041658,0.4670411676051191,0.41390077802624936,-0.3475664279960747,-0.665151407933938,-0.6098290921874291,0.6979330687024257,0.6950097698046218
1.7965806060563545,1.3295840845218945,-0.9390096513792268,1.500620338294128,-0.010684955963028146,0.5433036713782332,-0.6874206446824462,-0.5596470597664851,0.06181595570520356,0.27417116522688684,0.19935803603071645,0.6870774829258578,0.4889521487723738,0.41390077802624936,-0.3599333469863587,-0.7004889386560752,-0.6444265236886461,0.7486818283677933,0.7399361996452263
1.7965806060563545,1.3295840845218945,-0.7945466278248707,-0.7030746009502787,-0.010684955963028146,1.0715353475323512,1.5537621969898037,-0.15493156631761568,-0.6558365592030692,0.3333388900940538,0.28365749640060345,1.1059092543608502,0.5502696951184697,0.41390077802624936,-0.4466731443314764,-0.8446429803058254,-0.6861220511396362,0.6685848453505159,0.6651240394713871
1.7965806060563545,1.3295840845218945,-0.6500836042705146,2.3009975866913934,-0.010684955963028146,-0.6865507261215884,-0.6874206446824462,0.2647733051400763,-1.3136846978689858,0.49416577042261045,0.5227043794206161,1.7121977221891922,0.7442582893946593,0.35733470901675607,-0.6072201487548946,-1.0165737962563517,-0.7555704175688478,0.7967132365021363,0.7831110263725293
1.7965806060563545,1.3295840845218945,-0.5056205807161585,-0.7030746009502787,-0.010684955963028146,-0.6865507261215884,2.614785503777361,0.6694889415396119,-1.8519240840501903,0.6363167443586031,0.7364960043706037,2.3873626009664117,1.1063208561594582,0.2184511289260482,-0.7395725253128957,-1.1846820526829438,-0.8668110401467778,0.4416960581063162,0.47205390355298293
1.7965806060563545,1.3295840845218945,-0.3611575571618023,-0.7030746009502787,-0.010684955963028146,-0.6865507261215884,-0.6874206446824462,0.9992572590430359,-2.031337212777258,0.7753172502787918,0.9516638732035191,2.792308353500282,1.3870248885299121,0.19394335783798422,-0.852520232017907,-1.2625169854197926,-0.9301482490319309,-1.2676136780735823,-1.2761757670616813
1.7965806060563545,1.3295840845218945,-0.2166945336074462,-0.7030746009502787,-0.010684955963028146,-0.6865507261215884,-0.6874206446824462,1.3290252906451274,-2.2107503415043266,0.9835378149820778,1.1267696861541827,2.9922444804777237,1.5239347502793712,0.07775211525526375,-0.9344100067393869,-1.2884729149592529,-0.9468593870724115,-1.2676136780735823,-1.2761757670616813
1.7965806060563545,1.3295840845218945,-0.07223151005309006,-0.7030746009502787,-0.010684955963028146,-0.6865507261215884,-0.6874206446824462,1.6587936081485515,-2.390163470231395,1.1642771178962008,1.2740980549500829,2.735474559910349,1.5272393812873273,0.40345533914665543,-0.9946076015586325,-1.201583421761507,-0.9120077970968025,-1.2676136780735823,-1.2761757670616813
1.7965806060563545,1.3295840845218945,0.07223151350126605,-0.7030746009502787,-0.010684955963028146,-0.6865507261215884,-0.6874206446824462,1.6737831291080403,-2.4499678464737507,1.300783666777727,1.387243670599191,2.3652492422686837,1.5132958077041396,0.41390077802624936,-1.0444780200434527,-1.0962386823157328,-0.887223852256303,-1.2676136780735823,-1.2761757670616813
1.7965806060563545,1.3295840845218945,0.2166945370556222,-0.7030746009502787,-0.010684955963028146,-0.6865507261215884,-0.6874206446824462,1.6737831291080403,-2.569576598958463,1.3956802360582443,1.4910199737470329,2.08546581279009,1.7065186650242872,0.41390077802624936,-1.0884820393502506,-1.0066001385945904,-0.919812252724117,-1.2676136780735823,-1.2761757670616813
1.7965806060563545,1.3295840845218945,0.3611575606099783,-0.7030746009502787,-0.010684955963028146,-0.6865507261215884,-0.6874206446824462,1.6887723641661967,-2.689185351443175,1.4064400847921696,1.595043972962783,1.8417712786111358,2.157429503636577,0.41390077802624936,-1.1402367433229008,-0.937083599388876,-1.0348504046720006,-1.2676136780735823,-1.2761757670616813
1.7965806060563545,1.3295840845218945,0.5056205841643344,-0.7030746009502787,-0.010684955963028146,-0.6865507261215884,-0.6874206446824462,1.5988358102119287,-2.4499678464737507,1.3220692696939675,1.6528837879212155,1.6373451758450366,2.6781941060964294,0.41390077802624936,-1.1610275126694325,-0.8635057262330473,-1.1486510625016568,-1.2676136780735823,-1.2761757670616813
1.7965806060563545,1.3295840845218945,0.6500836077186906,-0.7030746009502787,-0.010684955963028146,-0.6865507261215884,-0.6874206446824462,1.5088989703563283,-2.2107503415043266,1.1962800663456552,1.6879049505113481,1.4541927888979669,3.0438501844423986,0.41390077802624936,-1.1662144796665657,-0.7891228297620683,-1.2158990148194546,-1.2676136780735823,-1.2761757670616813
1.7965806060563545,1.3295840845218945,0.7945466312730467,1.1702338701201362,-0.010684955963028146,0.8723935194881636,-0.6874206446824462,1.4189621305007278,-1.9715328365349023,1.0607589378252367,1.7214468944487487,1.2501993550190156,3.1251135103097964,0.41390077802624936,-1.1708487904058844,-0.7073507214393087,-1.2173274553172835,0.8816186986937735,0.8625817794958723
1.7965806060563545,1.3295840845218945,0.9390096548274028,-0.7030746009502787,-0.010684955963028146,2.409466257114434,-0.6874206446824462,1.2240992157313706,-1.55290220283841,0.935099205765245,1.6347031748469483,1.179998413645498,2.6406233566166644,0.41390077802624936,-1.1127805972603377,-0.6498787363491196,-1.0715271756505675,0.3608132396019611,0.42680367888587195
1.7965806060563545,1.3295840845218945,1.083472678381759,1.7048146363720473,-0.010684955963028146,0.19920957424301075,-0.6874206446824462,1.0142464941011922,-1.0146628166572054,0.7055256869199759,1.4192667366819751,1.273675372050979,1.9598978501610176,0.41390077802624936,-0.9889166641144472,-0.6394090958420595,-0.8547284685497355,0.7500032973753401,0.7380272019544384
1.7965806060563545,1.3295840845218945,1.227935701936115,-0.7030746009502787,-0.010684955963028146,2.7228204977746944,-0.6874206446824462,0.819383579331835,-0.47642343047600094,0.667247958254736,1.23060721754353,1.5793202995140478,1.3910797952801324,0.41390077802624936,-0.8747048134616656,-0.6981493396464189,-0.6505086407884656,0.41622075269586606,0.4461406977378678
1.7965806060563545,1.3295840845218945,1.3723987254904713,2.3252662213309248,-0.010684955963028146,-0.6865507261215884,-0.6874206446824462,0.6694889415396119,-0.47642343047600094,0.5691132989754101,1.0759112822783068,1.7737676652449526,0.9022556192406882,0.41390077802624936,-0.7775946974052589,-0.7299824598756903,-0.4609946319707548,0.8353748326269025,0.812921436543846
1.7965806060563545,1.3295840845218945,1.5168617490448273,-0.7030746009502787,-0.010684955963028146,0.656559837038405,1.8890099275209888,0.5195943037473887,-0.536227806718357,0.5758719617839091,0.9313555787369399,1.7066932124582572,0.38289147724985617,0.41390077802624936,-0.6895480957732374,-0.6957527036939058,-0.2569182596370412,0.7017996956461617,0.69997987711945
1.7965806060563545,1.3295840845218945,1.6613247725991833,-0.7030746009502787,-0.010684955963028146,-0.6865507261215884,-0.6874206446824462,0.3696996659551655,-0.596032182960713,0.5099174566062341,0.8139692115881128,1.6103638777330969,0.30880215457530225,0.41390077802624936,-0.6138185222264115,-0.6531257215523615,-0.2127798412827022,-1.2676136780735823,-1.2761757670616813
1.7965806060563545,1.4398290164225354,-1.6613247691510074,-0.7030746009502787,-0.010684955963028146,-0.6865507261215884,2.8325418355888505,0.35471014499567666,-0.536227806718357,0.4210903443872966,0.7335139106991032,1.3859048739450182,0.46695002781864015,0.41390077802624936,-0.5573070699309407,-0.5706398923971234,-0.25874016540192696,0.6114710339311699,0.6086990044770931
1.7965806060563545,1.4398290164225354,-1.5168617455966513,-0.7030746009502787,-0.010684955963028146,-0.6865507261215884,-0.6874206446824462,0.3247313889780315,-0.41661905423364487,0.2997620154274886,0.6554193759854089,1.087827507669035,0.7195797509611997,0.41390077802624936,-0.4994982130843074,-0.4591092470974442,-0.33711748586319445,-1.2676136780735823,-1.2761757670616813
1.7965806060563545,1.4398290164225354,-1.372398722042295,1.5015099063402646,-0.010684955963028146,-0.6865507261215884,0.4464705071181415,0.3097418680185427,-0.35681467799128885,0.14148925051398586,0.5967077543609965,0.746886911199431,0.751343594045305,0.41390077802624936,-0.4489835511729113,-0.32299351072141547,-0.3301711426107602,0.8065223398956148,0.7914320621952998
1.7965806060563545,1.4398290164225354,-1.227935698487939,-0.7030746009502787,-0.010684955963028146,1.5963611653260348,0.9354168012709151,0.1898261291946309,-0.41661905423364487,0.11383928371276848,0.5220454800489617,0.4565428796305133,0.7763525142047509,0.41390077802624936,-0.40055442550175463,-0.22118733887306977,-0.34335091896194325,0.6924773357337003,0.6899094896012614
1.7965806060563545,1.4398290164225354,-1.083472674933583,1.5317057696005985,-0.010684955963028146,0.4789419334473491,-0.6874206446824462,0.06991039037071911,-0.47642343047600094,0.05693926807740056,0.4528429558629801,0.48756988049756433,0.788901323555573,0.41390077802624936,-0.36774910674580463,-0.25870571939508663,-0.3729501188159885,0.7997862990187343,0.7896831198485879
1.7965806060563545,1.4398290164225354,-0.9390096513792268,-0.7030746009502787,-0.010684955963028146,1.1776283427665755,1.397209499828117,-0.05000534845319268,-0.596032182960713,0.08027941032648778,0.39224369538397585,0.5982344803629926,0.6877597592586386,0.41390077802624936,-0.3532542321950128,-0.3462055946296029,-0.38322192045758996,0.6674285599689124,0.6654416940673025
1.7965806060563545,1.4398290164225354,-0.7945466278248707,1.620786020817221,-0.010684955963028146,0.3474821394531841,-0.6874206446824462,0.3247313889780315,-1.1940759453842735,0.15520536033123397,0.48487854590425405,1.025707196526941,0.7819429636075229,0.41390077802624936,-0.4300840568612993,-0.5290614791480233,-0.4541319164637605,0.7671644201942387,0.7563797371683202
1.7965806060563545,1.4398290164225354,-0.6500836042705146,-0.7030746009502787,-0.010684955963028146,1.039842382080998,1.4390573647379803,0.6844784624991007,-1.672510955323122,0.2931190921040035,0.6912914719773721,1.7924652605634934,0.9691530362643398,0.32261556072298875,-0.564003056042848,-0.7889076942209504,-0.5442544590006478,0.6369301624903306,0.6352929571904135
1.7965806060563545,1.4398290164225354,-0.5056205807161585,-0.7030746009502787,-0.010684955963028146,-0.6865507261215884,-0.6874206446824462,1.0592150569796586,-2.1509459652619705,0.4379314202999217,0.8981907451051747,2.1042628722206187,1.1497505919128705,0.055427755304238636,-0.6964248460340154,-0.8998547409912465,-0.6302124271543057,-1.2676136780735823,-1.2761757670616813
1.7965806060563545,1.4398290164225354,-0.3611575571618023,-0.7030746009502787,-0.010684955963028146,-0.6865507261215884,-0.6874206446824462,1.2990465346274822,-2.2705547177466827,0.644612061346666,1.123349949711013,2.4216255009434717,1.26912987848272,-0.2544652429831122,-0.8172632693655378,-0.9834960561979722,-0.6677722023171005,-1.2676136780735823,-1.2761757670616813
1.7965806060563545,1.4398290164225354,-0.2166945336074462,-0.7030746009502787,-0.010684955963028146,-0.6865507261215884,-0.6874206446824462,1.5388777263739735,-2.4499678464737507,0.838767989986871,1.2968645241580086,2.658317761638472,1.2796052576911456,-0.49267947373484144,-0.9093833308376481,-1.0439840594034087,-0.6716531410832894,-1.2676136780735823,-1.2761757670616813
1.7965806060563545,1.4398290164225354,-0.07223151005309006,-0.7030746009502787,-0.010684955963028146,-0.6865507261215884,-0.6874206446824462,1.778709204021797,-2.569576598958463,1.0433365489059594,1.4523599054401601,2.5716803757589406,1.3352452835884585,-0.6177999945035961,-0.9789519801532245,-1.0090473053748055,-0.6735318176414243,-1.2676136780735823,-1.2761757670616813
1.7965806060563545,1.4398290164225354,0.07223151350126605,-0.7030746009502787,-0.010684955963028146,-0.6865507261215884,-0.6874206446824462,1.8836355648368863,-2.689185351443175,1.1755195414320487,1.5306798714066698,2.2553786975639594,1.2957524611116997,-0.31207352690868534,-1.0147170105733534,-0.9189686229634426,-0.6523508530293981,-1.2676136780735823,-1.2761757670616813
1.7965806060563545,1.4398290164225354,0.2166945370556222,-0.7030746009502787,-0.010684955963028146,-0.6865507261215884,-0.6874206446824462,1.9735724046924867,-2.868598480170243,1.2763018231679937,1.6092197024222212,1.9978768869058734,1.5072626793384698,-0.012656244135362066,-1.058856964520102,-0.8564446394555727,-0.7264638135208407,-1.2676136780735823,-1.2761757670616813
1.7965806060563545,1.4398290164225354,0.3611575606099783,-0.7030746009502787,-0.010684955963028146,-0.6865507261215884,-0.6874206446824462,2.0784984796062433,-2.9882072326549554,1.318181207671973,1.707486159610051,1.8825789171570049,2.017101899894157,0.41390077802624936,-1.1113045977300908,-0.8317309441696638,-0.8833383281568132,-1.2676136780735823,-1.2761757670616813
1.7965806060563545,1.4398290164225354,0.5056205841643344,-0.7030746009502787,-0.010684955963028146,-0.6865507261215884,-0.6874206446824462,1.8536565229179085,-2.509772222716107,1.2934208046237314,1.7670480188608222,1.6917047996492682,2.602488679708061,0.41390077802624936,-1.129219047939789,-0.7597238640827024,-1.0248065596002147,-1.2676136780735823,-1.2761757670616813
1.7965806060563545,1.4398290164225354,0.6500836077186906,-0.7030746009502787,-0.010684955963028146,-0.6865507261215884,-0.6874206446824462,1.613825045270085,-1.9715328365349023,1.1770398482267237,1.7998600943284597,1.5266772605092087,2.977291286625669,0.41390077802624936,-1.1250033869692553,-0.6759444023641903,-1.0898936190126685,-1.2676136780735823,-1.2761757670616813
1.7965806060563545,1.4398290164225354,0.7945466312730467,1.197192350696555,-0.010684955963028146,0.8345153872246972,-0.6874206446824462,1.3889830885817502,-1.3734890741113417,1.04304491155954,1.8140949647029883,1.3133466331173855,3.005147511364489,0.41390077802624936,-1.1037503434393447,-0.5594354946185843,-1.056098184140697,0.8906178810660325,0.8740678995140265
1.7965806060563545,1.4398290164225354,0.9390096548274028,-0.7030746009502787,-0.010684955963028146,2.4294089536926635,-0.6874206446824462,1.2840570136679934,-1.1342715691419176,0.9255144070571394,1.7109740820494426,1.2294370505091243,2.509602589820315,0.41390077802624936,-1.0205231550350855,-0.4711945728679395,-0.8743060949508848,0.37328487297487256,0.4320837655083765
1.7965806060563545,1.4398290164225354,1.083472678381759,2.3007750603040216,-0.010684955963028146,-0.6865507261215884,-0.6874206446824462,1.1641411318934154,-0.9548584404148494,0.7155440182753371,1.4956496637354055,1.269717529261457,1.86443462006096,0.41390077802624936,-0.888485549114985,-0.4413824688762456,-0.6447970622891986,0.8586213274152659,0.8411167613953378
1.7965806060563545,1.4398290164225354,1.227935701936115,-0.7030746009502787,-0.010684955963028146,0.8776824793523266,1.6018699524147237,1.0592150569796586,-0.7156409354454252,0.7031396226215806,1.2970322060466768,1.3378346974888267,0.9542793486102107,0.41390077802624936,-0.7419267975877899,-0.39538358412048774,-0.2647423666927881,0.731509022267408,0.7299001974183481
1.7965806060563545,1.4398290164225354,1.3723987254904713,-0.7030746009502787,-0.010684955963028146,-0.6865507261215884,-0.6874206446824462,0.9542886961645695,-0.6558365592030692,0.634176544728938,1.1432296464870546,1.3167400170713754,0.8241911371290831,0.41390077802624936,-0.6223686664680035,-0.3407055417482633,-0.16506813819174337,-1.2676136780735823,-1.2761757670616813
1.7965806060563545,1.4398290164225354,1.5168617490448273,1.3874742703691378,-0.010684955963028146,0.6132818696347687,-0.6874206446824462,0.8343731002913238,-0.6558365592030692,0.5017856134670609,1.032774594586825,1.1312129244505926,0.7036156408616973,0.41390077802624936,-0.5110919435551544,-0.21715463182963654,-0.057049913178313,0.8101110844827585,0.8002453398371273
1.7965806060563545,1.4398290164225354,1.6613247725991833,-0.7030746009502787,-0.010684955963028146,0.9439770034625083,1.6169275777799645,0.7294467394762346,-0.7156409354454252,0.46771766335843074,0.914501809487113,1.0998038156199879,0.5067317308686135,0.41390077802624936,-0.40539769959716804,-0.17809885629654687,0.05331294559630431,0.713122413091946,0.7108405123147192
1.7965806060563545,1.5500739483231762,-1.6613247691510074,2.3139704092389373,-0.010684955963028146,-0.6865507261215884,-0.6874206446824462,0.6395098996206342,-0.17740154926422066,0.399211658347284,0.8207697210480396,1.112648776815636,0.5919628924402205,0.41390077802624936,-0.3064575272975926,-0.1402961585422664,0.06344107346114464,0.8377672091898035,0.8254739099413295
1.7965806060563545,1.5500739483231762,-1.5168617455966513,-0.7030746009502787,-0.010684955963028146,-0.6865507261215884,2.1567843011461543,0.5345838247068775,0.3010334606746278,0.42048091387863545,0.7396353432986976,0.990815186041557,0.6441013602909351,0.41390077802624936,-0.22954141787757842,-0.06467493148682887,0.07192677860744817,0.2506262347297616,0.28666888024245946
1.7965806060563545,1.5500739483231762,-1.372398722042295,-0.7030746009502787,-0.010684955963028146,-0.6865507261215884,-0.6874206446824462,0.44464698485127707,0.8392728468558323,0.38960528109112497,0.6733801240106341,0.7813736054284639,0.7885196756996923,0.41390077802624936,-0.16279148419006176,0.050082746929617505,0.04322412058832873,-1.2676136780735823,-1.2761757670616813
1.7965806060563545,1.5500739483231762,-1.227935698487939,0.7278978164807913,-0.010684955963028146,0.5643192431508051,0.21929526268255103,0.44464698485127707,0.8392728468558323,0.28730857761906514,0.6181292895822189,0.48004293382287383,0.7738095514123692,0.41390077802624936,-0.09603528401205087,0.21833825842921264,0.09020937587490414,0.8225074056257785,0.8097737496684706
1.7965806060563545,1.5500739483231762,-1.083472674933583,-0.7030746009502787,-0.010684955963028146,1.2979587694332555,1.0970805395338343,0.4596365058107659,0.7794684706134762,0.25192695166075674,0.5721218322947008,0.47004513283288185,0.7695455114021035,0.41390077802624936,-0.02938223990832897,0.26725600331390664,0.13504978692268843,0.6796508900891759,0.6726789791907354
1.7965806060563545,1.5500739483231762,-0.9390096513792268,1.591116910841004,-0.010684955963028146,0.47231326553120834,-0.6874206446824462,0.4596365058107659,0.7196640943711202,0.21359429578229,0.5317049309219066,0.5783855879481911,0.7962185464128839,0.41390077802624936,0.06028810581828323,0.289028500808848,0.19103670652651958,0.7697234183254199,0.762824932545495
1.7965806060563545,1.5500739483231762,-0.7945466278248707,-0.7030746009502787,-0.010684955963028146,1.1201152451154572,1.4244710353904646,0.7444362604357235,0.24122908443227173,0.2821885766718372,0.657392595223014,1.1671758318750474,0.8705007273856121,0.41390077802624936,0.04576720123005397,0.11047706207682523,0.232439864392277,0.6571231867264354,0.6555399582160174
1.7965806060563545,1.5500739483231762,-0.6500836042705146,2.25304942108518,-0.010684955963028146,-0.6865507261215884,-0.6874206446824462,1.0142464941011922,-0.23720592550657674,0.534775290068414,0.8620361642717209,1.8174158330556787,1.0457999691969597,0.41390077802624936,-0.050023095520730275,-0.10848103856492318,0.19689021200890913,0.8076604712552158,0.7930719131118423
1.7965806060563545,1.5500739483231762,-0.5056205807161585,-0.7030746009502787,-0.010684955963028146,-0.6865507261215884,1.102075273229006,1.2990465346274822,-0.6558365592030692,0.687598490755327,1.0455427702671112,2.5273044621955028,1.3040551329103145,0.41390077802624936,-0.1102561201131545,-0.3131799034924616,0.14581200087828,-0.31992241297699403,-0.3012036531448616
1.7965806060563545,1.5500739483231762,-0.3611575571618023,-0.7030746009502787,-0.010684955963028146,-0.6865507261215884,-0.6874206446824462,1.359004332564105,-0.7156409354454252,0.9160139608550609,1.208861450952518,3.1261190308755475,1.4299972978547426,0.41390077802624936,-0.18193151532910454,-0.48553925556118216,0.12552910654561325,-1.2676136780735823,-1.2761757670616813
1.7965806060563545,1.5500739483231762,-0.2166945336074462,-0.7030746009502787,-0.010684955963028146,-0.6865507261215884,-0.6874206446824462,1.4189621305007278,-0.8352496879301373,1.0604980335624086,1.3416147151682516,3.1608353214297527,1.463234838736289,0.41390077802624936,-0.2353362344526481,-0.4744263771358202,0.1391973300679432,-1.2676136780735823,-1.2761757670616813
1.7965806060563545,1.5500739483231762,-0.07223151005309006,-0.7030746009502787,-0.010684955963028146,-0.6865507261215884,-0.6874206446824462,1.4789199284373507,-0.8950540641724933,1.2091434965670942,1.4369129941940137,2.883542639088858,1.4588438540234276,0.41390077802624936,-0.25853574633760024,-0.35423804439968515,0.17596165907763653,-1.2676136780735823,-1.2761757670616813
1.7965806060563545,1.5500739483231762,0.07223151350126605,-0.7030746009502787,-0.010684955963028146,-0.6865507261215884,-0.6874206446824462,1.5388777263739735,-1.0146628166572054,1.3315827938039573,1.527452168993676,2.4796818742432567,1.414470170481483,0.41390077802624936,-0.2893056607772642,-0.1931566092107526,0.2177264032265496,-1.2676136780735823,-1.2761757670616813
1.7965806060563545,1.5500739483231762,0.2166945370556222,-0.7030746009502787,-0.010684955963028146,-0.6865507261215884,-0.6874206446824462,1.5988358102119287,-1.0744671928995615,1.4096082079836536,1.6063906793544842,2.124679538941352,1.5934670836299771,0.41390077802624936,-0.30379378679983154,-0.031784784415412055,0.17157524190232604,-1.2676136780735823,-1.2761757670616813
1.7965806060563545,1.5500739483231762,0.3611575606099783,-0.7030746009502787,-0.010684955963028146,-0.6865507261215884,-0.6874206446824462,1.6587936081485515,-1.1940759453842735,1.3979747550012613,1.6826455837211305,1.8832801391465201,2.0440890416690523,0.41390077802624936,-0.30447514713164214,0.10046957261625915,0.021277186965849577,-1.2676136780735823,-1.2761757670616813
1.7965806060563545,1.5500739483231762,0.5056205841643344,-0.7030746009502787,-0.010684955963028146,-0.6865507261215884,-0.6874206446824462,1.5988358102119287,-1.0146628166572054,1.3241682739137124,1.7384544300778106,1.689547257286729,2.5990009553790534,0.41390077802624936,-0.303903691402345,0.21251853842326854,-0.16541422168135797,-1.2676136780735823,-1.2761757670616813
1.7965806060563545,1.5500739483231762,0.6500836077186906,0.9572168128688239,-0.010684955963028146,0.6232385740195052,-0.6874206446824462,1.5388777263739735,-0.8352496879301373,1.1920572098811344,1.7663598969193581,1.4703930061380095,3.0471776003969744,0.41390077802624936,-0.292287546177038,0.3364212123012633,-0.3038733827333536,0.7505651733434565,0.6963192763153606
1.7965806060563545,1.5500739483231762,0.7945466312730467,-0.7030746009502787,-0.010684955963028146,1.3533641908470728,-0.6874206446824462,1.4789199284373507,-0.6558365592030692,1.1440959443030596,1.8209900996270598,1.470479208368399,3.239593219608308,0.41390077802624936,-0.29480595229910694,0.36768591493651276,-0.34597023602277377,-0.16794044575667966,-0.13465757364821535
1.7965806060563545,1.5500739483231762,0.9390096548274028,1.3916906258232624,-0.010684955963028146,0.2789247137192918,-0.6874206446824462,1.3889830885817502,-0.47642343047600094,0.9915159927032947,1.7465483861395386,1.4931843785324557,2.711202983763685,0.41390077802624936,-0.2141381432239942,0.3931035718821681,-0.12462113149382333,0.7367350439478249,0.7133713106900373
1.7965806060563545,1.5500739483231762,1.083472678381759,-0.7030746009502787,-0.010684955963028146,1.1348472221186305,-0.6874206446824462,1.2990465346274822,-0.23720592550657674,0.8979226369461267,1.5392260815249714,1.4268534199828704,2.0716734745446224,0.41390077802624936,-0.04976062597656977,0.45792334655765216,0.1629428060903941,-0.33068586072514744,-0.3089093355252226
1.7965806060563545,1.5500739483231762,1.227935701936115,2.26525343467281,-0.010684955963028146,-0.6865507261215884,-0.6874206446824462,1.2091096947718818,0.0020115794628475024,0.7496590488524475,1.3635928707667955,1.514899051914632,1.4870638241600698,0.41390077802624936,0.08880328877436462,0.4416079615840289,0.4463827822434756,0.8069932660109267,0.7931124386337439
1.7965806060563545,1.5500739483231762,1.3723987254904713,-0.7030746009502787,-0.010684955963028146,0.8001534656010872,1.532049528789274,1.0742045779391476,0.18142470818991568,0.7490679274148621,1.2011578249303867,1.3987796743742626,0.7892015966020974,0.41390077802624936,0.20843758185554193,0.5022557983517676,0.799162605270981,0.7224961794429492,0.7184736376369281
1.7965806060563545,1.5500739483231762,1.5168617490448273,-0.7030746009502787,-0.010684955963028146,-0.6865507261215884,-0.6874206446824462,0.9243099401469242,0.36083783691698385,0.6838189753689953,1.072133917242708,1.3537414955985045,0.6855243932456233,0.41390077802624936,0.3012004406410369,0.524415626568923,0.85507397604995,-1.2676136780735823,-1.2761757670616813
1.7965806060563545,1.5500739483231762,1.6613247725991833,-0.7030746009502787,-0.010684955963028146,-0.6865507261215884,2.289533516215983,0.7894045374128574,0.5402509656440521,0.5758745773654914,0.9773853008395509,1.1779917251861405,0.7174412209713183,0.41390077802624936,0.367008713622369,0.6068543948245416,0.8369509920512058,0.333983392510217,0.3474900133284857
1.7965806060563545,1.6603188802238171,-1.6613247691510074,-0.7030746009502787,-0.010684955963028146,1.8291975713514514,-0.6874206446824462,0.8043940583723462,0.6000553418864081,0.45837676763286866,0.8880240739133954,0.9370863304808491,0.8936502331512683,0.41390077802624936,0.44243460339909174,0.7325896244711307,0.7525454867437055,0.0872190068007678,0.07015053407975652
1.7965806060563545,1.6603188802238171,-1.5168617455966513,2.251379219005405,-0.010684955963028146,-0.6865507261215884,-0.6874206446824462,0.8343731002913238,0.7196640943711202,0.30523577378371397,0.8146420264692003,0.9890298052313727,0.8713283091967647,0.41390077802624936,0.5258531607822887,0.7303909912898279,0.7882534423005563,0.8475817048670451,0.833538079451037
1.7965806060563545,1.6603188802238171,-1.372398722042295,-0.7030746009502787,-0.010684955963028146,0.5927768471284135,0.8242139515458277,0.8493626212508127,0.7794684706134762,0.3196306270215524,0.7530276295770557,0.9214563741495377,0.7067933271670575,0.41390077802624936,0.6178302980673583,0.8035873892270816,0.9155733003202636,0.3115655119934519,0.33052650061149813
1.7965806060563545,1.6603188802238171,-1.227935698487939,-0.7030746009502787,-0.010684955963028146,-0.6865507261215884,-0.6874206446824462,0.9542886961645695,0.6000553418864081,0.31027076832951916,0.7177566835925999,0.9002812935748963,0.6944609748091229,0.41390077802624936,0.6810500284368596,0.8454347219025791,0.954232900427657,-1.2676136780735823,-1.2761757670616813
1.7965806060563545,1.6603188802238171,-1.083472674933583,-0.7030746009502787,-0.010684955963028146,-0.6865507261215884,0.7225625337645162,1.0592150569796586,0.4206422131593399,0.27097688621958055,0.6926224904546423,0.799215809383908,0.6539810758948733,0.41390077802624936,0.748984087808913,0.9396545466099547,1.0189411239697752,-0.5144547565649374,-0.5224018272211961
1.7965806060563545,1.6603188802238171,-0.9390096513792268,-0.7030746009502787,-0.010684955963028146,-0.6865507261215884,-0.6874206446824462,1.1641411318934154,0.24122908443227173,0.2025258084216608,0.6730329320502797,0.6119008493501413,0.6465499283044637,0.41390077802624936,0.7980733641517461,1.0703237971194182,1.0528180030951386,-1.2676136780735823,-1.2761757670616813
1.7965806060563545,1.6603188802238171,-0.7945466278248707,1.2730123942405573,-0.010684955963028146,-0.6865507261215884,0.5253036041904074,1.2690674927085046,0.06181595570520356,0.20992594261320335,0.7543363832392331,0.6215331197285775,0.6547850590113128,0.41390077802624936,0.7453249393980363,1.0754501821203688,1.0586378827999883,0.8440767204210218,0.8372390011026748
1.7965806060563545,1.6603188802238171,-0.6500836042705146,-0.7030746009502787,-0.010684955963028146,-0.6865507261215884,0.7875621618389304,1.3739938535235938,-0.057792796779508555,0.33805674537301283,0.9717655223550176,1.1843557706181715,0.9016387981857681,0.41390077802624936,0.5892820955267498,0.7887295909186326,0.9336395135257587,-0.47908825024071544,-0.46187348079719115
1.7965806060563545,1.6603188802238171,-0.5056205807161585,-0.7030746009502787,-0.010684955963028146,-0.6865507261215884,-0.6874206446824462,1.4789199284373507,-0.23720592550657674,0.5481304496273135,1.1734353470378838,1.4685487757282323,1.119384768053505,0.41390077802624936,0.43729270692974365,0.6456306242764812,0.8154925055998735,-1.2676136780735823,-1.2761757670616813
1.7965806060563545,1.6603188802238171,-0.3611575571618023,-0.7030746009502787,-0.010684955963028146,-0.6865507261215884,-0.6874206446824462,1.4939094493968395,-0.23720592550657674,0.7093483594024145,1.360774980106605,1.8417472414507388,1.2236242713426306,0.41390077802624936,0.3172947163810382,0.4828231167369875,0.7755612397237008,-1.2676136780735823,-1.2761757670616813
1.7965806060563545,1.6603188802238171,-0.2166945336074462,-0.7030746009502787,-0.010684955963028146,-0.6865507261215884,-0.6874206446824462,1.523888491315817,-0.2970103017489328,0.8945563834497884,1.5159315187340618,2.0768455897511315,1.3288288798707208,0.41390077802624936,0.23957047070613863,0.40382911958531587,0.7516563687817429,-1.2676136780735823,-1.2761757670616813
1.7965806060563545,1.6603188802238171,-0.07223151005309006,-0.7030746009502787,-0.010684955963028146,-0.6865507261215884,-0.6874206446824462,1.5388777263739735,-0.2970103017489328,1.0889804092021727,1.6349411300582533,2.0064523510944374,1.364053593596746,0.41390077802624936,0.19304370693769896,0.467248995149998,0.7683277672669492,-1.2676136780735823,-1.2761757670616813
1.7965806060563545,1.6603188802238171,0.07223151350126605,-0.7030746009502787,-0.010684955963028146,-0.6865507261215884,-0.6874206446824462,1.568856768292951,-0.47642343047600094,1.271721285922102,1.7226867663392327,1.7343061076813209,1.3494655315234572,0.41390077802624936,0.1586753808411789,0.6124919436061521,0.7953882209167366,-1.2676136780735823,-1.2761757670616813
1.7965806060563545,1.6603188802238171,0.2166945370556222,-0.7030746009502787,-0.010684955963028146,-0.6865507261215884,-0.6874206446824462,1.5988358102119287,-0.6558365592030692,1.3552891174745576,1.7741748470169538,1.5547161936786207,1.5515037219411636,0.41390077802624936,0.15431245734403168,0.7165841474493797,0.7096571175868702,-1.2676136780735823,-1.2761757670616813
1.7965806060563545,1.6603188802238171,0.3611575606099783,-0.7030746009502787,-0.010684955963028146,-0.6865507261215884,-0.6874206446824462,1.6288145662295739,-0.7754453116877812,1.3231318497117512,1.8026856385188386,1.3944612741787843,1.981517509510777,0.41390077802624936,0.1797674237691619,0.8174124501899631,0.5194515968375447,-1.2676136780735823,-1.2761757670616813
1.7965806060563545,1.6603188802238171,0.5056205841643344,-0.7030746009502787,-0.010684955963028146,-0.6865507261215884,-0.6874206446824462,1.7187514060851743,-0.7156409354454252,1.2466280501175209,1.8356403479581647,1.2853209618295718,2.5195368265465214,0.41390077802624936,0.1964064021444274,0.9104551017953353,0.30654780285200905,-1.2676136780735823,-1.2761757670616813
1.7965806060563545,1.6603188802238171,0.6500836077186906,0.7513461314225914,-0.010684955963028146,0.5842684248866878,-0.6874206446824462,1.7187514060851743,-1.0146628166572054,1.1215744790892126,1.848658307032774,1.165358954096067,2.9654089369634744,0.41390077802624936,0.20079294549036042,0.9611485823762719,0.10688033766170071,0.6564398046308569,0.6002744034316853
1.7965806060563545,1.6603188802238171,0.7945466312730467,-0.7030746009502787,-0.010684955963028146,1.2643880370433402,-0.6874206446824462,1.7187514060851743,-1.0146628166572054,1.0820811588836283,1.8956029738806075,1.2206145837757902,3.189555849335171,0.41390077802624936,0.1785444940473342,0.933640293760883,0.017864825593170378,-0.1587773379580221,-0.12546749052244438
1.7965806060563545,1.6603188802238171,0.9390096548274028,1.1834105856055457,-0.010684955963028146,0.2101647837077113,-0.6874206446824462,1.5088989703563283,-0.6558365592030692,0.9328537289768949,1.8108150791296207,1.2780600816544492,2.6866481350404467,0.41390077802624936,0.24669498836030238,0.9026234741130303,0.22423932330744767,0.5782331765581347,0.5573816179628689
1.7965806060563545,1.6603188802238171,1.083472678381759,-0.7030746009502787,-0.010684955963028146,1.0141381459244552,-0.6874206446824462,1.3889830885817502,-0.41661905423364487,0.8389706975594943,1.5952373985439023,1.2356593595815724,2.056727363310166,0.41390077802624936,0.4067382633555337,0.9277483558767209,0.5098643199530043,-0.37262219077925196,-0.35227972859685364
1.7965806060563545,1.6603188802238171,1.227935701936115,2.2531436633394133,-0.010684955963028146,-0.6865507261215884,-0.6874206446824462,1.2540779717490158,-0.17740154926422066,0.6929545479403517,1.4109445662655453,1.2964766908566239,1.4765501987912468,0.41390077802624936,0.5496812498675812,0.897607693069711,0.7979328625495241,0.8184094497086049,0.8059442925231247
1.7965806060563545,1.6603188802238171,1.3723987254904713,-0.7030746009502787,-0.010684955963028146,0.7890998281791014,1.4074098266884414,1.0891938129973038,-0.057792796779508555,0.693516244085137,1.239239008044845,1.1921338641756316,0.7735548482590842,0.41390077802624936,0.6814963953751381,0.9458648503956903,1.1750642989920168,0.7412181886684768,0.7369854094974737
1.7965806060563545,1.6603188802238171,1.5168617490448273,-0.7030746009502787,-0.010684955963028146,-0.6865507261215884,-0.6874206446824462,0.8793413772684578,-0.1175971730218646,0.6266305918641858,1.0969744931316283,1.1585033901772952,0.6504990478025209,0.41390077802624936,0.7973136726887582,0.9563657202554934,1.2388489053978136,-1.2676136780735823,-1.2761757670616813
1.7965806060563545,1.6603188802238171,1.6613247725991833,-0.7030746009502787,-0.010684955963028146,-0.6865507261215884,1.9791868666248593,0.6245206645624779,-0.23720592550657674,0.5103366035547875,0.9844286359390843,0.9953548938862085,0.6280664541072928,0.41390077802624936,0.8876465792756983,1.022843903683929,1.2298542282551115,0.1828055945417749,0.1912932924932192
2.124367169983391,-1.5367841448947694,-1.6613247691510074,-0.7030746009502787,-0.010684955963028146,-0.6865507261215884,-0.6874206446824462,0.3696996659551655,-0.47642343047600094,0.37982104428737384,0.8577501873663445,0.7597998395382707,0.734009132156244,0.41390077802624936,0.9426090033247785,1.024613567006027,1.039483853856159,-1.2676136780735823,-1.2761757670616813
2.124367169983391,-1.5367841448947694,-1.5168617455966513,1.4280928611114245,-0.010684955963028146,-0.6865507261215884,-0.6874206446824462,0.1448577092668307,-0.7156409354454252,0.18306326586823915,0.7585367797615964,0.46305031915732703,0.6661807873135572,0.41390077802624936,0.9445265494160006,1.007735403071516,0.8997263884323979,0.2565237754814781,0.19309319875383765
2.124367169983391,-1.5367841448947694,-1.372398722042295,-0.7030746009502787,-0.010684955963028146,1.0933771493098086,0.8097178859495985,-0.0050369285253924825,-0.8950540641724933,0.1503743811488432,0.64768304851611,0.21592593084998715,0.4971612395402289,0.41390077802624936,0.9283117642434188,0.9280120704109943,0.7822095363115775,0.6432529746881646,0.6697854978618335
2.124367169983391,-1.5367841448947694,-1.227935698487939,2.255849634376835,-0.010684955963028146,-0.6865507261215884,-0.6874206446824462,-0.07998424742150408,-1.0146628166572054,0.10732910115458189,0.5707963800212037,0.20556177038083945,0.46542506389130467,0.41390077802624936,0.8324465106255694,0.6478273056232376,0.5213925029190488,0.8046702701657776,0.7961203329259942
2.124367169983391,-1.5367841448947694,-1.083472674933583,-0.7030746009502787,-0.010684955963028146,1.324792259815997,1.2087797875945017,-0.12495266734930428,-1.0744671928995615,0.17620390316882398,0.5053204292613904,0.18598971974440437,0.3746498365582586,0.41390077802624936,0.719136793585086,0.3962373506817169,0.3097902885433506,0.7204192514801903,0.717456610776681
2.124367169983391,-1.5367841448947694,-0.9390096513792268,2.281367068468848,-0.010684955963028146,-0.6865507261215884,-0.6874206446824462,-0.16992108727710448,-1.1342715691419176,0.22732021403047148,0.4657391542300503,0.27738646338256084,0.4310979143124785,0.41390077802624936,0.6019678824756421,0.1461429347437732,0.07907509487432632,0.7765867170991099,0.7672354601791165
2.124367169983391,-1.5367841448947694,-0.7945466278248707,-0.7030746009502787,-0.010684955963028146,1.3109675772883744,1.2543145554392983,-0.07998424742150408,-0.596032182960713,0.34190688146206494,0.5404243891326497,0.6188036587221073,0.5032415652953254,0.336023451833317,0.420294610445388,-0.1373781658953509,-0.09631739747188106,0.7044668989381895,0.701071814792909
2.124367169983391,-1.5367841448947694,-0.6500836042705146,2.2890820332355415,-0.010684955963028146,-0.6865507261215884,-0.6874206446824462,0.06991039037071911,-0.8950540641724933,0.5642803581068326,0.733762302542483,1.2171225645774122,0.6910635765185009,0.16107574218842585,0.2176517330706529,-0.41715759970896527,-0.23537025001173917,0.7566967392104921,0.7470695101973157
2.124367169983391,-1.5367841448947694,-0.5056205807161585,-0.7030746009502787,-0.010684955963028146,1.2443587322306449,1.270670807381564,0.0998892893390305,-1.1342715691419176,0.7269257215304391,0.9348066250763339,1.651808086595689,0.9796471316789174,-0.06100570035395069,0.02038213027582049,-0.6191638004444485,-0.4062138733742618,0.665868931761828,0.6629156032021042
2.124367169983391,-1.5367841448947694,-0.3611575571618023,1.3757040219858776,-0.010684955963028146,-0.6865507261215884,-0.6874206446824462,0.2198050281629423,-1.1342715691419176,1.0072349841171404,1.1256592285014262,2.105400078567681,1.211339930122216,-0.4831400049163762,-0.15424977560875042,-0.7920497140996953,-0.5275138438175188,0.11778579641174504,0.08021017619441055
2.124367169983391,-1.5367841448947694,-0.2166945336074462,-0.7030746009502787,-0.010684955963028146,-0.6865507261215884,-0.6874206446824462,0.2198050281629423,-1.1342715691419176,1.2444630024628245,1.292861032094123,2.3369467292025035,1.302548885189131,-0.8288374523933452,-0.3065300739760061,-0.8917392298176883,-0.59759804313112,-1.2676136780735823,-1.2761757670616813
2.124367169983391,-1.5367841448947694,-0.07223151005309006,-0.7030746009502787,-0.010684955963028146,-0.6865507261215884,-0.6874206446824462,0.3097418680185427,-1.3734890741113417,1.4320943628461407,1.4631207688847303,2.3261548730518076,1.3159570125267546,-0.9918771288183112,-0.45183721453641934,-0.9226749398966114,-0.640642750318595,-1.2676136780735823,-1.2761757670616813
2.124367169983391,-1.5367841448947694,0.07223151350126605,-0.7030746009502787,-0.010684955963028146,-0.6865507261215884,-0.6874206446824462,0.3696996659551655,-1.3734890741113417,1.5385099534148274,1.5464934563263768,2.025443365543343,1.3003696677945713,-0.7145664471252791,-0.567701731547611,-0.8872723480229265,-0.6871480740530109,-1.2676136780735823,-1.2761757670616813
2.124367169983391,-1.5367841448947694,0.2166945370556222,-0.7030746009502787,-0.010684955963028146,-0.6865507261215884,-0.6874206446824462,0.3696996659551655,-1.3734890741113417,1.5703056170238896,1.6150878727501345,1.7857721546943022,1.4573921274245127,-0.37301922753759365,-0.6735981903334677,-0.8618585947463641,-0.7787010222305703,-1.2676136780735823,-1.2761757670616813
2.124367169983391,-1.5367841448947694,0.3611575606099783,2.2771367379275933,-0.010684955963028146,-0.6865507261215884,-0.6874206446824462,0.33972062403618786,-1.3734890741113417,1.5439712877585372,1.6680690875900208,1.592013577938914,1.8247188306065651,0.039792202591160855,-0.749590233424454,-0.8371743938491568,-0.9142262250176125,0.7749147496469607,0.7686063689957668
2.124367169983391,-1.5367841448947694,0.5056205841643344,-0.7030746009502787,-0.010684955963028146,2.8183115154376854,-0.6874206446824462,0.3696996659551655,-1.3734890741113417,1.5166646160399881,1.6974001983729834,1.4736711774956135,2.225240759769299,0.41390077802624936,-0.7948068186418776,-0.8183769259439878,-1.0355227018735926,0.6050973545231706,0.6086857006441456
2.124367169983391,-1.5367841448947694,0.6500836077186906,2.308721509847273,-0.010684955963028146,-0.6865507261215884,-0.6874206446824462,0.2198050281629423,-1.3734890741113417,1.4253317766652682,1.682232988866441,1.5587370304057349,2.4404462080889346,0.41390077802624936,-0.8231571446941888,-0.8711313269354511,-1.115960037907585,0.7292793129313608,0.7178665735058166
2.124367169983391,-1.5367841448947694,0.7945466312730467,-0.7030746009502787,-0.010684955963028146,2.2027568776848243,-0.6874206446824462,0.1298681883073419,-1.1940759453842735,1.3821897201524642,1.6566994206077552,1.6752078478084618,2.3898522341198007,0.41390077802624936,-0.842365143153207,-0.9238503780345737,-1.1223505732591903,0.24843966366381937,0.24111563519567536
2.124367169983391,-1.5367841448947694,0.9390096548274028,2.3013423055072577,-0.010684955963028146,-0.6865507261215884,-0.6874206446824462,-0.07998424742150408,-0.8950540641724933,1.1800569215818335,1.5006822077218647,1.807862305099233,1.7965948827449634,0.41390077802624936,-0.8021130645203729,-0.9838361091500617,-0.9940881017223435,0.7023229269139758,0.6889655314850489
2.124367169983391,-1.5367841448947694,1.083472678381759,-0.7030746009502787,-0.010684955963028146,2.2963523465253655,-0.6874206446824462,-0.07998424742150408,-0.8950540641724933,1.0836609701592992,1.2666337756902,1.718017201608089,1.2614944801208263,0.41390077802624936,-0.7132330196526241,-0.9795301452701279,-0.8658782523438545,0.20621978935517118,0.252435866650692
2.124367169983391,-1.5367841448947694,1.227935701936115,2.3366881675426465,-0.010684955963028146,-0.6865507261215884,-0.6874206446824462,-0.13994204535812688,-0.8950540641724933,0.9804775845308612,1.0865350779549614,1.7789770981103232,0.7802031701834871,0.41390077802624936,-0.646964159619969,-1.015459081859834,-0.7453149921176067,0.71143876235831,0.6964864952617928
2.124367169983391,-1.5367841448947694,1.3723987254904713,-0.7030746009502787,-0.010684955963028146,0.6999113377618837,1.8630489012095055,-0.07998424742150408,-0.8950540641724933,0.9873205998453873,0.9526393504147752,1.6801561873798638,0.3167500322051239,0.41390077802624936,-0.5882953474624407,-0.9953842466792778,-0.6045799773039374,0.6813237562552856,0.6754881346861855
2.124367169983391,-1.5367841448947694,1.5168617490448273,2.302935465440036,-0.010684955963028146,-0.6865507261215884,-0.6874206446824462,-0.07998424742150408,-0.8950540641724933,0.9257066523034337,0.8603148157548538,1.6097961034271653,0.4196387136589362,0.41390077802624936,-0.5536136968412112,-0.9849542934746619,-0.6474973869050116,0.6903921396025046,0.6823780874325125
2.124367169983391,-1.5367841448947694,1.6613247725991833,-0.7030746009502787,-0.010684955963028146,1.0687136763572926,1.5480620881629101,-0.13994204535812688,-0.7156409354454252,0.9227667386049999,0.7811627023242484,1.3765494453449487,0.5005195779223599,0.41390077802624936,-0.539418890777545,-0.934549467536092,-0.6866358268185404,0.6767115562099032,0.6714546172108605
2.124367169983391,-1.4265392129941283,-1.6613247691510074,2.3393337590369567,-0.010684955963028146,-0.6865507261215884,-0.6874206446824462,-0.07998424742150408,-0.596032182960713,0.8461249670823067,0.7214345527357524,1.3249507795159834,0.6032715496964538,0.41390077802624936,-0.532709889646919,-0.9216684438821681,-0.7201124718514976,0.7124807313241356,0.7038142464492687
2.124367169983391,-1.4265392129941283,-1.5168617455966513,-0.7030746009502787,-0.010684955963028146,1.1096779068691625,1.351410530087898,-0.07998424742150408,-0.8950540641724933,0.8610030490174633,0.6730656334974474,1.16400955764343,0.6630543671380914,0.41390077802624936,-0.5338113458607056,-0.8860097279418904,-0.7478825604168986,0.642832736040226,0.6372950817118338
2.124367169983391,-1.4265392129941283,-1.372398722042295,2.309203112849894,-0.010684955963028146,-0.6865507261215884,-0.6874206446824462,-0.07998424742150408,-0.8950540641724933,0.8326128726284729,0.6412346014448391,1.1502006234290985,0.7357285818779408,0.41390077802624936,-0.532937170436766,-0.8872762516920194,-0.7754746943803842,0.6810848780845797,0.6741139510798866
2.124367169983391,-1.4265392129941283,-1.227935698487939,-0.7030746009502787,-0.010684955963028146,1.1976245941951027,1.3246711227369317,-0.22987888521372726,-0.596032182960713,0.8242658979041608,0.6003139586305689,1.0805624831559129,0.7491326404750966,0.41390077802624936,-0.5313037855875689,-0.876124553446234,-0.78821100349661,0.6474251643784771,0.6404268039876722
2.124367169983391,-1.4265392129941283,-1.083472674933583,2.3247222679395714,-0.010684955963028146,-0.6865507261215884,-0.6874206446824462,-0.22987888521372726,-0.596032182960713,0.7847111115313942,0.5598608769332489,1.0466037775880161,0.7870655078564968,0.41390077802624936,-0.5318101662232725,-0.8754908578301591,-0.8088188014460254,0.6905087926745799,0.6835457546165957
2.124367169983391,-1.4265392129941283,-0.9390096513792268,-0.7030746009502787,-0.010684955963028146,1.238626271262454,1.3073873401499287,-0.7694996384459972,0.48044658940169593,0.7637831893965245,0.5112748757477884,0.9648575394154935,0.7634952943264688,0.41390077802624936,-0.5265325761328387,-0.8616117961114931,-0.8112071050481731,0.6581480801270111,0.6511586990148804
2.124367169983391,-1.4265392129941283,-0.7945466278248707,1.4206948441541196,-0.010684955963028146,0.6225056466053729,-0.6874206446824462,-0.37977352300595046,0.0020115794628475024,0.7620699834601596,0.5770180042887161,1.2633112115818312,0.866075565252821,0.41390077802624936,-0.577564946566601,-0.9434281460173051,-0.8411368855982918,0.6822005415951677,0.6742785092597293
2.124367169983391,-1.4265392129941283,-0.6500836042705146,-0.7030746009502787,-0.010684955963028146,0.9824487368498797,1.5016525045408715,0.06991039037071911,-0.596032182960713,0.8548034667721673,0.8249694217949312,2.3480767633339585,1.0918361400940517,0.41390077802624936,-0.7133971534997988,-1.1989470354655405,-0.8903704826467356,0.6087349891497664,0.6051790149535411
2.124367169983391,-1.4265392129941283,-0.5056205807161585,-0.7030746009502787,-0.010684955963028146,-0.6865507261215884,-0.6874206446824462,0.2198050281629423,-0.8352496879301373,0.9068973512501757,1.007815041092252,2.889380353594953,1.265554269359608,0.41390077802624936,-0.8137287277079496,-1.3060162207330868,-0.9239735518692744,-1.2676136780735823,-1.2761757670616813
2.124367169983391,-1.4265392129941283,-0.3611575571618023,-0.7030746009502787,-0.010684955963028146,-0.6865507261215884,-0.6874206446824462,0.2947523470590539,-1.0146628166572054,0.9892548224254513,1.167664585276002,3.248965497856704,1.3380681757250255,0.41390077802624936,-0.8998613985317263,-1.3733532113619524,-0.9347418796026006,-1.2676136780735823,-1.2761757670616813
2.124367169983391,-1.4265392129941283,-0.2166945336074462,-0.7030746009502787,-0.010684955963028146,-0.6865507261215884,-0.6874206446824462,0.3696996659551655,-1.1342715691419176,1.0984906638351843,1.287520259573722,3.338405285091497,1.3051919389970208,0.41390077802624936,-0.9662948744492864,-1.3783296304085855,-0.9086292798508678,-1.2676136780735823,-1.2761757670616813
2.124367169983391,-1.4265392129941283,-0.07223151005309006,-0.7030746009502787,-0.010684955963028146,-0.6865507261215884,-0.6874206446824462,0.3996787078741431,-1.1940759453842735,1.2184830845018653,1.3765273367848065,3.059948043772743,1.2127639892859499,0.41390077802624936,-1.0143831994451051,-1.3126998443963322,-0.8720699807444856,-1.2676136780735823,-1.2761757670616813
2.124367169983391,-1.4265392129941283,0.07223151350126605,-0.7030746009502787,-0.010684955963028146,-0.6865507261215884,-0.6874206446824462,0.3696996659551655,-1.1342715691419176,1.313332573313902,1.4413750022937182,2.6234307243586876,1.1548861561313413,0.41390077802624936,-1.0491181152355353,-1.209752066208829,-0.8463783582596154,-1.2676136780735823,-1.2761757670616813
2.124367169983391,-1.4265392129941283,0.2166945370556222,-0.7030746009502787,-0.010684955963028146,-0.6865507261215884,-0.6874206446824462,0.5195943037473887,-1.3734890741113417,1.3752976626832711,1.5195780779809902,2.2209152116277235,1.3538980173890902,0.41390077802624936,-1.0910481672076215,-1.1066581173008487,-0.8932555306898128,-1.2676136780735823,-1.2761757670616813
2.124367169983391,-1.4265392129941283,0.3611575606099783,-0.7030746009502787,-0.010684955963028146,-0.6865507261215884,-0.6874206446824462,0.4596365058107659,-1.0744671928995615,1.3708459428303046,1.5829089529617002,1.8935580973852784,1.7769111301097884,0.41390077802624936,-1.1174720294706995,-0.9945486446228999,-0.9776450965053625,-1.2676136780735823,-1.2761757670616813
2.124367169983391,-1.4265392129941283,0.5056205841643344,2.289083108242244,-0.010684955963028146,-0.6865507261215884,-0.6874206446824462,0.3696996659551655,-1.1342715691419176,1.2605370590764589,1.6225431069288858,1.6438592463126496,2.3349364440257587,0.41390077802624936,-1.1464340614027897,-0.9311226966840733,-1.1235600095046006,0.8217296585643455,0.8048644306364948
2.124367169983391,-1.4265392129941283,0.6500836077186906,-0.7030746009502787,-0.010684955963028146,2.8175500324100153,-0.6874206446824462,0.3696996659551655,-1.1342715691419176,1.2602264587635683,1.6651683996487034,1.4753081910054155,2.800807227590095,0.41390077802624936,-1.1671850626365696,-0.8829360222722706,-1.2323247704492561,0.5992431317843511,0.6051753308151864
2.124367169983391,-1.4265392129941283,0.7945466312730467,2.3223250029934874,-0.010684955963028146,-0.6865507261215884,-0.6874206446824462,0.42965746389178827,-1.1342715691419176,1.226894140974942,1.6999989197596035,1.5425111182700955,2.942803828672411,0.41390077802624936,-1.1830559138885666,-0.8903464874335566,-1.2552957618422669,0.7619188065494826,0.7493182673141471
2.124367169983391,-1.4265392129941283,0.9390096548274028,-0.7030746009502787,-0.010684955963028146,2.580771905723237,-0.6874206446824462,0.3696996659551655,-0.8352496879301373,1.1942340276529508,1.640032119184331,1.7219211680036173,2.5235844095638997,0.41390077802624936,-1.1526600607276327,-0.9296334469251458,-1.1490621048797007,0.37473899216299195,0.42321369073358084
2.124367169983391,-1.4265392129941283,1.083472678381759,2.312739526564827,-0.010684955963028146,-0.6865507261215884,-0.6874206446824462,0.2198050281629423,-0.596032182960713,1.0052693745580896,1.4304158428397271,1.83453609333161,1.8435896488962717,0.41390077802624936,-1.0513767030209604,-0.9459542536613982,-0.9618872710930568,0.7286845440322895,0.7129220504851183
2.124367169983391,-1.4265392129941283,1.227935701936115,-0.7030746009502787,-0.010684955963028146,2.5668518286185216,-0.6874206446824462,0.1898261291946309,-0.2970103017489328,0.9835692019610647,1.2484935175932885,1.8424484634402538,1.2911165382226761,0.41390077802624936,-0.9534919523319259,-0.9274532477367816,-0.7835151854980921,0.3244442627904784,0.3633832838534363
2.124367169983391,-1.4265392129941283,1.3723987254904713,2.336808926628869,-0.010684955963028146,-0.6865507261215884,-0.6874206446824462,0.2198050281629423,-0.2970103017489328,0.9364462302800968,1.1092542344308147,1.9308637703215707,0.8256314712546882,0.41390077802624936,-0.8688114201707451,-0.9205958023636512,-0.6042395708936478,0.7254540268298086,0.708234803126189
2.124367169983391,-1.4265392129941283,1.5168617490448273,-0.7030746009502787,-0.010684955963028146,0.6561062943999466,1.9062083622272854,-0.07998424742150408,-1.1342715691419176,0.9483490881654594,0.9786453502187127,1.8457365812090567,0.37105876622136885,0.41390077802624936,-0.8291553811914544,-0.9380994208350412,-0.5000446404563379,0.670908200681249,0.6660413899217046
2.124367169983391,-1.4265392129941283,1.6613247725991833,-0.7030746009502787,-0.010684955963028146,-0.6865507261215884,-0.6874206446824462,-0.28983668315035005,0.3010334606746278,0.8640371236528576,0.8706811745069972,1.7490317694611415,0.4490329222945885,0.41390077802624936,-0.7669173206597546,-0.899975320992115,-0.5122278710367949,-1.2676136780735823,-1.2761757670616813
2.124367169983391,-1.3162942810934875,-1.6613247691510074,1.4193919360309566,-0.010684955963028146,0.6564193601556907,-0.6874206446824462,-0.37977352300595046,0.36083783691698385,0.6910615207702081,0.7944881941573279,1.4785391169098252,0.42132805470117124,0.41390077802624936,-0.7272347696052962,-0.821642128269663,-0.49922299239865997,0.7378891724159231,0.7290364716485267
2.124367169983391,-1.3162942810934875,-1.5168617455966513,-0.7030746009502787,-0.010684955963028146,-0.6865507261215884,2.816452504959775,-0.5296681607981737,0.7196640943711202,0.6437959998930083,0.6974282116373428,1.3525172581534524,0.37051274125058864,0.41390077802624936,-0.6801630621827272,-0.7860968356035835,-0.4824740799457483,0.6098840848196858,0.6077976186263125
2.124367169983391,-1.3162942810934875,-1.372398722042295,1.9292634940631854,-0.010684955963028146,-0.6865507261215884,-0.6874206446824462,-0.5596470597664851,0.6598597181287641,0.5231411831906262,0.612230505133553,1.1045399650858156,0.5554833791539224,0.41390077802624936,-0.6396265812890028,-0.7154193885837525,-0.5483122606227281,0.5008323354224137,0.45253963671125597
2.124367169983391,-1.3162942810934875,-1.227935698487939,-0.7030746009502787,-0.010684955963028146,1.3925334970794347,1.1841414442479876,-0.5296681607981737,0.7196640943711202,0.5280898635442176,0.5627963536481487,0.7716957473320333,0.6722448381067825,0.41390077802624936,-0.6168647596631834,-0.6120205197455184,-0.5864727144479391,0.6708887884597019,0.6682451186808674
2.124367169983391,-1.3162942810934875,-1.083472674933583,1.4557934546479838,-0.010684955963028146,0.5819048987200351,-0.6874206446824462,-0.48469974087037343,0.6598597181287641,0.4592896056050692,0.517278026517202,0.8021160171159576,0.7221935098377213,0.41390077802624936,-0.5936481354388048,-0.6167029708224083,-0.5978218510660442,0.714918762556231,0.7063612140984769
2.124367169983391,-1.3162942810934875,-0.9390096513792268,-0.7030746009502787,-0.010684955963028146,1.100694289930362,1.508642872505505,-0.4397313209425732,0.6598597181287641,0.45733118889536967,0.48353430769302236,0.8999223939041396,0.6891911421552144,0.41390077802624936,-0.5732468525783737,-0.6365433689868873,-0.575761375857067,0.6318722003205308,0.6284420972455168
2.124367169983391,-1.3162942810934875,-0.7945466278248707,1.5762637224033893,-0.010684955963028146,0.4006131533184223,-0.6874206446824462,-0.22987888521372726,0.7196640943711202,0.4824577733651244,0.5757976141114384,1.4363306921201253,0.8157354806888787,0.41390077802624936,-0.6031664524617492,-0.7598199377164878,-0.5760024333791708,0.6921653022466081,0.6822649025152824
2.124367169983391,-1.3162942810934875,-0.6500836042705146,-0.7030746009502787,-0.010684955963028146,0.9777124797766792,1.4914979894106324,0.2198050281629423,0.0020115794628475024,0.6004675831924698,0.8125950550316,2.379223121135395,1.0436939891308208,0.4040142923977374,-0.6814211806588684,-0.9473446104699731,-0.5664629749704824,0.5962275869612264,0.593506231925416
2.124367169983391,-1.3162942810934875,-0.5056205807161585,-0.7030746009502787,-0.010684955963028146,-0.6865507261215884,-0.6874206446824462,0.6395098996206342,-0.7754453116877812,0.6936842952017958,1.006107608084818,2.891181482889535,1.2329766781819405,0.41390077802624936,-0.7332291498007193,-1.0150708836555993,-0.5508900913346458,-1.2676136780735823,-1.2761757670616813
2.124367169983391,-1.3162942810934875,-0.3611575571618023,-0.7030746009502787,-0.010684955963028146,-0.6865507261215884,-0.6874206446824462,0.9692782171240583,-1.3136846978689858,0.8228475987911931,1.1854583471880307,3.245412971323533,1.3293651398643782,0.41390077802624936,-0.8054200843692491,-1.0783656249388045,-0.552170927770027,-1.2676136780735823,-1.2761757670616813
2.124367169983391,-1.3162942810934875,-0.2166945336074462,-0.7030746009502787,-0.010684955963028146,-0.6865507261215884,-0.6874206446824462,1.1791306528529042,-1.672510955323122,0.9856459737373605,1.3436255062813258,3.330665319443632,1.3376962928462677,0.2836378873475408,-0.874119137619324,-1.0863937372987835,-0.538649871611735,-1.2676136780735823,-1.2761757670616813
2.124367169983391,-1.3162942810934875,-0.07223151005309006,-0.7030746009502787,-0.010684955963028146,-0.6865507261215884,-0.6874206446824462,1.403972609541239,-1.9715328365349023,1.1545700407491257,1.4804414034760356,3.0827584801219867,1.3033601920384124,0.26552547304060614,-0.9277583680986693,-1.0125734029181872,-0.5105767143500659,-1.2676136780735823,-1.2761757670616813
2.124367169983391,-1.3162942810934875,0.07223151350126605,-0.7030746009502787,-0.010684955963028146,-0.6865507261215884,-0.6874206446824462,1.4189621305007278,-2.0911415890196143,1.296137086096884,1.5836478665125946,2.6805670546225837,1.3066208806493158,0.41390077802624936,-0.9678267903562507,-0.9025985866225192,-0.504531934964268,-1.2676136780735823,-1.2761757670616813
2.124367169983391,-1.3162942810934875,0.2166945370556222,-0.7030746009502787,-0.010684955963028146,-0.6865507261215884,-0.6874206446824462,1.7187514060851743,-2.390163470231395,1.4116222058019756,1.7009013405463362,2.3791219992882073,1.5607145366121937,0.41390077802624936,-1.0161855385187804,-0.8144912571030525,-0.5821897947957059,-1.2676136780735823,-1.2761757670616813
2.124367169983391,-1.3162942810934875,0.3611575606099783,-0.7030746009502787,-0.010684955963028146,-0.6865507261215884,-0.6874206446824462,1.6887723641661967,-2.390163470231395,1.4352997580751714,1.7963693887871814,2.1867459736894523,2.0571855034868416,0.41390077802624936,-1.0555557291239899,-0.7591398318123089,-0.7366091909728605,-1.2676136780735823,-1.2761757670616813
2.124367169983391,-1.3162942810934875,0.5056205841643344,-0.7030746009502787,-0.010684955963028146,-0.6865507261215884,-0.6874206446824462,1.7187514060851743,-2.390163470231395,1.4092126012693404,1.8740408920141114,1.9788867013245681,2.640787733731564,0.41390077802624936,-1.084728652563096,-0.693029243890118,-0.8996911551522101,-1.2676136780735823,-1.2761757670616813
2.124367169983391,-1.3162942810934875,0.6500836077186906,-0.7030746009502787,-0.010684955963028146,-0.6865507261215884,-0.6874206446824462,1.7187514060851743,-2.390163470231395,1.318114510341626,1.9415018901945478,1.822528288411861,3.104707149367538,0.41390077802624936,-1.1154759112294348,-0.6459442716445235,-1.0231903387862544,-1.2676136780735823,-1.2761757670616813
2.124367169983391,-1.3162942810934875,0.7945466312730467,1.167456948640364,-0.010684955963028146,0.7618402001789524,-0.6874206446824462,1.3739938535235938,-1.1940759453842735,1.1996437042604113,1.9747502168829112,1.5960916065304214,3.229714317752464,0.41390077802624936,-1.0963980629576036,-0.5171058419396131,-1.007685361753112,0.8212621475620836,0.8060499044892924
2.124367169983391,-1.3162942810934875,0.9390096548274028,-0.7030746009502787,-0.010684955963028146,1.7140012975597927,-0.6874206446824462,1.2690674927085046,-0.7754453116877812,1.0996827151412887,1.9069601169043833,1.5054234375125768,2.819214209466471,0.41390077802624936,-1.036915089073561,-0.4412304426521291,-0.8593358551203079,-0.022494016328654057,0.021633604400978373
2.124367169983391,-1.3162942810934875,1.083472678381759,1.6001303045362678,-0.010684955963028146,0.2947987060653361,-0.6874206446824462,0.9692782171240583,-0.23720592550657674,0.8821617962269653,1.6869406057076386,1.49927075331852,2.1477597350407778,0.41390077802624936,-0.9031763720031528,-0.39694071434753003,-0.6224811185106005,0.7120211290047262,0.7017306615353393
2.124367169983391,-1.3162942810934875,1.227935701936115,-0.7030746009502787,-0.010684955963028146,1.8030318430083592,-0.6874206446824462,0.8493626212508127,-0.47642343047600094,0.845276210858871,1.497372403803216,1.7141629672685548,1.587938479082316,0.41390077802624936,-0.7887251896172661,-0.4480217425211859,-0.41623522847795286,-0.04180800843997541,-0.0016120805709891248
2.124367169983391,-1.3162942810934875,1.3723987254904713,2.3015748652905175,-0.010684955963028146,-0.6865507261215884,-0.6874206446824462,0.6694889415396119,-1.0744671928995615,0.7497604026387592,1.3392769095835009,1.8231308751569881,1.1094668062891695,0.41390077802624936,-0.7163612035035507,-0.511990951075436,-0.2743296435773286,0.7747580139322463,0.7574397456427053
2.124367169983391,-1.3162942810934875,1.5168617490448273,-0.7030746009502787,-0.010684955963028146,1.8822018108445007,-0.6874206446824462,0.6694889415396119,-0.8352496879301373,0.7718476813099551,1.2106774249335297,1.7892069820282872,0.7509139350519042,0.41390077802624936,-0.6367396573221026,-0.49347411360394283,-0.1291488206046421,0.0035327399679703653,0.055243998610803424
2.124367169983391,-1.3162942810934875,1.6613247725991833,2.3149626404251413,-0.010684955963028146,-0.6865507261215884,-0.6874206446824462,0.3696996659551655,-0.2970103017489328,0.7447345626284918,1.0917554813187664,1.8277551274968293,0.4449715055596198,0.41390077802624936,-0.5586264071988328,-0.503192731551637,-0.002497766199249893,0.747756152988459,0.7322070820514424
2.124367169983391,-1.2060493491928466,-1.6613247691510074,-0.7030746009502787,-0.010684955963028146,0.691064745928337,1.8788190140298602,0.3696996659551655,-0.2970103017489328,0.7837799644881179,0.9977603897514087,1.7130249320538922,0.22157568267828082,0.41390077802624936,-0.4965360912314768,-0.46357764698574205,0.09375187337364661,0.691409843291396,0.6866486178086558
2.124367169983391,-1.2060493491928466,-1.5168617455966513,-0.7030746009502787,-0.010684955963028146,-0.6865507261215884,-0.6874206446824462,0.2198050281629423,0.36083783691698385,0.729468066828373,0.9127609792570397,1.6108553962198373,0.2038449254676549,0.41390077802624936,-0.4197142201877406,-0.40639540089044557,0.12912488125032792,-1.2676136780735823,-1.2761757670616813
2.124367169983391,-1.2060493491928466,-1.372398722042295,-0.7030746009502787,-0.010684955963028146,-0.6865507261215884,-0.6874206446824462,0.2198050281629423,0.36083783691698385,0.6217204913389324,0.853826013706227,1.4134257648644928,0.2970255921652707,0.41390077802624936,-0.3524996021281932,-0.30951674378981947,0.12235387240935135,-1.2676136780735823,-1.2761757670616813
2.124367169983391,-1.2060493491928466,-1.227935698487939,2.2722470699422743,-0.010684955963028146,-0.6865507261215884,-0.6874206446824462,0.2198050281629423,0.5402509656440521,0.49076682215649414,0.8010263962644419,1.1525098485624194,0.20060295306290327,0.41390077802624936,-0.28154967369637823,-0.1775130890621122,0.20717926323769012,0.7736103562046638,0.7625273360361774
2.124367169983391,-1.2060493491928466,-1.083472674933583,-0.7030746009502787,-0.010684955963028146,1.0804290090585424,1.4598266041591312,0.2198050281629423,0.7196640943711202,0.5085462379617466,0.7385652406232969,0.7954941938603577,0.11071064241137218,0.41390077802624936,-0.18947612886524418,0.015415346068421966,0.30861644321832354,0.73907223947355,0.7341547631949545
2.124367169983391,-1.2060493491928466,-0.9390096513792268,2.2785602259691955,-0.010684955963028146,-0.6865507261215884,-0.6874206446824462,0.15984723022631953,0.7196640943711202,0.4893321756586374,0.6840512324193612,0.760120611299432,0.22206962777107303,0.41390077802624936,-0.10286648170731348,0.0747934060284542,0.3066731352955666,0.7442727376774881,0.7366749185039146
2.124367169983391,-1.2060493491928466,-0.7945466278248707,-0.7030746009502787,-0.010684955963028146,1.1907714561447065,1.3786597236773004,0.3696996659551655,0.36083783691698385,0.5972399555199901,0.7978244375438993,1.065118193166979,0.42340311233975475,0.41390077802624936,-0.1260840700071527,-0.008081055072029,0.2595134189943527,0.7076835759456783,0.7030727112682111
2.124367169983391,-1.2060493491928466,-0.6500836042705146,2.265256659692917,-0.010684955963028146,-0.6865507261215884,-0.6874206446824462,0.819383579331835,-0.8352496879301373,0.8136499061572585,1.0090284735148132,1.6957364116551812,0.6650805998910612,0.1891584851115348,-0.24210934660140687,-0.25544507135001976,0.14365471073481503,0.7196404259620046,0.7110022050536194
2.124367169983391,-1.2060493491928466,-0.5056205807161585,-0.7030746009502787,-0.010684955963028146,-0.6865507261215884,-0.6874206446824462,0.8793413772684578,-0.7754453116877812,0.9583961909182253,1.2008746443134244,2.149159314636794,0.8646563885776486,0.09232449230534608,-0.3340814224903081,-0.3959834479377578,0.0793748883325224,-1.2676136780735823,-1.2761757670616813
2.124367169983391,-1.2060493491928466,-0.3611575571618023,-0.7030746009502787,-0.010684955963028146,-0.6865507261215884,-0.6874206446824462,1.2690674927085046,-1.0146628166572054,1.0818797591017961,1.3810269167599802,2.707668538536509,0.9547090076036114,0.3978238851420048,-0.3852444251489877,-0.5257088780087689,0.10670456655183339,-1.2676136780735823,-1.2761757670616813
2.124367169983391,-1.2060493491928466,-0.2166945336074462,-0.7030746009502787,-0.010684955963028146,-0.6865507261215884,-0.6874206446824462,1.7187514060851743,-1.672510955323122,1.2973082127503304,1.5598586073613405,2.927282811203173,1.0960326390125517,0.17373719781137176,-0.46017550319553463,-0.5702866103442192,0.07805649583391497,-1.2676136780735823,-1.2761757670616813
2.124367169983391,-1.2060493491928466,-0.07223151005309006,-0.7030746009502787,-0.010684955963028146,-0.6865507261215884,-0.6874206446824462,1.8086882459407747,-1.8519240840501903,1.4547485688252864,1.673073104782142,2.723742767901367,1.145595594147142,0.3988905542628195,-0.48494983234544975,-0.47590673520403615,0.09460583711363564,-1.2676136780735823,-1.2761757670616813
2.124367169983391,-1.2060493491928466,0.07223151350126605,-0.7030746009502787,-0.010684955963028146,-0.6865507261215884,-0.6874206446824462,2.0185406816696205,-2.2107503415043266,1.5967203754228958,1.7851284402671714,2.433899372362789,1.2068309519357883,0.41390077802624936,-0.5465296703563945,-0.3837836145405385,0.06425202240778724,-1.2676136780735823,-1.2761757670616813
2.124367169983391,-1.2060493491928466,0.2166945370556222,-0.7030746009502787,-0.010684955963028146,-0.6865507261215884,-0.6874206446824462,2.0185406816696205,-2.2107503415043266,1.705054495082153,1.8926494070034445,2.187081665067412,1.4856837073933884,0.41390077802624936,-0.5940342476607929,-0.2962210637300313,-0.04666893693430947,-1.2676136780735823,-1.2761757670616813
2.124367169983391,-1.2060493491928466,0.3611575606099783,-0.7030746009502787,-0.010684955963028146,-0.6865507261215884,-0.6874206446824462,2.108477521525221,-2.390163470231395,1.7252487465832052,1.9956659233362426,2.045500303725719,2.0485638424355503,0.41390077802624936,-0.6500101560378757,-0.25564177289819906,-0.2715646875968937,-1.2676136780735823,-1.2761757670616813
2.124367169983391,-1.2060493491928466,0.5056205841643344,-0.7030746009502787,-0.010684955963028146,-0.6865507261215884,-0.6874206446824462,1.8686460438773973,-2.2107503415043266,1.650328681637019,2.05953463275654,1.8963779049601377,2.663515717984755,0.41390077802624936,-0.6809692702866912,-0.21593842203670438,-0.49825352192932953,-1.2676136780735823,-1.2761757670616813
2.124367169983391,-1.2060493491928466,0.6500836077186906,-0.7030746009502787,-0.010684955963028146,-0.6865507261215884,-0.6874206446824462,1.7187514060851743,-1.55290220283841,1.530890110370377,2.0995584209878504,1.754489033738882,3.1013113785731035,0.41390077802624936,-0.6672991622924809,-0.1147772230707018,-0.5966787929788946,-1.2676136780735823,-1.2761757670616813
2.124367169983391,-1.2060493491928466,0.7945466312730467,0.6865013688055134,-0.010684955963028146,0.5131534412531307,-0.6874206446824462,1.568856768292951,-1.1342715691419176,1.3757854686483582,2.128601480725549,1.5550626603353788,3.300402173395928,0.41390077802624936,-0.6493222881967058,0.010950416108206682,-0.618999977138408,0.43931949890912025,0.4001388065092238
2.124367169983391,-1.2060493491928466,0.9390096548274028,-0.7030746009502787,-0.010684955963028146,1.222986372187828,-0.6874206446824462,1.7187514060851743,-1.4332934503536978,1.2607083796700953,2.0710399759557774,1.4754350077482004,2.898369927771543,0.41390077802624936,-0.591265904975552,0.07584284240291903,-0.46297680605196684,-0.21972380493339655,-0.18832820353649693
2.124367169983391,-1.2060493491928466,1.083472678381759,2.2533265936465843,-0.010684955963028146,-0.6865507261215884,-0.6874206446824462,1.1191728549162814,-0.7754453116877812,0.9871348935530486,1.8288328807435215,1.3764615853793594,2.203731770160264,0.41390077802624936,-0.4418877147637017,0.12162962780463127,-0.21412421733668133,0.7732932899193927,0.7537431221524813
2.124367169983391,-1.2060493491928466,1.227935701936115,-0.7030746009502787,-0.010684955963028146,1.8380322388628616,-0.6874206446824462,1.2091096947718818,-0.6558365592030692,0.9763397344677631,1.633985830335675,1.326178332431435,1.651080448654178,0.41390077802624936,-0.2933188659010626,0.1867014060071102,0.04260837583078104,0.05230369982042429,0.0852929567405862
2.124367169983391,-1.2060493491928466,1.3723987254904713,2.289442339648589,-0.010684955963028146,-0.6865507261215884,-0.6874206446824462,1.1191728549162814,-0.536227806718357,0.9125208516519842,1.480374609030757,1.446122933945342,1.2009272095169947,0.41390077802624936,-0.18675671300963087,0.14803144310269853,0.24603035559769668,0.7473026619239812,0.7355082746915965
2.124367169983391,-1.2060493491928466,1.5168617490448273,-0.7030746009502787,-0.010684955963028146,1.901393902724027,-0.6874206446824462,0.9692782171240583,-0.23720592550657674,0.9204480255323473,1.3418533661550283,1.4624300751057717,0.848532783851808,0.41390077802624936,-0.0671359169849026,0.1716115562581409,0.43925957613515,0.05145684165542743,0.08597585271949837
2.124367169983391,-1.2060493491928466,1.6613247725991833,2.3024828876183765,-0.010684955963028146,-0.6865507261215884,-0.6874206446824462,0.8793413772684578,0.0020115794628475024,0.8752148115445452,1.2317642921528875,1.5700850567159637,0.5620836899408052,0.41390077802624936,0.06064312660666561,0.1760780043118923,0.6341325294863689,0.7288581755694618,0.71606543919908
2.124367169983391,-1.0958044172922057,-1.6613247691510074,-0.7030746009502787,-0.010684955963028146,0.7627278299829094,1.780396800254595,0.819383579331835,0.06181595570520356,0.9097241410451777,1.1362871988309107,1.5193848833652899,0.3495375703909304,0.41390077802624936,0.15441079304101743,0.21871951677728232,0.7676194424465644,0.6977953857236742,0.6919161169584485
2.124367169983391,-1.0958044172922057,-1.5168617455966513,-0.7030746009502787,-0.010684955963028146,-0.6865507261215884,-0.6874206446824462,0.6694889415396119,0.36083783691698385,0.8522709299051668,1.0522563077930813,1.4682147420854728,0.337894462668243,0.41390077802624936,0.2590848041427767,0.2699738244845603,0.8080044379703202,-1.2676136780735823,-1.2761757670616813
2.124367169983391,-1.0958044172922057,-1.372398722042295,-0.7030746009502787,-0.010684955963028146,-0.6865507261215884,-0.6874206446824462,0.5795521016840115,0.48044658940169593,0.7376809929965955,0.9873947267747368,1.310056028745783,0.3954557478144559,0.41390077802624936,0.3410254338448055,0.35398121710399455,0.7943523722891457,-1.2676136780735823,-1.2761757670616813
2.124367169983391,-1.0958044172922057,-1.227935698487939,-0.7030746009502787,-0.010684955963028146,-0.6865507261215884,-0.6874206446824462,0.5195943037473887,0.7196640943711202,0.614360244766519,0.92818423413715,1.0630675747248268,0.2995498387515005,0.41390077802624936,0.4228580870952421,0.4864763003963924,0.8677609382458901,-1.2676136780735823,-1.2761757670616813
2.124367169983391,-1.0958044172922057,-1.083472674933583,1.917452037089671,-0.010684955963028146,-0.6865507261215884,-0.6874206446824462,0.5195943037473887,0.7196640943711202,0.46026848701222123,0.8763190431537935,0.8408788392928739,0.17018179433317548,0.41390077802624936,0.49706924179155265,0.6114934718003997,0.9596973076270855,0.5494680388238095,0.5101386837945774
2.124367169983391,-1.0958044172922057,-0.9390096513792268,-0.7030746009502787,-0.010684955963028146,1.008293031491869,1.2783473053675638,0.3696996659551655,0.8392728468558323,0.45053198457234594,0.811965378229755,0.5562407322816668,0.06386641965737291,0.41390077802624936,0.5632959235228044,0.7517288802924305,1.0178943578819442,0.7631110404895068,0.7578288315878311
2.124367169983391,-1.0958044172922057,-0.7945466278248707,2.265129808902048,-0.010684955963028146,-0.6865507261215884,-0.6874206446824462,0.6694889415396119,0.36083783691698385,0.5393800214439414,0.9159114505926801,0.8284499696323757,0.2632753899847801,0.41390077802624936,0.5067953170762659,0.6226716282478145,0.9144295871854995,0.7566606109092792,0.7499746579643408
2.124367169983391,-1.0958044172922057,-0.6500836042705146,-0.7030746009502787,-0.010684955963028146,1.0709508465490243,1.2241208599655202,0.9692782171240583,-0.23720592550657674,0.6963966533025749,1.1236825303864628,1.6917669647192608,0.5894785195105752,0.41390077802624936,0.37381508637452,0.23791971321053176,0.7515227390684028,0.7146403409712623,0.7095778762308261
2.124367169983391,-1.0958044172922057,-0.5056205807161585,-0.7030746009502787,-0.010684955963028146,-0.6865507261215884,-0.6874206446824462,1.1191728549162814,-0.596032182960713,0.847881984010174,1.3077652384723808,2.012777439749273,0.863300684253774,0.41390077802624936,0.24634502896808835,0.10128587319767796,0.6094167095977683,-1.2676136780735823,-1.2761757670616813
2.124367169983391,-1.0958044172922057,-0.3611575571618023,-0.7030746009502787,-0.010684955963028146,-0.6865507261215884,-0.6874206446824462,1.4189621305007278,-1.0146628166572054,1.048031517846074,1.5382679987005066,2.2935571680829465,1.082076045459867,0.41390077802624936,0.09601023488041348,-0.00645626124737712,0.5074775447952902,-1.2676136780735823,-1.2761757670616813
2.124367169983391,-1.0958044172922057,-0.2166945336074462,-0.7030746009502787,-0.010684955963028146,-0.6865507261215884,-0.6874206446824462,1.7187514060851743,-1.4332934503536978,1.2441288619156938,1.757532593510509,2.468336334535828,1.3126881864349154,0.40624777643018567,-0.031748081088750865,-0.0658234776821514,0.4080775628954794,-1.2676136780735823,-1.2761757670616813
2.124367169983391,-1.0958044172922057,-0.07223151005309006,-0.7030746009502787,-0.010684955963028146,-0.6865507261215884,-0.6874206446824462,2.0185406816696205,-1.8519240840501903,1.403047675480009,1.9022838099594102,2.439630162948496,1.4246753853228462,0.41390077802624936,-0.11136842217587323,-0.05143780646343368,0.360521542787546,-1.2676136780735823,-1.2761757670616813
2.124367169983391,-1.0958044172922057,0.07223151350126605,-0.7030746009502787,-0.010684955963028146,-0.6865507261215884,-0.6874206446824462,1.4189621305007278,-0.7754453116877812,1.4897986698180463,1.968806207028588,2.2174472295897427,1.4274771200089806,0.41390077802624936,-0.11817117964504682,0.0708008200284754,0.39890624124609086,-1.2676136780735823,-1.2761757670616813
2.124367169983391,-1.0958044172922057,0.2166945370556222,-0.7030746009502787,-0.010684955963028146,-0.6865507261215884,-0.6874206446824462,1.2690674927085046,-0.536227806718357,1.521915396066328,2.0214089200118956,1.9860207647569061,1.561031898368683,0.41390077802624936,-0.11032095418788285,0.20299944134032072,0.3779366386643151,-1.2676136780735823,-1.2761757670616813
2.124367169983391,-1.0958044172922057,0.3611575606099783,-0.7030746009502787,-0.010684955963028146,-0.6865507261215884,-0.6874206446824462,1.149151896835259,-0.17740154926422066,1.530587356802233,2.1064806911553164,1.8783923069099109,1.8239018275206287,0.41390077802624936,-0.1427943899665059,0.27176994600828785,0.2834274606029124,-1.2676136780735823,-1.2761757670616813
2.124367169983391,-1.0958044172922057,0.5056205841643344,1.1192131561910237,-0.010684955963028146,-0.6865507261215884,-0.6874206446824462,1.1191728549162814,0.06181595570520356,1.4699117491529068,2.1372847586117665,1.7520579650683759,1.9635271666583047,0.41390077802624936,-0.11562192310823728,0.3813554797471952,0.27564986192778873,0.0037051133055978707,-0.0445508154320625
2.124367169983391,-1.0958044172922057,0.6500836077186906,-0.7030746009502787,-0.010684955963028146,0.996816499031302,-0.6874206446824462,1.2690674927085046,-0.23720592550657674,1.4087574900740312,2.111477750592721,1.5783472089517654,2.0081921720177447,0.41390077802624936,-0.04979268148563621,0.5160144969400703,0.309230222833028,-0.3233438170246891,-0.31192122096735714
2.124367169983391,-1.0958044172922057,0.7945466312730467,1.7463238701671726,-0.010684955963028146,-0.6865507261215884,-0.6874206446824462,1.0442255360201698,0.0020115794628475024,1.2358760481283422,1.9928313340647323,1.4622187138677971,1.8307885776364454,0.41390077802624936,0.06666401887725643,0.6003012187701495,0.4176106891772285,0.41073500268085933,0.4038573301552229
2.124367169983391,-1.0958044172922057,0.9390096548274028,-0.7030746009502787,-0.010684955963028146,1.356019967505389,-0.6874206446824462,0.9243099401469242,0.24122908443227173,1.1393892052458252,1.7869694621651626,1.245834538237943,1.3956392258483612,0.41390077802624936,0.21836900521337246,0.713672660917619,0.633140132350534,-0.1670295092862978,-0.15183394769236278
2.124367169983391,-1.0958044172922057,1.083472678381759,2.265464852657592,-0.010684955963028146,-0.6865507261215884,-0.6874206446824462,0.819383579331835,0.36083783691698385,0.9278363896067698,1.554393291031514,1.1692405410663977,0.9098706739002429,0.41390077802624936,0.4006689262930455,0.7560762664388495,0.8871477274420406,0.7361140326011063,0.7278548866084368
2.124367169983391,-1.0958044172922057,1.227935701936115,-0.7030746009502787,-0.010684955963028146,0.8646736714972078,1.4955304675880343,0.8793413772684578,0.36083783691698385,0.9155784665216186,1.3674933880608768,1.1397494318619612,0.5717233498571425,0.41390077802624936,0.5521565136127862,0.7810376278416501,1.0837454211620074,0.7272539711499357,0.7208085626563886
2.124367169983391,-1.0958044172922057,1.3723987254904713,1.7909963111837561,-0.010684955963028146,-0.6865507261215884,-0.6874206446824462,0.819383579331835,0.06181595570520356,0.8421675921483829,1.239335025059933,1.1500157859543207,0.5315502339741658,0.41390077802624936,0.6561166268359381,0.7621061339642927,1.091588961296982,0.39215714717459893,0.37915027030256226
2.124367169983391,-1.0958044172922057,1.5168617490448273,-0.7030746009502787,-0.010684955963028146,1.0929194226986705,1.3431690207641815,0.819383579331835,0.36083783691698385,0.8558738935346976,1.139285991113731,1.0879800193074165,0.6083444553117203,0.41390077802624936,0.7435409177581135,0.7987871774658905,1.0539966521026713,0.6893187156480609,0.6844733387845652
2.124367169983391,-1.0958044172922057,1.6613247725991833,2.259061575235463,-0.010684955963028146,-0.6865507261215884,-0.6874206446824462,0.819383579331835,0.36083783691698385,0.814269145096853,1.0669218631845627,1.0977548549130356,0.7270743709029072,0.41390077802624936,0.8211485103022751,0.7961712854326615,0.9905290887422502,0.7067320176042811,0.6911719210108014
2.124367169983391,-0.9855594853915648,-1.6613247691510074,-0.7030746009502787,-0.010684955963028146,1.1880464347385447,1.3129872488913847,0.819383579331835,0.06181595570520356,0.8398050680842277,1.0188834372952924,1.0703674116771447,0.7755859635006154,0.41390077802624936,0.859922661253941,0.7880529549425362,0.9408795364586545,0.6717866037062601,0.664808226944649
2.124367169983391,-0.9855594853915648,-1.5168617455966513,-0.1360711846381531,-0.010684955963028146,-0.6865507261215884,-0.6874206446824462,0.819383579331835,0.36083783691698385,0.8090190189659089,0.9747281343133118,1.088654717533735,0.8514199620877666,0.41390077802624936,0.9126542146870895,0.77120862280683,0.8920876598515296,-0.9807445638294148,-0.9890724001384382
2.124367169983391,-0.9855594853915648,-1.372398722042295,-0.7030746009502787,-0.010684955963028146,-0.6865507261215884,-0.6874206446824462,0.7294467394762346,0.3010334606746278,0.733665421372467,0.9315524831954174,1.0209296036811184,0.831146242084759,0.41390077802624936,0.9530137877337855,0.7862147605408079,0.8830091366141829,-1.2676136780735823,-1.2761757670616813
2.124367169983391,-0.9855594853915648,-1.227935698487939,0.711308492218995,-0.010684955963028146,-0.6865507261215884,-0.6874206446824462,0.6694889415396119,0.06181595570520356,0.6040339286798493,0.8871675743077918,0.8520039002187296,0.6986867686589913,0.41390077802624936,0.9724967887179526,0.8247339984441339,0.9049776868079377,-0.3121213061855027,-0.3189072683224356
2.124367169983391,-0.9855594853915648,-1.083472674933583,-0.7030746009502787,-0.010684955963028146,-0.6865507261215884,-0.6874206446824462,0.6694889415396119,-0.23720592550657674,0.5470273280950052,0.8410188745995283,0.6405589466166786,0.5173657909552838,0.41390077802624936,0.9669316631213816,0.8427403227464826,0.9095324512201521,-1.2676136780735823,-1.2761757670616813
2.124367169983391,-0.9855594853915648,-0.9390096513792268,1.7447425353081192,-0.010684955963028146,-0.6865507261215884,-0.6874206446824462,0.5495733456663663,-0.6558365592030692,0.46951849127780054,0.8012914867191413,0.41882277289427106,0.31801541049061305,0.41390077802624936,0.912677352498145,0.8050677472952976,0.861475538036398,0.40971909641988885,0.4164944363976878
2.124367169983391,-0.9855594853915648,-0.7945466278248707,-0.7030746009502787,-0.010684955963028146,1.2209711617467442,1.2599872609025335,0.5195943037473887,-0.2970103017489328,0.5217287691362185,0.8679613881883095,0.5384490892498166,0.2768316194754321,0.41390077802624936,0.8157492056849349,0.6703143914326782,0.8069454443270201,0.7762514967918364,0.7693583425688294
2.124367169983391,-0.9855594853915648,-0.6500836042705146,2.081525472528459,-0.010684955963028146,-0.6865507261215884,-0.6874206446824462,0.6694889415396119,-0.8352496879301373,0.7119704799386065,1.0656346785620063,1.3499751212245596,0.48427472473057853,0.41390077802624936,0.5997943743496188,0.2056266106398179,0.6014511122573083,0.6244389371530799,0.6194388818040698
2.124367169983391,-0.9855594853915648,-0.5056205807161585,-0.7030746009502787,-0.010684955963028146,-0.6865507261215884,1.465634862138783,0.7294467394762346,-1.0146628166572054,0.8471443900039833,1.217920447593427,2.0951784833257165,0.7942346285607793,0.41390077802624936,0.4164532517724496,-0.18048941987491549,0.34785401367083346,-0.09877766614005419,-0.09461426452239775
2.124367169983391,-0.9855594853915648,-0.3611575571618023,-0.7030746009502787,-0.010684955963028146,-0.6865507261215884,-0.6874206446824462,0.819383579331835,-0.8352496879301373,1.0313186054309784,1.3491450930979414,2.638582424084857,1.0331543238230037,0.37271756828090724,0.3036202700472549,-0.38488813602331373,0.22455352781316085,-1.2676136780735823,-1.2761757670616813
2.124367169983391,-0.9855594853915648,-0.2166945336074462,-0.7030746009502787,-0.010684955963028146,-0.6865507261215884,-0.6874206446824462,0.819383579331835,-1.0744671928995615,1.1583495561354573,1.4595855337132664,2.714908697021634,1.1374491619824914,0.27699682403312337,0.1824181492482043,-0.45557967962598006,0.12337945862431643,-1.2676136780735823,-1.2761757670616813
2.124367169983391,-0.9855594853915648,-0.07223151005309006,-0.7030746009502787,-0.010684955963028146,-0.6865507261215884,-0.6874206446824462,0.819383579331835,-1.3136846978689858,1.293218097051108,1.540638505732425,2.4772375436911522,1.1371529576764348,0.41390077802624936,0.0570724321193031,-0.4510902432986818,0.034136863382789776,-1.2676136780735823,-1.2761757670616813
2.124367169983391,-0.9855594853915648,0.07223151350126605,-0.7030746009502787,-0.010684955963028146,-0.6865507261215884,-0.6874206446824462,0.9692782171240583,-1.3136846978689858,1.4236748057329214,1.6240877284759534,2.051799697484958,1.1790691219758216,0.41390077802624936,-0.05064227298532928,-0.3543258769542746,-0.03730393954025964,-1.2676136780735823,-1.2761757670616813
2.124367169983391,-0.9855594853915648,0.2166945370556222,-0.7030746009502787,-0.010684955963028146,-0.6865507261215884,-0.6874206446824462,0.9692782171240583,-1.3136846978689858,1.4781776408481695,1.6924678460544422,1.7745070151440634,1.4067363086002684,0.41390077802624936,-0.14186887752428706,-0.29428527760098133,-0.16734311855659778,-1.2676136780735823,-1.2761757670616813
2.124367169983391,-0.9855594853915648,0.3611575606099783,-0.7030746009502787,-0.010684955963028146,-0.6865507261215884,-0.6874206446824462,0.9093204191874354,-1.493097826596054,1.4351591705651263,1.7390089631287173,1.5654707507873211,1.840686195698442,0.41390077802624936,-0.23273853312394116,-0.2859435704905422,-0.3931821377839359,-1.2676136780735823,-1.2761757670616813
2.124367169983391,-0.9855594853915648,0.5056205841643344,2.253242026452672,-0.010684955963028146,-0.6865507261215884,-0.6874206446824462,0.819383579331835,-1.3136846978689858,1.332647989403323,1.7661358572174863,1.3846118404891745,2.3918955555827353,0.41390077802624936,-0.2858441478358197,-0.2513145557087598,-0.6049780279042953,0.796464831963449,0.7858090436942796
2.124367169983391,-0.9855594853915648,0.6500836077186906,-0.7030746009502787,-0.010684955963028146,2.5402597534593876,-0.6874206446824462,0.7594257813952123,-1.3136846978689858,1.3269702156836831,1.7979752385757544,1.2769585166141824,2.755544117381887,0.41390077802624936,-0.3429569421998676,-0.2505487859550431,-0.7491083728526691,0.49442162899924097,0.5284249045180748
2.124367169983391,-0.9855594853915648,0.7945466312730467,2.337437088878568,-0.010684955963028146,-0.6865507261215884,-0.6874206446824462,0.6994679834585895,-1.2538803216266297,1.2995151097103423,1.810138785371175,1.353464653820138,2.745812503930977,0.41390077802624936,-0.3813375093447254,-0.30589717505871433,-0.7694115736613827,0.7441266067875077,0.7372072764961671
2.124367169983391,-0.9855594853915648,0.9390096548274028,-0.7030746009502787,-0.010684955963028146,2.0561969170916896,-0.6874206446824462,0.6694889415396119,-1.3136846978689858,1.2390049375960925,1.7190673423356988,1.4800111857672473,2.291406617256838,0.41390077802624936,-0.38521694899835934,-0.40355916842397505,-0.6796993092803223,0.14401844807672431,0.17749957148173512
2.124367169983391,-0.9855594853915648,1.083472678381759,2.289202613153981,-0.010684955963028146,-0.6865507261215884,-0.6874206446824462,0.5195943037473887,-1.0744671928995615,1.0382812836028918,1.4984125881333357,1.56200442648454,1.6749899951392213,0.41390077802624936,-0.28657588111044896,-0.45771975777088997,-0.5069523358995219,0.7149865255888541,0.7026426904524777
2.124367169983391,-0.9855594853915648,1.227935701936115,-0.7030746009502787,-0.010684955963028146,2.1171954731834703,-0.6874206446824462,0.5195943037473887,-1.0744671928995615,1.0109007217046448,1.3122425536324616,1.5463595505364305,1.170013733190662,0.41390077802624936,-0.23329504568359827,-0.4963463465742698,-0.3774188536415102,0.14035394190270892,0.17941051357887683
2.124367169983391,-0.9855594853915648,1.3723987254904713,2.313136920709103,-0.010684955963028146,-0.6865507261215884,-0.6874206446824462,0.3696996659551655,-0.596032182960713,0.9624706131279541,1.1719060325511925,1.6715434241493043,0.7694519303713437,0.41390077802624936,-0.15317290331921038,-0.533518818640558,-0.22637273432937471,0.7132786095782842,0.6995418740039481
2.124367169983391,-0.9855594853915648,1.5168617490448273,-0.7030746009502787,-0.010684955963028146,0.7463018670411213,1.8015406917697299,0.3696996659551655,0.0020115794628475024,0.9698864408089901,1.0476147896216907,1.561615687580187,0.3474494927828499,0.41390077802624936,-0.06828292576420453,-0.4475383381651863,-0.0016381253799359688,0.6906182560349711,0.6847803503141225
2.124367169983391,-0.9855594853915648,1.6613247725991833,2.290721060120951,-0.010684955963028146,-0.6865507261215884,-0.6874206446824462,0.33972062403618786,0.0020115794628475024,0.9338339181748381,0.9702334247664398,1.5389353834441275,0.46474558423318024,0.41390077802624936,-0.020614696650361634,-0.43602576739881616,-0.045215822976337874,0.6936118722374591,0.6858141604713188
2.124367169983391,-0.8753145534909239,-1.6613247691510074,-0.7030746009502787,-0.010684955963028146,1.076260307879317,1.5102613444491975,0.2198050281629423,0.36083783691698385,0.9448808269874138,0.8996623102277188,1.3694104087070114,0.5694310214775778,0.41390077802624936,0.02196562421992928,-0.3614728444517923,-0.068813913285546,0.6739271606174239,0.6686470991102347
2.124367169983391,-0.8753145534909239,-1.5168617455966513,1.0740116327091351,-0.010684955963028146,-0.6865507261215884,-0.6874206446824462,0.2198050281629423,0.36083783691698385,0.8631994836511464,0.8438478976672654,1.3449554990395662,0.684119864036135,0.41390077802624936,0.060172898800736195,-0.33524170624128524,-0.095176959575189,-0.11144180404330879,-0.14761693965953895
2.124367169983391,-0.8753145534909239,-1.372398722042295,-0.7030746009502787,-0.010684955963028146,-0.6865507261215884,1.4828320417291865,0.15984723022631953,0.7196640943711202,0.8243639822134947,0.7873606702257246,1.1910629672365611,0.7387508422974306,0.41390077802624936,0.10102583746441711,-0.25370598676914907,-0.08828039994145004,-0.1237643407701702,-0.10448499220919746
2.124367169983391,-0.8753145534909239,-1.227935698487939,1.3181135837635667,-0.010684955963028146,-0.6865507261215884,-0.6874206446824462,0.06991039037071911,1.0784903518252564,0.6992489450180038,0.7341067114009507,0.9515757649946983,0.8243221505721466,0.41390077802624936,0.14960102056786143,-0.1267766681211541,-0.08316447807288889,0.07297708666842638,0.03690538125292824
2.124367169983391,-0.8753145534909239,-1.083472674933583,-0.7030746009502787,-0.010684955963028146,1.4162340287197623,1.1143496791020886,0.2198050281629423,0.7196640943711202,0.684618689437764,0.7023730879143737,0.696618577868305,0.8546619344925181,0.41390077802624936,0.184267728019451,0.0008151899201019094,-0.0676346092303988,0.6796764135656547,0.6769357963852252
2.124367169983391,-0.8753145534909239,-0.9390096513792268,1.3993941238517988,-0.010684955963028146,0.6500760391762922,-0.6874206446824462,0.15984723022631953,0.8392728468558323,0.6367685860769344,0.6755912984595442,0.7511564082065151,0.8840040632501825,0.41390077802624936,0.21028957081544022,-0.0008798699482215148,-0.05946376363742283,0.7063132168986792,0.6993631932937456
2.124367169983391,-0.8753145534909239,-0.7945466278248707,-0.7030746009502787,-0.010684955963028146,1.0985225989110645,1.465187831694984,0.3696996659551655,0.7196640943711202,0.6459538546983533,0.7184009716793497,0.9944804385683141,0.909021120890564,0.41390077802624936,0.2148279560464248,-0.02613682584955395,0.0023006759255260263,0.6250759456082956,0.6216483414451178
2.124367169983391,-0.8753145534909239,-0.6500836042705146,2.2655968993141884,-0.010684955963028146,-0.6865507261215884,-0.6874206446824462,0.5495733456663663,0.48044658940169593,0.7533189013813919,0.8907035052547274,1.3896762215245626,1.0814608519011342,0.41390077802624936,0.13260388815896645,-0.11466965530014289,-0.0012605996048295999,0.7317818718258216,0.719093596252281
2.124367169983391,-0.8753145534909239,-0.5056205807161585,-0.7030746009502787,-0.010684955963028146,0.8460078187814463,0.9395677833071902,0.7294467394762346,0.3010334606746278,0.9116171682153215,1.1261400093523377,2.077497079684653,1.3741001275598643,0.41390077802624936,0.031817752371121805,-0.2811483467509696,-0.027365993832803723,0.4507849321318349,0.46591878982066104
2.124367169983391,-0.8753145534909239,-0.3611575571618023,-0.7030746009502787,-0.010684955963028146,-0.6865507261215884,-0.6874206446824462,0.9692782171240583,-0.23720592550657674,1.0684389392460785,1.3443045831416582,2.2553314521107652,1.5391184759571477,0.41390077802624936,-0.08078577939443944,-0.2990952485349047,-0.04427037091953592,-1.2676136780735823,-1.2761757670616813
2.124367169983391,-0.8753145534909239,-0.2166945336074462,-0.7030746009502787,-0.010684955963028146,-0.6865507261215884,-0.6874206446824462,1.1191728549162814,-0.536227806718357,1.1763068314883018,1.4872182565699263,2.1939952497181765,1.5829900769253644,0.41390077802624936,-0.12388091656071458,-0.2144047138242193,0.0067777080208302415,-1.2676136780735823,-1.2761757670616813
2.124367169983391,-0.8753145534909239,-0.07223151005309006,-0.7030746009502787,-0.010684955963028146,-0.6865507261215884,-0.6874206446824462,1.2690674927085046,-0.6558365592030692,1.1659994783681036,1.5548963366975184,2.0224818216089004,1.5110026655764814,0.41390077802624936,-0.12471893915487992,-0.09526776929709549,0.09639040516449993,-1.2676136780735823,-1.2761757670616813
2.124367169983391,-0.8753145534909239,0.07223151350126605,-0.7030746009502787,-0.010684955963028146,-0.6865507261215884,-0.6874206446824462,0.819383579331835,0.36083783691698385,1.1886811479538628,1.6099913174202833,1.8556705593938563,1.4400739404973228,0.41390077802624936,-0.10913224914490803,0.034074233720794336,0.19536766300380984,-1.2676136780735823,-1.2761757670616813
2.124367169983391,-0.8753145534909239,0.2166945370556222,1.9618933516652644,-0.010684955963028146,-0.6865507261215884,-0.6874206446824462,1.1191728549162814,0.06181595570520356,1.2825491397771656,1.705832301313934,1.7503828236489782,1.52147641728872,0.41390077802624936,-0.13234308891652272,0.12840986727792497,0.21413914414082227,0.5247377672866295,0.5176393848103706
2.124367169983391,-0.8753145534909239,0.3611575606099783,-0.7030746009502787,-0.010684955963028146,-0.6865507261215884,-0.6874206446824462,1.4189621305007278,-0.596032182960713,1.4365513138622716,1.837341518986354,1.6610333829825743,1.7800733552013708,0.41390077802624936,-0.155201800126137,0.24350326123635763,0.18089918964587268,-1.2676136780735823,-1.2761757670616813
2.124367169983391,-0.8753145534909239,0.5056205841643344,1.0428892928392197,-0.010684955963028146,-0.6865507261215884,-0.6874206446824462,1.7187514060851743,-1.2538803216266297,1.5355268826202866,1.934683290572358,1.6275123195074248,2.0261296212441353,0.41390077802624936,-0.16447933930278533,0.3119848943914528,0.12898317261641004,-0.06481589467182114,-0.07434638671278392
2.124367169983391,-0.8753145534909239,0.6500836077186906,-0.7030746009502787,-0.010684955963028146,-0.6865507261215884,-0.6874206446824462,1.8686460438773973,-1.4332934503536978,1.5338627188385887,1.982902618084258,1.5448526692398126,2.1044992588908262,0.41390077802624936,-0.1414777039061305,0.3961117826592298,0.14084215462773284,-1.2676136780735823,-1.2761757670616813
2.124367169983391,-0.8753145534909239,0.7945466312730467,-0.7030746009502787,-0.010684955963028146,-0.6865507261215884,-0.6874206446824462,1.8386670019584197,-1.493097826596054,1.4314803550697106,1.9353568012289173,1.3717105162967334,1.972091051594953,0.41390077802624936,-0.07666845412089143,0.4966011168002495,0.2171672109130462,-1.2676136780735823,-1.2761757670616813
2.124367169983391,-0.8753145534909239,0.9390096548274028,1.1736998708960695,-0.010684955963028146,-0.6865507261215884,-0.6874206446824462,1.568856768292951,-1.0146628166572054,1.1896482592438946,1.769525675315375,1.0973760624198812,1.5346827350991403,0.41390077802624936,0.046183922847917606,0.6416686170177299,0.42681541825495206,0.005007709319973818,-0.004720162959051643
2.124367169983391,-0.8753145534909239,1.083472678381759,-0.7030746009502787,-0.010684955963028146,1.9174791856903863,-0.6874206446824462,1.4639304074778619,-1.1940759453842735,1.0778831504441388,1.5644117620478313,0.7732846865210413,1.189703182062492,0.41390077802624936,0.180798020436591,0.7863197258653049,0.5751234385388435,0.18807736076278211,0.20680474301257684
2.124367169983391,-0.8753145534909239,1.227935701936115,2.2893703141995365,-0.010684955963028146,-0.6865507261215884,-0.6874206446824462,1.359004332564105,-1.1342715691419176,0.9156111612913965,1.4042532935546679,0.8056329023423326,0.8627326880844677,0.41390077802624936,0.289971853750909,0.7584319138658875,0.7275617523808102,0.7558893345883619,0.7484913829278725
2.124367169983391,-0.8753145534909239,1.3723987254904713,-0.7030746009502787,-0.010684955963028146,2.3834553357604835,-0.6874206446824462,1.1191728549162814,-0.7754453116877812,0.8948911778923146,1.2715751730898728,0.9468843743792652,0.5984386997687882,0.41390077802624936,0.38161445685113493,0.660918910537671,0.8376435957288446,0.344598822069073,0.37847985945918544
2.124367169983391,-0.8753145534909239,1.5168617490448273,2.3089537112949654,-0.010684955963028146,-0.6865507261215884,-0.6874206446824462,1.1191728549162814,-0.7754453116877812,0.8561236815758011,1.1772913347017793,1.1840001864178145,0.38330323378519865,0.41390077802624936,0.4529690559575555,0.5379253578173032,0.9440949468486004,0.7333183132127244,0.7216323769273676
2.124367169983391,-0.8753145534909239,1.6613247725991833,-0.7030746009502787,-0.010684955963028146,-0.6865507261215884,2.799564293064968,0.9992572590430359,-0.536227806718357,0.8847028337341081,1.0979026576108122,1.1859115551031836,0.23196968707735027,0.41390077802624936,0.5100350926617622,0.5166614216569599,1.0047558495304691,0.6780527969245814,0.6733820355934218
2.124367169983391,-0.7650696215902829,-1.6613247691510074,-0.7030746009502787,-0.010684955963028146,-0.6865507261215884,-0.6874206446824462,0.819383579331835,-0.23720592550657674,0.8419125729441148,1.037823141409132,1.0719074476777586,0.3371295394602946,0.41390077802624936,0.5533524492217159,0.5575245959800454,0.9320918543621068,-1.2676136780735823,-1.2761757670616813
2.124367169983391,-0.7650696215902829,-1.5168617455966513,-0.7030746009502787,-0.010684955963028146,-0.6865507261215884,-0.6874206446824462,0.5195943037473887,0.36083783691698385,0.7182047186398671,0.9594864768313027,0.8626780571702399,0.5167546661370186,0.41390077802624936,0.6142940692777139,0.6439735167465607,0.819867786965739,-1.2676136780735823,-1.2761757670616813
2.124367169983391,-0.7650696215902829,-1.372398722042295,1.2845432744647767,-0.010684955963028146,-0.6865507261215884,-0.6874206446824462,0.4596365058107659,0.5402509656440521,0.5656640007638357,0.8976626515221908,0.6094208774912411,0.4474347210388324,0.41390077802624936,0.6593867707984447,0.7522437308716782,0.8380331307102152,0.09086311216787941,0.044435964724265
2.124367169983391,-0.7650696215902829,-1.227935698487939,-0.7030746009502787,-0.010684955963028146,1.1457629976408268,1.1142360911137954,0.6694889415396119,0.06181595570520356,0.5322669473310492,0.8484567143914884,0.4035881864081119,0.35507675366380803,0.41390077802624936,0.6949654936358041,0.8401170571160783,0.8691671071248288,0.7564636128091335,0.7521507556858437
2.124367169983391,-0.7650696215902829,-1.083472674933583,2.157531313064172,-0.010684955963028146,-0.6865507261215884,-0.6874206446824462,0.6395098996206342,0.3010334606746278,0.509684669845415,0.8109961629977437,0.43354511920369215,0.40296257397756685,0.41390077802624936,0.7268098701763565,0.8200552341658318,0.8389772726717883,0.6823784869593505,0.6754087210372066
2.124367169983391,-0.7650696215902829,-0.9390096513792268,-0.7030746009502787,-0.010684955963028146,1.1555346658338121,1.1499790723213554,0.6095311436029891,0.4206422131593399,0.5379957248915427,0.7771988694622468,0.46630362448693397,0.44429039840530826,0.41390077802624936,0.7579658968380086,0.8019773425967806,0.8158471047084754,0.7155638594370913,0.7086212283047253
2.124367169983391,-0.7650696215902829,-0.7945466278248707,1.9845776055934192,-0.010684955963028146,-0.6865507261215884,-0.6874206446824462,0.819383579331835,0.36083783691698385,0.5709415905013934,0.78219523312418,0.5738972698947333,0.5548510968852246,0.41390077802624936,0.766549542701858,0.7614138833118249,0.7723515064130799,0.5281187292061013,0.5210228565404461
2.124367169983391,-0.7650696215902829,-0.6500836042705146,-0.7030746009502787,-0.010684955963028146,1.1054393333461892,1.1034519261773632,0.9692782171240583,0.06181595570520356,0.662114879399597,0.8464563599104888,0.6948414857341196,0.6729340827420296,0.41390077802624936,0.7375289431855336,0.7259863513300469,0.736976970091965,0.6940425359673398,0.6870823227627438
2.124367169983391,-0.7650696215902829,-0.5056205807161585,1.4204698094177757,-0.010684955963028146,-0.6865507261215884,-0.6874206446824462,1.2690674927085046,0.12162033194755961,0.803390287400936,0.9987379542890797,0.9392380707701892,0.8996532528374764,0.41390077802624936,0.6449131059077869,0.6428614047961049,0.6598363795267081,0.15181101708559072,0.12319045994915069
2.124367169983391,-0.7650696215902829,-0.3611575571618023,-0.7030746009502787,-0.010684955963028146,1.1461941560254498,-0.6874206446824462,1.4189621305007278,0.06181595570520356,0.9410601161911619,1.1718301930247825,1.261185995055688,1.0487359723185319,0.41390077802624936,0.5576502976252696,0.5544738785839726,0.6529542309404862,-0.2938094700115559,-0.2811631685414733
2.124367169983391,-0.7650696215902829,-0.2166945336074462,1.4220183565724096,-0.010684955963028146,-0.6865507261215884,-0.6874206446824462,1.568856768292951,-0.23720592550657674,1.1581971985082922,1.3439288643869662,1.4576881235667447,1.0931552257537158,0.41390077802624936,0.47738715922476244,0.530462843734779,0.7020683909739021,0.15335213178508836,0.12538190824713136
2.124367169983391,-0.7650696215902829,-0.07223151005309006,-0.7030746009502787,-0.010684955963028146,-0.6865507261215884,-0.6874206446824462,1.568856768292951,-0.2970103017489328,1.2622339176279347,1.4997978770973948,1.5686726663257344,1.1747538158356614,0.41390077802624936,0.4105723914625174,0.5396720328658545,0.7252048910641543,-1.2676136780735823,-1.2761757670616813
2.124367169983391,-0.7650696215902829,0.07223151350126605,-0.7030746009502787,-0.010684955963028146,-0.6865507261215884,-0.6874206446824462,1.568856768292951,-0.23720592550657674,1.3223713693667158,1.6100107991334898,1.5935212881031318,1.1909205492104609,0.41390077802624936,0.390487807390908,0.6060862394952682,0.7995080337129812,-1.2676136780735823,-1.2761757670616813
2.124367169983391,-0.7650696215902829,0.2166945370556222,-0.7030746009502787,-0.010684955963028146,-0.6865507261215884,-0.6874206446824462,1.4189621305007278,0.06181595570520356,1.324751548606551,1.677196270227152,1.5446471100750374,1.18836863518905,0.41390077802624936,0.3890855596334004,0.6896592404928688,0.8640214897644143,-1.2676136780735823,-1.2761757670616813
2.124367169983391,-0.7650696215902829,0.3611575606099783,-0.7030746009502787,-0.010684955963028146,-0.6865507261215884,-0.6874206446824462,1.4489411724197054,0.12162033194755961,1.2873454625035916,1.7177940732225756,1.4629680101781066,1.1640416359320092,0.41390077802624936,0.40025726607135026,0.7816869381340964,0.9309206292275375,-1.2676136780735823,-1.2761757670616813
2.124367169983391,-0.7650696215902829,0.5056205841643344,-0.7030746009502787,-0.010684955963028146,-0.6865507261215884,-0.6874206446824462,1.2690674927085046,0.4206422131593399,1.19778271796465,1.6976583310729663,1.3174205173708933,1.0787811794290338,0.41390077802624936,0.46136277895565786,0.9135142771411093,1.0369544966677078,-1.2676136780735823,-1.2761757670616813
2.124367169983391,-0.7650696215902829,0.6500836077186906,1.487660236659228,-0.010684955963028146,-0.6865507261215884,-0.6874206446824462,1.1191728549162814,0.7196640943711202,0.9889396448447918,1.5983767374719962,1.078161253719003,0.8821959149862875,0.41390077802624936,0.5978859869752727,1.1139472992321686,1.2228893253202688,0.2539223580513604,0.2316914046100286
2.124367169983391,-0.7650696215902829,0.7945466312730467,-0.7030746009502787,-0.010684955963028146,1.8590163262410202,-0.6874206446824462,1.149151896835259,0.8392728468558323,0.9206683882806508,1.4600913624811573,0.8122273729671359,0.6541780029335154,0.41390077802624936,0.7425035725624599,1.3111953610844613,1.4065672965919744,0.15085110070436059,0.1735404531337395
2.124367169983391,-0.7650696215902829,0.9390096548274028,2.2789144406775965,-0.010684955963028146,-0.6865507261215884,-0.6874206446824462,1.1191728549162814,0.7196640943711202,0.7625362108771933,1.3049104717121927,0.7965070700674354,0.39041213713055767,0.41390077802624936,0.9124565792176573,1.368568886965308,1.6221177012889412,0.7679525923376137,0.7598483534292596
2.124367169983391,-0.7650696215902829,1.083472678381759,-0.7030746009502787,-0.010684955963028146,0.914426336622379,1.5419498829512326,0.9692782171240583,1.0784903518252564,0.7405731723311535,1.1562712619277,0.8432543738341869,0.16752978929625642,0.41390077802624936,1.068870592141292,1.3726000759152053,1.8028361674387312,0.7495046908700443,0.7431579786364015
2.124367169983391,-0.7650696215902829,1.227935701936115,1.9254579703371153,-0.010684955963028146,-0.6865507261215884,-0.6874206446824462,0.9392991752050807,0.9588815993405444,0.6895529840926532,1.0582351064209872,0.8775056696648482,0.22259368154332707,0.41390077802624936,1.188437158921359,1.3760344372349047,1.7919619403410751,0.49854151353705123,0.4890406468090404
2.124367169983391,-0.7650696215902829,1.3723987254904713,-0.7030746009502787,-0.010684955963028146,1.020918796648179,1.2694269875318556,0.9692782171240583,0.7196640943711202,0.7257814045882107,0.9931237420083195,0.8534461298425554,0.39979302515314225,0.41390077802624936,1.2862189945549698,1.40145209418056,1.6870735328293074,0.7072710662378002,0.7019365639344957
2.124367169983391,-0.7650696215902829,1.5168617490448273,2.2666797893989514,-0.010684955963028146,-0.6865507261215884,-0.6874206446824462,0.9692782171240583,0.36083783691698385,0.7224589620833748,0.9498332879376026,0.9030754062541587,0.5501004355150088,0.41390077802624936,1.342259737006781,1.3467551840743865,1.563636797067837,0.7204276993914192,0.7127896261787026
2.124367169983391,-0.7650696215902829,1.6613247725991833,-0.7030746009502787,-0.010684955963028146,1.14449964709025,1.2683998843596274,0.819383579331835,0.9588815993405444,0.7551707331416153,0.9120798150702923,0.8974490529860385,0.6030176602912625,0.41390077802624936,1.3927199286546508,1.344195678372499,1.52422345550546,0.6857350038590961,0.6787680411936237
2.124367169983391,-0.654824689689642,-1.6613247691510074,2.297285409380638,-0.010684955963028146,-0.6865507261215884,-0.6874206446824462,0.819383579331835,0.7196640943711202,0.7629618967797023,0.8784042822423347,0.9390764415882087,0.7020272045830639,0.41390077802624936,1.4288182881652975,1.2993681112151054,1.4414110259962105,0.7117310241382708,0.7047852215800823
2.124367169983391,-0.654824689689642,-1.5168617455966513,-0.7030746009502787,-0.010684955963028146,-0.6865507261215884,0.43059172218007347,0.819383579331835,1.0784903518252564,0.7968343321650602,0.8523572316855696,0.8954050654846855,0.7341401455993074,0.41390077802624936,1.4687903028768143,1.322622701742304,1.4196084211981068,-0.6978534721243896,-0.7059502563933191
2.124367169983391,-0.654824689689642,-1.372398722042295,-0.7030746009502787,-0.010684955963028146,-0.6865507261215884,-0.6874206446824462,0.7894045374128574,1.0784903518252564,0.7583617426719438,0.8244851620666614,0.7437562782746092,0.7414288872733437,0.41390077802624936,1.5091069745655117,1.4107523689238022,1.413912563841586,-1.2676136780735823,-1.2761757670616813
2.124367169983391,-0.654824689689642,-1.227935698487939,0.5966140563071546,-0.010684955963028146,-0.6865507261215884,-0.6874206446824462,0.819383579331835,1.0784903518252564,0.6323992570438084,0.8037628811944493,0.5566767166392141,0.6567909480619435,0.41390077802624936,1.5556265077679965,1.537167487604065,1.4790103223650748,-0.3986094935330096,-0.42415327674694603
2.124367169983391,-0.654824689689642,-1.083472674933583,-0.7030746009502787,-0.010684955963028146,0.4994557422963312,0.36413479996119336,0.819383579331835,0.8392728468558323,0.5879807967188729,0.7754552561302869,0.3521536363639267,0.49167006740487146,0.41390077802624936,1.5924522622136998,1.662109188072277,1.5797754234933212,0.03620252024656159,0.034313180571698666
2.124367169983391,-0.654824689689642,-0.9390096513792268,1.2241416937160043,-0.010684955963028146,-0.6865507261215884,-0.6874206446824462,0.7294467394762346,0.9588815993405444,0.5351055072431714,0.7531556522638396,0.34434901904326976,0.47042717342243123,0.41390077802624936,1.616309755600542,1.6678449791927246,1.5940821000904983,0.04424663929297721,0.0367558666380338
2.124367169983391,-0.654824689689642,-0.7945466278248707,-0.7030746009502787,-0.010684955963028146,0.9479720697755343,0.8929621924199015,0.9692782171240583,0.7196640943711202,0.5629392186505409,0.8693765954976497,0.5924340648988936,0.5068822742659225,0.41390077802624936,1.5287181975859445,1.5228366846231525,1.5808951182155568,0.5997629479391152,0.6104137662068476
2.124367169983391,-0.654824689689642,-0.6500836042705146,0.7322449644170267,-0.010684955963028146,-0.6865507261215884,-0.6874206446824462,1.1191728549162814,0.36083783691698385,0.6857538518444547,1.073157402961508,1.174527058618559,0.6734605777585643,0.41390077802624936,1.3583742583314558,1.1850131613267394,1.4801933383567036,-0.29648503134341636,-0.32697931779473505
2.124367169983391,-0.654824689689642,-0.5056205807161585,-0.7030746009502787,-0.010684955963028146,-0.6865507261215884,-0.6874206446824462,1.239088450789527,0.0020115794628475024,0.8304524022415457,1.2796712164780155,1.619656312395574,0.8383007153233574,0.41390077802624936,1.179174803933216,0.9395448101343443,1.3747031604364957,-1.2676136780735823,-1.2761757670616813
2.124367169983391,-0.654824689689642,-0.3611575571618023,-0.7030746009502787,-0.010684955963028146,-0.6865507261215884,-0.6874206446824462,1.568856768292951,-0.47642343047600094,0.9885401147581051,1.4798966112817322,1.799843011070202,0.9361246286428389,0.41390077802624936,1.023840555525503,0.8531444683609847,1.3235373912747401,-1.2676136780735823,-1.2761757670616813
2.124367169983391,-0.654824689689642,-0.2166945336074462,-0.7030746009502787,-0.010684955963028146,-0.6865507261215884,-0.6874206446824462,1.568856768292951,-0.47642343047600094,1.0887070809268289,1.6148714865784506,1.782140885739141,1.0740598129901864,0.41390077802624936,0.9275443601767456,0.8681827029297261,1.2489239744058864,-1.2676136780735823,-1.2761757670616813
2.124367169983391,-0.654824689689642,-0.07223151005309006,-0.7030746009502787,-0.010684955963028146,-0.6865507261215884,-0.6874206446824462,1.3290252906451274,0.12162033194755961,1.0723577343516641,1.6464569098895658,1.5713623416874094,1.0465103712826394,0.41390077802624936,0.9170118357692031,0.9896818009990427,1.2777128803609037,-1.2676136780735823,-1.2761757670616813
2.124367169983391,-0.654824689689642,0.07223151350126605,-0.7030746009502787,-0.010684955963028146,-0.6865507261215884,-0.6874206446824462,1.1191728549162814,0.7196640943711202,1.0288560353713028,1.6442582593991453,1.396418230582148,0.971884788614428,0.41390077802624936,0.9477340284735652,1.1144330891637249,1.3543958109928909,-1.2676136780735823,-1.2761757670616813
2.124367169983391,-0.654824689689642,0.2166945370556222,-0.7030746009502787,-0.010684955963028146,-0.6865507261215884,-0.6874206446824462,0.9692782171240583,0.7196640943711202,0.9295456721707613,1.604165589396141,1.1418812793289037,0.8577631284770836,0.41390077802624936,1.0031616189324064,1.2678507544413455,1.4347496284560457,-1.2676136780735823,-1.2761757670616813
2.124367169983391,-0.654824689689642,0.3611575606099783,1.7123402207913563,-0.010684955963028146,-0.6865507261215884,-0.6874206446824462,1.029236015060681,0.8392728468558323,0.8398639186698281,1.5644228944553777,0.9578735010187374,0.7646980140087537,0.41390077802624936,1.0560319992318876,1.3886645417143595,1.5064817092183038,0.43889494643417115,0.4324397965454866
2.124367169983391,-0.654824689689642,0.5056205841643344,-0.7030746009502787,-0.010684955963028146,1.0667809947773121,1.1359278407161126,1.149151896835259,0.48044658940169593,0.8590511712617194,1.5250037351089325,0.7962476345086666,0.7015755743911369,0.41390077802624936,1.112611659866199,1.5033205078638863,1.564239877571506,0.8001479415164471,0.7951890646196701
2.124367169983391,-0.654824689689642,0.6500836077186906,1.3452793614657417,-0.010684955963028146,-0.6865507261215884,-0.6874206446824462,1.2690674927085046,0.4206422131593399,0.8538736275196822,1.4859248099681253,0.8198927405310097,0.7529116866215994,0.41390077802624936,1.158875713071613,1.5044603792390026,1.5476706665141482,0.12274031660468912,0.11531356747247319
2.124367169983391,-0.654824689689642,0.7945466312730467,-0.7030746009502787,-0.010684955963028146,1.512320007297779,-0.6874206446824462,1.0891938129973038,0.48044658940169593,0.829559181131212,1.40351716310566,0.8238580431289305,0.7283039442722796,0.41390077802624936,1.245468006871252,1.5120846787183753,1.5734101074748708,-0.03149086204461565,-0.03904354027768548
2.124367169983391,-0.654824689689642,0.9390096548274028,2.274191398731131,-0.010684955963028146,-0.6865507261215884,-0.6874206446824462,1.029236015060681,0.48044658940169593,0.8127612623146937,1.3650143400553807,0.952017551425445,0.7996468671310613,0.41390077802624936,1.2858314362197907,1.4306680211535714,1.5243819770281477,0.7566927848690658,0.7497836967929561
2.124367169983391,-0.654824689689642,1.083472678381759,-0.7030746009502787,-0.010684955963028146,0.8322774848377466,1.3205210820375761,0.9692782171240583,0.36083783691698385,0.7827422324953656,1.220142058674412,0.9741425142695717,0.5749693910023619,0.41390077802624936,1.4170613879227363,1.4077890503413084,1.6570841429462773,0.7277177075535634,0.7216894810718653
2.124367169983391,-0.654824689689642,1.227935701936115,-0.7030746009502787,-0.010684955963028146,-0.6865507261215884,-0.6874206446824462,0.8793413772684578,0.5402509656440521,0.7230710081736181,1.1051456802707096,0.9880252177002942,0.5560546303156031,0.41390077802624936,1.5189810354334339,1.3943001386614235,1.6637368065182498,-1.2676136780735823,-1.2761757670616813
2.124367169983391,-0.654824689689642,1.3723987254904713,1.0865668151528431,-0.010684955963028146,0.6271111545323387,-0.6874206446824462,0.819383579331835,0.7196640943711202,0.6581888914446601,1.039132590846781,0.947630355219175,0.5406235252173839,0.41390077802624936,1.5782683019989658,1.4150537785231276,1.6703283323128775,0.7164341740364578,0.7094921176769031
2.124367169983391,-0.654824689689642,1.5168617490448273,-0.7030746009502787,-0.010684955963028146,1.5205379572362299,-0.6874206446824462,0.7294467394762346,0.7794684706134762,0.6075616943388907,0.973182121215301,0.982315977672184,0.44866510815629845,0.41390077802624936,1.6389076843980517,1.3936673105273694,1.7295254219257392,-0.09058067584895432,-0.0981815338215016
2.124367169983391,-0.654824689689642,1.6613247725991833,2.2864586585464117,-0.010684955963028146,-0.6865507261215884,-0.6874206446824462,0.6395098996206342,0.9588815993405444,0.5422081190297345,0.9027724265860033,1.1115107416009733,0.2923676980777209,0.41390077802624936,1.7048398410760766,1.3177765134340191,1.833391518460614,0.7667366323490318,0.7538921250814932
2.124367169983391,-0.5445797577890011,-1.6613247691510074,-0.7030746009502787,-0.010684955963028146,0.8427317681733933,1.6392970899643633,0.5195943037473887,1.0784903518252564,0.5739717417644143,0.8538552362760364,1.1272691724102692,0.19709163003918254,0.41390077802624936,1.751276463788946,1.308687904303812,1.8981844614941963,0.7058404933554464,0.6988899861895211
2.124367169983391,-0.5445797577890011,-1.5168617455966513,-0.7030746009502787,-0.010684955963028146,-0.6865507261215884,-0.6874206446824462,0.6694889415396119,1.0784903518252564,0.5576047400135695,0.8157719658351632,1.1277225629874146,0.284364485577537,0.41390077802624936,1.77932431116548,1.2940239882269753,1.8226421871081058,-1.2676136780735823,-1.2761757670616813
2.124367169983391,-0.5445797577890011,-1.372398722042295,-0.7030746009502787,-0.010684955963028146,-0.6865507261215884,-0.6874206446824462,0.6994679834585895,0.9588815993405444,0.4910944237496693,0.795955584627042,1.0472262571555409,0.32484519823988023,0.41390077802624936,1.796623681231287,1.3341393930482721,1.7882329726214299,-1.2676136780735823,-1.2761757670616813
2.124367169983391,-0.5445797577890011,-1.227935698487939,-0.7030746009502787,-0.010684955963028146,-0.6865507261215884,-0.6874206446824462,0.6694889415396119,1.0784903518252564,0.387045280617511,0.7595700063369997,0.8173522613373166,0.22406005560792608,0.41390077802624936,1.8144826971019983,1.409900067838527,1.7901684199728138,-1.2676136780735823,-1.2761757670616813
2.124367169983391,-0.5445797577890011,-1.083472674933583,0.451123365891757,-0.010684955963028146,-0.6865507261215884,0.3075151623306616,0.3696996659551655,0.36083783691698385,0.21152667854153206,0.6896682278020079,0.5285540678422121,0.02339303072787178,0.41390077802624936,1.7008808651969394,1.2612865179911903,1.5773827529070772,0.15357860770313908,0.0992306661594327
2.124367169983391,-0.5445797577890011,-0.9390096513792268,-0.7030746009502787,-0.010684955963028146,-0.6865507261215884,-0.6874206446824462,0.3097418680185427,0.24122908443227173,0.1729213482831172,0.6458141955992528,0.32300484947824876,0.029256085741987136,0.41390077802624936,1.6797512233259912,1.2754507644241406,1.4619812678823996,-1.2676136780735823,-1.2761757670616813
2.124367169983391,-0.5445797577890011,-0.7945466278248707,0.5233960664860202,-0.010684955963028146,0.4469378896272746,0.4189847241829571,0.3696996659551655,0.0020115794628475024,0.1700821344755995,0.6614051323680312,0.21924471671998616,0.04405246732722788,0.41390077802624936,1.5806818649146896,1.2049544042761176,1.317292167318932,0.857725848825005,0.8508993767731545
2.124367169983391,-0.5445797577890011,-0.6500836042705146,-0.7030746009502787,-0.010684955963028146,-0.6865507261215884,-0.6874206446824462,0.3696996659551655,0.0020115794628475024,0.2136230671796946,0.7263856909920282,0.25513219719284985,0.12543378666819233,0.41390077802624936,1.374701840332933,0.9803368509317376,1.0592999175889546,-1.2676136780735823,-1.2761757670616813
2.124367169983391,-0.5445797577890011,-0.5056205807161585,0.604554324561868,-0.010684955963028146,0.45623038834913965,0.46297266628293865,0.2947523470590539,0.4206422131593399,0.23755825423874063,0.7612496083255677,0.26444701128052434,0.16490545169451845,0.41390077802624936,1.2129651667910795,0.8224620630320874,0.8809435531367357,0.8503664599451086,0.8435339655047196
2.124367169983391,-0.5445797577890011,-0.3611575571618023,-0.7030746009502787,-0.010684955963028146,2.403795300544632,-0.6874206446824462,0.5195943037473887,-0.2970103017489328,0.43308278594185085,0.9991484618173544,1.0108058148159416,0.40372180094886034,0.19867466421120497,0.8940923878055683,0.3392854210628994,0.6262902994466232,0.35730753618476935,0.4168235527573733
2.124367169983391,-0.5445797577890011,-0.2166945336074462,2.2769873119959767,-0.010684955963028146,-0.6865507261215884,-0.6874206446824462,0.5195943037473887,-0.536227806718357,0.8713274034179462,1.210674641831643,1.6634263237434852,0.5805964590693442,-0.6832441043177744,0.6532610353215088,-0.011704310601721868,0.4531699489256077,0.8147719948248011,0.798746100201122
2.124367169983391,-0.5445797577890011,-0.07223151005309006,-0.7030746009502787,-0.010684955963028146,-0.6865507261215884,-0.6874206446824462,0.6994679834585895,-0.41661905423364487,1.1178400824851744,1.3866759178143229,1.94990451682647,0.6610753317745482,-0.9454467454284373,0.49945436448118746,-0.11678978135857812,0.42116606927905437,-1.2676136780735823,-1.2761757670616813
2.124367169983391,-0.5445797577890011,0.07223151350126605,-0.7030746009502787,-0.010684955963028146,-0.6865507261215884,-0.6874206446824462,0.5195943037473887,-0.2970103017489328,1.2792293128539118,1.4750929774254466,1.8083944380983688,0.7373707255307492,-1.034221331045588,0.3940452458406867,-0.09725148380778566,0.345513310195333,-1.2676136780735823,-1.2761757670616813
2.124367169983391,-0.5445797577890011,0.2166945370556222,-0.7030746009502787,-0.010684955963028146,-0.6865507261215884,-0.6874206446824462,0.5195943037473887,-0.2970103017489328,1.3560129796774414,1.5865617741878733,1.7044428369245292,0.9636537266480467,-0.6709878898018629,0.24536456422461278,-0.10534574167183826,0.1899473623437517,-1.2676136780735823,-1.2761757670616813
2.124367169983391,-0.5445797577890011,0.3611575606099783,-0.7030746009502787,-0.010684955963028146,-0.6865507261215884,-0.6874206446824462,0.5945416226435003,-0.41661905423364487,1.341186555478534,1.6801929751835571,1.6009587170770332,1.2153240407882966,-0.146326420673791,0.11878073318537875,-0.10252707571628561,0.04311843957320353,-1.2676136780735823,-1.2761757670616813
2.124367169983391,-0.5445797577890011,0.5056205841643344,-0.7030746009502787,-0.010684955963028146,-0.6865507261215884,-0.6874206446824462,0.5195943037473887,-0.2970103017489328,1.2459349209982282,1.7042000120574385,1.4547448147195003,1.607283712510569,0.41390077802624936,0.06616607390183347,-0.0673352819736154,-0.13524753224402672,-1.2676136780735823,-1.2761757670616813
2.124367169983391,-0.5445797577890011,0.6500836077186906,1.1392118642091003,-0.010684955963028146,0.8482487545485894,-0.6874206446824462,0.5195943037473887,-0.536227806718357,1.0812219403338637,1.6833879761493833,1.243675338140204,1.9947091798555132,0.41390077802624936,0.04104660573700759,-0.02056910937060471,-0.31363359218809894,0.8163555288232351,0.809134346989579
2.124367169983391,-0.5445797577890011,0.7945466312730467,-0.7030746009502787,-0.010684955963028146,2.0984562963465003,-0.6874206446824462,0.41466794293229947,-0.47642343047600094,0.9999237796993938,1.6650480304921076,1.2347832465284783,2.1785169717331465,0.41390077802624936,0.0227342333809282,-0.045804595091926394,-0.40425986634046945,0.1708272652617922,0.2219406160941093
2.124367169983391,-0.5445797577890011,0.9390096548274028,1.6748662038210211,-0.010684955963028146,0.29212023135523363,-0.6874206446824462,0.3696996659551655,-0.596032182960713,0.8526698060964579,1.57349998125855,1.5249739375914144,1.852372432070088,0.41390077802624936,0.02508199814646301,-0.21112975232581194,-0.3408047488847221,0.6987501794353294,0.688201072776451
2.124367169983391,-0.5445797577890011,1.083472678381759,-0.7030746009502787,-0.010684955963028146,1.7123850289136997,-0.6874206446824462,0.2198050281629423,-0.596032182960713,0.7630658661475961,1.3449871388793488,1.6184585987137188,1.3088277654790565,0.41390077802624936,0.14040518678650274,-0.2850734860238439,-0.18028664106818276,-0.09326612303438055,-0.05757680294530004
2.124367169983391,-0.5445797577890011,1.227935701936115,2.301579702820678,-0.010684955963028146,-0.6865507261215884,-0.6874206446824462,0.2347945491224311,-0.6558365592030692,0.6362395847019271,1.1632081433800707,1.6787006958744397,0.8105779452718818,0.41390077802624936,0.2218377487207718,-0.3468340853535539,-0.027596788942281705,0.7663203480425195,0.7492040590251517
2.124367169983391,-0.5445797577890011,1.3723987254904713,-0.7030746009502787,-0.010684955963028146,0.7048987377951714,1.826378389357208,0.06991039037071911,-0.2970103017489328,0.6674813989109507,1.0111812028241045,1.5797579416067948,0.3114354434060694,0.41390077802624936,0.3076568540009739,-0.3294579867391975,0.1632264417074347,0.6854094896625962,0.6818588285988544
2.124367169983391,-0.5445797577890011,1.5168617490448273,-0.7030746009502787,-0.010684955963028146,-0.6865507261215884,-0.6874206446824462,0.0998892893390305,-0.47642343047600094,0.6246152862550726,0.9122523673872621,1.5188137935889587,0.38547512744691603,0.41390077802624936,0.35714814981089577,-0.327278871903359,0.10847756209484305,-1.2676136780735823,-1.2761757670616813
2.124367169983391,-0.5445797577890011,1.6613247725991833,2.318560329522104,-0.010684955963028146,-0.6865507261215884,-0.6874206446824462,0.1298681883073419,-0.596032182960713,0.5340416194345967,0.8533215764892793,1.3445062528004204,0.3769364687011683,0.41390077802624936,0.3683670959464172,-0.29314909302445286,0.08018168864427373,0.7835513908075464,0.7731884137372343
2.124367169983391,-0.4343348258883602,-1.6613247691510074,-0.7030746009502787,-0.010684955963028146,1.0913092208129629,1.4926754973040077,0.06991039037071911,-0.596032182960713,0.5645798421979987,0.7800445911413036,1.0353527287869755,0.3180609803838525,0.41390077802624936,0.3928883552879131,-0.20673075099916502,0.07576208238983301,0.723439829101494,0.7191171338028804
2.124367169983391,-0.4343348258883602,-1.5168617455966513,1.449932518107155,-0.010684955963028146,-0.6865507261215884,-0.6874206446824462,0.06991039037071911,-0.596032182960713,0.5281565608745646,0.716942626290767,0.9902971437916196,0.40248978633520727,0.41390077802624936,0.3907100267845866,-0.23343466691091888,-0.007202754864369637,0.1746400592392932,0.14389736424603158
2.124367169983391,-0.4343348258883602,-1.372398722042295,-0.7030746009502787,-0.010684955963028146,-0.6865507261215884,2.0175844179455713,-0.15493156631761568,-0.23720592550657674,0.5281389056988846,0.6653279144772053,0.8754451048114973,0.46159149662253335,0.41390077802624936,0.40387254904876757,-0.21307941816719214,-0.0551596641123235,0.2161464445346855,0.2087960197932861
2.124367169983391,-0.4343348258883602,-1.227935698487939,1.9864764257652126,-0.010684955963028146,-0.6865507261215884,-0.6874206446824462,-0.37977352300595046,0.36083783691698385,0.4841755565692582,0.6015705291323725,0.6608836090338228,0.6376222979699933,0.41390077802624936,0.4399318635032583,-0.1419526154606715,-0.1355252724325376,0.5470353998754772,0.5075667458742986
2.124367169983391,-0.4343348258883602,-1.083472674933583,-0.7030746009502787,-0.010684955963028146,1.5008575957450054,1.0650529105547764,-0.37977352300595046,0.36083783691698385,0.4995375210971286,0.5477585583793336,0.41217857021347387,0.7181459268203432,0.41390077802624936,0.48060331496147285,-0.04414531885695422,-0.1662162183106036,0.700907991654535,0.6971868908978898
2.124367169983391,-0.4343348258883602,-0.9390096513792268,1.3904463055653737,-0.010684955963028146,0.690667477722418,-0.6874206446824462,-0.5296681607981737,0.36083783691698385,0.47384335542402856,0.5167617611172362,0.4856576829445954,0.7532583433094568,0.41390077802624936,0.5049486305314012,-0.07209146902225934,-0.17872216901576107,0.7273035801605563,0.7203703548665337
2.124367169983391,-0.4343348258883602,-0.7945466278248707,-0.7030746009502787,-0.010684955963028146,1.1226785559775563,1.4527692966802181,-0.37977352300595046,-0.35681467799128885,0.5118954901778004,0.5939427426366514,1.0379503998450617,0.8171082737227181,0.41390077802624936,0.44783101579004997,-0.2800815607360921,-0.20300893271692144,0.6436512847154665,0.6408981690227193
2.124367169983391,-0.4343348258883602,-0.6500836042705146,2.277165763108555,-0.010684955963028146,-0.6865507261215884,-0.6874206446824462,0.3696996659551655,-0.2970103017489328,0.6946958713787257,0.8694475645957582,1.732550566104733,1.0217838217116595,0.41390077802624936,0.25382770065588156,-0.515566711964499,-0.2773740865399128,0.7447294641122237,0.7322269354636871
2.124367169983391,-0.4343348258883602,-0.5056205807161585,-0.7030746009502787,-0.010684955963028146,-0.6865507261215884,1.6418131789573491,0.6694889415396119,-1.0146628166572054,0.8324448215118143,1.0878869696963813,2.4785164863977975,1.3221130168545523,0.41390077802624936,0.08293110514357825,-0.7461870240211773,-0.38800464143962,-0.0649623850473857,-0.04046131952118152
2.124367169983391,-0.4343348258883602,-0.3611575571618023,-0.7030746009502787,-0.010684955963028146,-0.6865507261215884,-0.6874206446824462,0.819383579331835,-1.0744671928995615,0.9430956925575374,1.2590094680718371,2.9484065019866206,1.5083571705243108,0.41390077802624936,-0.040191694991941605,-0.8725171294634178,-0.44676197575400617,-1.2676136780735823,-1.2761757670616813
2.124367169983391,-0.4343348258883602,-0.2166945336074462,-0.7030746009502787,-0.010684955963028146,-0.6865507261215884,-0.6874206446824462,0.819383579331835,-1.0744671928995615,1.1012056375175459,1.3988979097493623,3.184510266685692,1.5904252932562417,0.41390077802624936,-0.13548260065411194,-0.9333447518799334,-0.47244792115955153,-1.2676136780735823,-1.2761757670616813
2.124367169983391,-0.4343348258883602,-0.07223151005309006,-0.7030746009502787,-0.010684955963028146,-0.6865507261215884,-0.6874206446824462,0.9692782171240583,-0.8950540641724933,1.2388362325840383,1.5123552328097705,2.933408971634033,1.5640118438873076,0.41390077802624936,-0.20745227990442375,-0.8347315644790448,-0.42572337482351225,-1.2676136780735823,-1.2761757670616813
2.124367169983391,-0.4343348258883602,0.07223151350126605,-0.7030746009502787,-0.010684955963028146,-0.6865507261215884,-0.6874206446824462,0.819383579331835,-0.536227806718357,1.36427364020954,1.5945075300741394,2.5421436788365095,1.5109017608128796,0.41390077802624936,-0.2566186822841084,-0.6966440414701097,-0.3764253647596513,-1.2676136780735823,-1.2761757670616813
2.124367169983391,-0.4343348258883602,0.2166945370556222,-0.7030746009502787,-0.010684955963028146,-0.6865507261215884,-0.6874206446824462,0.9692782171240583,-0.7754453116877812,1.446772352790256,1.7064028372006887,2.1890767493803707,1.6818938339650027,0.41390077802624936,-0.3142462929441405,-0.5324116947117208,-0.3753189893389087,-1.2676136780735823,-1.2761757670616813
2.124367169983391,-0.4343348258883602,0.3611575606099783,-0.7030746009502787,-0.010684955963028146,-0.6865507261215884,-0.6874206446824462,0.9692782171240583,-0.7754453116877812,1.4473340489350415,1.7996311841982862,1.934534824921527,2.055113700840632,0.41390077802624936,-0.3660525749539353,-0.4142402576735652,-0.46850518956840304,-1.2676136780735823,-1.2761757670616813
2.124367169983391,-0.4343348258883602,0.5056205841643344,2.0166866224482436,-0.010684955963028146,-0.6865507261215884,-0.6874206446824462,0.9692782171240583,-0.7754453116877812,1.4021734173361464,1.8629175295488105,1.7611887705488725,2.4612789730322193,0.41390077802624936,-0.40203837865455183,-0.3351167888303136,-0.583126076185906,0.6325108264608755,0.571884433270454
2.124367169983391,-0.4343348258883602,0.6500836077186906,-0.7030746009502787,-0.010684955963028146,2.002392702022319,-0.6874206446824462,0.9692782171240583,-0.7754453116877812,1.3941677760083162,1.910821670772052,1.599802446775173,2.594767837796343,0.41390077802624936,-0.42317693822351093,-0.24545905206946447,-0.5966283543125848,0.19765082135581258,0.22491934429105165
2.124367169983391,-0.4343348258883602,0.7945466312730467,2.2808444360437563,-0.010684955963028146,-0.6865507261215884,-0.6874206446824462,0.8493626212508127,-0.596032182960713,1.305206615233289,1.8600780698489987,1.5889575430980833,2.2771790455889973,0.41390077802624936,-0.3892691991783139,-0.20344212665893263,-0.4586163724320281,0.7471577892335456,0.7379242507548601
2.124367169983391,-0.4343348258883602,0.9390096548274028,-0.7030746009502787,-0.010684955963028146,1.7222481169097321,-0.6874206446824462,0.6694889415396119,-0.23720592550657674,1.2246617420945032,1.6870825439038555,1.435539952429821,1.7333935095622712,0.41390077802624936,-0.2806463349897542,-0.12042496476605474,-0.24226680964547814,-0.017549381989275675,0.006520552509809672
2.124367169983391,-0.4343348258883602,1.083472678381759,2.301256663306643,-0.010684955963028146,-0.6865507261215884,-0.6874206446824462,0.6694889415396119,-0.536227806718357,1.0225008260218635,1.4699045797333374,1.5071715192807655,1.2676211895172558,0.41390077802624936,-0.1607715050811461,-0.1610265932599184,-0.0772769101145499,0.7253598416067463,0.7144882186345671
2.124367169983391,-0.4343348258883602,1.227935701936115,-0.7030746009502787,-0.010684955963028146,2.228114680903504,-0.6874206446824462,0.6395098996206342,-0.6558365592030692,0.9936640390777064,1.2922800595752935,1.469072620051369,0.8846713366869036,0.41390077802624936,-0.07843801462890462,-0.1754610603422969,0.04805728023666851,0.20608462277550915,0.24512653615498964
2.124367169983391,-0.4343348258883602,1.3723987254904713,2.31450468756997,-0.010684955963028146,-0.6865507261215884,-0.6874206446824462,0.5195943037473887,-0.536227806718357,0.9443989060808867,1.1559581629654567,1.6014717861213712,0.5592233653919341,0.41390077802624936,-0.008700652107715427,-0.24368700317180955,0.16497323534586786,0.7159751109454248,0.7023888942547103
2.124367169983391,-0.4343348258883602,1.5168617490448273,-0.7030746009502787,-0.010684955963028146,0.7415284772103903,1.8176030374071115,0.3696996659551655,-0.596032182960713,0.9577749902924441,1.0435939031710137,1.5504558142151355,0.30778415571025597,0.41390077802624936,0.043873516006482774,-0.2548898828568125,0.24156991804195757,0.6905440222618322,0.6844561461389099
2.124367169983391,-0.4343348258883602,1.6613247725991833,-0.7030746009502787,-0.010684955963028146,-0.6865507261215884,-0.6874206446824462,0.3097418680185427,-0.41661905423364487,0.884022128627331,0.9566908509862049,1.4909406339395268,0.280679020461794,0.41390077802624936,0.059406217790658564,-0.2804344090479859,0.19808261701634458,-1.2676136780735823,-1.2761757670616813
2.124367169983391,-0.32408989398771926,-1.6613247691510074,2.3164823415665974,-0.010684955963028146,-0.6865507261215884,-0.6874206446824462,0.3696996659551655,-0.596032182960713,0.7252000915815586,0.8726613514993189,1.301757406335586,0.34277450998533526,0.41390077802624936,0.07271865378896979,-0.25602801926788743,0.11998893217211765,0.7510470637690867,0.7420138490029177
2.124367169983391,-0.32408989398771926,-1.5168617455966513,-0.7030746009502787,-0.010684955963028146,-0.6865507261215884,2.005772940650929,0.3696996659551655,-0.2970103017489328,0.7456990583369415,0.8182106588633035,1.0624890251400967,0.35583028439844655,0.41390077802624936,0.08422007403446011,-0.18400792695061652,0.09608820986505098,0.1997746621873106,0.2031326804447174
2.124367169983391,-0.32408989398771926,-1.372398722042295,-0.7030746009502787,-0.010684955963028146,-0.6865507261215884,-0.6874206446824462,0.4596365058107659,-0.596032182960713,0.6873303936431477,0.7765065728679531,0.8055790259483392,0.5120935170570945,0.41390077802624936,0.08382841837857323,-0.10336961762882867,0.011665454970371057,-1.2676136780735823,-1.2761757670616813
2.124367169983391,-0.32408989398771926,-1.227935698487939,2.2811284169809416,-0.010684955963028146,-0.6865507261215884,-0.6874206446824462,0.3696996659551655,-0.596032182960713,0.5855993096882466,0.7460323029850663,0.5664896801544285,0.5376232359964201,0.41390077802624936,0.08139075357633331,-0.02934369000934137,-0.01942812684135379,0.7521050298434094,0.7426970519933593
2.124367169983391,-0.32408989398771926,-1.083472674933583,-0.7030746009502787,-0.010684955963028146,1.3777623999317081,1.1814789250675148,0.3696996659551655,-0.2970103017489328,0.6053626441236254,0.7026680967143542,0.3326735900310805,0.4673601568577955,0.41390077802624936,0.09349689015451296,0.06077099290587795,0.004605788480643399,0.7482996951917807,0.742293638843521
2.124367169983391,-0.32408989398771926,-0.9390096513792268,2.301132141696962,-0.010684955963028146,-0.6865507261215884,-0.6874206446824462,0.2797628260995651,-0.1175971730218646,0.5985673631729751,0.6727177457616214,0.3781858810739812,0.5138032018016686,0.41390077802624936,0.10344036445560156,0.040529167436349406,-0.01612581346789588,0.7405168322936879,0.7335945694906888
2.124367169983391,-0.32408989398771926,-0.7945466278248707,-0.7030746009502787,-0.010684955963028146,1.3215854539557899,1.2483188668196639,0.3696996659551655,0.0020115794628475024,0.6551613557632213,0.6843657229325478,0.4658436029689895,0.5811416702920309,0.41390077802624936,0.09128361391573807,0.014131038936869853,-0.03452850279799413,0.7179905668732842,0.7110498941778773
2.124367169983391,-0.32408989398771926,-0.6500836042705146,1.329229511400706,-0.010684955963028146,0.6820045622895016,-0.6874206446824462,0.3696996659551655,0.0020115794628475024,0.7779969136097931,0.8281873833513218,0.9830661028500933,0.7758512453791166,0.41390077802624936,0.0010849548366926238,-0.16831105665770696,-0.09302534651104895,0.7089971362703726,0.7017578832242933
2.124367169983391,-0.32408989398771926,-0.5056205807161585,-0.7030746009502787,-0.010684955963028146,0.99667141977864,1.4578050308278863,0.7444362604357235,-0.7156409354454252,0.9026058357691212,1.0691260798787563,1.8737597658940706,1.1341876596234943,0.41390077802624936,-0.1477456405135115,-0.46436575440149014,-0.21235820896822538,0.629849195195403,0.6265351462982593
2.124367169983391,-0.32408989398771926,-0.3611575571618023,-0.7030746009502787,-0.010684955963028146,-0.6865507261215884,-0.6874206446824462,0.9692782171240583,-1.0744671928995615,1.0250575570184997,1.2973752233542013,2.1604509779502297,1.3582890021019516,0.41390077802624936,-0.2868523297487888,-0.5496823942605699,-0.2874364912941071,-1.2676136780735823,-1.2761757670616813
2.124367169983391,-0.32408989398771926,-0.2166945336074462,-0.7030746009502787,-0.010684955963028146,-0.6865507261215884,-0.6874206446824462,0.819383579331835,-0.8352496879301373,1.1386437644948877,1.4675006754787798,2.1435263304278744,1.475284006757664,0.41390077802624936,-0.386777787169143,-0.5379117475930604,-0.32300208316942564,-1.2676136780735823,-1.2761757670616813
2.124367169983391,-0.32408989398771926,-0.07223151005309006,-0.7030746009502787,-0.010684955963028146,-0.6865507261215884,-0.6874206446824462,0.8493626212508127,-0.596032182960713,1.1099168319771846,1.5050426326027078,1.9585404883498265,1.4094786396755727,0.41390077802624936,-0.39857011718488283,-0.4496487050508894,-0.2686796395538165,-1.2676136780735823,-1.2761757670616813
2.124367169983391,-0.32408989398771926,0.07223151350126605,-0.7030746009502787,-0.010684955963028146,-0.6865507261215884,-0.6874206446824462,0.9692782171240583,-0.7754453116877812,1.0899030556053064,1.5653427096289017,1.8017154229783756,1.354544947123472,0.41390077802624936,-0.41147667741426264,-0.35288195313092535,-0.201584640853984,-1.2676136780735823,-1.2761757670616813
2.124367169983391,-0.32408989398771926,0.2166945370556222,-0.7030746009502787,-0.010684955963028146,-0.6865507261215884,-0.6874206446824462,0.9692782171240583,-0.596032182960713,1.052525087004356,1.6005134639454397,1.6052290429517173,1.2767213344475614,0.41390077802624936,-0.4034203808273859,-0.2285785025593966,-0.11416220458370473,-1.2676136780735823,-1.2761757670616813
2.124367169983391,-0.32408989398771926,0.3611575606099783,2.265418985704961,-0.010684955963028146,-0.6865507261215884,-0.6874206446824462,0.9692782171240583,-0.536227806718357,1.0098322566283011,1.6072958832431035,1.414460191629168,1.1788884698990507,0.41390077802624936,-0.37338219966235114,-0.09775484025025989,-0.013218712155133476,0.8031536004860061,0.788571124088531
2.124367169983391,-0.32408989398771926,0.5056205841643344,-0.7030746009502787,-0.010684955963028146,2.370205949476293,-0.6874206446824462,0.9692782171240583,-0.536227806718357,1.0241950689917572,1.5775953156846938,1.2378624896621062,1.0456388470744342,0.41390077802624936,-0.3162573543550452,0.03165200704867249,0.10403699431674113,0.3854160734995395,0.42100484511559194
2.124367169983391,-0.32408989398771926,0.6500836077186906,2.29547706893962,-0.010684955963028146,-0.6865507261215884,-0.6874206446824462,0.8943308982279466,-0.23720592550657674,1.003159908012016,1.5033428531254618,1.2898034778098302,0.8560965723814683,0.41390077802624936,-0.22432191333364845,0.079582123652872,0.25870618198419176,0.7579569159259315,0.7471509705898249
2.124367169983391,-0.32408989398771926,0.7945466312730467,-0.7030746009502787,-0.010684955963028146,0.8946420034100687,1.6207772274089902,0.819383579331835,-0.057792796779508555,0.9816794442678989,1.38285889357684,1.3510020881808356,0.6250083887716862,0.41390077802624936,-0.09188590322943643,0.12653220244425759,0.44338790455038196,0.7087618529555088,0.7033533198062265
2.124367169983391,-0.32408989398771926,0.9390096548274028,-0.7030746009502787,-0.010684955963028146,-0.6865507261215884,-0.6874206446824462,0.819383579331835,0.06181595570520356,0.8931217369519318,1.2480238691499235,1.332319412479093,0.6096822571775365,0.41390077802624936,0.05821678969108826,0.20610654506773496,0.5301210123810945,-1.2676136780735823,-1.2761757670616813
2.124367169983391,-0.32408989398771926,1.083472678381759,2.280502583912431,-0.010684955963028146,-0.6865507261215884,-0.6874206446824462,0.819383579331835,-0.23720592550657674,0.7436948689495527,1.1401383160665046,1.2010433620069552,0.6071905605150492,0.41390077802624936,0.16007329025911363,0.28622696762320293,0.5571517705390286,0.7556107332606011,0.7468216495557864
2.124367169983391,-0.32408989398771926,1.227935701936115,-0.7030746009502787,-0.010684955963028146,1.1486110278437662,1.3920141567760884,0.7594257813952123,-0.2970103017489328,0.7264026052139918,1.0329457553528512,0.9566873914832807,0.5178654322847309,0.41390077802624936,0.24704639386570731,0.386863990578236,0.5925756537804293,0.7181717476077248,0.7130704393910711
2.124367169983391,-0.32408989398771926,1.3723987254904713,2.3013693598425986,-0.010684955963028146,-0.6865507261215884,-0.6874206446824462,0.6694889415396119,0.06181595570520356,0.7210230077947269,0.9653233372629915,0.953043689514121,0.5956377788307472,0.41390077802624936,0.3012283988293956,0.38562479251175696,0.5512327602951979,0.7313858984548169,0.7244562689762365
2.124367169983391,-0.32408989398771926,1.5168617490448273,-0.7030746009502787,-0.010684955963028146,1.2092453691137957,1.328023955658413,0.6694889415396119,-0.23720592550657674,0.7521536597865055,0.9096404262666804,0.9388352411166377,0.6468241614119942,0.41390077802624936,0.34364000649407367,0.3821307918031389,0.5159527691797631,0.6949757605439425,0.6880164565100105
2.124367169983391,-0.32408989398771926,1.6613247725991833,2.3265329375617774,-0.010684955963028146,-0.6865507261215884,-0.6874206446824462,0.5195943037473887,0.12162033194755961,0.7500651178930897,0.8568950793116841,0.9643593899879537,0.7311699650578055,0.41390077802624936,0.382371256087741,0.361088280428563,0.4655518772824364,0.7230433165021131,0.7161067834183936
2.124367169983391,-0.21384496208707834,-1.6613247691510074,-0.7030746009502787,-0.010684955963028146,1.2417280594084057,1.3049277313721162,0.5195943037473887,0.06181595570520356,0.7745031505113207,0.8127439509825336,0.9514605523983123,0.7681938758186967,0.41390077802624936,0.41388206251891035,0.3552134753143085,0.4359736389520524,0.6822350522112517,0.6752652443157269
2.124367169983391,-0.21384496208707834,-1.5168617455966513,0.7748882406991653,-0.010684955963028146,-0.6865507261215884,-0.6874206446824462,0.3696996659551655,0.36083783691698385,0.7486821291314821,0.7685886480005532,0.9793975348529367,0.8347836960629818,0.41390077802624936,0.44493541514400387,0.3312605617604977,0.39301627144649903,-0.3578909208954081,-0.3657100502945183
2.124367169983391,-0.21384496208707834,-1.372398722042295,-0.7030746009502787,-0.010684955963028146,0.7305972209892799,0.7650167242435655,0.3696996659551655,0.36083783691698385,0.7059330637514092,0.7319964243954301,0.9525297916021831,0.8383682564151231,0.41390077802624936,0.4661932790512177,0.3296993109938574,0.3775556193019318,0.35774251374166044,0.3505077319896819
2.124367169983391,-0.21384496208707834,-1.227935698487939,1.9591898889768147,-0.010684955963028146,-0.6865507261215884,-0.6874206446824462,0.3696996659551655,0.36083783691698385,0.6474787387607972,0.7013983064785893,0.930689959212422,0.8398232380064122,0.41390077802624936,0.4875750266551244,0.33018206473834155,0.36749212280171356,0.5031436479860759,0.4960274105243545
2.124367169983391,-0.21384496208707834,-1.083472674933583,-0.7030746009502787,-0.010684955963028146,1.045707474983129,1.0644369624304126,0.3696996659551655,0.7196640943711202,0.6370314520259491,0.67500406396147,0.8741089702404586,0.8015575476547452,0.41390077802624936,0.5116952306049922,0.3563706963298374,0.3861199301619649,0.6732090881629693,0.6662317370700301
2.124367169983391,-0.21384496208707834,-0.9390096513792268,2.2921664066321656,-0.010684955963028146,-0.6865507261215884,-0.6874206446824462,0.4896152618284111,0.4206422131593399,0.6266894424497861,0.662445316698151,0.8802840338597125,0.8206594704030233,0.41390077802624936,0.5272510702002234,0.35856867889962474,0.38229947412550674,0.7199192070325575,0.7129801780013811
2.124367169983391,-0.21384496208707834,-0.7945466278248707,-0.7030746009502787,-0.010684955963028146,1.1540937056429903,1.1642058109656002,0.6694889415396119,0.36083783691698385,0.6869432875689768,0.7033548271048747,0.9030944702089564,0.8469402788327068,0.41390077802624936,0.5130526488535798,0.3685397341153241,0.3905919402255586,0.6661203919279812,0.6591373146450179
2.124367169983391,-0.21384496208707834,-0.6500836042705146,1.7878047954524714,-0.010684955963028146,-0.6865507261215884,-0.6874206446824462,0.819383579331835,0.06181595570520356,0.7571167258387993,0.8097590742091464,1.0272679542175525,0.9541149714953111,0.41390077802624936,0.47478222733010067,0.3618846289235072,0.3906816817487331,0.3553975892758748,0.34816093585774516
2.124367169983391,-0.21384496208707834,-0.5056205807161585,-0.7030746009502787,-0.010684955963028146,1.0239764438823618,1.0318800929165812,0.8043940583723462,0.12162033194755961,0.8473255190285532,0.9172473394982519,1.1290487511472542,1.0519331885781376,0.41390077802624936,0.4320486184615672,0.35847889451048887,0.3881815833537256,0.6612511596898903,0.6542640182991769
2.124367169983391,-0.21384496208707834,-0.3611575571618023,1.3003885149208119,-0.010684955963028146,-0.6865507261215884,-0.6874206446824462,0.9692782171240583,-0.23720592550657674,1.0589201839729243,1.1492856761923138,1.4711248962287211,1.2836552819528046,0.41390077802624936,0.29011260876816314,0.2340869607728552,0.3083946004262425,0.05995759726518265,0.02527885462858981
2.124367169983391,-0.21384496208707834,-0.2166945336074462,-0.7030746009502787,-0.010684955963028146,-0.6865507261215884,-0.6874206446824462,1.1191728549162814,-0.23720592550657674,1.2648723855490158,1.4010868193831796,1.8125445781710672,1.4572847126761626,0.41390077802624936,0.14734749417860463,0.12936951926325393,0.27097020177042624,-1.2676136780735823,-1.2761757670616813
2.124367169983391,-0.21384496208707834,-0.07223151005309006,-0.7030746009502787,-0.010684955963028146,-0.6865507261215884,-0.6874206446824462,1.1641411318934154,-0.2970103017489328,1.4538658100412816,1.6048759761526978,1.989910640403236,1.4881094904602972,0.41390077802624936,0.03977981058172056,0.08917625793060485,0.2914199148955634,-1.2676136780735823,-1.2761757670616813
2.124367169983391,-0.21384496208707834,0.07223151350126605,-0.7030746009502787,-0.010684955963028146,-0.6865507261215884,-0.6874206446824462,1.1191728549162814,-0.23720592550657674,1.5474617813800318,1.707340046761004,1.8621738545826705,1.522078590877956,0.41390077802624936,0.015564163161249004,0.18865497551758323,0.32580030728720505,-1.2676136780735823,-1.2761757670616813
2.124367169983391,-0.21384496208707834,0.2166945370556222,-0.7030746009502787,-0.010684955963028146,-0.6865507261215884,-0.6874206446824462,1.1191728549162814,-0.23720592550657674,1.5847586669519327,1.798142224688951,1.754573578234072,1.6405505483234837,0.41390077802624936,-0.007715849024666948,0.2713314338468562,0.3107322470128757,-1.2676136780735823,-1.2761757670616813
2.124367169983391,-0.21384496208707834,0.3611575606099783,-0.7030746009502787,-0.010684955963028146,-0.6865507261215884,-0.6874206446824462,1.239088450789527,-0.47642343047600094,1.6015127747769484,1.9233108404882058,1.7128309770355157,1.877888317291823,0.41390077802624936,-0.05130386977019665,0.3230361815933496,0.23943293437453939,-1.2676136780735823,-1.2761757670616813
2.124367169983391,-0.21384496208707834,0.5056205841643344,-0.7030746009502787,-0.010684955963028146,-0.6865507261215884,-0.6874206446824462,1.7187514060851743,-1.2538803216266297,1.5495038967003627,2.0174026448461233,1.677730091914957,2.1070503591641434,0.41390077802624936,-0.07668243321507077,0.3665677306119125,0.1679244431980007,-1.2676136780735823,-1.2761757670616813
2.124367169983391,-0.21384496208707834,0.6500836077186906,-0.7030746009502787,-0.010684955963028146,-0.6865507261215884,-0.6874206446824462,1.1191728549162814,-0.23720592550657674,1.3840657460423234,1.9780892433713693,1.4901664716012202,2.0574402066401265,0.41390077802624936,-0.015872650478315913,0.47973509761402733,0.21561714990814154,-1.2676136780735823,-1.2761757670616813
2.124367169983391,-0.21384496208707834,0.7945466312730467,0.954792135251832,-0.010684955963028146,0.8120480815316539,-0.6874206446824462,1.0592150569796586,-0.1175971730218646,1.1529699587161926,1.8917302876053923,1.2232719333010693,1.8823346368750469,0.41390077802624936,0.06710797562688327,0.6256429710389991,0.31068748542589086,0.8198085676023406,0.7994567295548709
2.124367169983391,-0.21384496208707834,0.9390096548274028,-0.7030746009502787,-0.010684955963028146,1.880640979836411,-0.6874206446824462,1.0142464941011922,0.06181595570520356,1.0292006382447623,1.7498783675468652,1.1652976178936743,1.5797302020625543,0.41390077802624936,0.1804562556857925,0.6716383858666745,0.4657475181699409,0.07822512684087592,0.12341345265678587
2.124367169983391,-0.21384496208707834,1.083472678381759,2.2776860663524583,-0.010684955963028146,-0.6865507261215884,-0.6874206446824462,0.9692782171240583,0.36083783691698385,0.8208466788807822,1.5330872545385856,1.1854880037596347,1.0816512689550277,0.41390077802624936,0.3389835220191602,0.6749168172931643,0.7224523809883932,0.7804093070587805,0.7669859621427629
2.124367169983391,-0.21384496208707834,1.227935701936115,-0.7030746009502787,-0.010684955963028146,0.8883385347704426,1.6051621214013894,0.9692782171240583,0.24122908443227173,0.8023113599982634,1.3461741318339873,1.2602700963577986,0.6747373485173633,0.41390077802624936,0.49473328695041074,0.6567849249683285,0.956606356283878,0.7069665819479765,0.7030000518728825
2.124367169983391,-0.21384496208707834,1.3723987254904713,1.9559188227495614,-0.010684955963028146,-0.6865507261215884,-0.6874206446824462,0.9692782171240583,0.06181595570520356,0.7681551340112328,1.224091280251509,1.2814733584308367,0.628218625000789,0.41390077802624936,0.5884115353857877,0.6453287405332998,0.9808837309692318,0.5226833071728836,0.5013438268445234
2.124367169983391,-0.21384496208707834,1.5168617490448273,-0.7030746009502787,-0.010684955963028146,1.0550722518330324,1.328331249866153,0.6694889415396119,0.36083783691698385,0.7551151520329928,1.1095770742496613,1.1666859711235065,0.6804116139737723,0.41390077802624936,0.6842416002493236,0.6933605694044189,0.9434412093294168,0.6766761468798587,0.6724634570969861
2.124367169983391,-0.21384496208707834,1.6613247725991833,2.2807903273730745,-0.010684955963028146,-0.6865507261215884,-0.6874206446824462,0.6095311436029891,0.48044658940169593,0.7327323126430041,1.0236578485817684,1.1682972897377117,0.7794235995098545,0.41390077802624936,0.7515340674023181,0.6731215632514574,0.8694016141707884,0.7271570897849917,0.7182200461135138
2.124367169983391,-0.10360003018643743,-1.6613247691510074,-0.7030746009502787,-0.010684955963028146,1.181118612775819,1.3158374078978226,0.5195943037473887,0.7196640943711202,0.7618051558249581,0.9631740868310584,1.119682547268386,0.7978265126457628,0.41390077802624936,0.799736394321358,0.6825766835353834,0.8444128577761827,0.6709596071197907,0.6639805238609623
2.124367169983391,-0.10360003018643743,-1.5168617455966513,0.38122759470012607,-0.010684955963028146,-0.6865507261215884,-0.6874206446824462,0.5195943037473887,0.7196640943711202,0.7412152976095926,0.9098157616855367,1.1202420328983183,0.8627945329395784,0.41390077802624936,0.8437594541185036,0.6658676785948963,0.7931130222026774,-0.6280801062429877,-0.6361199723096076
2.124367169983391,-0.10360003018643743,-1.372398722042295,-0.7030746009502787,-0.010684955963028146,-0.6865507261215884,0.2829532764606137,0.5795521016840115,0.8392728468558323,0.698017659988166,0.8745496861293824,1.0516714740938038,0.8690758544737848,0.41390077802624936,0.877999558178758,0.6957389882344986,0.785784349492631,-0.7335695781792534,-0.7416956087796862
2.124367169983391,-0.10360003018643743,-1.227935698487939,0.655724643590381,-0.010684955963028146,-0.6865507261215884,-0.6874206446824462,0.5195943037473887,1.0784903518252564,0.5882364698185365,0.8318589905152295,0.8655873824458884,0.8330495988756008,0.41390077802624936,0.9214692386614936,0.7943617179376141,0.8097914078624373,-0.35446924723352485,-0.38201041810766195
2.124367169983391,-0.10360003018643743,-1.083472674933583,-0.7030746009502787,-0.010684955963028146,0.8494196393029491,0.6941822715697702,0.5195943037473887,0.7196640943711202,0.5421276898960807,0.7922484929140801,0.6150231935989641,0.7078699158948403,0.41390077802624936,0.9526373162664038,0.9175576108392954,0.8689500680152534,0.3967163230963108,0.4160872367723182
2.124367169983391,-0.10360003018643743,-0.9390096513792268,2.2012115228945515,-0.010684955963028146,-0.6865507261215884,-0.6874206446824462,0.4596365058107659,1.0186859755829005,0.49649756140317425,0.7581631483333192,0.5929661978980293,0.687941225083503,0.41390077802624936,0.9873898264339906,0.9300940272605216,0.8804203884420249,0.7168091175007862,0.7098674904403753
2.124367169983391,-0.10360003018643743,-0.7945466278248707,-0.7030746009502787,-0.010684955963028146,1.2533088773880092,1.1987599882367503,0.5195943037473887,1.0784903518252564,0.5436002623268799,0.7739245500926525,0.6238464891998979,0.6941696529916277,0.41390077802624936,0.9881316825009567,0.9225543072781608,0.8858594671336961,0.6991378846378972,0.6921817842686921
2.124367169983391,-0.10360003018643743,-0.6500836042705146,1.9828740783058731,-0.010684955963028146,-0.6865507261215884,-0.6874206446824462,0.5195943037473887,1.0784903518252564,0.7139295505437017,0.9672367198100346,1.1621023332960603,0.8588104222734981,0.41390077802624936,0.8453255947043209,0.6604112166850936,0.8108001811886324,0.544692812065989,0.5212608928130296
2.124367169983391,-0.10360003018643743,-0.5056205807161585,-0.7030746009502787,-0.010684955963028146,0.8317645297872391,0.8549655460339299,0.819383579331835,0.7196640943711202,0.8842588387605234,1.2065674792224812,2.3549140921655325,1.1759142206170812,0.41390077802624936,0.6658055852154166,0.1394899982570079,0.6629841016631647,0.43839184635907275,0.4476071894773869
2.124367169983391,-0.10360003018643743,-0.3611575571618023,-0.7030746009502787,-0.010684955963028146,-0.6865507261215884,-0.6874206446824462,1.4189621305007278,-0.47642343047600094,1.1166061818737543,1.4152166276614888,3.027589881540253,1.3695366282511678,0.41390077802624936,0.5293990303265397,-0.10117618933964966,0.5936527704077281,-1.2676136780735823,-1.2761757670616813
2.124367169983391,-0.10360003018643743,-0.2166945336074462,-0.7030746009502787,-0.010684955963028146,-0.6865507261215884,-0.6874206446824462,1.568856768292951,-1.0146628166572054,1.2579966754647116,1.584241362989914,3.300201948544513,1.4441410534689465,0.41390077802624936,0.4013182311157897,-0.20591705286380813,0.5507323039177867,-1.2676136780735823,-1.2761757670616813
2.124367169983391,-0.10360003018643743,-0.07223151005309006,-0.7030746009502787,-0.010684955963028146,-0.6865507261215884,-0.6874206446824462,1.7187514060851743,-1.493097826596054,1.393269323734818,1.7113978093116786,3.1768424125190187,1.5137921940412125,0.41390077802624936,0.3046123036962582,-0.17682712765429398,0.4982728157175666,-1.2676136780735823,-1.2761757670616813
2.124367169983391,-0.10360003018643743,0.07223151350126605,-0.7030746009502787,-0.010684955963028146,-0.6865507261215884,-0.6874206446824462,1.568856768292951,-0.23720592550657674,1.5172851627703738,1.802556920056583,2.832505116625025,1.5207041703479296,0.41390077802624936,0.2848159781873816,0.007692804250212036,0.5622224941221954,-1.2676136780735823,-1.2761757670616813
2.124367169983391,-0.10360003018643743,0.2166945370556222,-0.7030746009502787,-0.010684955963028146,-0.6865507261215884,-0.6874206446824462,1.2690674927085046,0.06181595570520356,1.621626597144347,1.934367408508228,2.519999652037585,1.7191545454211206,0.41390077802624936,0.24895092493821078,0.19903851843409517,0.5422500923587601,-1.2676136780735823,-1.2761757670616813
2.124367169983391,-0.10360003018643743,0.3611575606099783,-0.7030746009502787,-0.010684955963028146,-0.6865507261215884,-0.6874206446824462,1.3290252906451274,0.18142470818991568,1.6148542025325412,2.043016923059521,2.2956591763162923,1.9936472385934145,0.41390077802624936,0.21660956749769605,0.3499428714274272,0.47182461323805,-1.2676136780735823,-1.2761757670616813
2.124367169983391,-0.10360003018643743,0.5056205841643344,-0.7030746009502787,-0.010684955963028146,-0.6865507261215884,-0.6874206446824462,1.2690674927085046,0.06181595570520356,1.533003500288824,2.0932693064995878,2.107992776420168,2.1193111016898447,0.41390077802624936,0.189457346224101,0.4393815689780657,0.4198011683998237,-1.2676136780735823,-1.2761757670616813
2.124367169983391,-0.10360003018643743,0.6500836077186906,-0.7030746009502787,-0.010684955963028146,-0.6865507261215884,-0.6874206446824462,1.2840570136679934,0.06181595570520356,1.3916751267604448,2.0559701750152666,1.881634008093119,1.9115498209301154,0.41390077802624936,0.2286460496238441,0.5591593658479346,0.5325357362370237,-1.2676136780735823,-1.2761757670616813
2.124367169983391,-0.10360003018643743,0.7945466312730467,-0.7030746009502787,-0.010684955963028146,-0.6865507261215884,-0.6874206446824462,1.3140357696856386,-0.1175971730218646,1.1785490387996742,1.9058726198421911,1.570901491301865,1.5619546887067826,0.41390077802624936,0.33228849998271365,0.7088676780053143,0.7039315647384959,-1.2676136780735823,-1.2761757670616813
2.124367169983391,-0.10360003018643743,0.9390096548274028,-0.7030746009502787,-0.010684955963028146,-0.6865507261215884,-0.6874206446824462,1.1191728549162814,0.36083783691698385,0.9955662207833879,1.7766044949639626,1.2811260629064787,1.271040559006404,0.41390077802624936,0.4387764190636757,0.8714188446077099,0.8703933562590089,-1.2676136780735823,-1.2761757670616813
2.124367169983391,-0.10360003018643743,1.083472678381759,1.0342152429263085,-0.010684955963028146,0.7655452125859715,-0.6874206446824462,1.1191728549162814,0.36083783691698385,0.7298760975552019,1.5976343450437436,0.8833226624809454,0.9297554223145279,0.41390077802624936,0.5915433345196919,1.1076823440791328,1.0798902476019854,0.8370784348104618,0.8251525712070594
2.124367169983391,-0.10360003018643743,1.227935701936115,-0.7030746009502787,-0.010684955963028146,2.2860587277406115,-0.6874206446824462,0.9992572590430359,0.5402509656440521,0.6632860060530433,1.4248085883136834,0.8615698611891738,0.6332378232418804,0.41390077802624936,0.7268305977987604,1.124080790456232,1.254789707443745,0.28419769472494133,0.34433066001498713
2.124367169983391,-0.10360003018643743,1.3723987254904713,2.30305192449945,-0.010684955963028146,-0.6865507261215884,-0.6874206446824462,0.9692782171240583,0.36083783691698385,0.5817818683689725,1.296051858407119,1.133785729480682,0.38413325684063204,0.41390077802624936,0.8270120172539156,0.9755860856457226,1.4039938328641528,0.8174124164408053,0.8015818633624672
2.124367169983391,-0.10360003018643743,1.5168617490448273,-0.7030746009502787,-0.010684955963028146,0.7951892866161708,1.7054017429893467,0.6694889415396119,1.0784903518252564,0.6055816990811377,1.1710717977606817,1.227668247050938,0.1749259457186429,0.41390077802624936,0.9318128042787497,0.9297743601359171,1.538775556608837,0.7169086950076117,0.7136545799946422
2.124367169983391,-0.10360003018643743,1.6613247725991833,-0.7030746009502787,-0.010684955963028146,-0.6865507261215884,-0.6874206446824462,0.819383579331835,0.8392728468558323,0.5866148092375499,1.0895637885830627,1.2438510580713826,0.2600130738776894,0.41390077802624936,1.0032233197618876,0.9250786799582126,1.4895661963221265,-1.2676136780735823,-1.2761757670616813
2.124367169983391,0.00664490171420348,-1.6613247691510074,2.2818194671227237,-0.010684955963028146,-0.6865507261215884,-0.6874206446824462,0.819383579331835,0.7196640943711202,0.5320485462689325,1.0358596630281298,1.1373490312926513,0.3436688191401601,0.41390077802624936,1.0427214913844978,0.9775522336454949,1.4331945454194304,0.7888086877337893,0.779156103848771
2.124367169983391,0.00664490171420348,-1.5168617455966513,-0.7030746009502787,-0.010684955963028146,-0.6865507261215884,0.9770731564141439,0.6694889415396119,0.7196640943711202,0.5510370146605738,0.9664282287119749,0.946745953490082,0.3270821917490826,0.41390077802624936,1.1007925767564264,1.0806407607908464,1.4434456038865755,-0.3361774523808976,-0.35209040482029325
2.124367169983391,0.00664490171420348,-1.372398722042295,-0.7030746009502787,-0.010684955963028146,-0.6865507261215884,-0.6874206446824462,0.41466794293229947,1.0186859755829005,0.5150524971475599,0.8868342978568705,0.7049694189372959,0.385428743805583,0.41390077802624936,1.1626090952929593,1.1919135470598914,1.382462417778416,-1.2676136780735823,-1.2761757670616813
2.124367169983391,0.00664490171420348,-1.227935698487939,0.5712047499726127,-0.010684955963028146,-0.6865507261215884,0.3207844567347254,0.5195943037473887,0.7196640943711202,0.41261520616545483,0.8394485093600097,0.47165479371188734,0.3776069971302635,0.41390077802624936,1.1943768278343905,1.2918873800101478,1.3520616579935345,0.21148157985121663,0.1944570463053081
2.124367169983391,0.00664490171420348,-1.083472674933583,-0.7030746009502787,-0.010684955963028146,0.8171823390059922,0.3904742437143389,0.3696996659551655,0.7196640943711202,0.37200110925188234,0.7735237834209809,0.23879438793122396,0.4089224650148161,0.41390077802624936,1.2377346755636913,1.3814601035329745,1.2854398220205128,0.22097181953150305,0.226475176385672
2.124367169983391,0.00664490171420348,-0.9390096513792268,1.2559866172576355,-0.010684955963028146,0.6942850451004355,-0.6874206446824462,0.3996787078741431,0.8392728468558323,0.33683003761094393,0.7377198734252396,0.2913288452804762,0.4422405669576252,0.41390077802624936,1.2583793874779352,1.3202622831641526,1.2362090635117315,0.7765744945892469,0.7696815233722768
2.124367169983391,0.00664490171420348,-0.7945466278248707,-0.7030746009502787,-0.010684955963028146,1.0021175924162355,1.3748063087005964,0.6694889415396119,0.7196640943711202,0.39361039038892454,0.8545983244797608,0.850602285107299,0.5546712585565474,0.41390077802624936,1.1571866528645636,0.9931929344775683,1.1582915864757815,0.6770320376082242,0.6738298630778695
2.124367169983391,0.00664490171420348,-0.6500836042705146,1.3463608182082352,-0.010684955963028146,-0.6865507261215884,-0.6874206446824462,0.819383579331835,0.7196640943711202,0.5626005008356413,1.0718236013823512,1.6158426925684348,0.7582653353291448,0.41390077802624936,1.0046679868396635,0.6325526822038728,1.0738109690418285,0.14082316046149576,0.093238312788355
2.124367169983391,0.00664490171420348,-0.5056205807161585,-0.7030746009502787,-0.010684955963028146,-0.6865507261215884,0.05596049449793081,1.1191728549162814,0.06181595570520356,0.7201225938350421,1.2700660360918594,2.3356396049974615,1.0575985028055173,0.41390077802624936,0.8493332563942205,0.30800922429087646,0.9138461581102628,-0.8684804737195132,-0.8738962061275705
2.124367169983391,0.00664490171420348,-0.3611575571618023,-0.7030746009502787,-0.010684955963028146,-0.6865507261215884,-0.6874206446824462,1.2690674927085046,-0.23720592550657674,0.9200785746338564,1.4248343320061347,3.0145866066330242,1.1488082716205257,0.41390077802624936,0.7475601483535409,0.042410302198099326,0.8821265691283645,-1.2676136780735823,-1.2761757670616813
2.124367169983391,0.00664490171420348,-0.2166945336074462,-0.7030746009502787,-0.010684955963028146,-0.6865507261215884,-0.6874206446824462,1.2690674927085046,-0.23720592550657674,1.0398525942384205,1.54887439999037,3.113998499962212,1.162200123996278,0.41390077802624936,0.6634913220721391,0.011021332763393704,0.884429279842229,-1.2676136780735823,-1.2761757670616813
2.124367169983391,0.00664490171420348,-0.07223151005309006,-0.7030746009502787,-0.010684955963028146,-0.6865507261215884,-0.6874206446824462,1.3290252906451274,-0.2970103017489328,1.1680435553746213,1.6362380555374125,2.8869418251160472,1.2152418522308468,0.41390077802624936,0.6141094488270005,0.11356139440119777,0.8728209627180213,-1.2676136780735823,-1.2761757670616813
2.124367169983391,0.00664490171420348,0.07223151350126605,-0.7030746009502787,-0.010684955963028146,-0.6865507261215884,-0.6874206446824462,1.568856768292951,-0.7754453116877812,1.2866457944303433,1.7340995714007408,2.5137649099511385,1.2341118567724596,0.41390077802624936,0.5531610802427779,0.2733830288256612,0.8694640620433625,-1.2676136780735823,-1.2761757670616813
2.124367169983391,0.00664490171420348,0.2166945370556222,-0.7030746009502787,-0.010684955963028146,-0.6865507261215884,-0.6874206446824462,1.4189621305007278,-0.47642343047600094,1.3657481743265256,1.7991371836134131,2.158188998270103,1.406127625026284,0.41390077802624936,0.5226480919133757,0.4411683650700714,0.7932313674716812,-1.2676136780735823,-1.2761757670616813
2.124367169983391,0.00664490171420348,0.3611575606099783,-0.7030746009502787,-0.010684955963028146,-0.6865507261215884,-0.6874206446824462,1.4789199284373507,-0.6558365592030692,1.36634975809044,1.8691398495917946,1.9436706036076232,1.8580035688775383,0.41390077802624936,0.48025528372018017,0.5409574243499324,0.5693229919132213,-1.2676136780735823,-1.2761757670616813
2.124367169983391,0.00664490171420348,0.5056205841643344,-0.7030746009502787,-0.010684955963028146,-0.6865507261215884,-0.6874206446824462,1.4189621305007278,-0.47642343047600094,1.3259344453771176,1.926137776229528,1.7763437857454414,2.4450390023289996,0.41390077802624936,0.44188652649971527,0.6238099815293946,0.30259218865777715,-1.2676136780735823,-1.2761757670616813
2.124367169983391,0.00664490171420348,0.6500836077186906,0.742555443282483,-0.010684955963028146,-0.6865507261215884,-0.6874206446824462,1.4189621305007278,-0.7754453116877812,1.2557250428605393,1.9704190145718774,1.6158294306868364,2.9788650754386183,0.41390077802624936,0.40924775177959166,0.687353039541007,0.06496536925988239,-0.25488212416866435,-0.28697939963176156
2.124367169983391,0.00664490171420348,0.7945466312730467,-0.7030746009502787,-0.010684955963028146,0.6308279866621775,-0.6874206446824462,1.4189621305007278,-1.7921197078078341,1.2348448550895454,2.0602916364696973,1.438228798923896,3.258285013317431,0.41390077802624936,0.3032939305038267,0.6918351022711299,-0.11170468428363406,-0.524352293412131,-0.5138199851040667
2.124367169983391,0.00664490171420348,0.9390096548274028,0.632851098898733,-0.010684955963028146,0.09970848026500613,-0.6874206446824462,1.2690674927085046,-1.0146628166572054,1.1261602474982686,2.0214812806609475,1.3646775747115831,2.924610862544642,0.41390077802624936,0.33131671191838385,0.7227222333568974,0.013381024672517235,0.10920451603112734,0.10303873483488607
2.124367169983391,0.00664490171420348,1.083472678381759,-0.7030746009502787,-0.010684955963028146,0.7288603493307002,-0.6874206446824462,0.9692782171240583,-0.23720592550657674,0.9887768248912976,1.787922674561326,1.184392240792567,2.2754701745925168,0.41390077802624936,0.4898733825533012,0.7938629157757482,0.2678447512528597,-0.5143476298608436,-0.499050734957414
2.124367169983391,0.00664490171420348,1.227935701936115,1.3534506665775532,-0.010684955963028146,0.46408360046925473,-0.6874206446824462,0.9093204191874354,-0.6558365592030692,0.7860947541883972,1.583057153137162,1.1479353282785723,1.668439322986046,0.41390077802624936,0.6079678061049639,0.747564966593376,0.4853140087616453,0.7422322975015262,0.7348009201274963
2.124367169983391,0.00664490171420348,1.3723987254904713,-0.7030746009502787,-0.010684955963028146,1.3536399146466522,-0.6874206446824462,0.819383579331835,-0.8352496879301373,0.7575973389545352,1.4160153779029452,1.3376274805888515,1.2083730045730885,0.41390077802624936,0.7029152598842796,0.5972908392880363,0.6528016048463282,-0.23418330371557958,-0.2069978816604115
2.124367169983391,0.00664490171420348,1.5168617490448273,2.2776627745405755,-0.010684955963028146,-0.6865507261215884,-0.6874206446824462,0.819383579331835,-1.0744671928995615,0.6338522126127407,1.2506246778629588,1.4130063578589436,0.8029978817803503,0.41390077802624936,0.7754686868260117,0.4696553902752433,0.762042367057457,0.7708915667313023,0.7569196681116351
2.124367169983391,0.00664490171420348,1.6613247725991833,-0.7030746009502787,-0.010684955963028146,-0.6865507261215884,2.6766897022812968,0.9692782171240583,-1.1940759453842735,0.6330943478492878,1.1092027470459125,1.2688024594311678,0.38413325684063204,0.35597342495318357,0.7502383499832117,0.34070397103714495,0.7650084226555165,0.5847143421558121,0.6045504600153606
2.124367169983391,0.1168898336148444,-1.6613247691510074,-0.7030746009502787,-0.010684955963028146,-0.6865507261215884,-0.6874206446824462,0.819383579331835,-0.8950540641724933,0.6187223809502939,1.0365923145997795,1.0974042439182778,0.5997040780542773,0.41390077802624936,0.7732537234551807,0.3732299925303997,0.6063528335559566,-1.2676136780735823,-1.2761757670616813
2.124367169983391,0.1168898336148444,-1.5168617455966513,-0.7030746009502787,-0.010684955963028146,-0.6865507261215884,-0.6874206446824462,0.6694889415396119,-0.536227806718357,0.5605551160383323,0.984461337386252,0.88171217273434,0.6563637303128234,0.41390077802624936,0.768273791663221,0.416924411298337,0.5213278715544267,-1.2676136780735823,-1.2761757670616813
2.124367169983391,0.1168898336148444,-1.372398722042295,-0.7030746009502787,-0.010684955963028146,-0.6865507261215884,-0.6874206446824462,0.42965746389178827,-0.057792796779508555,0.46019459683252306,0.9138658707060231,0.6377640050698163,0.559883315095813,0.41390077802624936,0.790254230128188,0.49522420596299443,0.5323387852542902,-1.2676136780735823,-1.2761757670616813
2.124367169983391,0.1168898336148444,-1.227935698487939,1.1376274834977236,-0.010684955963028146,-0.6865507261215884,0.7815279829985851,0.3696996659551655,0.0020115794628475024,0.3170575486400273,0.8526111897327227,0.41509867076792106,0.40145144376782194,0.41390077802624936,0.8075468516657704,0.5669413301845582,0.5753341455214795,0.8178387663436755,0.8056866075126495
2.124367169983391,0.1168898336148444,-1.083472674933583,-0.7030746009502787,-0.010684955963028146,2.2163642028317465,-0.6874206446824462,0.2647733051400763,0.24122908443227173,0.28776957387293434,0.7808148145884224,0.2559436585731518,0.4115378513875249,0.41390077802624936,0.8332794718235663,0.6121896261219604,0.5382844341011072,0.33542259304659183,0.36148738532124286
2.124367169983391,0.1168898336148444,-0.9390096513792268,2.318570362917992,-0.010684955963028146,-0.6865507261215884,-0.6874206446824462,0.15984723022631953,0.48044658940169593,0.2478113340411076,0.7219438603810018,0.4121329824954794,0.3415270341579045,0.41390077802624936,0.8543705506760887,0.5119824405081526,0.5478201805733138,0.8209380713079205,0.8102391791472795
2.124367169983391,0.1168898336148444,-0.7945466278248707,-0.7030746009502787,-0.010684955963028146,1.0840851735845285,1.4466834489022884,0.5195943037473887,-0.2970103017489328,0.3820017854315635,0.8495678678197167,0.9164077415985478,0.3602228966074951,0.41390077802624936,0.7420234629830589,0.27098509165011714,0.5271597604655407,0.7261845015369183,0.7231283417737242
2.124367169983391,0.1168898336148444,-0.6500836042705146,1.643413836893506,-0.010684955963028146,-0.6865507261215884,-0.6874206446824462,1.1191728549162814,-0.7754453116877812,0.6608136275624343,1.1020028624652576,1.6450453558481062,0.6029810416270521,0.41390077802624936,0.5511659260769739,-0.014730955371722086,0.42910502801652833,0.3278408623328632,0.29851123597207674
2.124367169983391,0.1168898336148444,-0.5056205807161585,-0.7030746009502787,-0.010684955963028146,-0.6865507261215884,-0.6874206446824462,1.5538672473334623,-1.493097826596054,0.8368193817081048,1.327801484729544,2.362847183964174,0.8264346406230341,0.41390077802624936,0.38401259455948844,-0.271505416609576,0.33836805081732213,-1.2676136780735823,-1.2761757670616813
2.124367169983391,0.1168898336148444,-0.3611575571618023,-0.7030746009502787,-0.010684955963028146,-0.6865507261215884,-0.6874206446824462,1.7187514060851743,-1.672510955323122,0.9919691422124172,1.4863422752511164,2.9906422794071172,0.9120539600352702,0.41390077802624936,0.2688267866725906,-0.4738911407290876,0.3120371018607853,-1.2676136780735823,-1.2761757670616813
2.124367169983391,0.1168898336148444,-0.2166945336074462,-0.7030746009502787,-0.010684955963028146,-0.6865507261215884,-0.6874206446824462,1.568856768292951,-1.0146628166572054,1.1264505770538968,1.6029535485245232,3.0859993524375953,1.0163447294542902,0.41390077802624936,0.21802145600981007,-0.4466383255687761,0.3407899801970097,-1.2676136780735823,-1.2761757670616813
2.124367169983391,0.1168898336148444,-0.07223151005309006,-0.7030746009502787,-0.010684955963028146,-0.6865507261215884,-0.6874206446824462,1.3290252906451274,-0.057792796779508555,1.2395640181592957,1.6678116506655096,2.8409264114400075,1.0277241827946633,0.41390077802624936,0.2381566540431033,-0.25686904308689434,0.4728901573574942,-1.2676136780735823,-1.2761757670616813
2.124367169983391,0.1168898336148444,0.07223151350126605,-0.7030746009502787,-0.010684955963028146,-0.6865507261215884,-0.6874206446824462,1.2690674927085046,-0.23720592550657674,1.325850746766486,1.7224766421467936,2.443110578000476,1.0187583062997956,0.41390077802624936,0.21638541995309615,-0.08268906312736328,0.5129688089469097,-1.2676136780735823,-1.2761757670616813
2.124367169983391,0.1168898336148444,0.2166945370556222,-0.7030746009502787,-0.010684955963028146,-0.6865507261215884,-0.6874206446824462,1.2690674927085046,-0.536227806718357,1.3829469310205216,1.7742353794829875,2.0703679894579143,1.1911361924552548,0.41390077802624936,0.21200996347496057,0.11539178146474045,0.49092907691238874,-1.2676136780735823,-1.2761757670616813
2.124367169983391,0.1168898336148444,0.3611575606099783,-0.7030746009502787,-0.010684955963028146,-0.6865507261215884,-0.6874206446824462,1.149151896835259,-0.47642343047600094,1.3452688244330095,1.8118935311106814,1.824224151521256,1.6189593701569989,0.41390077802624936,0.19202034083622468,0.22855112425816437,0.305239017718413,-1.2676136780735823,-1.2761757670616813
2.124367169983391,0.1168898336148444,0.5056205841643344,-0.7030746009502787,-0.010684955963028146,-0.6865507261215884,-0.6874206446824462,1.1191728549162814,-0.536227806718357,1.2725805044718668,1.8447021277009608,1.6250588714117211,2.162129712624992,0.41390077802624936,0.16762296519142164,0.3108799391676673,0.06924479532483885,-1.2676136780735823,-1.2761757670616813
2.124367169983391,0.1168898336148444,0.6500836077186906,0.756142452992596,-0.010684955963028146,0.47098161162663865,-0.6874206446824462,0.9692782171240583,-0.536227806718357,1.165567253511639,1.870416597582276,1.3986031255754838,2.5774594158462762,0.41390077802624936,0.1274152340297771,0.37125343474637973,-0.1304484350716364,0.46794677392190187,0.4450082345425071
2.124367169983391,0.1168898336148444,0.7945466312730467,-0.7030746009502787,-0.010684955963028146,1.5753143183576837,-0.6874206446824462,0.9243099401469242,-1.2538803216266297,1.1077302057744347,1.9090766658891487,1.3765759691081454,2.7952281706606326,0.41390077802624936,0.03883887293213141,0.27009440448542876,-0.30426095257188096,-0.06800965447331679,-0.027055661083057993
2.124367169983391,0.1168898336148444,0.9390096548274028,1.459171484042114,-0.010684955963028146,0.29422707079799865,-0.6874206446824462,0.819383579331835,-1.3136846978689858,0.9673087851596961,1.8396883696522361,1.4309024382083813,2.437664817105139,0.41390077802624936,-0.008860688634182433,0.09798185105157926,-0.30397163987551545,0.723109102364023,0.7140981093176761
2.124367169983391,0.1168898336148444,1.083472678381759,-0.7030746009502787,-0.010684955963028146,1.2215372532502813,-0.6874206446824462,0.6694889415396119,-1.0744671928995615,0.8655195045145901,1.5993501273568373,1.5139972439659408,1.6763627881730607,0.41390077802624936,0.07444892822196172,-0.03693025402081655,-0.1135497350642291,-0.3097026871749545,-0.2860396373397864
2.124367169983391,0.1168898336148444,1.227935701936115,2.2773553226237238,-0.010684955963028146,-0.6865507261215884,-0.6874206446824462,0.6694889415396119,-1.1342715691419176,0.7256983598729747,1.4084815210958972,1.5720917451753211,1.1872684477665538,0.41390077802624936,0.16264351543719216,-0.10912666205878178,0.032221285809042995,0.7682987769552055,0.7541631139249159
2.124367169983391,0.1168898336148444,1.3723987254904713,-0.7030746009502787,-0.010684955963028146,0.7974181934618605,1.625160928850378,0.6694889415396119,-1.3136846978689858,0.737934050514677,1.2453367842784033,1.4630616722168954,0.6427065960585696,0.41390077802624936,0.22112240472897352,-0.13561175563083014,0.19066987986244863,0.6885575049235014,0.6843210610659047
2.124367169983391,0.1168898336148444,1.5168617490448273,-0.7030746009502787,-0.010684955963028146,-0.6865507261215884,-0.6874206446824462,0.6694889415396119,-1.0744671928995615,0.6922372246914235,1.1338088466008862,1.4273341631908123,0.5707598721143649,0.41390077802624936,0.2178252666535689,-0.20134607322657005,0.13374384032875483,-1.2676136780735823,-1.2761757670616813
2.124367169983391,0.1168898336148444,1.6613247725991833,-0.7030746009502787,-0.010684955963028146,-0.6865507261215884,-0.6874206446824462,0.6395098996206342,-1.0146628166572054,0.6186007564067199,1.058887048037925,1.2808931511109067,0.5841606757191465,0.41390077802624936,0.2255060558485246,-0.18748609611235795,0.08318005992464426,-1.2676136780735823,-1.2761757670616813
2.124367169983391,0.2271347655154853,-1.6613247691510074,2.3074293517911326,-0.010684955963028146,-0.6865507261215884,-0.6874206446824462,0.2198050281629423,0.0020115794628475024,0.47765033441697374,0.9669486687647706,1.0212337980902815,0.43761522279381787,0.41390077802624936,0.25531093075208333,-0.10980741857447616,0.12346221297293719,0.8089770872073758,0.7980862300869267
2.124367169983391,0.2271347655154853,-1.5168617455966513,-0.7030746009502787,-0.010684955963028146,1.077175342704325,1.3206445017670292,0.06991039037071911,0.36083783691698385,0.4712539296576144,0.8681770785845216,0.7341621358057685,0.28953748220831166,0.41390077802624936,0.3107365930600032,-0.0014840711755947312,0.18319447648677387,0.7347080844812707,0.7295661688741897
2.124367169983391,0.2271347655154853,-1.372398722042295,2.2665504302591106,-0.010684955963028146,-0.6865507261215884,-0.6874206446824462,-0.07998424742150408,0.7196640943711202,0.4679275637804052,0.7765698884358734,0.7114635965825112,0.3587736112528609,0.41390077802624936,0.3613881536868108,0.002987364899775325,0.14798916079938215,0.7460191186455682,0.7384631583264099
2.124367169983391,0.2271347655154853,-1.227935698487939,-0.7030746009502787,-0.010684955963028146,1.2178953142314057,1.335933696014481,-0.22987888521372726,1.0784903518252564,0.504087325259429,0.6878188565983568,0.6112377552702215,0.3658743771172843,0.41390077802624936,0.40661775392295313,0.03703581733924683,0.1381082042343801,0.7063383808895738,0.7018194902045578
2.124367169983391,0.2271347655154853,-1.083472674933583,1.3910031590371548,-0.010684955963028146,0.6272487026341774,-0.6874206446824462,-0.22987888521372726,0.7196640943711202,0.4777353408183964,0.6245144210855694,0.7245721376749272,0.45250681290600536,0.41390077802624936,0.4293424586435378,-0.024472127851952796,0.08447552575674727,0.7159251424492199,0.7084628103554736
2.124367169983391,0.2271347655154853,-0.9390096513792268,-0.7030746009502787,-0.010684955963028146,1.0219653128146404,1.5438915472373065,-0.13994204535812688,0.8392728468558323,0.4879289161397676,0.5922346138537457,0.8805832550632764,0.5071923122895696,0.41390077802624936,0.43435613307662013,-0.09431787648449869,0.052432998300943605,0.6412067827428554,0.6373008125937188
2.124367169983391,0.2271347655154853,-0.7945466278248707,2.2904399458683047,-0.010684955963028146,-0.6865507261215884,-0.6874206446824462,0.3696996659551655,0.0020115794628475024,0.5509755484933913,0.6842237847363308,1.1767417928454915,0.6841703164179359,0.41390077802624936,0.36028284117118176,-0.1967076468622275,-0.010382355984727615,0.7518630960452377,0.7398189212409354
2.124367169983391,0.2271347655154853,-0.6500836042705146,-0.7030746009502787,-0.010684955963028146,1.1260619254848385,1.2952340529604958,0.6694889415396119,-0.536227806718357,0.7069289464388457,0.9741471617944824,2.1391996415563974,0.9938315746977994,0.41390077802624936,0.14975912894340715,-0.5150889462416336,-0.11789794112869886,0.6425753443619334,0.6399153227794296
2.124367169983391,0.2271347655154853,-0.5056205807161585,-0.7030746009502787,-0.010684955963028146,-0.6865507261215884,-0.6874206446824462,0.9093204191874354,-0.8352496879301373,0.8203804514637485,1.1783496091941619,2.7633949650129757,1.1811384833777503,0.41390077802624936,0.01819898139519075,-0.6856439357074304,-0.16388293870806647,-1.2676136780735823,-1.2761757670616813
2.124367169983391,0.2271347655154853,-0.3611575571618023,-0.7030746009502787,-0.010684955963028146,-0.6865507261215884,-0.6874206446824462,1.2690674927085046,-1.493097826596054,0.9392540571086276,1.338310477453376,3.2897283775521786,1.2902718677015586,0.41390077802624936,-0.09533391911443191,-0.8376907625219406,-0.20827420544156863,-1.2676136780735823,-1.2761757670616813
2.124367169983391,0.2271347655154853,-0.2166945336074462,-0.7030746009502787,-0.010684955963028146,-0.6865507261215884,-0.6874206446824462,1.568856768292951,-2.0911415890196143,1.083974186053772,1.512206336858837,3.379685378169309,1.324984733876733,0.41390077802624936,-0.2261526926334126,-0.8758402362139704,-0.23915577017542866,-1.2676136780735823,-1.2761757670616813
2.124367169983391,0.2271347655154853,-0.07223151005309006,-0.7030746009502787,-0.010684955963028146,-0.6865507261215884,-0.6874206446824462,1.748730448004152,-2.2107503415043266,1.2363900099092517,1.646464563419754,3.183983106892156,1.3841849076833803,0.41390077802624936,-0.32774069818564844,-0.827907517163709,-0.26787458603570363,-1.2676136780735823,-1.2761757670616813
2.124367169983391,0.2271347655154853,0.07223151350126605,-0.7030746009502787,-0.010684955963028146,-0.6865507261215884,-0.6874206446824462,1.568856768292951,-1.493097826596054,1.364529967204599,1.7391063716947486,2.7986922917547106,1.3834354456892095,0.41390077802624936,-0.35613464865255373,-0.6601369281136497,-0.1972335962498518,-1.2676136780735823,-1.2761757670616813
2.124367169983391,0.2271347655154853,0.2166945370556222,-0.7030746009502787,-0.010684955963028146,-0.6865507261215884,-0.6874206446824462,1.5538672473334623,-1.2538803216266297,1.4057979595137307,1.7998788802661942,2.4116393040998783,1.5089796878158859,0.41390077802624936,-0.35403079497856205,-0.4591972965225388,-0.15255345351839375,-1.2676136780735823,-1.2761757670616813
2.124367169983391,0.2271347655154853,0.3611575606099783,-0.7030746009502787,-0.010684955963028146,-0.6865507261215884,-0.6874206446824462,1.5388777263739735,-0.8352496879301373,1.4154376854350632,1.8619991059262297,2.1370934889850517,1.9370380387166695,0.41390077802624936,-0.32704222551441137,-0.24948568673875324,-0.19085583432672748,-1.2676136780735823,-1.2761757670616813
2.124367169983391,0.2271347655154853,0.5056205841643344,-0.7030746009502787,-0.010684955963028146,-0.6865507261215884,-0.6874206446824462,1.4189621305007278,-0.7754453116877812,1.3411368594284716,1.9084156791910794,1.9293900437289488,2.469885172869733,0.41390077802624936,-0.3235141913661824,-0.11781232579040322,-0.3307508597495152,-1.2676136780735823,-1.2761757670616813
2.124367169983391,0.2271347655154853,0.6500836077186906,1.6502874297478822,-0.010684955963028146,-0.6865507261215884,-0.6874206446824462,1.568856768292951,-1.9117284602925464,1.3318443519621808,2.004596897290368,1.7807624789205074,2.822996510605348,0.41390077802624936,-0.4206691369315091,-0.13361177583225303,-0.5156210176794513,0.3871744972346906,0.32250909919145987
2.124367169983391,0.2271347655154853,0.7945466312730467,-0.7030746009502787,-0.010684955963028146,1.2696002210088342,-0.6874206446824462,1.5088989703563283,-0.47642343047600094,1.3013172454205033,2.0139564689350307,1.5857564564272701,2.6020622757070346,0.41390077802624936,-0.35949011329332736,0.06514115045533872,-0.3330107740192381,-0.18526046120379797,-0.17019139509071746
2.124367169983391,0.2271347655154853,0.9390096548274028,2.1788422459301646,-0.010684955963028146,-0.6865507261215884,-0.6874206446824462,1.4189621305007278,-0.47642343047600094,1.158424100210551,1.8701535944539915,1.492145807429781,2.010544717756233,0.41390077802624936,-0.2546442557407082,0.1331315719162486,-0.08672902884131659,0.7039986689647592,0.6946182277672597
2.124367169983391,0.2271347655154853,1.083472678381759,-0.7030746009502787,-0.010684955963028146,1.5925290647488757,-0.6874206446824462,1.2690674927085046,-0.536227806718357,1.0988581530474886,1.662276061013046,1.28765505299089,1.5751129953796825,0.41390077802624936,-0.1108213093519574,0.24288865022473677,0.11186350321374094,-0.058587537311237704,-0.04063007352526156
2.124367169983391,0.2271347655154853,1.227935701936115,2.2898357921016235,-0.010684955963028146,-0.6865507261215884,-0.6874206446824462,1.4489411724197054,-1.7921197078078341,1.0273697311371968,1.5190771196414006,1.3900641315613156,1.1872643790260862,0.41390077802624936,-0.04521428712303491,0.14153855704874063,0.22076735260185695,0.7376688077528039,0.728107250085733
2.124367169983391,0.2271347655154853,1.3723987254904713,-0.7030746009502787,-0.010684955963028146,-0.6865507261215884,-0.6874206446824462,1.2690674927085046,-1.2538803216266297,0.9812341415035231,1.3453614660830977,1.277663882941697,0.8418633044769726,0.41390077802624936,0.06072772422833718,0.16671635521569,0.35309985331625304,-1.2676136780735823,-1.2761757670616813
2.124367169983391,0.2271347655154853,1.5168617490448273,-0.7030746009502787,-0.010684955963028146,-0.6865507261215884,-0.6874206446824462,1.1191728549162814,-1.0744671928995615,0.9330963241686474,1.2641950826620596,1.1069080398187294,0.5542961206854152,0.41390077802624936,0.11481814202326421,0.22940732901253244,0.4775735294513383,-1.2676136780735823,-1.2761757670616813
2.124367169983391,0.2271347655154853,1.6613247725991833,-0.7030746009502787,-0.010684955963028146,-0.6865507261215884,-0.6874206446824462,0.7594257813952123,0.24122908443227173,0.7809015169568667,1.1426792880889778,0.8462275219150276,0.2913912003654463,0.41390077802624936,0.2470348249601796,0.4203290613588295,0.6890737747483929,-1.2676136780735823,-1.2761757670616813
2.124367169983391,0.3373796974161262,-1.6613247691510074,0.48243642986743523,-0.010684955963028146,0.44142519182407497,0.6971089926456653,0.6694889415396119,0.06181595570520356,0.6094815312202523,1.0375003015902853,0.597810100151844,0.08398878251497799,0.41390077802624936,0.3191124806620836,0.5279185189682526,0.7878329017321035,0.8835845456110124,0.8730639718123738
2.124367169983391,0.3373796974161262,-1.5168617455966513,-0.7030746009502787,-0.010684955963028146,-0.6865507261215884,-0.6874206446824462,0.5195943037473887,0.36083783691698385,0.5270089744553583,0.9418527432777539,0.5312105884998912,0.04276593159130611,0.41390077802624936,0.3995665060037984,0.5695045226850334,0.8201616849954054,-1.2676136780735823,-1.2761757670616813
2.124367169983391,0.3373796974161262,-1.372398722042295,1.0678654610566347,-0.010684955963028146,-0.6865507261215884,0.9672816835558806,0.5795521016840115,0.48044658940169593,0.4277934260871731,0.8869574501153529,0.4191974210494258,0.11614647967636742,0.41390077802624936,0.456038672224248,0.6468067130259589,0.8051789992601545,0.8153996566548274,0.8094481127727867
2.124367169983391,0.3373796974161262,-1.227935698487939,-0.7030746009502787,-0.010684955963028146,1.2702516655550333,0.8412440961295055,0.819383579331835,0.06181595570520356,0.4184904562945535,0.8529075900836464,0.33181736980038395,0.35922849643716215,0.41390077802624936,0.506590451040879,0.7246571520039268,0.713186950831734,0.7178604330918011,0.7138254830794292
2.124367169983391,0.3373796974161262,-1.083472674933583,2.268764944065807,-0.010684955963028146,-0.6865507261215884,-0.6874206446824462,0.819383579331835,0.06181595570520356,0.40584215765825343,0.8253388785703785,0.41770131503160657,0.4806690069280046,0.41390077802624936,0.5548959340342079,0.7161827201443303,0.685789366009729,0.7769149274374914,0.7679726971987604
2.124367169983391,0.3373796974161262,-0.9390096513792268,-0.7030746009502787,-0.010684955963028146,1.2670825154489418,1.1926220531492715,0.819383579331835,-0.17740154926422066,0.4639067609931122,0.8098731813864973,0.4778547233591382,0.5484729393278844,0.41390077802624936,0.5752152704804843,0.6938292265660677,0.6591584052457913,0.7043387423274194,0.6973870624151612
2.124367169983391,0.3373796974161262,-0.7945466278248707,2.2685004924170458,-0.010684955963028146,-0.6865507261215884,-0.6874206446824462,0.819383579331835,0.36083783691698385,0.5505877885238246,0.8253486194269816,0.6398461204807647,0.7003923846630975,0.41390077802624936,0.5723900473430652,0.6218700748607465,0.5912105345519938,0.7433393333580932,0.7345718895264465
2.124367169983391,0.3373796974161262,-0.6500836042705146,-0.7030746009502787,-0.010684955963028146,1.2099514145034622,1.1793954326855611,1.1041833339567926,-0.1175971730218646,0.7130023268727989,1.0022077865662085,1.0908180619694736,0.9415433771978693,0.41390077802624936,0.4601523822148186,0.4329706599750579,0.4985274108903682,0.6801295451445483,0.6758180697432832
2.124367169983391,0.3373796974161262,-0.5056205807161585,0.9204227376376809,-0.010684955963028146,-0.6865507261215884,-0.6874206446824462,1.3889830885817502,-0.35681467799128885,0.9825523946209703,1.2352536061432222,1.6269420585986936,1.171926041210533,0.41390077802624936,0.3305295443047675,0.25027981391106363,0.44672231525694606,-0.1886771020675023,-0.22817963045634115
2.124367169983391,0.3373796974161262,-0.3611575571618023,-0.7030746009502787,-0.010684955963028146,-0.6865507261215884,-0.6874206446824462,1.403972609541239,-0.35681467799128885,1.1546458926150105,1.4677629828315926,1.891078125526378,1.3620493320423024,0.41390077802624936,0.2054793163045539,0.18535398955855678,0.40828499464004336,-1.2676136780735823,-1.2761757670616813
2.124367169983391,0.3373796974161262,-0.2166945336074462,-0.7030746009502787,-0.010684955963028146,-0.6865507261215884,-0.6874206446824462,1.4189621305007278,-0.23720592550657674,1.2650607074229367,1.6129727153163123,1.9730821415224695,1.4366659634814847,0.41390077802624936,0.15215774868949097,0.2116775146042616,0.438881613661634,-1.2676136780735823,-1.2761757670616813
2.124367169983391,0.3373796974161262,-0.07223151005309006,-0.7030746009502787,-0.010684955963028146,-0.6865507261215884,-0.6874206446824462,1.5988358102119287,-0.596032182960713,1.2622888448411618,1.6764594440026725,1.8074114011248874,1.4085037694594853,0.41390077802624936,0.186117788828428,0.3802513920054303,0.5554069420434388,-1.2676136780735823,-1.2761757670616813
2.124367169983391,0.3373796974161262,0.07223151350126605,-0.7030746009502787,-0.010684955963028146,-0.6865507261215884,-0.6874206446824462,1.568856768292951,-0.23720592550657674,1.3577529953250242,1.822871476502407,1.7778796774080559,1.453204579735042,0.41390077802624936,0.1828158303757202,0.5154102957126971,0.6615229087846154,-1.2676136780735823,-1.2761757670616813
2.124367169983391,0.3373796974161262,0.2166945370556222,-0.7030746009502787,-0.010684955963028146,-0.6865507261215884,-0.6874206446824462,1.2690674927085046,0.06181595570520356,1.4231752296507143,1.9125430192889192,1.6782514496352938,1.5420569203230006,0.41390077802624936,0.20131210012591755,0.6482337209499057,0.7056563051072439,-1.2676136780735823,-1.2761757670616813
2.124367169983391,0.3373796974161262,0.3611575606099783,-0.7030746009502787,-0.010684955963028146,-0.6865507261215884,-0.6874206446824462,1.4189621305007278,-0.23720592550657674,1.4449852566741932,1.9995066039397618,1.6313624095089596,1.7816805076861562,0.41390077802624936,0.1982858672549541,0.7212956591739609,0.6368525055306141,-1.2676136780735823,-1.2761757670616813
2.124367169983391,0.3373796974161262,0.5056205841643344,-0.7030746009502787,-0.010684955963028146,-0.6865507261215884,-0.6874206446824462,1.4189621305007278,-0.2970103017489328,1.3907001687256662,2.0323388568960774,1.546339657714033,2.1705967615385062,0.41390077802624936,0.20699243274003565,0.787306920404789,0.4733397383701859,-1.2676136780735823,-1.2761757670616813
2.124367169983391,0.3373796974161262,0.6500836077186906,1.1072748484266404,-0.010684955963028146,-0.6865507261215884,-0.6874206446824462,1.4189621305007278,-0.47642343047600094,1.2691645549254658,2.0135494402841143,1.4066315371481137,2.5830645127147323,0.41390077802624936,0.23068603329856813,0.8559364592444028,0.28514630554313064,-0.004762030402033943,-0.029000988471510145
2.124367169983391,0.3373796974161262,0.7945466312730467,-0.7030746009502787,-0.010684955963028146,1.5004329225180355,-0.6874206446824462,1.568856768292951,-0.7156409354454252,1.2326758840624759,2.0409177684615467,1.2733827817882144,2.8786137515560406,0.41390077802624936,0.2238126573019023,0.9294772475438491,0.16249759206179845,-0.03893571862215733,-0.016794619405014314
2.124367169983391,0.3373796974161262,0.9390096548274028,0.8389524588664964,-0.010684955963028146,0.13650380039901647,-0.6874206446824462,1.4189621305007278,-0.47642343047600094,1.1273843396787553,1.9745373095885856,1.301052040008071,2.597253024474082,0.41390077802624936,0.2827702100598937,0.9201869488438441,0.2870752024183705,0.24887769684817623,0.23653123669914786
2.124367169983391,0.3373796974161262,1.083472678381759,-0.7030746009502787,-0.010684955963028146,0.9071061626216329,-0.6874206446824462,1.1191728549162814,0.06181595570520356,1.0008137313327499,1.737469907785423,1.229282881135543,1.9993394065078818,0.41390077802624936,0.45822712351991124,0.9578027042226775,0.5606610789586409,-0.4353342712014617,-0.4191851138384718
2.124367169983391,0.3373796974161262,1.227935701936115,1.3655364294279326,-0.010684955963028146,0.3855374629596276,-0.6874206446824462,1.0592150569796586,0.5402509656440521,0.82717115514663,1.5435266697152525,1.386577914436137,1.470055675256527,0.41390077802624936,0.6066407562333865,0.8793246420027793,0.8288257814420339,0.7193594879779465,0.7111047469044915
2.124367169983391,0.3373796974161262,1.3723987254904713,-0.7030746009502787,-0.010684955963028146,1.232017895613809,-0.6874206446824462,0.9692782171240583,0.7196640943711202,0.803766931148778,1.3916486251102198,1.4936485443883996,1.0657644649244136,0.41390077802624936,0.7230673292381341,0.8244299459959009,1.0463203674585768,-0.30374924641489376,-0.28109961715485493
2.124367169983391,0.3373796974161262,1.5168617490448273,2.2788975989059277,-0.010684955963028146,-0.6865507261215884,-0.6874206446824462,0.819383579331835,1.0784903518252564,0.736391511276553,1.2651176809374702,1.558007626917823,0.7219436891729978,0.41390077802624936,0.8267107436724642,0.7955115653559676,1.246602048961999,0.7600507397111482,0.7463795529532238
2.124367169983391,0.3373796974161262,1.6613247725991833,-0.7030746009502787,-0.010684955963028146,0.6712243474821213,1.5932652962260403,0.9392991752050807,0.8392728468558323,0.7539636422414132,1.1728578533964125,1.4833266561668468,0.45455908559796915,0.41390077802624936,0.9330207908309374,0.8597702960346051,1.4372689415810758,0.7008105710612148,0.6956133544717317
2.124367169983391,0.44762462931676716,-1.6613247691510074,-0.7030746009502787,-0.010684955963028146,-0.6865507261215884,-0.6874206446824462,0.819383579331835,0.7196640943711202,0.7151902608663396,1.0957652353618972,1.4325759218925789,0.42388647870733065,0.41390077802624936,1.0205453456010198,0.8927250705165592,1.4640730532644233,-1.2676136780735823,-1.2761757670616813
2.124367169983391,0.44762462931676716,-1.5168617455966513,-0.7030746009502787,-0.010684955963028146,-0.6865507261215884,-0.6874206446824462,0.819383579331835,0.36083783691698385,0.6474826621331705,1.0409165591560967,1.280220939487388,0.45363059902321473,0.41390077802624936,1.070774641176065,0.9408191412226591,1.41008402888455,-1.2676136780735823,-1.2761757670616813
2.124367169983391,0.44762462931676716,-1.372398722042295,-0.7030746009502787,-0.010684955963028146,-0.6865507261215884,-0.6874206446824462,0.7894045374128574,0.3010334606746278,0.5517222970351198,0.9877384398577329,1.042989085984853,0.3519088323355705,0.41390077802624936,1.1077348841485282,1.013346276780992,1.4127710341988697,-1.2676136780735823,-1.2761757670616813
2.124367169983391,0.44762462931676716,-1.227935698487939,-0.7030746009502787,-0.010684955963028146,-0.6865507261215884,-0.6874206446824462,0.6694889415396119,0.06181595570520356,0.442408642073315,0.9271871878862726,0.825152734319974,0.21370429736925403,0.41390077802624936,1.1235235479675052,1.0367435681005852,1.3940130907125552,-1.2676136780735823,-1.2761757670616813
2.124367169983391,0.44762462931676716,-1.083472674933583,-0.7030746009502787,-0.010684955963028146,-0.6865507261215884,1.2032484918551822,0.6694889415396119,-0.8352496879301373,0.33732438252998664,0.8741760547011053,0.5816496685565966,0.11591130647732795,0.41390077802624936,1.0936150349519271,1.0145273535520882,1.286252081062384,-0.1930462898579605,-0.2324732890343778
2.124367169983391,0.44762462931676716,-0.9390096513792268,-0.7030746009502787,-0.010684955963028146,-0.6865507261215884,-0.6874206446824462,0.7294467394762346,-1.0744671928995615,0.23360087930481682,0.825931679272226,0.3817185147847544,0.2244620471661458,0.41390077802624936,1.0502234445815037,0.9695740015017024,1.0623934891226197,-1.2676136780735823,-1.2761757670616813
2.124367169983391,0.44762462931676716,-0.7945466278248707,1.2583523486737855,-0.010684955963028146,-0.6865507261215884,0.6836136727879167,0.9692782171240583,-1.55290220283841,0.23502767905792682,0.9074313391441853,0.4070097518604984,0.3194915495323348,0.41390077802624936,0.9133406364150685,0.8325500114500675,0.883439284547647,0.8324475415147006,0.8256003986915071
2.124367169983391,0.44762462931676716,-0.6500836042705146,-0.7030746009502787,-0.010684955963028146,-0.6865507261215884,-0.6874206446824462,1.1191728549162814,-1.493097826596054,0.3665593917700393,1.1460162272510208,1.042996545793252,0.5511461018152362,0.41390077802624936,0.6463828389475397,0.40263091004431195,0.6369103680698872,-1.2676136780735823,-1.2761757670616813
2.124367169983391,0.44762462931676716,-0.5056205807161585,-0.7030746009502787,-0.010684955963028146,-0.6865507261215884,-0.6874206446824462,1.149151896835259,-1.4332934503536978,0.4945633388231104,1.2931045535092012,1.6518710805332815,0.665575358731947,0.41390077802624936,0.47732931469712375,0.06697760989302587,0.4981994503847524,-1.2676136780735823,-1.2761757670616813
2.124367169983391,0.44762462931676716,-0.3611575571618023,-0.7030746009502787,-0.010684955963028146,-0.6865507261215884,-0.6874206446824462,1.2690674927085046,-1.493097826596054,0.6304506487650422,1.4330806628961543,2.1563339925815272,0.7331245879785419,0.41390077802624936,0.3501937914755358,-0.154813903898626,0.4349552582608458,-1.2676136780735823,-1.2761757670616813
2.124367169983391,0.44762462931676716,-0.2166945336074462,-0.7030746009502787,-0.010684955963028146,-0.6865507261215884,-0.6874206446824462,1.1191728549162814,-1.0744671928995615,0.7953748376421722,1.5493558766167532,2.3483428298335265,0.8385546047285488,0.41390077802624936,0.25408655491706467,-0.23273417517925504,0.3759730242655114,-1.2676136780735823,-1.2761757670616813
2.124367169983391,0.44762462931676716,-0.07223151005309006,-0.7030746009502787,-0.010684955963028146,-0.6865507261215884,-0.6874206446824462,1.2091096947718818,-1.0146628166572054,0.9579031537899737,1.64712415856688,2.1912707619173055,0.898384619559613,0.41390077802624936,0.17826298401282598,-0.1702832770316237,0.3545138827665647,-1.2676136780735823,-1.2761757670616813
2.124367169983391,0.44762462931676716,0.07223151350126605,-0.7030746009502787,-0.010684955963028146,-0.6865507261215884,-0.6874206446824462,1.1191728549162814,-1.0744671928995615,1.1485437407836527,1.7704065270624865,1.8939468362896315,0.9730468208920348,0.41390077802624936,0.07038727830626594,-0.07378002277542799,0.30247668192843574,-1.2676136780735823,-1.2761757670616813
2.124367169983391,0.44762462931676716,0.2166945370556222,-0.7030746009502787,-0.010684955963028146,-0.6865507261215884,-0.6874206446824462,1.2690674927085046,-1.493097826596054,1.2702094797675694,1.882881415156922,1.7207367162033604,1.2353186451952123,0.41390077802624936,-0.03540891663168365,-0.03998292325143586,0.15038030294119234,-1.2676136780735823,-1.2761757670616813
2.124367169983391,0.44762462931676716,0.3611575606099783,-0.7030746009502787,-0.010684955963028146,-0.6865507261215884,-0.6874206446824462,1.2690674927085046,-1.2538803216266297,1.3053203930321162,1.9785164495109637,1.6198999994699446,1.553371273815889,0.41390077802624936,-0.11649513445671615,-0.01291054435141671,0.004635047274087155,-1.2676136780735823,-1.2761757670616813
2.124367169983391,0.44762462931676716,0.5056205841643344,-0.7030746009502787,-0.010684955963028146,-0.6865507261215884,-0.6874206446824462,1.194120173812393,-1.1342715691419176,1.2403454231569888,2.003367462031959,1.4871941523879795,1.8952406816389427,0.41390077802624936,-0.1445490073048791,0.03738237640649105,-0.1330343447041319,-1.2676136780735823,-1.2761757670616813
2.124367169983391,0.44762462931676716,0.6500836077186906,2.2411924554946028,-0.010684955963028146,-0.6865507261215884,-0.6874206446824462,1.1191728549162814,-1.0744671928995615,1.2042621674392455,2.028560796085007,1.3733815133781315,2.090326208345254,0.41390077802624936,-0.17084199632417466,0.07751144406961304,-0.21246782026903707,0.825919283305492,0.8190397669792188
2.124367169983391,0.44762462931676716,0.7945466312730467,-0.7030746009502787,-0.010684955963028146,2.2964431387325104,-0.6874206446824462,0.9692782171240583,-0.536227806718357,1.190043865958208,2.0083450397561573,1.277109370517364,2.0456791054438725,0.41390077802624936,-0.16333498173100014,0.12653653985436078,-0.18724652197131494,0.4323438608903654,0.425169865862744
2.124367169983391,0.44762462931676716,0.9390096548274028,2.2898958133091676,-0.010684955963028146,-0.6865507261215884,-0.6874206446824462,0.9392991752050807,-0.8950540641724933,1.0704895552065519,1.8658300456731458,1.2559541827651202,1.7189795895810047,0.41390077802624936,-0.0964389906111958,0.1175802217323008,-0.07807148287083218,0.7741432935832514,0.7645450158084286
2.124367169983391,0.44762462931676716,1.083472678381759,-0.7030746009502787,-0.010684955963028146,2.226492136298392,-0.6874206446824462,0.9093204191874354,-0.8950540641724933,1.009454305089668,1.6301458455076274,1.1699815487007084,1.1946825066469988,0.41390077802624936,0.03232943542185894,0.1320519905415667,0.11546124306129886,0.24755407092712414,0.28678360021733745
2.124367169983391,0.44762462931676716,1.227935701936115,2.302532158758898,-0.010684955963028146,-0.6865507261215884,-0.6874206446824462,0.8793413772684578,-0.9548584404148494,0.9072393385420531,1.432955423311257,1.384882051326742,0.8365430194412632,0.41390077802624936,0.14230007710439974,0.02103706330315582,0.24695004244833174,0.741992880102444,0.7292161757304942
2.124367169983391,0.44762462931676716,1.3723987254904713,-0.7030746009502787,-0.010684955963028146,0.7911563553503954,1.7260741293007744,0.6395098996206342,-0.596032182960713,0.8956124245136164,1.2649437370695573,1.3923244535062425,0.4170737796680283,0.41390077802624936,0.22330362545868196,-0.014955199474056581,0.4022360666193541,0.7069385420724082,0.7013737094636405
2.124367169983391,0.44762462931676716,1.5168617490448273,-0.7030746009502787,-0.010684955963028146,-0.6865507261215884,-0.6874206446824462,0.3996787078741431,-0.17740154926422066,0.8318811636808423,1.1316282862727287,1.3702260144253127,0.39643631426719833,0.41390077802624936,0.2882278412426029,-0.032230670174019135,0.3821651893645522,-1.2676136780735823,-1.2761757670616813
2.124367169983391,0.44762462931676716,1.6613247725991833,1.1403846965212874,-0.010684955963028146,-0.6865507261215884,0.9331225540119714,0.15984723022631953,0.24122908443227173,0.6906410660308636,1.0257437834457812,1.2171093026958137,0.48745485228021945,0.41390077802624936,0.3428301831071322,0.00982767750299809,0.3190203461288315,0.7838848136868989,0.7745228905190439
2.124367169983391,0.557869561217408,-1.6613247691510074,-0.7030746009502787,-0.010684955963028146,2.8098582170360125,-0.6874206446824462,0.08489991133020793,0.4206422131593399,0.6407213837430893,0.925078988207167,1.0113097663166806,0.5553605031917945,0.41390077802624936,0.3926420340077184,0.07242322827757054,0.265626978379664,0.5665328195061404,0.5695079593573268
2.124367169983391,0.557869561217408,-1.5168617455966513,2.3024509957528756,-0.010684955963028146,-0.6865507261215884,-0.6874206446824462,0.02494197044291891,0.5402509656440521,0.5538879985852115,0.8404712993033382,1.1537945933422642,0.4872278165621156,0.41390077802624936,0.43187171061453894,-0.004511149686605268,0.27531360415239037,0.7581510381414036,0.7432551989540948
2.124367169983391,0.557869561217408,-1.372398722042295,-0.7030746009502787,-0.010684955963028146,0.8222752797501204,1.5182028810745483,-0.05000534845319268,0.7196640943711202,0.585836019821439,0.7631609035461957,1.1696069005455536,0.3788373842477295,0.41390077802624936,0.4625105107915553,-0.031189041137740042,0.30189150605956067,0.6662868337534693,0.6620336614148623
2.124367169983391,0.557869561217408,-1.227935698487939,1.868876963408245,-0.010684955963028146,-0.6865507261215884,-0.6874206446824462,-0.06499472646201526,0.7196640943711202,0.5653213595765627,0.706381450406561,1.1645483215833647,0.4680502152411362,0.41390077802624936,0.48788883321756427,-0.04220606279982166,0.24704873628890323,0.45311637588821274,0.42346738459417177
2.124367169983391,0.557869561217408,-1.083472674933583,-0.7030746009502787,-0.010684955963028146,1.005540605064656,1.2828220027111756,-0.09497376838099289,0.7794684706134762,0.5836925507147962,0.6658727066715088,1.096401314122399,0.5089817443473128,0.41390077802624936,0.5146496398541376,-0.01845939309641711,0.22530988945860242,0.6636363465411073,0.6566511352786621
2.124367169983391,0.557869561217408,-0.9390096513792268,2.2985571423094346,-0.010684955963028146,-0.6865507261215884,-0.6874206446824462,-0.10996314638981547,0.8392728468558323,0.5765990934637709,0.6280656590928814,1.065166267487773,0.5922298018149089,0.41390077802624936,0.5389048143684956,-0.009200757490165367,0.1851342908222539,0.7183800695037731,0.7114395941460622
2.124367169983391,0.557869561217408,-0.7945466278248707,-0.7030746009502787,-0.010684955963028146,1.173562148917998,1.3171626010945774,0.20481550720345348,0.6000553418864081,0.6490310864298545,0.7085501825517003,1.1826988642859717,0.6842899373876895,0.41390077802624936,0.4771620476047019,-0.054091433964560266,0.14662447826935623,0.6648406232482025,0.6578564625437044
2.124367169983391,0.557869561217408,-0.6500836042705146,2.2424199339808224,-0.010684955963028146,-0.6865507261215884,-0.6874206446824462,0.5195943037473887,0.7196640943711202,0.848180160310549,0.9628776864801346,1.8101027342217624,0.9083766324004628,0.41390077802624936,0.3033310474090615,-0.25743095456576154,0.08587383406431302,0.693556151971907,0.6691082304276298
2.124367169983391,0.557869561217408,-0.5056205807161585,-0.7030746009502787,-0.010684955963028146,-0.6865507261215884,1.3784858901261554,0.8343731002913238,0.0020115794628475024,0.9738353151027717,1.1640764711686924,2.4959052997760964,1.22348023793007,0.41390077802624936,0.18914112947300954,-0.43822656928517056,0.018830584126019116,-0.18697197207020996,-0.18028767391456535
2.124367169983391,0.557869561217408,-0.3611575571618023,-0.7030746009502787,-0.010684955963028146,-0.6865507261215884,-0.6874206446824462,1.2690674927085046,-0.7754453116877812,1.0808537972261638,1.345276581475556,3.1453926891760187,1.423868960962126,0.41390077802624936,0.07104622388361653,-0.6307494565710572,-0.047015238773128847,-1.2676136780735823,-1.2761757670616813
2.124367169983391,0.557869561217408,-0.2166945336074462,-0.7030746009502787,-0.010684955963028146,-0.6865507261215884,-0.6874206446824462,1.568856768292951,-1.672510955323122,1.2570210635345374,1.5237513392599589,3.271023322425239,1.5408281607017218,0.41390077802624936,-0.05669666687817749,-0.6779498039253964,-0.10542146756618993,-1.2676136780735823,-1.2761757670616813
2.124367169983391,0.557869561217408,-0.07223151005309006,-0.7030746009502787,-0.010684955963028146,-0.6865507261215884,-0.6874206446824462,1.763719683062308,-1.612706579080766,1.4122911407916328,1.6673670501391238,3.092904648412361,1.5598438261520822,0.41390077802624936,-0.13910583725407957,-0.6009731362127145,-0.08391319749616231,-1.2676136780735823,-1.2761757670616813
2.124367169983391,0.557869561217408,0.07223151350126605,-0.7030746009502787,-0.010684955963028146,-0.6865507261215884,-0.6874206446824462,2.1684353194618438,-2.2107503415043266,1.5731369840866605,1.8120347735314266,2.7791873793938673,1.65849613503081,0.41390077802624936,-0.22683429398408833,-0.4963647805672083,-0.11506857213284673,-1.2676136780735823,-1.2761757670616813
2.124367169983391,0.557869561217408,0.2166945370556222,-0.7030746009502787,-0.010684955963028146,-0.6865507261215884,-0.6874206446824462,1.7187514060851743,-1.672510955323122,1.6398388917014597,1.9024535791744932,2.4990036068645223,1.8188443831191399,0.41390077802624936,-0.27462785290781505,-0.38117639732751596,-0.15125274730537544,-1.2676136780735823,-1.2761757670616813
2.124367169983391,0.557869561217408,0.3611575606099783,-0.7030746009502787,-0.010684955963028146,-0.6865507261215884,-0.6874206446824462,1.5388777263739735,-1.493097826596054,1.647961580305095,1.9730267810396291,2.2009892345261313,2.248273085809482,0.41390077802624936,-0.3122316162502584,-0.2590108561958455,-0.291254982187722,-1.2676136780735823,-1.2761757670616813
2.124367169983391,0.557869561217408,0.5056205841643344,-0.7030746009502787,-0.010684955963028146,-0.6865507261215884,-0.6874206446824462,1.568856768292951,-1.493097826596054,1.5512203721137054,2.0246644534437555,2.004304755143097,2.7783298777497207,0.41390077802624936,-0.33520649855288037,-0.17092239441032753,-0.4594303782675379,-1.2676136780735823,-1.2761757670616813
2.124367169983391,0.557869561217408,0.6500836077186906,-0.7030746009502787,-0.010684955963028146,-0.6865507261215884,-0.6874206446824462,1.4189621305007278,-1.2538803216266297,1.4408676773683573,2.056642989896354,1.8037933940513247,3.189312538655196,0.41390077802624936,-0.34926416488226986,-0.08088751984100674,-0.5802159179842763,-1.2676136780735823,-1.2761757670616813
2.124367169983391,0.557869561217408,0.7945466312730467,0.7031372766910753,-0.010684955963028146,0.45968247960768277,-0.6874206446824462,1.359004332564105,-1.55290220283841,1.3063149679287618,2.1041227080818876,1.580552825635099,3.3624765054690364,0.41390077802624936,-0.39154248911451384,-0.019336851160290776,-0.6544511540304092,0.41506123194400474,0.3580466047723167
2.124367169983391,0.557869561217408,0.9390096548274028,-0.7030746009502787,-0.010684955963028146,1.1874087973021878,-0.6874206446824462,1.2690674927085046,-1.2538803216266297,1.1937481833740504,2.049703325342097,1.448672530682634,3.0170632246985196,0.41390077802624936,-0.36673923770077943,0.024600028832414463,-0.5532183489054725,-0.2687283405441893,-0.2392857725380798
2.124367169983391,0.557869561217408,1.083472678381759,1.392557618728651,-0.010684955963028146,0.38653795542661434,-0.6874206446824462,1.1191728549162814,-0.536227806718357,0.9460316828835978,1.8163297955179347,1.3816179707183363,2.3307269251377614,0.41390077802624936,-0.20934524207139946,0.09238941133504189,-0.2851422961992299,0.731801643532953,0.7235587719381638
2.124367169983391,0.557869561217408,1.227935701936115,-0.7030746009502787,-0.010684955963028146,1.6626164646923463,-0.6874206446824462,1.0891938129973038,0.18142470818991568,0.9027215752541351,1.6176065799575148,1.5368930536779744,1.758409753454559,0.41390077802624936,-0.041060326981982406,0.10772757781241832,0.0069545708767216,-0.08838430880084243,-0.052312885596685524
2.124367169983391,0.557869561217408,1.3723987254904713,2.289629032479218,-0.010684955963028146,-0.6865507261215884,-0.6874206446824462,1.1191728549162814,0.36083783691698385,0.8237950932193583,1.4712564714747574,1.675023010333684,1.2919799249499455,0.41390077802624936,0.08487685044202425,0.10187966464080353,0.2557385979416986,0.7729397358473247,0.7574393362939993
2.124367169983391,0.557869561217408,1.5168617490448273,-0.7030746009502787,-0.010684955963028146,0.7660215578755333,1.6167556269026588,0.9692782171240583,0.36083783691698385,0.8475543824169989,1.3356720968648716,1.6577129393773755,0.816798235699071,0.41390077802624936,0.1599518167510724,0.08323422295975103,0.44535304739361925,0.6784178545353442,0.6744234187016804
2.124367169983391,0.557869561217408,1.6613247725991833,-0.7030746009502787,-0.010684955963028146,-0.6865507261215884,-0.6874206446824462,0.8793413772684578,0.5402509656440521,0.8059882138074923,1.2331572346471347,1.6259333267296154,0.7645718830542515,0.41390077802624936,0.22964049346149903,0.09527509027668869,0.4691437217014646,-1.2676136780735823,-1.2761757670616813
2.124367169983391,0.6681144931180489,-1.6613247691510074,2.294709693321976,-0.010684955963028146,-0.6865507261215884,-0.6874206446824462,0.819383579331835,0.36083783691698385,0.7285931547891149,1.1555024300315246,1.4487322091498267,0.7293520518167876,0.41390077802624936,0.3134793877455371,0.21512098448517758,0.5372496772195403,0.7723311267532613,0.7621038647997412
2.124367169983391,0.6681144931180489,-1.5168617455966513,-0.7030746009502787,-0.010684955963028146,-0.6865507261215884,1.1558540606293044,0.7444362604357235,0.48044658940169593,0.7206816743982452,1.0746220103293356,1.2047798971473036,0.6178864654568302,0.41390077802624936,0.41768726836207465,0.3849963017878059,0.661439717737585,-0.2563518809796968,-0.2651047258136209
2.124367169983391,0.6681144931180489,-1.372398722042295,-0.7030746009502787,-0.010684955963028146,-0.6865507261215884,-0.6874206446824462,0.6694889415396119,0.4206422131593399,0.6742773337569966,0.999785096373916,0.9497688336269167,0.6759319307187126,0.41390077802624936,0.4897012950835761,0.5213015829853437,0.6520631478356805,-1.2676136780735823,-1.2761757670616813
2.124367169983391,0.6681144931180489,-1.227935698487939,0.7904235208893765,-0.010684955963028146,-0.6865507261215884,0.44416705567598447,0.6694889415396119,0.36083783691698385,0.5834787269204483,0.9477021276679325,0.6832530878199199,0.6552847003407599,0.41390077802624936,0.5400848427323246,0.6601388273306139,0.6730401742904197,0.4212219161433611,0.40191282146418295
2.124367169983391,0.6681144931180489,-1.083472674933583,-0.7030746009502787,-0.010684955963028146,1.7105415705511093,-0.6874206446824462,0.5195943037473887,0.36083783691698385,0.5303948448135635,0.880666944076147,0.4672286407284222,0.643228208586543,0.41390077802624936,0.6010385137315807,0.764312140742771,0.6751048843710477,0.05504378881465006,0.06736297172855192
2.124367169983391,0.6681144931180489,-0.9390096513792268,2.30058729246669,-0.010684955963028146,-0.6865507261215884,-0.6874206446824462,0.6095311436029891,0.18142470818991568,0.48971274277885285,0.8392585626562488,0.5382103753810454,0.5646177015041577,0.41390077802624936,0.6363506697040718,0.7194149581532213,0.7063578611022796,0.7809231917014052,0.7740339234896354
2.124367169983391,0.6681144931180489,-0.7945466278248707,-0.7030746009502787,-0.010684955963028146,1.1103716095394245,1.3731637803689598,0.819383579331835,0.06181595570520356,0.5568645304257966,0.8641339273187517,0.6595052022151894,0.5342673388585698,0.41390077802624936,0.6310766948966154,0.6645566963912096,0.7276894866656206,0.7135288115448926,0.7065845138176415
2.124367169983391,0.6681144931180489,-0.6500836042705146,1.9824648590878722,-0.010684955963028146,-0.6865507261215884,-0.6874206446824462,0.819383579331835,0.36083783691698385,0.7482034777019329,1.0313621703793712,1.1289981902236603,0.7183233239047397,0.41390077802624936,0.5185189567154348,0.4570988048970373,0.6514489315225664,0.54436568018436,0.524478168968438
2.124367169983391,0.6681144931180489,-0.5056205807161585,-0.7030746009502787,-0.010684955963028146,0.8402419906311365,0.9508153997870177,1.029236015060681,-0.057792796779508555,0.9262958120548326,1.2647350044280616,1.8022044548623166,1.0624403039622121,0.41390077802624936,0.37875741922351464,0.19656337535871451,0.5212988311101878,0.5078063557560395,0.5151720354844943
2.124367169983391,0.6681144931180489,-0.3611575571618023,-0.7030746009502787,-0.010684955963028146,-0.6865507261215884,-0.6874206446824462,0.9692782171240583,0.36083783691698385,1.1239389648395544,1.4356111982865527,2.518232506314599,1.2608727765773449,0.41390077802624936,0.27510484607230834,-0.06684428714993522,0.45322366282998955,-1.2676136780735823,-1.2761757670616813
2.124367169983391,0.6681144931180489,-0.2166945336074462,-0.7030746009502787,-0.010684955963028146,-0.6865507261215884,-0.6874206446824462,1.568856768292951,-0.7754453116877812,1.2564632907621256,1.6011841915001122,2.9484181061330195,1.3618833274312157,0.41390077802624936,0.18185127287734526,-0.2016468726172257,0.4351371431484477,-1.2676136780735823,-1.2761757670616813
2.124367169983391,0.6681144931180489,-0.07223151005309006,-0.7030746009502787,-0.010684955963028146,-0.6865507261215884,-0.6874206446824462,1.5088989703563283,-0.596032182960713,1.3713742903099164,1.7037234058593569,2.835510590542262,1.4202372032205581,0.41390077802624936,0.15202759850230393,-0.11424849277912394,0.4638911132306961,-1.2676136780735823,-1.2761757670616813
2.124367169983391,0.6681144931180489,0.07223151350126605,-0.7030746009502787,-0.010684955963028146,-0.6865507261215884,-0.6874206446824462,1.1191728549162814,-0.23720592550657674,1.4277819227124282,1.7319071828895651,2.457532874238733,1.3508358833130159,0.41390077802624936,0.17638448297775994,0.06739833867303449,0.5397259755512241,-1.2676136780735823,-1.2761757670616813
2.124367169983391,0.6681144931180489,0.2166945370556222,-0.7030746009502787,-0.010684955963028146,-0.6865507261215884,-0.6874206446824462,1.1191728549162814,-0.23720592550657674,1.485781136507731,1.811606175840889,2.1300779536194994,1.5099415380624763,0.41390077802624936,0.1609481887396486,0.2264947581282459,0.4916904605895408,-1.2676136780735823,-1.2761757670616813
2.124367169983391,0.6681144931180489,0.3611575606099783,-0.7030746009502787,-0.010684955963028146,-0.6865507261215884,-0.6874206446824462,0.9992572590430359,-0.41661905423364487,1.4992088784555375,1.9128860365964435,1.9495522480965126,1.9045572835621358,0.41390077802624936,0.0994461998221509,0.27894163674339373,0.2855061450326479,-1.2676136780735823,-1.2761757670616813
2.124367169983391,0.6681144931180489,0.5056205841643344,-0.7030746009502787,-0.010684955963028146,-0.6865507261215884,-0.6874206446824462,1.1191728549162814,-1.0744671928995615,1.413885337766006,1.954038372642774,1.7855525047803287,2.3932821823341652,0.41390077802624936,0.039336817907554354,0.2755938067552529,0.008139770360398507,-1.2676136780735823,-1.2761757670616813
2.124367169983391,0.6681144931180489,0.6500836077186906,1.5741538425823816,-0.010684955963028146,-0.6865507261215884,-0.6874206446824462,1.1191728549162814,-1.0744671928995615,1.2768321323337921,1.9590924856688543,1.582951568469209,2.8322236002382493,0.41390077802624936,-0.0027819518359529453,0.28052305646701375,-0.23308500723425898,0.32457799142780364,0.2801660690349044
2.124367169983391,0.6681144931180489,0.7945466312730467,-0.7030746009502787,-0.010684955963028146,1.716460009104904,-0.6874206446824462,0.9392991752050807,-0.9548584404148494,1.2352633481427033,1.979869037027855,1.3730880942477668,3.0381409278179667,0.41390077802624936,-0.046339845223337506,0.31224318716309735,-0.35594726623788964,0.059183894416572014,0.08384631841331178
2.124367169983391,0.6681144931180489,0.9390096548274028,1.3161640591089825,-0.010684955963028146,0.45693611994085526,-0.6874206446824462,0.6694889415396119,-0.8352496879301373,1.082879565161606,1.8863735122491434,1.3247128945148121,2.648459750757668,0.41390077802624936,-0.032426308175314354,0.24589360794422108,-0.29051128479615906,0.7230817814596232,0.7159393597976084
2.124367169983391,0.6681144931180489,1.083472678381759,-0.7030746009502787,-0.010684955963028146,1.6988385805692643,-0.6874206446824462,0.5795521016840115,-0.596032182960713,0.9718670899621387,1.6354566996827473,1.4152103168070773,1.988232558778852,0.41390077802624936,0.09491600923258184,0.14943481214158297,-0.09487389087892086,-0.06739996692250083,-0.03349973075129113
2.124367169983391,0.6681144931180489,1.227935701936115,2.2892595885092013,-0.010684955963028146,-0.6865507261215884,-0.6874206446824462,0.4896152618284111,-0.596032182960713,0.8014776433689255,1.4292490273737668,1.5367828142871875,1.399107420223123,0.41390077802624936,0.21392172511341884,0.06830247180904273,0.11402887227778366,0.7593103791504728,0.7444449709683061
2.124367169983391,0.6681144931180489,1.3723987254904713,-0.7030746009502787,-0.010684955963028146,0.8359571842100548,1.6541808817784591,0.5195943037473887,-0.8352496879301373,0.8019628337524304,1.2575810410285355,1.4807604820775568,0.7114219263232391,0.41390077802624936,0.29447601430304066,0.031940444820534084,0.35530801882443735,0.6814321411589243,0.677807095106109
2.124367169983391,0.6681144931180489,1.5168617490448273,-0.7030746009502787,-0.010684955963028146,-0.6865507261215884,-0.6874206446824462,0.3696996659551655,-0.596032182960713,0.7351988060750532,1.1232803721638478,1.4439338946140066,0.6131244116133044,0.41390077802624936,0.3560389809934241,0.0019064823020624353,0.35097924583919515,-1.2676136780735823,-1.2761757670616813
2.124367169983391,0.6681144931180489,1.6613247725991833,-0.7030746009502787,-0.010684955963028146,-0.6865507261215884,-0.6874206446824462,0.3996787078741431,-0.596032182960713,0.6263180298651085,1.0479320632367641,1.303086909965825,0.6375775418248474,0.41390077802624936,0.35400140750735176,-0.01177501038640373,0.2630297145885187,-1.2676136780735823,-1.2761757670616813
2.124367169983391,0.7783594250186899,-1.6613247691510074,1.3201281463236387,-0.010684955963028146,0.7344367481179452,-0.6874206446824462,0.3696996659551655,-0.596032182960713,0.5126971659327559,0.9739050319303475,1.0390428473417297,0.5001794312192509,0.41390077802624936,0.3636219165291244,0.043178674397877974,0.2696782295256001,0.7922730503087971,0.7820403748317861
2.124367169983391,0.7783594250186899,-1.5168617455966513,-0.7030746009502787,-0.010684955963028146,-0.6865507261215884,2.0844419313202187,0.3696996659551655,-0.596032182960713,0.4809681996540407,0.8982923283240359,0.9855692830017909,0.3933619739697205,0.41390077802624936,0.3785969006593173,0.020846217258615823,0.27041581313942853,0.2503630912821217,0.26275094235793783
2.124367169983391,0.7783594250186899,-1.372398722042295,-0.7030746009502787,-0.010684955963028146,-0.6865507261215884,-0.6874206446824462,0.3097418680185427,-0.6558365592030692,0.41650915324600934,0.8320030160378614,0.8416496861607807,0.5315095465694877,0.41390077802624936,0.38368625501606024,0.031237784383818638,0.15822602656821494,-1.2676136780735823,-1.2761757670616813
2.124367169983391,0.7783594250186899,-1.227935698487939,1.2951947992065311,-0.010684955963028146,-0.6865507261215884,0.6538843701944538,0.1898261291946309,-0.41661905423364487,0.3125371697705271,0.7761099808491114,0.6295847395940046,0.5880341166445023,0.41390077802624936,0.3885649588846523,0.07917245526862648,0.09393965368977819,0.7760571948335723,0.766264485048303
2.124367169983391,0.7783594250186899,-1.083472674933583,-0.7030746009502787,-0.010684955963028146,1.496729897498039,0.9044385537711815,0.06991039037071911,0.0020115794628475024,0.3113948145144853,0.7118432878590294,0.4142648299624218,0.6915892577869421,0.41390077802624936,0.4134573872784964,0.14784927187836489,0.029081424243959375,0.6811405983501319,0.677411459581686
2.124367169983391,0.7783594250186899,-0.9390096513792268,1.483694716102302,-0.010684955963028146,0.5881833681229013,-0.6874206446824462,-0.020026449484881293,-0.057792796779508555,0.2948532226930263,0.667891847090243,0.5043254390295397,0.759989667539403,0.41390077802624936,0.4412618056012175,0.10563954858874662,-0.0033301133679632983,0.7520751925399202,0.7451623545757052
2.124367169983391,0.7783594250186899,-0.7945466278248707,-0.7030746009502787,-0.010684955963028146,1.1365241583685763,1.4233085888878023,0.06991039037071911,0.36083783691698385,0.3612013728988279,0.7582876921427449,1.0386947229497718,0.8586875463113702,0.41390077802624936,0.3778979459503499,-0.10738454129083884,-0.04222662236256911,0.6458765004817111,0.643998985471249
2.124367169983391,0.7783594250186899,-0.6500836042705146,2.2771636130951505,-0.010684955963028146,-0.6865507261215884,-0.6874206446824462,0.6694889415396119,-0.8352496879301373,0.5740783267138905,0.9965643517156388,1.686981083197439,1.0440495970477075,0.41390077802624936,0.18672949470820702,-0.35415628421924017,-0.12633517275153588,0.7749913200763969,0.7616333184621062
2.124367169983391,0.7783594250186899,-0.5056205807161585,-0.7030746009502787,-0.010684955963028146,-0.6865507261215884,1.2905608381198483,0.6844784624991007,-1.0744671928995615,0.7357160373329404,1.1892238840406113,2.4005904989932136,1.3200916665901439,0.41390077802624936,0.022056006294364713,-0.6122560411141212,-0.2591305737801168,-0.2390869566983583,-0.21881086662036778
2.124367169983391,0.7783594250186899,-0.3611575571618023,-0.7030746009502787,-0.010684955963028146,-0.6865507261215884,-0.6874206446824462,0.819383579331835,-1.3136846978689858,0.8704126037595591,1.333666176180099,2.8775905408539773,1.4738086814640359,0.41390077802624936,-0.08725882305607258,-0.764284650806198,-0.3277607857389272,-1.2676136780735823,-1.2761757670616813
2.124367169983391,0.7783594250186899,-0.2166945336074462,-0.7030746009502787,-0.010684955963028146,-0.6865507261215884,-0.6874206446824462,0.819383579331835,-0.8352496879301373,1.0194007079515177,1.443086609953982,3.0197156393412046,1.5077419769655778,0.2809816949189618,-0.15947771581296102,-0.7825069781316851,-0.31334580793616706,-1.2676136780735823,-1.2761757670616813
2.124367169983391,0.7783594250186899,-0.07223151005309006,-0.7030746009502787,-0.010684955963028146,-0.6865507261215884,-0.6874206446824462,0.8943308982279466,-1.3136846978689858,1.151936803991209,1.5318661685858364,2.7822226925447007,1.4523257317939948,0.4061429726956078,-0.2459328698783234,-0.7241716315604578,-0.3049522461542909,-1.2676136780735823,-1.2761757670616813
2.124367169983391,0.7783594250186899,0.07223151350126605,-0.7030746009502787,-0.010684955963028146,-0.6865507261215884,-0.6874206446824462,0.9692782171240583,-1.0744671928995615,1.295284406501075,1.6401775362579063,2.371704463136704,1.4512816929899546,0.41390077802624936,-0.314372586829485,-0.5848546696577758,-0.28652990539576023,-1.2676136780735823,-1.2761757670616813
2.124367169983391,0.7783594250186899,0.2166945370556222,-0.7030746009502787,-0.010684955963028146,-0.6865507261215884,-0.6874206446824462,0.9692782171240583,-1.3136846978689858,1.4218177428095335,1.776171722620595,2.1739880435917938,1.6459115207638713,0.41390077802624936,-0.41362415550284853,-0.5287205587139131,-0.3636958244687744,-1.2676136780735823,-1.2761757670616813
2.124367169983391,0.7783594250186899,0.3611575606099783,-0.7030746009502787,-0.010684955963028146,-0.6865507261215884,-0.6874206446824462,0.9692782171240583,-1.2538803216266297,1.4120720858341205,1.875137434157435,1.945609324923789,1.893968793368705,0.41390077802624936,-0.4880674113663093,-0.4597544368502925,-0.45549397880332876,-1.2676136780735823,-1.2761757670616813
2.124367169983391,0.7783594250186899,0.5056205841643344,-0.7030746009502787,-0.010684955963028146,-0.6865507261215884,-0.6874206446824462,0.819383579331835,-1.0744671928995615,1.3427997154193783,1.9261892636144302,1.753000387529462,2.0608807335797072,0.41390077802624936,-0.5320791432767923,-0.402858459821806,-0.5190794507343442,-1.2676136780735823,-1.2761757670616813
2.124367169983391,0.7783594250186899,0.6500836077186906,2.2624964008170303,-0.010684955963028146,-0.6865507261215884,-0.6874206446824462,0.819383579331835,-0.8352496879301373,1.2296313471007525,1.9226491580146647,1.550908375924681,2.104202240836676,0.41390077802624936,-0.5395215648141036,-0.32082393818780397,-0.5219210472856654,0.8077830558394306,0.7945363581078311
2.124367169983391,0.7783594250186899,0.7945466312730467,-0.7030746009502787,-0.010684955963028146,2.7747682841661683,-0.6874206446824462,0.7894045374128574,-0.6558365592030692,1.1953299563359079,1.8650507771448956,1.3310305233612487,1.9551862486992926,0.41390077802624936,-0.5058700288225728,-0.2171500775490282,-0.4492188410064624,0.6220990454854731,0.6243889310323001
2.124367169983391,0.7783594250186899,0.9390096548274028,2.302428778947695,-0.010684955963028146,-0.6865507261215884,-0.6874206446824462,0.819383579331835,0.06181595570520356,1.0724904751169628,1.7342943885328033,1.358183397066368,1.6187982480344736,0.41390077802624936,-0.3900178037735044,-0.13699105204364193,-0.24418653585411618,0.7640981879037407,0.7518234813953355
2.124367169983391,0.7783594250186899,1.083472678381759,-0.7030746009502787,-0.010684955963028146,0.9127191711698237,1.5775905722135342,0.6694889415396119,-0.536227806718357,1.0039498136498513,1.4992489102502613,1.3688608694882776,0.9657686579432148,0.41390077802624936,-0.2627294745914043,-0.16347029011205097,-0.012889004855879216,0.702390869689391,0.6978790995598652
2.124367169983391,0.7783594250186899,1.227935701936115,2.277702728956344,-0.010684955963028146,-0.6865507261215884,-0.6874206446824462,0.6694889415396119,-0.6558365592030692,0.9056144084840887,1.3206746565734124,1.363438417649733,0.8623095390758154,0.41390077802624936,-0.15720056957491843,-0.16483744177657386,0.025999206868944046,0.7185105627708404,0.7103912521098003
2.124367169983391,0.7783594250186899,1.3723987254904713,-0.7030746009502787,-0.010684955963028146,1.1594399859328626,1.394346789662752,0.6694889415396119,-0.536227806718357,0.8935434994820673,1.1847730083484533,1.261443772879257,0.848519763882311,0.41390077802624936,-0.07229010541637389,-0.12134015829782609,0.03695116628351042,0.6730341984262523,0.6683953496559976
2.124367169983391,0.7783594250186899,1.5168617490448273,2.3041351729197803,-0.010684955963028146,-0.6865507261215884,-0.6874206446824462,0.6694889415396119,-0.536227806718357,0.8764879458796988,1.0943103688506728,1.2625992143135172,0.9348462303878528,0.41390077802624936,-0.01372252118221325,-0.11465165504821469,0.00874241416565795,0.7169701670425112,0.7082601827459658
2.124367169983391,0.7783594250186899,1.6613247725991833,-0.7030746009502787,-0.010684955963028146,1.235351475846205,1.3483915579938863,0.6095311436029891,-0.536227806718357,0.9076866029926155,1.018410309974569,1.1847387074493252,0.9539977917698381,0.41390077802624936,0.029021210478656925,-0.08804706582782368,-0.002606067404832749,0.6678437658186721,0.6633331388823023
2.124367169983391,0.8886043569193308,-1.6613247691510074,2.348731825963853,-0.010684955963028146,-0.6865507261215884,-0.6874206446824462,0.5195943037473887,-0.536227806718357,0.8961858907755217,0.966549989419514,1.2111024991993398,1.0124297873761625,0.41390077802624936,0.05770173237623888,-0.10374480360275389,-0.03212404135469087,0.7125249480509931,0.7055797674185768
2.124367169983391,0.8886043569193308,-1.5168617455966513,-0.7030746009502787,-0.010684955963028146,0.6851541523233164,0.7433664980586998,0.5195943037473887,-0.8352496879301373,0.9076650244445621,0.9147529844323794,1.163229593231924,1.0000705813311406,0.41390077802624936,0.07214936722945915,-0.1116375887675137,-0.05415220088135717,0.267882261742891,0.26057412827619936
2.124367169983391,0.8886043569193308,-1.372398722042295,-0.7030746009502787,-0.010684955963028146,-0.6865507261215884,-0.6874206446824462,0.1898261291946309,0.12162033194755961,0.8496638489630726,0.853464210460968,1.114311485221035,0.9830331374962296,0.41390077802624936,0.09784511150088536,-0.11205571510146041,-0.06695947348914437,-1.2676136780735823,-1.2761757670616813
2.124367169983391,0.8886043569193308,-1.227935698487939,0.5810987533248275,-0.010684955963028146,0.35341637250384395,0.37768283468643715,0.2198050281629423,0.36083783691698385,0.7472291735625498,0.8073189896300628,1.0188408573293708,0.9120344300810247,0.41390077802624936,0.12270500234793268,-0.07978256461722119,-0.04311224673725473,0.7491615618799182,0.7422463590679691
2.124367169983391,0.8886043569193308,-1.083472674933583,-0.7030746009502787,-0.010684955963028146,1.9125324747914068,-0.6874206446824462,0.2198050281629423,0.36083783691698385,0.6546146992125339,0.7607702190255994,0.9871640242639982,0.8327558358138248,0.41390077802624936,0.15301481177400403,-0.06254894992475435,-0.005888074302243872,0.113120662114088,0.10568609525425945
2.124367169983391,0.8886043569193308,-0.9390096513792268,2.3121729980327257,-0.010684955963028146,-0.6865507261215884,-0.6874206446824462,0.0998892893390305,0.36083783691698385,0.5405936512980991,0.7060412162009232,1.0964643080599914,0.677070364301606,0.41390077802624936,0.18493631435140803,-0.10792086205009727,0.05555364513600446,0.7711746616288657,0.7572649537452106
2.124367169983391,0.8886043569193308,-0.7945466278248707,-0.7030746009502787,-0.010684955963028146,0.9851588005537124,1.563873201435761,0.3696996659551655,0.0020115794628475024,0.6214693955070376,0.8019914368436233,1.382852154574587,0.5940314400940555,0.41390077802624936,0.120095732113698,-0.21186429272678578,0.09478117152509337,0.6721025915347786,0.6688198442641989
2.124367169983391,0.8886043569193308,-0.6500836042705146,-0.7030746009502787,-0.010684955963028146,-0.6865507261215884,-0.6874206446824462,0.819383579331835,-0.536227806718357,0.7050594595029421,1.0461035652972626,1.9244367309519472,0.7916005259819187,0.41390077802624936,-0.025478939387044063,-0.37473490958328076,0.04511939168602872,-1.2676136780735823,-1.2761757670616813
2.124367169983391,0.8886043569193308,-0.5056205807161585,-0.7030746009502787,-0.010684955963028146,-0.6865507261215884,-0.6874206446824462,0.9992572590430359,-0.8950540641724933,0.793691710894003,1.224329235462814,2.4506027122359706,0.9170430495968998,0.41390077802624936,-0.1263571443813803,-0.5218622458587622,0.025354640016362204,-1.2676136780735823,-1.2761757670616813
2.124367169983391,0.8886043569193308,-0.3611575571618023,-0.7030746009502787,-0.010684955963028146,-0.6865507261215884,-0.6874206446824462,1.1191728549162814,-1.3136846978689858,0.8703164811364118,1.3596192970481908,2.9202034530324283,0.9654203737591702,0.41390077802624936,-0.21758109771282128,-0.6741628111643084,-0.003936250760499608,-1.2676136780735823,-1.2761757670616813
2.124367169983391,0.8886043569193308,-0.2166945336074462,-0.7030746009502787,-0.010684955963028146,-0.6865507261215884,-0.6874206446824462,1.1191728549162814,-1.7323153315654782,0.9825040063616989,1.4862281680737655,3.082351506130436,1.0165546764624291,0.41390077802624936,-0.312358151154468,-0.7447890767449219,-0.054853101828778485,-1.2676136780735823,-1.2761757670616813
2.124367169983391,0.8886043569193308,-0.07223151005309006,-0.7030746009502787,-0.010684955963028146,-0.6865507261215884,-0.6874206446824462,1.1791306528529042,-1.2538803216266297,1.1164158983136465,1.5852878092992784,2.880010005378085,1.0381393446441654,0.41390077802624936,-0.361801725229088,-0.6680307976309352,-0.04089491056246863,-1.2676136780735823,-1.2761757670616813
2.124367169983391,0.8886043569193308,0.07223151350126605,-0.7030746009502787,-0.010684955963028146,-0.6865507261215884,-0.6874206446824462,1.1191728549162814,-1.3136846978689858,1.2252567869044622,1.6610292313678456,2.4973549892083216,1.0308652504358133,0.41390077802624936,-0.4104149893132278,-0.5496609240805591,-0.036830995162653854,-1.2676136780735823,-1.2761757670616813
2.124367169983391,0.8886043569193308,0.2166945370556222,-0.7030746009502787,-0.010684955963028146,-0.6865507261215884,-0.6874206446824462,1.2690674927085046,-1.493097826596054,1.3136300957188816,1.743730495479348,2.16590907109557,1.2355953195470235,0.41390077802624936,-0.45746211281155036,-0.4385418989996719,-0.11400586655306495,-1.2676136780735823,-1.2761757670616813
2.124367169983391,0.8886043569193308,0.3611575606099783,-0.7030746009502787,-0.010684955963028146,-0.6865507261215884,-0.6874206446824462,1.239088450789527,-1.3734890741113417,1.3183996087340897,1.8154176338745989,1.9335866003872417,1.7067855743989757,0.41390077802624936,-0.49737700605202406,-0.3515952604238165,-0.2834284732907222,-1.2676136780735823,-1.2761757670616813
2.124367169983391,0.8886043569193308,0.5056205841643344,-0.7030746009502787,-0.010684955963028146,-0.6865507261215884,-0.6874206446824462,1.2690674927085046,-1.2538803216266297,1.2669753131411339,1.8678359663579187,1.7447440373668597,2.291846854975455,0.41390077802624936,-0.512218947768648,-0.25786664741062615,-0.4619689061225909,-1.2676136780735823,-1.2761757670616813
2.124367169983391,0.8886043569193308,0.6500836077186906,2.1862325586727698,-0.010684955963028146,-0.6865507261215884,-0.6874206446824462,1.2690674927085046,-1.0146628166572054,1.2184209644392872,1.9153852620906175,1.5792498457680564,2.800904063613229,0.41390077802624936,-0.5210551814031863,-0.16212417488652853,-0.5965663431384204,0.7753948426446698,0.7224696997056471
2.124367169983391,0.8886043569193308,0.7945466312730467,-0.7030746009502787,-0.010684955963028146,2.4756274170954566,-0.6874206446824462,1.239088450789527,-0.9548584404148494,1.2345669495464329,1.9898902911460592,1.4393444547133611,3.0673886617967776,0.41390077802624936,-0.5460642629277683,-0.08038438026903766,-0.6555505422765981,0.4524020780323924,0.49381958827813077
2.124367169983391,0.8886043569193308,0.9390096548274028,2.2839241510780037,-0.010684955963028146,-0.6865507261215884,-0.6874206446824462,1.1191728549162814,-1.0744671928995615,1.1921546402950727,1.9574407146991524,1.5005861661995612,2.792744611479081,0.41390077802624936,-0.5290133833119425,-0.10691740222272617,-0.5722509756914307,0.7607229777536163,0.7497317095072844
2.124367169983391,0.8886043569193308,1.083472678381759,-0.7030746009502787,-0.010684955963028146,1.66046904071459,-0.6874206446824462,0.9692782171240583,-0.7754453116877812,1.128228518634422,1.7321611409367181,1.4896525736892823,2.1515550561491517,0.41390077802624936,-0.3923385744261412,-0.09067119894024864,-0.3462355303066108,-0.054466304702486645,-0.0267181530748979
2.124367169983391,0.8886043569193308,1.227935701936115,2.289193475597011,-0.010684955963028146,-0.6865507261215884,-0.6874206446824462,0.9392991752050807,-0.6558365592030692,1.00981329366183,1.545113733566091,1.5706669217710933,1.5665287667406953,0.41390077802624936,-0.267990434380142,-0.10321542269966055,-0.11128501711200048,0.7297054830914389,0.7183006878086108
2.124367169983391,0.8886043569193308,1.3723987254904713,-0.7030746009502787,-0.010684955963028146,0.874210095826288,1.6161983554462807,0.8043940583723462,-0.536227806718357,1.0061841742164768,1.376396530996136,1.5031423938776525,0.882328555925538,0.41390077802624936,-0.1623275228746265,-0.07688972894890414,0.17070861390845837,0.6921717729871238,0.6869394600643232
2.124367169983391,0.8886043569193308,1.5168617490448273,-0.7030746009502787,-0.010684955963028146,-0.6865507261215884,-0.6874206446824462,0.6694889415396119,-0.536227806718357,0.9295365176352235,1.2434693229124893,1.4813746729690827,0.7905605559183462,0.41390077802624936,-0.0830171320481014,-0.07884351532988235,0.1994261196735045,-1.2676136780735823,-1.2761757670616813
2.124367169983391,0.8886043569193308,1.6613247725991833,-0.7030746009502787,-0.010684955963028146,-0.6865507261215884,-0.6874206446824462,0.4596365058107659,-0.17740154926422066,0.8007930148897752,1.137414355094987,1.3039597075485196,0.740497145706215,0.41390077802624936,-0.018308869167364867,-0.018821133099022468,0.2113324834622698,-1.2676136780735823,-1.2761757670616813
2.124367169983391,0.9988492888199717,-1.6613247691510074,0.6475141007339361,-0.010684955963028146,0.36705329925747365,0.555722906745906,0.41466794293229947,-0.1175971730218646,0.6195024781571958,1.0480211224971356,1.022539264560124,0.5781755584909968,0.41390077802624936,0.03243162742068727,0.07662509431502786,0.2643847897535332,0.818394171571276,0.8080200998116387
2.124367169983391,0.9988492888199717,-1.5168617455966513,-0.7030746009502787,-0.010684955963028146,-0.6865507261215884,-0.6874206446824462,0.3696996659551655,-0.2970103017489328,0.5510428997191338,0.9544386257844673,0.9308176048228066,0.5510134608759855,0.41390077802624936,0.07163720214099169,0.07588426466940441,0.2357358456387956,-1.2676136780735823,-1.2761757670616813
2.124367169983391,0.9988492888199717,-1.372398722042295,1.1568102614287696,-0.010684955963028146,-0.6865507261215884,0.8456263332690185,0.2797628260995651,0.0020115794628475024,0.42846824613539014,0.8772979992424079,0.7341016284709758,0.4596026962818674,0.41390077802624936,0.103690783056504,0.12419151908207557,0.24154720972465796,0.7870423553157856,0.780194007493028
2.124367169983391,0.9988492888199717,-1.227935698487939,-0.7030746009502787,-0.010684955963028146,1.3110688294272184,0.8911999051134989,0.2198050281629423,0.0020115794628475024,0.4147096331174307,0.7976414485948549,0.5177895643223128,0.5558699094983645,0.41390077802624936,0.13509891545111474,0.18048481297672495,0.16287249764644718,0.6859156453651604,0.6821576531542902
2.124367169983391,0.9988492888199717,-1.083472674933583,2.3384959704803134,-0.010684955963028146,-0.6865507261215884,-0.6874206446824462,0.2198050281629423,0.0020115794628475024,0.395462222149148,0.7466578051340814,0.5430252672688637,0.6248676103515,0.41390077802624936,0.15343418459938443,0.14619064625490819,0.1095544603729371,0.7797825439427147,0.772892249948388
2.124367169983391,0.9988492888199717,-0.9390096513792268,-0.7030746009502787,-0.010684955963028146,1.2827646726476307,1.2040159952235947,0.1298681883073419,0.36083783691698385,0.4286009869006886,0.696678165678902,0.5550198103070143,0.6401107396401063,0.41390077802624936,0.1720258978201856,0.12210912849153802,0.08409057610867755,0.6985688189580966,0.6916123802185398
2.124367169983391,0.9988492888199717,-0.7945466278248707,1.4240388316693442,-0.010684955963028146,0.5887978891102037,-0.6874206446824462,0.3696996659551655,0.0020115794628475024,0.5040284746738286,0.7724154130946392,0.9078140423227861,0.7609100166332218,0.41390077802624936,0.11524016605616139,-0.02113882818765763,0.034220927826639366,0.7209805882199303,0.7129277813670034
2.124367169983391,0.9988492888199717,-0.6500836042705146,-0.7030746009502787,-0.010684955963028146,1.0118782776809372,1.442518555998202,0.819383579331835,-0.536227806718357,0.6366567699642938,1.017236536753892,1.9430464663048985,1.013711440623523,0.41390077802624936,-0.018736195615295593,-0.35234931917025464,-0.013176352409401472,0.6261204309732105,0.6234292129909037
2.124367169983391,0.9988492888199717,-0.5056205807161585,-0.7030746009502787,-0.010684955963028146,-0.6865507261215884,-0.6874206446824462,1.1191728549162814,-1.1342715691419176,0.7490692352056532,1.2292302778851307,2.474086189076333,1.228063267193012,0.41390077802624936,-0.13776312115626677,-0.5061226520763362,-0.072427155926645,-1.2676136780735823,-1.2761757670616813
2.124367169983391,0.9988492888199717,-0.3611575571618023,-0.7030746009502787,-0.010684955963028146,-0.6865507261215884,-0.6874206446824462,1.4189621305007278,-1.493097826596054,0.9103603812650568,1.4245428020835125,2.8530900434685376,1.3694666459151215,0.41390077802624936,-0.2466520701719643,-0.6076896157574915,-0.10738748380624648,-1.2676136780735823,-1.2761757670616813
2.124367169983391,0.9988492888199717,-0.2166945336074462,-0.7030746009502787,-0.010684955963028146,-0.6865507261215884,-0.6874206446824462,1.568856768292951,-1.672510955323122,1.0916175693324626,1.6182703497574709,3.126546726557096,1.4331733566639158,0.3976748309417163,-0.35534025047298257,-0.6799933746955105,-0.12005763311341668,-1.2676136780735823,-1.2761757670616813
2.124367169983391,0.9988492888199717,-0.07223151005309006,-0.7030746009502787,-0.010684955963028146,-0.6865507261215884,-0.6874206446824462,1.778709204021797,-1.9715328365349023,1.2777842040297263,1.7867732534821568,3.0364156637439863,1.5422725635677945,0.41390077802624936,-0.4533351467833959,-0.6514961565765961,-0.16013104432191683,-1.2676136780735823,-1.2761757670616813
2.124367169983391,0.9988492888199717,0.07223151350126605,-0.7030746009502787,-0.010684955963028146,-0.6865507261215884,-0.6874206446824462,1.8686460438773973,-1.672510955323122,1.4309212745065076,1.889641569639493,2.7341119015761137,1.5555179412867057,0.41390077802624936,-0.4841660389959457,-0.5181721942134803,-0.11774597008215518,-1.2676136780735823,-1.2761757670616813
2.124367169983391,0.9988492888199717,0.2166945370556222,-0.7030746009502787,-0.010684955963028146,-0.6865507261215884,-0.6874206446824462,1.7187514060851743,-1.4332934503536978,1.4919192525858445,1.9492006457883775,2.4180547393231033,1.7155081402138685,0.41390077802624936,-0.48633472674466577,-0.3683654228467584,-0.1280369864537794,-1.2676136780735823,-1.2761757670616813
2.124367169983391,0.9988492888199717,0.3611575606099783,-0.7030746009502787,-0.010684955963028146,-0.6865507261215884,-0.6874206446824462,1.6887723641661967,-1.612706579080766,1.5106867043337868,2.0106244002012894,2.184760835787692,2.13508398098736,0.41390077802624936,-0.49845869871886733,-0.256550894055826,-0.25380918530983493,-1.2676136780735823,-1.2761757670616813
2.124367169983391,0.9988492888199717,0.5056205841643344,-0.7030746009502787,-0.010684955963028146,-0.6865507261215884,-0.6874206446824462,1.8686460438773973,-1.8519240840501903,1.4557699534331496,2.074695580283837,2.0338058107587322,2.702207812337449,0.41390077802624936,-0.5207404107652858,-0.1857906025030242,-0.43779983264281996,-1.2676136780735823,-1.2761757670616813
2.124367169983391,0.9988492888199717,0.6500836077186906,-0.7030746009502787,-0.010684955963028146,-0.6865507261215884,-0.6874206446824462,1.568856768292951,-1.0146628166572054,1.3546947265599942,2.0898154770583073,1.8331900123493727,3.1181038842318523,0.41390077802624936,-0.4915867688353925,-0.05058051735653981,-0.5226643079788187,-1.2676136780735823,-1.2761757670616813
2.124367169983391,0.9988492888199717,0.7945466312730467,0.7730991607948964,-0.010684955963028146,0.443557971897453,-0.6874206446824462,1.5088989703563283,-0.8352496879301373,1.2544813338181857,2.1414545410133767,1.6322542710464518,3.254753346591371,0.41390077802624936,-0.4895882404054762,0.07794106454033319,-0.5261858439539,0.4613264874031362,0.39257281437481145
2.124367169983391,0.9988492888199717,0.9390096548274028,-0.7030746009502787,-0.010684955963028146,1.171267867499191,-0.6874206446824462,1.2690674927085046,-0.23720592550657674,1.1402575783311277,2.065212856380692,1.4790306353965659,2.883679333438465,0.41390077802624936,-0.4022307117089504,0.20952659293409376,-0.3457075619293944,-0.27913526846420494,-0.24825460268821642
2.124367169983391,0.9988492888199717,1.083472678381759,1.4175316369326616,-0.010684955963028146,0.37020906065099074,-0.6874206446824462,1.1191728549162814,-0.7754453116877812,0.9086452136425052,1.8249796761815125,1.4051793611130894,2.2267616549561664,0.41390077802624936,-0.26856213112830424,0.21662324647441458,-0.1265729550355676,0.7354123167407333,0.7270361891962838
2.124367169983391,0.9988492888199717,1.227935701936115,-0.7030746009502787,-0.010684955963028146,1.6629202211088783,-0.6874206446824462,0.9692782171240583,-0.536227806718357,0.8599718559786665,1.6140393391143548,1.5418737190857725,1.6700293867608664,0.41390077802624936,-0.1277413157240008,0.16197925277150005,0.09921868241432803,-0.08820968867831364,-0.05138448273130397
2.124367169983391,0.9988492888199717,1.3723987254904713,2.2896383492039716,-0.010684955963028146,-0.6865507261215884,-0.6874206446824462,0.9692782171240583,0.06181595570520356,0.77785305662277,1.4584896873454145,1.6691173286843977,1.21044073847883,0.41390077802624936,-0.007203201898469171,0.13782204720182933,0.32887007875754654,0.7782455633274356,0.7625146462262891
2.124367169983391,0.9988492888199717,1.5168617490448273,-0.7030746009502787,-0.010684955963028146,0.7564473731930206,1.636763847720843,0.9692782171240583,0.06181595570520356,0.8060764896858928,1.3263723619107708,1.631482595310945,0.7428692213989487,0.41390077802624936,0.09404737724254103,0.16984124232452727,0.5674707356088678,0.6810740935170535,0.6771611428479203
2.124367169983391,0.9988492888199717,1.6613247725991833,-0.7030746009502787,-0.010684955963028146,-0.6865507261215884,-0.6874206446824462,0.9392991752050807,-0.17740154926422066,0.7702005188085417,1.2283605585455657,1.5958089626788554,0.6959338588584705,0.41390077802624936,0.18278112365913698,0.20401396156345494,0.6122227152287064,-1.2676136780735823,-1.2761757670616813
2.124367169983391,1.1090942207206127,-1.6613247691510074,-0.7030746009502787,-0.010684955963028146,-0.6865507261215884,-0.6874206446824462,0.819383579331835,-0.23720592550657674,0.6938503846322678,1.1515156365789585,1.4363928571901177,0.6856228567649444,0.41390077802624936,0.24283338410269034,0.26861599825175925,0.6131889104599647,-1.2676136780735823,-1.2761757670616813
2.124367169983391,1.1090942207206127,-1.5168617455966513,-0.7030746009502787,-0.010684955963028146,-0.6865507261215884,-0.6874206446824462,0.6694889415396119,0.06181595570520356,0.5802354057584751,1.0779972171423196,1.184567131856146,0.5526287508417064,0.41390077802624936,0.3026330567755548,0.37355291271258156,0.6731443268611113,-1.2676136780735823,-1.2761757670616813
2.124367169983391,1.1090942207206127,-1.372398722042295,-0.7030746009502787,-0.010684955963028146,-0.6865507261215884,0.978596657921952,0.6694889415396119,0.0020115794628475024,0.4620444669065598,0.9908228125235664,0.9116276621499253,0.3865037050371786,0.41390077802624936,0.36707282464050184,0.48545700902214467,0.7440289943595245,-0.3345483535846651,-0.3790745691876811
2.124367169983391,1.1090942207206127,-1.227935698487939,-0.7030746009502787,-0.010684955963028146,-0.6865507261215884,-0.6874206446824462,0.6694889415396119,0.06181595570520356,0.3309554413772408,0.9082349598139433,0.6571644801130722,0.42028727088950524,0.41390077802624936,0.43957081724324687,0.6072636294677769,0.727035749146437,-1.2676136780735823,-1.2761757670616813
2.124367169983391,1.1090942207206127,-1.083472674933583,1.2476148233958486,-0.010684955963028146,-0.6865507261215884,0.657032514632427,0.6694889415396119,0.06181595570520356,0.22575675013968963,0.8660598338242845,0.429077522840232,0.422254100031645,0.41390077802624936,0.4843521223901895,0.7186231639388855,0.7244293146886899,0.8212763472426599,0.813660310958314
2.124367169983391,1.1090942207206127,-0.9390096513792268,-0.7030746009502787,-0.010684955963028146,1.44853241501784,0.8710228712077407,0.7594257813952123,-0.17740154926422066,0.2056017323623709,0.8058696893226116,0.2417741669528639,0.5248864508359852,0.41390077802624936,0.5335325038640535,0.8087315576094553,0.6664274686229261,0.7153429555455958,0.7119752269279633
2.124367169983391,1.1090942207206127,-0.7945466278248707,2.3314776100566967,-0.010684955963028146,-0.6865507261215884,-0.6874206446824462,0.7894045374128574,-0.1175971730218646,0.226678742647428,0.7961705792477825,0.3274857077233074,0.6216459816490874,0.41390077802624936,0.552078423500474,0.7684773556648564,0.6214259158619964,0.8133579582793208,0.8064950712071506
2.124367169983391,1.1090942207206127,-0.6500836042705146,-0.7030746009502787,-0.010684955963028146,1.344527012952055,1.1867836723881942,0.819383579331835,-0.23720592550657674,0.3451050838417446,0.848317559297158,0.5212268782590975,0.7399324045292829,0.41390077802624936,0.5224890194623694,0.6664855426640945,0.5585461485609079,0.69897665535338,0.6965652948877126
2.124367169983391,1.1090942207206127,-0.5056205807161585,2.270352191461723,-0.010684955963028146,-0.6865507261215884,-0.6874206446824462,0.6994679834585895,0.3010334606746278,0.538187970137837,0.9365752863252733,0.7302706024242387,0.896544735120069,0.41390077802624936,0.48333164851509713,0.5864271450731021,0.504226761834166,0.7635990421700686,0.7536894974719853
2.124367169983391,1.1090942207206127,-0.3611575571618023,-0.7030746009502787,-0.010684955963028146,1.2938952951669196,1.220766562742164,0.9692782171240583,-0.7754453116877812,0.7862340339076513,1.1837404775485219,1.245901676513535,1.2339287634514082,0.40754967171083073,0.2921969399140768,0.3210834795648972,0.3199483302492491,0.6735982313078739,0.671222107145809
2.124367169983391,1.1090942207206127,-0.2166945336074462,-0.7030746009502787,-0.010684955963028146,-0.6865507261215884,-0.6874206446824462,1.1191728549162814,-1.0744671928995615,1.0827409393377474,1.413146695633324,1.6827662914519483,1.4785845690251522,0.09863717058475284,0.12266716238610237,0.11063928121468422,0.18700925544390712,-1.2676136780735823,-1.2761757670616813
2.124367169983391,1.1090942207206127,-0.07223151005309006,-0.7030746009502787,-0.010684955963028146,-0.6865507261215884,-0.6874206446824462,1.029236015060681,-0.7156409354454252,1.1610135259769652,1.489708436982969,1.8098292079137954,1.4963438074190527,0.3663722843951874,0.07481069753856862,0.05999481336791358,0.18035004139579025,-1.2676136780735823,-1.2761757670616813
2.124367169983391,1.1090942207206127,0.07223151350126605,-0.7030746009502787,-0.010684955963028146,-0.6865507261215884,-0.6874206446824462,1.0742045779391476,-0.7754453116877812,1.2973435231016905,1.6328329303791476,1.7596736005762557,1.4836314347014246,0.41390077802624936,-0.01699676246542754,0.07373876476186556,0.17904540489708548,-1.2676136780735823,-1.2761757670616813
2.124367169983391,1.1090942207206127,0.2166945370556222,-0.7030746009502787,-0.010684955963028146,-0.6865507261215884,-0.6874206446824462,1.1041833339567926,-0.7754453116877812,1.3660365421959673,1.7151856109793522,1.6615771201281087,1.660224535981536,0.41390077802624936,-0.0689705525865093,0.10885313573419397,0.09911998857375655,-1.2676136780735823,-1.2761757670616813
2.124367169983391,1.1090942207206127,0.3611575606099783,-0.7030746009502787,-0.010684955963028146,-0.6865507261215884,-0.6874206446824462,1.149151896835259,-0.8352496879301373,1.3898049859291457,1.8096239115221524,1.6023238620140683,2.0402497781636257,0.41390077802624936,-0.12528075412957057,0.13381059346790172,-0.05473038957567855,-1.2676136780735823,-1.2761757670616813
2.124367169983391,1.1090942207206127,0.5056205841643344,2.0160373184000666,-0.010684955963028146,-0.6865507261215884,-0.6874206446824462,1.1191728549162814,-0.536227806718357,1.3426584740139376,1.8353954349921433,1.4821678992621867,2.4494210358128314,0.41390077802624936,-0.12673578501854846,0.2054433550629585,-0.19216025247622745,0.6319694411710589,0.5843714108749654
2.124367169983391,1.1090942207206127,0.6500836077186906,-0.7030746009502787,-0.010684955963028146,2.0911456408836,-0.6874206446824462,1.2690674927085046,-0.7754453116877812,1.3481178466714607,1.8814251570947542,1.4401426542120646,2.7932491352970894,0.41390077802624936,-0.14080863553644313,0.24283313137541604,-0.3006284952007592,0.2537147551264805,0.28131071035427085
2.124367169983391,1.1090942207206127,0.7945466312730467,2.268822456924379,-0.010684955963028146,-0.6865507261215884,-0.6874206446824462,1.0891938129973038,-0.596032182960713,1.3222111649948038,1.907136843874183,1.5094649959296884,2.8449408554444386,0.41390077802624936,-0.15577904030819795,0.2130329552615059,-0.31908424338762487,0.7419669971403811,0.7328157835773782
2.124367169983391,1.1090942207206127,0.9390096548274028,-0.7030746009502787,-0.010684955963028146,1.7618872832740027,-0.6874206446824462,1.1191728549162814,-0.536227806718357,1.2877005277033802,1.8208363332478248,1.5196343725128596,2.4032082815794364,0.41390077802624936,-0.08621930869063252,0.22666196528772356,-0.1417445128329741,0.006271660634047457,0.03063487543607155
2.124367169983391,1.1090942207206127,1.083472678381759,2.277303543134231,-0.010684955963028146,-0.6865507261215884,-0.6874206446824462,0.819383579331835,0.06181595570520356,1.1053134083924483,1.6014228424868888,1.5782286808849797,1.8120333115760248,0.41390077802624936,0.06656881642551776,0.21489739099435856,0.10620978725374719,0.7131195372072723,0.7022527858099398
2.124367169983391,1.1090942207206127,1.227935701936115,-0.7030746009502787,-0.010684955963028146,0.8660916198382922,1.5232658093998925,0.8493626212508127,0.3010334606746278,1.0786285911950761,1.410055365212774,1.4993751906361075,1.0672576926761002,0.41390077802624936,0.21776115563543605,0.2810576422622309,0.47093920721256916,0.6830455124608475,0.677223977874303
2.124367169983391,1.1090942207206127,1.3723987254904713,-0.7030746009502787,-0.010684955963028146,-0.6865507261215884,-0.6874206446824462,0.819383579331835,0.06181595570520356,1.003127213242238,1.2723600078218962,1.4815006608442673,0.9413309889454495,0.41390077802624936,0.31822697735148153,0.28947503717897055,0.531963442971232,-1.2676136780735823,-1.2761757670616813
2.124367169983391,1.1090942207206127,1.5168617490448273,-0.7030746009502787,-0.010684955963028146,-0.6865507261215884,-0.6874206446824462,0.819383579331835,0.36083783691698385,0.8849428133442783,1.1871776083784826,1.356914400770921,0.8885773275360019,0.41390077802624936,0.3947470927760359,0.3635332785037266,0.5781322905810446,-1.2676136780735823,-1.2761757670616813
2.124367169983391,1.1090942207206127,1.6613247725991833,1.250455349438839,-0.010684955963028146,0.7870675680493485,-0.6874206446824462,0.6994679834585895,0.6598597181287641,0.7071218455805357,1.104007391599087,1.0968455871559453,0.7126417347154888,0.41390077802624936,0.4798426594230243,0.5134400271733268,0.6987905327113823,0.7703555737252489,0.760652928311053
2.124367169983391,1.2193391526212536,-1.6613247691510074,-0.7030746009502787,-0.010684955963028146,0.9447041779142065,1.6353395003685616,0.6694889415396119,0.7196640943711202,0.6710523216660991,1.0266232436419493,1.1277399692070125,0.5765130711358493,0.41390077802624936,0.5404507093696392,0.5049530168244311,0.7753987879153266,0.6946401807510848,0.6913213332885193
2.124367169983391,1.2193391526212536,-1.5168617455966513,-0.7030746009502787,-0.010684955963028146,-0.6865507261215884,-0.6874206446824462,0.6694889415396119,0.7196640943711202,0.601674674092672,0.9657303659139079,1.170116654119492,0.6635279685285446,0.41390077802624936,0.5925049997916848,0.4924267933169474,0.7380776684333827,-1.2676136780735823,-1.2761757670616813
2.124367169983391,1.2193391526212536,-1.372398722042295,-0.7030746009502787,-0.010684955963028146,-0.6865507261215884,0.5048196944488734,0.4896152618284111,0.9588815993405444,0.5259398554836192,0.9212487442357227,1.0972326683250986,0.6799843962246521,0.41390077802624936,0.62517607103974,0.5251781432650624,0.7281006382182669,-0.6711169115417475,-0.679191950174509
2.124367169983391,1.2193391526212536,-1.227935698487939,-0.7030746009502787,-0.010684955963028146,-0.6865507261215884,-0.6874206446824462,0.6694889415396119,0.7196640943711202,0.41591476233144614,0.8741510067841258,0.9032577571261367,0.6854169784972731,0.41390077802624936,0.6755485318206911,0.6343971658502509,0.7422760869433568,-1.2676136780735823,-1.2761757670616813
2.124367169983391,1.2193391526212536,-1.083472674933583,1.2344635497357264,-0.010684955963028146,-0.6865507261215884,0.6184311115721353,0.6694889415396119,0.7196640943711202,0.296802484867188,0.8406334149882331,0.6828386540199699,0.6203610734093528,0.41390077802624936,0.7166909341414306,0.7612265071953676,0.7936741796590241,0.8031302339230326,0.7951645036973055
2.124367169983391,1.2193391526212536,-0.9390096513792268,-0.7030746009502787,-0.010684955963028146,1.2317013780806043,0.7179946440658682,0.4596365058107659,0.6000553418864081,0.28103968246183986,0.7874942591162818,0.46011612785368156,0.6823458931921695,0.41390077802624936,0.7620111574708734,0.8804241754639359,0.765470449572882,0.6151275415509366,0.6318423522725415
2.124367169983391,1.2193391526212536,-0.7945466278248707,1.424382117142939,-0.010684955963028146,0.5591879144573424,-0.6874206446824462,0.9692782171240583,0.06181595570520356,0.36411447688604376,0.8927950063225133,0.8434093720753681,0.8037278138202755,0.41390077802624936,0.696671907201145,0.7026690852268572,0.7210680470299349,0.7629776713377658,0.7544715581749445
2.124367169983391,1.2193391526212536,-0.6500836042705146,-0.7030746009502787,-0.010684955963028146,-0.6865507261215884,1.9008119914464359,0.9692782171240583,0.06181595570520356,0.4982728874021173,1.1172236466831171,1.4419976599006405,1.0502007188869438,0.41390077802624936,0.547457127779874,0.43872596944096975,0.619038267307463,0.09117550514055575,0.11839197207934517
2.124367169983391,1.2193391526212536,-0.5056205807161585,-0.7030746009502787,-0.010684955963028146,-0.6865507261215884,-0.6874206446824462,1.149151896835259,-0.41661905423364487,0.6818899839520959,1.2947333638883385,2.171986328338036,1.2766977357528482,0.41390077802624936,0.4323200057037387,0.13027321865825184,0.5165152367313386,-1.2676136780735823,-1.2761757670616813
2.124367169983391,1.2193391526212536,-0.3611575571618023,-0.7030746009502787,-0.010684955963028146,-0.6865507261215884,-0.6874206446824462,0.9692782171240583,-0.23720592550657674,0.754088536261965,1.3925447839177076,2.7195230029502766,1.3729389090303512,0.41390077802624936,0.36467661508306964,-0.09238100600292289,0.4616635146432842,-1.2676136780735823,-1.2761757670616813
2.124367169983391,1.2193391526212536,-0.2166945336074462,-0.7030746009502787,-0.010684955963028146,-0.6865507261215884,-0.6874206446824462,1.2690674927085046,-0.7754453116877812,0.8846668694873523,1.5158139326793527,2.902205421968203,1.3858237963438145,0.41390077802624936,0.2829774862839323,-0.16142802056496786,0.45396888866598606,-1.2676136780735823,-1.2761757670616813
2.124367169983391,1.2193391526212536,-0.07223151005309006,-0.7030746009502787,-0.010684955963028146,-0.6865507261215884,-0.6874206446824462,1.2690674927085046,-0.536227806718357,1.0090116179068744,1.593029007196879,2.651459711116901,1.3522086763468553,0.41390077802624936,0.2546423444201263,-0.04551290426248742,0.49650746239672505,-1.2676136780735823,-1.2761757670616813
2.124367169983391,1.2193391526212536,0.07223151350126605,-0.7030746009502787,-0.010684955963028146,-0.6865507261215884,-0.6874206446824462,1.2690674927085046,-0.7754453116877812,1.11419788513191,1.658509132609522,2.229861179633443,1.3196522426196202,0.41390077802624936,0.20524504596761725,0.10593058880667013,0.49511264767643615,-1.2676136780735823,-1.2761757670616813
2.124367169983391,1.2193391526212536,0.2166945370556222,-0.7030746009502787,-0.010684955963028146,-0.6865507261215884,-0.6874206446824462,1.239088450789527,-0.596032182960713,1.1967737573693025,1.7198236502733846,1.9775000058299357,1.4353004941804872,0.41390077802624936,0.17729649836352973,0.22136208388264578,0.45248236727967944,-1.2676136780735823,-1.2761757670616813
2.124367169983391,1.2193391526212536,0.3611575606099783,-0.7030746009502787,-0.010684955963028146,-0.6865507261215884,-0.6874206446824462,1.2091096947718818,-0.596032182960713,1.1978638009936995,1.775723643216851,1.7162475692823027,1.8569212839131006,0.41390077802624936,0.1550123761284597,0.3385489288273791,0.26547544403152995,-1.2676136780735823,-1.2761757670616813
2.124367169983391,1.2193391526212536,0.5056205841643344,-0.7030746009502787,-0.010684955963028146,-0.6865507261215884,-0.6874206446824462,1.2690674927085046,-0.536227806718357,1.1681468708471197,1.8314469091905181,1.5666991325703727,2.4056568495929653,0.41390077802624936,0.1344197242890906,0.42433379210709726,0.05129125030902272,-1.2676136780735823,-1.2761757670616813
2.124367169983391,1.2193391526212536,0.6500836077186906,0.8361323579508494,-0.010684955963028146,0.4972207686902563,-0.6874206446824462,1.1191728549162814,-0.23720592550657674,1.104855681615557,1.8682040315824227,1.386990690500887,2.8811323019056156,0.41390077802624936,0.12575461404881677,0.5230512942209672,-0.1217338999586981,0.5541213999685838,0.48598526806688525
2.124367169983391,1.2193391526212536,0.7945466312730467,-0.7030746009502787,-0.010684955963028146,1.587133413581385,-0.6874206446824462,1.1191728549162814,-0.41661905423364487,1.0796525913845219,1.9375937193702784,1.4132326387137162,3.1561311463921053,0.41390077802624936,0.07743081362173554,0.5007357529811075,-0.23193889225824202,-0.06186982043784446,-0.018390874684359716
2.124367169983391,1.2193391526212536,0.9390096548274028,1.4833498181186537,-0.010684955963028146,0.2822674986915828,-0.6874206446824462,0.9692782171240583,-0.23720592550657674,0.988268748168948,1.8986080281426725,1.4786418964922128,2.8213022870745514,0.41390077802624936,0.10537140760327274,0.4607515548154318,-0.11548474571720344,0.7280655098562842,0.7189237165392592
2.124367169983391,1.2193391526212536,1.083472678381759,-0.7030746009502787,-0.010684955963028146,1.2317170679781524,-0.6874206446824462,0.819383579331835,0.06181595570520356,0.8938743705522203,1.6696457148087842,1.571596082350581,2.1404360021987183,0.41390077802624936,0.26382034280546307,0.4095798747706194,0.1496405358353159,-0.3039232374376502,-0.279166365553232
2.124367169983391,1.2193391526212536,1.227935701936115,1.5684641904427827,-0.010684955963028146,0.22886923357144123,-0.6874206446824462,0.819383579331835,0.06181595570520356,0.755786702604232,1.478807026893125,1.6971463154426107,1.537859607656407,0.41390077802624936,0.39965375483298676,0.35016234437864824,0.4127096229261946,0.6907154968854992,0.6805382696730515
2.124367169983391,1.2193391526212536,1.3723987254904713,-0.7030746009502787,-0.010684955963028146,-0.6865507261215884,-0.6874206446824462,0.819383579331835,0.06181595570520356,0.7471356665209848,1.3324116930047103,1.6689532128996174,1.0879407279701696,0.41390077802624936,0.5084838952455849,0.35769122083575106,0.6230331843585597,-1.2676136780735823,-1.2761757670616813
2.124367169983391,1.2193391526212536,1.5168617490448273,-0.7030746009502787,-0.010684955963028146,-0.6865507261215884,-0.6874206446824462,0.6694889415396119,0.36083783691698385,0.6862390422279596,1.2236814684987058,1.4951297307894205,0.6932842950658321,0.41390077802624936,0.5899154931043934,0.43217040781102084,0.8208128023241313,-1.2676136780735823,-1.2761757670616813
2.124367169983391,1.2193391526212536,1.6613247725991833,-0.7030746009502787,-0.010684955963028146,-0.6865507261215884,2.66184126289818,0.6694889415396119,0.48044658940169593,0.5930628717331584,1.1349840113725065,1.2487952533047852,0.4724802598624886,0.41390077802624936,0.6620442448057116,0.5495389902390775,0.94267960730306,0.575079050042298,0.5770637177740873
2.124367169983391,1.3295840845218945,-1.6613247691510074,-0.7030746009502787,-0.010684955963028146,-0.6865507261215884,-0.6874206446824462,0.6694889415396119,0.36083783691698385,0.49268600514246014,1.0512321262988096,1.0045163674679016,0.6736477398200836,0.41390077802624936,0.7297425877276374,0.6638906870698661,0.830842454697605,-1.2676136780735823,-1.2761757670616813
2.124367169983391,1.3295840845218945,-1.5168617455966513,-0.7030746009502787,-0.010684955963028146,-0.6865507261215884,0.3212446658953979,0.6694889415396119,-0.23720592550657674,0.3911249339904043,0.9916396529272858,0.7526326214019368,0.7497649227437945,0.41390077802624936,0.763459680850492,0.7663177591744822,0.7670264060063164,-0.731995885098687,-0.7703799006605864
2.124367169983391,1.3295840845218945,-1.372398722042295,-0.7030746009502787,-0.010684955963028146,-0.6865507261215884,-0.6874206446824462,0.5795521016840115,0.6598597181287641,0.2888740031960337,0.9242496238449578,0.530384207502791,0.7540908076091709,0.41390077802624936,0.815172206521739,0.8748545071504402,0.7587483509537816,-1.2676136780735823,-1.2761757670616813
2.124367169983391,1.3295840845218945,-1.227935698487939,0.6734989835736569,-0.010684955963028146,0.4795289448142837,0.19670432713607425,0.5195943037473887,0.7196640943711202,0.17286249769751688,0.8699693961994972,0.2955859092735618,0.6551471769129479,0.41390077802624936,0.8595842707672547,1.0013260121620444,0.8114028249938919,0.8437569579938692,0.8344750786392462
2.124367169983391,1.3295840845218945,-1.083472674933583,-0.7030746009502787,-0.010684955963028146,1.16997271875625,0.9895194085715413,0.3696996659551655,1.0784903518252564,0.14470576196474116,0.8150274860804955,0.3183789394032077,0.6497617920297536,0.41390077802624936,0.905313262092011,0.9912024969812182,0.8164030217839069,0.692414605499256,0.6854531149125593
2.124367169983391,1.3295840845218945,-0.9390096513792268,1.5591585740922822,-0.010684955963028146,0.4779812933201346,-0.6874206446824462,-0.05000534845319268,0.9588815993405444,0.11245040989260091,0.7416934471438443,0.44717916235444477,0.6817014047020683,0.41390077802624936,0.9660418214712065,0.9235094049828814,0.8010591864639098,0.7705642551068813,0.7636665534851884
2.124367169983391,1.3295840845218945,-0.7945466278248707,-0.7030746009502787,-0.010684955963028146,1.1097258133563428,1.4194428319381531,0.3696996659551655,1.0784903518252564,0.19355305580379853,0.8247732131119253,0.9703255789720328,0.7772468233595757,0.41390077802624936,0.9031156520794716,0.6600854771863447,0.755237295740531,0.6491620189785757,0.6478796112048544
2.124367169983391,1.3295840845218945,-0.6500836042705146,2.2531277174066626,-0.010684955963028146,-0.6865507261215884,-0.6874206446824462,0.9692782171240583,-0.23720592550657674,0.49668653717249084,1.0681025941599562,1.6593748189151747,0.9778479346440515,0.41390077802624936,0.712006009440428,0.33753896288485324,0.6512323291114007,0.7932179581668866,0.7702750789960877
2.124367169983391,1.3295840845218945,-0.5056205807161585,-0.7030746009502787,-0.010684955963028146,-0.6865507261215884,0.6216421163977367,1.0891938129973038,-0.41661905423364487,0.6746650937265631,1.2873887580095797,2.3863505536269343,1.28963714418858,0.41390077802624936,0.5485002574282914,0.03474045991264305,0.4997128287232499,-0.5764941945233968,-0.5709374334346891
2.124367169983391,1.3295840845218945,-0.3611575571618023,-0.7030746009502787,-0.010684955963028146,-0.6865507261215884,-0.6874206446824462,1.1191728549162814,-0.536227806718357,0.8928497164673791,1.4325205636414744,3.0208843426570633,1.388461967663143,0.41390077802624936,0.4419732932911733,-0.2080317571596144,0.44825862026194807,-1.2676136780735823,-1.2761757670616813
2.124367169983391,1.3295840845218945,-0.2166945336074462,-0.7030746009502787,-0.010684955963028146,-0.6865507261215884,-0.6874206446824462,1.2690674927085046,-0.7754453116877812,1.0378117867088803,1.5732154090906443,3.1570225304702135,1.4355047449519713,0.41390077802624936,0.33905197137686593,-0.25930363137781026,0.42252878666623706,-1.2676136780735823,-1.2761757670616813
2.124367169983391,1.3295840845218945,-0.07223151005309006,-0.7030746009502787,-0.010684955963028146,-0.6865507261215884,-0.6874206446824462,1.3290252906451274,-0.7754453116877812,1.1934827018434533,1.6794624109383225,2.9612290837570714,1.4615284089840892,0.41390077802624936,0.27508604660082575,-0.18144538506165675,0.4203452946181956,-1.2676136780735823,-1.2761757670616813
2.124367169983391,1.3295840845218945,0.07223151350126605,-0.7030746009502787,-0.010684955963028146,-0.6865507261215884,-0.6874206446824462,1.2690674927085046,-0.7754453116877812,1.3163261064347718,1.7591398348500251,2.5269397604515467,1.4419284724025512,0.41390077802624936,0.22373986960462364,-0.01912431806523487,0.4291331950639481,-1.2676136780735823,-1.2761757670616813
2.124367169983391,1.3295840845218945,0.2166945370556222,-0.7030746009502787,-0.010684955963028146,-0.6865507261215884,-0.6874206446824462,1.2690674927085046,-0.7754453116877812,1.40632369141176,1.8327918431772214,2.2058041264139496,1.5759283709694318,0.41390077802624936,0.17128163156456797,0.10236328586730829,0.36107243783126686,-1.2676136780735823,-1.2761757670616813
2.124367169983391,1.3295840845218945,0.3611575606099783,-0.7030746009502787,-0.010684955963028146,-0.6865507261215884,-0.6874206446824462,1.2690674927085046,-0.7754453116877812,1.4098861135267662,1.8977737933521617,1.9786902597033917,1.9889299408950347,0.41390077802624936,0.1258059510670961,0.1909477304981251,0.1739179105206697,-1.2676136780735823,-1.2761757670616813
2.124367169983391,1.3295840845218945,0.5056205841643344,-0.7030746009502787,-0.010684955963028146,-0.6865507261215884,-0.6874206446824462,1.2690674927085046,-0.7754453116877812,1.3741173814942869,1.9696522700021168,1.8212327683532175,2.4413608609460984,0.41390077802624936,0.07987667306539094,0.25629211492558895,-0.013601478311155143,-1.2676136780735823,-1.2761757670616813
2.124367169983391,1.3295840845218945,0.6500836077186906,-0.7030746009502787,-0.010684955963028146,-0.6865507261215884,-0.6874206446824462,1.2690674927085046,-0.7754453116877812,1.307287310381958,2.0276333273812948,1.6819962734516414,2.6646728677738007,0.41390077802624936,0.042898594696905906,0.31588986470734737,-0.10146214143547636,-1.2676136780735823,-1.2761757670616813
2.124367169983391,1.3295840845218945,0.7945466312730467,0.7785193445877906,-0.010684955963028146,0.48553838477385763,-0.6874206446824462,1.149151896835259,-0.6558365592030692,1.152417417106945,1.995921272934339,1.4399097424164928,2.389687857004901,0.41390077802624936,0.058130263918495406,0.4136290639724447,-0.0027800917210616537,0.49690747181403594,0.4567352562741873
2.124367169983391,1.3295840845218945,0.9390096548274028,-0.7030746009502787,-0.010684955963028146,1.586245992976062,-0.6874206446824462,0.9692782171240583,-0.536227806718357,1.0474005087893592,1.923646204265542,1.3279313874052232,2.218432129470464,0.41390077802624936,0.09647901657315193,0.44460055768471907,0.0484251986467635,-0.06134793724097119,-0.019973007433345475
2.124367169983391,1.3295840845218945,1.083472678381759,2.2772675304097043,-0.010684955963028146,-0.6865507261215884,-0.6874206446824462,0.819383579331835,-0.23720592550657674,0.8204131462335265,1.6928470436864924,1.2850325159048066,1.5736816124831068,0.41390077802624936,0.2455506307885172,0.45119060172498826,0.31193338598850334,0.8004979007326731,0.7880469530704
2.124367169983391,1.3295840845218945,1.227935701936115,-0.7030746009502787,-0.010684955963028146,0.9572628949083275,1.51553094852488,0.7294467394762346,-0.1175971730218646,0.801393944758294,1.4730828820878439,1.265405760006778,0.9645496632990587,0.41390077802624936,0.39769668164787814,0.45626927521480376,0.5944602257670939,0.7056116807810983,0.7026371642449457
2.124367169983391,1.3295840845218945,1.3723987254904713,2.2659530848682103,-0.010684955963028146,-0.6865507261215884,-0.6874206446824462,0.6694889415396119,0.06181595570520356,0.7493085609204279,1.3136264510455775,1.2742613814441082,0.847092449726203,0.41390077802624936,0.5111553483470311,0.4477401919879072,0.6481750035457331,0.7440392517905453,0.735093604452341
2.124367169983391,1.3295840845218945,1.5168617490448273,-0.7030746009502787,-0.010684955963028146,1.157972875912794,1.357681925831972,0.6694889415396119,0.06181595570520356,0.7695629707978715,1.1877613639991988,1.1770642223418526,0.8364762920975911,0.41390077802624936,0.5990756560937083,0.4822794223805537,0.6425728179980731,0.6743705860855438,0.6710205029080664
2.124367169983391,1.3295840845218945,1.6613247725991833,2.289877359027445,-0.010684955963028146,-0.6865507261215884,-0.6874206446824462,0.3097418680185427,0.48044658940169593,0.7428637679017971,1.0762438629537565,1.1975977593941713,0.918787725509497,0.41390077802624936,0.6874924627026172,0.47419448994822294,0.603129344245433,0.7326421208288301,0.7232126676071761
2.124367169983391,1.4398290164225354,-1.6613247691510074,-0.7030746009502787,-0.010684955963028146,1.2353416435104083,1.331252532106513,0.3696996659551655,0.7196640943711202,0.7841906107965291,0.9919277039725498,1.1395505036379854,0.9230655992373533,0.41390077802624936,0.74749892956179,0.4963992103599464,0.5960397639146471,0.6676579117716368,0.6636917283488253
2.124367169983391,1.4398290164225354,-1.5168617455966513,0.8040208327470529,-0.010684955963028146,-0.6865507261215884,-0.6874206446824462,0.2198050281629423,0.7196640943711202,0.7357461165211361,0.9187369947830589,1.1577292278389888,0.9809922572775757,0.41390077802624936,0.8052147531264712,0.4880382017745481,0.5677019674167554,-0.27661617323287074,-0.3220431864225113
2.124367169983391,1.4398290164225354,-1.372398722042295,-0.7030746009502787,-0.010684955963028146,0.4462033932233874,0.49565609331595495,0.1898261291946309,0.8392728468558323,0.7055073778489002,0.8532860919402251,1.0504687872063492,0.925450694899584,0.41390077802624936,0.8527224636761167,0.535019943659687,0.5915317262322607,0.003653257510075936,0.01627983501138005
2.124367169983391,1.4398290164225354,-1.227935698487939,1.505245196295119,-0.010684955963028146,-0.6865507261215884,-0.6874206446824462,0.06991039037071911,0.7196640943711202,0.6021317469741678,0.7927014427461255,0.9949139363230618,0.8912057338782077,0.41390077802624936,0.906405077551191,0.5648671806732166,0.6119766356748921,0.21826947652361908,0.19432687341677576
2.124367169983391,1.4398290164225354,-1.083472674933583,-0.7030746009502787,-0.010684955963028146,1.0716537539591813,1.0973393025937215,-0.07998424742150408,1.0784903518252564,0.5909154792541422,0.7265853785523924,0.836740303366574,0.7626555062939127,0.41390077802624936,0.9604429532335129,0.6413300821591765,0.6763894327429105,0.6779641837280742,0.6745298493652604
2.124367169983391,1.4398290164225354,-0.9390096513792268,2.3007256099957165,-0.010684955963028146,-0.6865507261215884,-0.6874206446824462,-0.07998424742150408,0.9588815993405444,0.5542626806468669,0.6733724704804459,0.8157749262947072,0.7523420629561058,0.41390077802624936,0.992303237019166,0.6272610418779911,0.6569648691343288,0.7333033945609798,0.7263752957103232
2.124367169983391,1.4398290164225354,-0.7945466278248707,-0.7030746009502787,-0.010684955963028146,1.2302231805329351,1.2444828142794762,0.3696996659551655,0.18142470818991568,0.6171445313608096,0.7397306645383139,0.9417072673502908,0.7888036737843455,0.41390077802624936,0.9146565994188484,0.5301672492362473,0.6014808077491616,0.6708695559809468,0.6638904671456255
2.124367169983391,1.4398290164225354,-0.6500836042705146,1.836804496781298,-0.010684955963028146,-0.6865507261215884,-0.6874206446824462,0.819383579331835,0.36083783691698385,0.8184880781890005,1.0061500503885887,1.610246178533911,0.9849592792336912,0.41390077802624936,0.7194101089781787,0.25481609426747626,0.5332311784543248,0.42827142844967053,0.39859085437719544
2.124367169983391,1.4398290164225354,-0.5056205807161585,-0.7030746009502787,-0.010684955963028146,-0.6865507261215884,1.0055625090985676,1.2690674927085046,-1.0744671928995615,0.9601008962144479,1.2595605222453856,2.366581232501723,1.3197075774899825,0.41390077802624936,0.515780982407204,-0.07145473721911226,0.3536140656935668,-0.377096797717279,-0.3717001522477126
2.124367169983391,1.4398290164225354,-0.3611575571618023,-0.7030746009502787,-0.010684955963028146,-0.6865507261215884,-0.6874206446824462,1.4189621305007278,-1.0744671928995615,1.0818581805537426,1.4352333922054457,3.084949177188522,1.472700356560604,0.41390077802624936,0.3882188557942809,-0.3274081267244338,0.28871129300996795,-1.2676136780735823,-1.2761757670616813
2.124367169983391,1.4398290164225354,-0.2166945336074462,-0.7030746009502787,-0.010684955963028146,-0.6865507261215884,-0.6874206446824462,1.568856768292951,-1.493097826596054,1.2443269922205482,1.5915804026648994,3.2426387514666684,1.54844402910937,0.41390077802624936,0.27007960273369824,-0.3904584549483249,0.24304093663472312,-1.2676136780735823,-1.2761757670616813
2.124367169983391,1.4398290164225354,-0.07223151005309006,-0.7030746009502787,-0.010684955963028146,-0.6865507261215884,-0.6874206446824462,1.6288145662295739,-1.0744671928995615,1.3538649333030297,1.685409899670004,3.0402143639543273,1.5696250782366994,0.41390077802624936,0.2221139563402465,-0.29406537090875,0.2675419009057964,-1.2676136780735823,-1.2761757670616813
2.124367169983391,1.4398290164225354,0.07223151350126605,-0.7030746009502787,-0.010684955963028146,-0.6865507261215884,-0.6874206446824462,1.8686460438773973,-1.4332934503536978,1.4717583497499658,1.7891667211046398,2.6880185743456835,1.581388620677234,0.41390077802624936,0.1716754563902413,-0.1359702425758581,0.3000737489295661,-1.2676136780735823,-1.2761757670616813
2.124367169983391,1.4398290164225354,0.2166945370556222,-0.7030746009502787,-0.010684955963028146,-0.6865507261215884,-0.6874206446824462,1.7187514060851743,-1.0146628166572054,1.5256785640677708,1.8635729500431066,2.315614163783881,1.6796348692572742,0.41390077802624936,0.1534785320705741,0.056708574603237936,0.31191395290927576,-1.2676136780735823,-1.2761757670616813
2.124367169983391,1.4398290164225354,0.3611575606099783,-0.7030746009502787,-0.010684955963028146,-0.6865507261215884,-0.6874206446824462,1.6887723641661967,-0.8950540641724933,1.535587040996678,1.9312858189442812,2.0613780914694004,2.08031954803872,0.41390077802624936,0.16186068616314875,0.24283291450491087,0.22081473437929944,-1.2676136780735823,-1.2761757670616813
2.124367169983391,1.4398290164225354,0.5056205841643344,-0.7030746009502787,-0.010684955963028146,-0.6865507261215884,-0.6874206446824462,1.2690674927085046,0.06181595570520356,1.4311109041712198,1.9531519546918892,1.8352630102167222,2.5382400127289544,0.41390077802624936,0.20958965203101224,0.43310663778179265,0.11445661836999499,-1.2676136780735823,-1.2761757670616813
2.124367169983391,1.4398290164225354,0.6500836077186906,0.7042244668026474,-0.010684955963028146,0.42850905896380714,-0.6874206446824462,1.1191728549162814,0.06181595570520356,1.3342107993987093,1.9931256470892411,1.629587803977574,2.836151562285874,0.41390077802624936,0.1995116892031637,0.5433024451222176,0.0073469443977546515,0.3945407163406869,0.3468379208397058
2.124367169983391,1.4398290164225354,0.7945466312730467,-0.7030746009502787,-0.010684955963028146,1.1653050788349937,-0.6874206446824462,1.029236015060681,0.18142470818991568,1.1781357769096807,1.8500950833817356,1.4152384983054738,2.189708449263907,0.41390077802624936,0.3158158246244093,0.6636378160608506,0.29367720897482863,-0.28271322848382235,-0.25272509990727815
2.124367169983391,1.4398290164225354,0.9390096548274028,1.3952974524771946,-0.010684955963028146,0.38320479359148624,-0.6874206446824462,0.9692782171240583,0.06181595570520356,0.9324953943001285,1.6721080642029607,1.3627678637614138,1.7047202817375149,0.41390077802624936,0.4472694418342245,0.6792409982955314,0.5061218145826613,0.7307988584958061,0.7225507507494503
2.124367169983391,1.4398290164225354,1.083472678381759,-0.7030746009502787,-0.010684955963028146,1.2799833768089295,-0.6874206446824462,0.9692782171240583,0.06181595570520356,0.8708572526285392,1.49630856310706,1.48735412383476,1.27647883751568,0.41390077802624936,0.5832407166526203,0.6178139458027561,0.7151763304367046,-0.2764287015007065,-0.2515100506104665
2.124367169983391,1.4398290164225354,1.227935701936115,2.2670341832751366,-0.010684955963028146,-0.6865507261215884,-0.6874206446824462,0.9093204191874354,-0.057792796779508555,0.7685572796795016,1.3514759409279755,1.5573519926463022,0.8943012316261181,0.41390077802624936,0.6864016113188979,0.5555148570087362,0.8833113319136318,0.7595330804698894,0.7456644207637081
2.124367169983391,1.4398290164225354,1.3723987254904713,-0.7030746009502787,-0.010684955963028146,-0.6865507261215884,2.649358089414938,0.9692782171240583,0.06181595570520356,0.7887626474022784,1.2449262767501288,1.4578489238811252,0.5439786086071406,0.41390077802624936,0.7802124201301136,0.6003313637703667,1.0728078727949582,0.5666471359219185,0.5886877883061892
2.124367169983391,1.4398290164225354,1.5168617490448273,-0.7030746009502787,-0.010684955963028146,-0.6865507261215884,-0.6874206446824462,0.9692782171240583,-0.23720592550657674,0.7546548096745191,1.16324154060271,1.2621499680743715,0.6196954274688189,0.41390077802624936,0.8300551214454404,0.6524605270954564,0.9834183285385983,-1.2676136780735823,-1.2761757670616813
2.124367169983391,1.4398290164225354,1.6613247725991833,-0.7030746009502787,-0.010684955963028146,-0.6865507261215884,-0.6874206446824462,0.9542886961645695,-0.23720592550657674,0.6817278178939973,1.1118738290815846,1.024051947929941,0.7623243108198329,0.41390077802624936,0.8524597531130911,0.7281008387553479,0.861499993147336,-1.2676136780735823,-1.2761757670616813
2.124367169983391,1.5500739483231762,-1.6613247691510074,0.6490381019022012,-0.010684955963028146,0.4795746547158073,0.4134544743735482,0.9692782171240583,-0.23720592550657674,0.5595611950370825,1.0621133588999756,0.7758806998439276,0.6998886745931826,0.41390077802624936,0.8800265268347632,0.8295146918598608,0.8694474675037973,0.8231019947820577,0.8113771685501723
2.124367169983391,1.5500739483231762,-1.5168617455966513,-0.7030746009502787,-0.010684955963028146,-0.6865507261215884,-0.6874206446824462,0.819383579331835,-0.23720592550657674,0.512538269351635,0.9956194886251354,0.7212342878501306,0.6770190981717117,0.41390077802624936,0.9022879932965082,0.8032273841885176,0.8264370411414765,-1.2676136780735823,-1.2761757670616813
2.124367169983391,1.5500739483231762,-1.372398722042295,-0.7030746009502787,-0.010684955963028146,-0.6865507261215884,0.6787060650542995,0.819383579331835,-0.35681467799128885,0.4614840785525656,0.9555755229051467,0.615379606666921,0.6298859948444978,0.41390077802624936,0.8996473906098026,0.8059200483805729,0.7991940475564728,-0.5242478179142206,-0.5322029144593746
2.124367169983391,1.5500739483231762,-1.227935698487939,-0.7030746009502787,-0.010684955963028146,-0.6865507261215884,-0.6874206446824462,0.819383579331835,-0.23720592550657674,0.37597221598911285,0.906171985540495,0.4596503042625379,0.6312099629927235,0.41390077802624936,0.9119875565060537,0.8432039918865127,0.7554940744053806,-1.2676136780735823,-1.2761757670616813
2.124367169983391,1.5500739483231762,-1.083472674933583,0.6163709774011099,-0.010684955963028146,0.4830023743334923,0.24982815322634286,0.819383579331835,-0.23720592550657674,0.26858232128104303,0.8685298367486491,0.2826298798195273,0.5628746530877475,0.41390077802624936,0.9196278545316623,0.9075867724941012,0.7629515731462614,0.8400138143483084,0.8313564555220022
2.124367169983391,1.5500739483231762,-0.9390096513792268,-0.7030746009502787,-0.010684955963028146,2.080084472310791,-0.6874206446824462,0.8493626212508127,-0.2970103017489328,0.24740591889586097,0.8379623329525611,0.3502513852221566,0.538584272494917,0.41390077802624936,0.9252084053356037,0.8498692899920721,0.7540455457807099,0.26656312939164145,0.2592537740247496
2.124367169983391,1.5500739483231762,-0.7945466278248707,2.299801820902891,-0.010684955963028146,-0.6865507261215884,-0.6874206446824462,0.819383579331835,-0.23720592550657674,0.28633165789809983,0.8535115231930404,0.6424902081244452,0.4847174036934763,0.41390077802624936,0.8971856239210465,0.6835476127869805,0.7646175775789171,0.8331954512726444,0.8191400574122074
2.124367169983391,1.5500739483231762,-0.6500836042705146,-0.7030746009502787,-0.010684955963028146,0.8852218935214787,1.3765260266596369,0.9692782171240583,-0.536227806718357,0.445450563453456,1.0200683429235158,1.278757159305965,0.5579823995492518,0.41390077802624936,0.748520367512343,0.3677715787860506,0.7103728662802182,0.703106246001964,0.7002623277266428
2.124367169983391,1.5500739483231762,-0.5056205807161585,-0.7030746009502787,-0.010684955963028146,-0.6865507261215884,-0.6874206446824462,1.029236015060681,-0.596032182960713,0.6713001480210159,1.2186642315726233,1.6775179018093824,0.7956456677550161,0.37954611383162506,0.5842284119620508,0.18632405132813337,0.5816389788101992,-1.2676136780735823,-1.2761757670616813
2.124367169983391,1.5500739483231762,-0.3611575571618023,-0.7030746009502787,-0.010684955963028146,-0.6865507261215884,-0.6874206446824462,1.1191728549162814,-0.7754453116877812,0.7874986676026626,1.379247818878966,2.2622085665871343,0.9387473387483897,0.41390077802624936,0.44945307275258456,-0.059868647351493186,0.49876628492042396,-1.2676136780735823,-1.2761757670616813
2.124367169983391,1.5500739483231762,-0.2166945336074462,-0.7030746009502787,-0.010684955963028146,-0.6865507261215884,-0.6874206446824462,1.2091096947718818,-0.6558365592030692,0.9001210332659966,1.4909844891979787,2.6515542020232896,1.0080388026633011,0.41390077802624936,0.3814746659093415,-0.17757381280355672,0.4993372680909868,-1.2676136780735823,-1.2761757670616813
2.124367169983391,1.5500739483231762,-0.07223151005309006,-0.7030746009502787,-0.010684955963028146,-0.6865507261215884,-0.6874206446824462,1.2990465346274822,-0.7156409354454252,0.9984041268001145,1.561653012302731,2.4893647055452868,1.0090616840169089,0.41390077802624936,0.3429699740489257,-0.09322224669243498,0.5285694229317562,-1.2676136780735823,-1.2761757670616813
2.124367169983391,1.5500739483231762,0.07223151350126605,-0.7030746009502787,-0.010684955963028146,-0.6865507261215884,-0.6874206446824462,1.4189621305007278,-1.0146628166572054,1.1085933476965728,1.634901470856369,2.1759532886711566,1.0181585739548402,0.41390077802624936,0.2902789117851243,0.0370804926633096,0.5350319043463446,-1.2676136780735823,-1.2761757670616813
2.124367169983391,1.5500739483231762,0.2166945370556222,-0.7030746009502787,-0.010684955963028146,-0.6865507261215884,-0.6874206446824462,1.3739938535235938,-1.0744671928995615,1.201508613928546,1.7175922983357965,1.8940131456976232,1.1789120685937642,0.41390077802624936,0.22587722490087278,0.14690284899385064,0.4533845861939302,-1.2676136780735823,-1.2761757670616813
2.124367169983391,1.5500739483231762,0.3611575606099783,-0.7030746009502787,-0.010684955963028146,-0.6865507261215884,-0.6874206446824462,1.3290252906451274,-1.1342715691419176,1.2345107145424148,1.7818415969390873,1.7070894111710093,1.6096183557909989,0.41390077802624936,0.1622747565734956,0.19967590084875772,0.23109832687796034,-1.2676136780735823,-1.2761757670616813
2.124367169983391,1.5500739483231762,0.5056205841643344,-0.7030746009502787,-0.010684955963028146,-0.6865507261215884,-0.6874206446824462,1.2690674927085046,-1.0146628166572054,1.171158713039065,1.8221506531137754,1.547885495787846,2.1404433259315603,0.41390077802624936,0.12472666858890444,0.2555105136249956,-0.002827036800094545,-1.2676136780735823,-1.2761757670616813
2.124367169983391,1.5500739483231762,0.6500836077186906,2.2339687687908505,-0.010684955963028146,-0.6865507261215884,-0.6874206446824462,1.1191728549162814,-0.7754453116877812,1.100581167414787,1.8379663253598975,1.3700759893897307,2.609711507786519,0.41390077802624936,0.10209861243324941,0.32058597862606225,-0.19495665074215415,0.816129951619145,0.7756500321812255
2.124367169983391,1.5500739483231762,0.7945466312730467,-0.7030746009502787,-0.010684955963028146,2.1722540432621567,-0.6874206446824462,1.0891938129973038,-0.7156409354454252,1.114789660464891,1.8866031181547886,1.2317214096144482,2.819225601939781,0.41390077802624936,0.06196198183682745,0.373850675916165,-0.27834399370765284,0.30682569456567577,0.33572420580690476
2.124367169983391,1.5500739483231762,0.9390096548274028,1.44838827097933,-0.010684955963028146,0.4631070612458581,-0.6874206446824462,1.1191728549162814,-0.7754453116877812,1.062882136174617,1.8493394712195215,1.328306035560378,2.520337554670587,0.41390077802624936,0.07001104785774938,0.3148120182967067,-0.18225112886380568,0.714749085360485,0.7070452357863307
2.124367169983391,1.5500739483231762,1.083472678381759,-0.7030746009502787,-0.010684955963028146,1.239751759913241,-0.6874206446824462,0.9692782171240583,-0.536227806718357,0.9782569557675425,1.6276208763210023,1.47121607166471,1.9042635205003597,0.41390077802624936,0.2112782302003313,0.24440153886872656,0.05162488789396346,-0.29935561360470947,-0.2793718586036824
2.124367169983391,1.5500739483231762,1.227935701936115,2.277334539160813,-0.010684955963028146,-0.6865507261215884,-0.6874206446824462,0.9392991752050807,-0.6558365592030692,0.8345470952085369,1.4438102164445001,1.5398289027168195,1.3366888727064377,0.41390077802624936,0.3042531855871681,0.17282559734602146,0.251526205082617,0.7511556284155173,0.7377983760277417
2.124367169983391,1.5500739483231762,1.3723987254904713,-0.7030746009502787,-0.010684955963028146,0.8108177843652452,1.599354281793702,0.819383579331835,-0.536227806718357,0.8442227853766252,1.2865712218303886,1.4706847675331742,0.7126661471582956,0.41390077802624936,0.4016628880929701,0.18337049191837176,0.5207047029239158,0.6886286830691746,0.6838859233913454
2.124367169983391,1.5500739483231762,1.5168617490448273,-0.7030746009502787,-0.010684955963028146,-0.6865507261215884,-0.6874206446824462,0.819383579331835,-0.536227806718357,0.7989372597571783,1.1752255773264444,1.44903557469139,0.6520199429893886,0.41390077802624936,0.47075239190460616,0.17910356472936673,0.5353133564713372,-1.2676136780735823,-1.2761757670616813
2.124367169983391,1.5500739483231762,1.6613247725991833,-0.7030746009502787,-0.010684955963028146,-0.6865507261215884,-0.6874206446824462,0.6694889415396119,-0.1175971730218646,0.7079169823815356,1.0944363042110419,1.3018734477995717,0.6512802459723406,0.41390077802624936,0.5165503146247985,0.2284014836096046,0.5210748048260587,-1.2676136780735823,-1.2761757670616813
2.124367169983391,1.6603188802238171,-1.6613247691510074,-0.7030746009502787,-0.010684955963028146,1.1395968679044053,1.4085026142590567,0.6694889415396119,0.06181595570520356,0.5854175267682812,1.0237990910025139,1.0633667959283906,0.5669555997769617,0.41390077802624936,0.5582576651654757,0.3326613283533202,0.5623074319628641,0.7064419127378255,0.6990764445251391
2.124367169983391,1.6603188802238171,-1.5168617455966513,-0.7030746009502787,-0.010684955963028146,-0.6865507261215884,-0.6874206446824462,0.5195943037473887,-1.3734890741113417,0.46065101581862333,0.9459884326812535,1.0480078793022465,0.6525415555173619,0.41390077802624936,0.5538884751778342,0.24583028175671462,0.42140625340433896,-1.2676136780735823,-1.2761757670616813
2.124367169983391,1.6603188802238171,-1.372398722042295,-0.7030746009502787,-0.010684955963028146,-0.6865507261215884,0.4881151478463714,0.5495733456663663,0.24122908443227173,0.3520572996873292,0.8947021268903116,0.9380950623499272,0.6326218159350537,0.41390077802624936,0.5653807367064485,0.26570646355454497,0.4013613597049087,-0.6343234721267118,-0.6664701087498862
2.124367169983391,1.6603188802238171,-1.227935698487939,-0.7030746009502787,-0.010684955963028146,-0.6865507261215884,-0.6874206446824462,0.5195943037473887,0.36083783691698385,0.248716979163957,0.8434471309955939,0.7536861121214095,0.6399211363343064,0.41390077802624936,0.6056029290000027,0.36612488104037766,0.41695717000724963,-1.2676136780735823,-1.2761757670616813
2.124367169983391,1.6603188802238171,-1.083472674933583,0.7580308814329338,-0.010684955963028146,0.4181529943868118,0.30000590853736986,0.5195943037473887,0.36083783691698385,0.13777250908562783,0.8023546316398256,0.5164865844552703,0.5549910615573174,0.41390077802624936,0.6432172971725131,0.4931264175665906,0.4749256086446784,0.835202639032067,0.8266104666237509
2.124367169983391,1.6603188802238171,-0.9390096513792268,-0.7030746009502787,-0.010684955963028146,1.1918239344722361,1.128189214493422,0.6095311436029891,0.18142470818991568,0.12367125488039542,0.7713153920739574,0.5195533945748998,0.5765846809680828,0.41390077802624936,0.6693909818535538,0.5043496830790786,0.47719513027941274,0.6776368721036533,0.6706633461620145
2.124367169983391,1.6603188802238171,-0.7945466278248707,2.286415479110537,-0.010684955963028146,-0.6865507261215884,-0.6874206446824462,0.819383579331835,-0.23720592550657674,0.20776808780785824,0.8558827260004305,0.782432069353536,0.7325614742977968,0.41390077802624936,0.6066320795542408,0.3983091146175016,0.41924612472121153,0.8378939278582367,0.8249268153956583
2.124367169983391,1.6603188802238171,-0.6500836042705146,-0.7030746009502787,-0.010684955963028146,1.1705362998761795,1.1567472847729734,0.9692782171240583,-0.536227806718357,0.39660261571900307,1.102243600778449,1.7721149032507524,1.002296182367033,0.41390077802624936,0.4239214623283331,-0.009666161594236767,0.30696921681728107,0.6719052339490487,0.6709539837433289
2.124367169983391,1.6603188802238171,-0.5056205807161585,-0.7030746009502787,-0.010684955963028146,-0.6865507261215884,-0.6874206446824462,1.2091096947718818,-0.7754453116877812,0.6424666305538366,1.3032315654990962,2.4785090265893985,1.1827513320991905,0.3016187147432833,0.2931123295639589,-0.24924669544206793,0.25458571414033276,-1.2676136780735823,-1.2761757670616813
2.124367169983391,1.6603188802238171,-0.3611575571618023,-0.7030746009502787,-0.010684955963028146,-0.6865507261215884,-0.6874206446824462,1.4189621305007278,-0.7754453116877812,0.7491758201551293,1.4307804291868729,3.0482245404397594,1.2705083677532143,0.41390077802624936,0.2333367587776105,-0.4007743342672272,0.2700029147931439,-1.2676136780735823,-1.2761757670616813
2.124367169983391,1.6603188802238171,-0.2166945336074462,-0.7030746009502787,-0.010684955963028146,-0.6865507261215884,-0.6874206446824462,1.4189621305007278,-0.7754453116877812,0.8875433553324169,1.549744119329935,3.2055369799599513,1.2754046900321778,0.41390077802624936,0.16386307089490762,-0.43514332131332384,0.29011615179367783,-1.2676136780735823,-1.2761757670616813
2.124367169983391,1.6603188802238171,-0.07223151005309006,-0.7030746009502787,-0.010684955963028146,-0.6865507261215884,-0.6874206446824462,1.7187514060851743,-1.2538803216266297,1.043713846549197,1.658145242037848,3.031204573143416,1.3155704821823124,0.41390077802624936,0.10156355055259166,-0.35845834443008096,0.29579410451540483,-1.2676136780735823,-1.2761757670616813
2.124367169983391,1.6603188802238171,0.07223151350126605,-0.7030746009502787,-0.010684955963028146,-0.6865507261215884,-0.6874206446824462,1.568856768292951,-0.7754453116877812,1.1619584048235483,1.7361695034289055,2.658708158278025,1.3053628260966688,0.41390077802624936,0.10272911778451099,-0.15011627188637502,0.3944562844521824,-1.2676136780735823,-1.2761757670616813
2.124367169983391,1.6603188802238171,0.2166945370556222,-0.7030746009502787,-0.010684955963028146,-0.6865507261215884,-0.6874206446824462,1.7187514060851743,-1.0146628166572054,1.2662985314067303,1.82121761820629,2.3116886468307554,1.4361134285259558,0.41390077802624936,0.10695923988695442,0.06657162830736806,0.4308308601313003,-1.2676136780735823,-1.2761757670616813
2.124367169983391,1.6603188802238171,0.3611575606099783,-0.7030746009502787,-0.010684955963028146,-0.6865507261215884,-0.6874206446824462,1.5088989703563283,-0.596032182960713,1.2776462321012632,1.8759647111932292,2.0296581572888335,1.8413965977841216,0.41390077802624936,0.10863817730166703,0.2375007193945644,0.30524251130568986,-1.2676136780735823,-1.2761757670616813
2.124367169983391,1.6603188802238171,0.5056205841643344,-0.7030746009502787,-0.010684955963028146,-0.6865507261215884,-0.6874206446824462,1.7187514060851743,-0.7156409354454252,1.2646984493737972,1.9483239686940959,1.8768481265712973,2.386188740202584,0.41390077802624936,0.1284429384708243,0.4002689733726243,0.16390507103596597,-1.2676136780735823,-1.2761757670616813
2.124367169983391,1.6603188802238171,0.6500836077186906,-0.7030746009502787,-0.010684955963028146,-0.6865507261215884,-0.6874206446824462,1.568856768292951,-0.7754453116877812,1.185521525402521,1.969878397030404,1.6829784815575228,2.8474358070993,0.41390077802624936,0.1329070898913392,0.49939158959013147,-0.014173553227742008,-1.2676136780735823,-1.2761757670616813
2.124367169983391,1.6603188802238171,0.7945466312730467,0.8357442805313264,-0.010684955963028146,0.46779865441070473,-0.6874206446824462,1.359004332564105,-0.35681467799128885,1.092342085430742,2.010876966697499,1.4669838736996215,3.0440788476566896,0.41390077802624936,0.1243689965930053,0.6246993674710519,-0.07114435434842065,0.5315791374396828,0.47592531894070167
2.124367169983391,1.6603188802238171,0.9390096548274028,-0.7030746009502787,-0.010684955963028146,1.1961376103048065,-0.6874206446824462,1.3290252906451274,-0.35681467799128885,1.0220810251779147,1.97194902483404,1.3662980108693874,2.749606197543164,0.41390077802624936,0.1919099541959809,0.7143885504551492,0.07913535925485227,-0.2634742789882043,-0.2324038020915213
2.124367169983391,1.6603188802238171,1.083472678381759,1.2614442471173257,-0.010684955963028146,0.2001936446172305,-0.6874206446824462,1.2990465346274822,-0.2970103017489328,0.8355809038289158,1.76088971016123,1.3313769900180068,2.118200335542132,0.41390077802624936,0.359121130241105,0.7505534421544682,0.3664698118248205,0.5753003134193777,0.5529577864962999
2.124367169983391,1.6603188802238171,1.227935701936115,-0.7030746009502787,-0.010684955963028146,1.0196230203093362,-0.6874206446824462,1.2690674927085046,-0.2970103017489328,0.8030947266821432,1.579462081275136,1.4438269706936195,1.5914180659303876,0.41390077802624936,0.5155852750886932,0.7117288505798781,0.6310245469051866,-0.3969932463464126,-0.37673647171574853
2.124367169983391,1.6603188802238171,1.3723987254904713,2.265658533031786,-0.010684955963028146,-0.6865507261215884,-0.6874206446824462,1.2091096947718818,-0.17740154926422066,0.738559828408227,1.4402067952768143,1.5035642874860013,1.1564957498604074,0.41390077802624936,0.6324524305789553,0.6902337304610352,0.8609370888973509,0.7765302778623894,0.7637259090475694
2.124367169983391,1.6603188802238171,1.5168617490448273,-0.7030746009502787,-0.010684955963028146,-0.6865507261215884,2.592910507254703,1.1641411318934154,-0.1175971730218646,0.7700854332189233,1.3219235735450277,1.4015182529243317,0.7512825629382879,0.41390077802624936,0.7331385435377581,0.7446224675793774,1.0863608079371516,0.5295286316673631,0.5559347749612414
2.124367169983391,1.6603188802238171,1.6613247725991833,-0.7030746009502787,-0.010684955963028146,-0.6865507261215884,-0.6874206446824462,1.1041833339567926,0.0020115794628475024,0.7423380360037676,1.2278936932040871,1.218763722425214,0.785425805447969,0.41390077802624936,0.8171914625740593,0.8415922102921704,1.07198076600716,-1.2676136780735823,-1.2761757670616813
2.124367169983391,1.770563812124458,-1.6613247691510074,-0.7030746009502787,-0.010684955963028146,2.125839142342061,-0.6874206446824462,1.0442255360201698,0.06181595570520356,0.6741864422970139,1.1627649344046282,1.0230133768272665,0.8818313558403715,0.41390077802624936,0.8848676317603902,0.9467188864450069,1.021375280904932,0.22967190989770134,0.22723308551497268
2.124367169983391,1.770563812124458,-1.5168617455966513,-0.7030746009502787,-0.010684955963028146,-0.6865507261215884,-0.6874206446824462,0.9992572590430359,0.18142470818991568,0.5765997473591664,1.0963823882052526,1.13049015190348,0.7759122764861338,0.41390077802624936,0.9536124785948458,0.8929549532520279,1.0833314310696989,-1.2676136780735823,-1.2761757670616813
2.124367169983391,1.770563812124458,-1.372398722042295,-0.7030746009502787,-0.010684955963028146,-0.6865507261215884,0.06541669452334503,0.9392991752050807,0.24122908443227173,0.48382114526486514,1.0428007191333304,1.0930850148551998,0.5892571800291263,0.41390077802624936,1.0050266229110234,0.9077832571717753,1.184942853715766,-0.8512585978368836,-0.9205044451270903
2.124367169983391,1.770563812124458,-1.227935698487939,-0.7030746009502787,-0.010684955963028146,-0.6865507261215884,-0.6874206446824462,0.8793413772684578,0.36083783691698385,0.37915603267009024,0.9853922849673223,0.9441946990175902,0.5257246113723543,0.41390077802624936,1.0677975761535945,0.9870216673827613,1.2223246742766454,-1.2676136780735823,-1.2761757670616813
2.124367169983391,1.770563812124458,-1.083472674933583,-0.7030746009502787,-0.010684955963028146,-0.6865507261215884,0.873298082542311,0.819383579331835,0.5402509656440521,0.29165894368572,0.9361647787969987,0.7340021643589878,0.43478907566487646,0.41390077802624936,1.120563354265596,1.1012547360472278,1.2756341959311681,-0.3994189651972489,-0.387124820841382
2.124367169983391,1.770563812124458,-0.9390096513792268,-0.7030746009502787,-0.010684955963028146,-0.6865507261215884,-0.6874206446824462,0.7594257813952123,0.6598597181287641,0.19725083426568538,0.8817655735458856,0.5316399419166393,0.4692260812363335,0.41390077802624936,1.1778646253821998,1.2151291008961613,1.255259158234074,-1.2676136780735823,-1.2761757670616813
2.124367169983391,1.770563812124458,-0.7945466278248707,0.6968639854960302,-0.010684955963028146,0.4368670673877046,0.25763696134603603,1.0142464941011922,0.18142470818991568,0.1924322790958102,0.9154939853096888,0.4563688174345344,0.5050554097958754,0.41390077802624936,1.16008273554834,1.2631949784365903,1.2389379918733736,0.8536748057765704,0.8468449825138196
2.124367169983391,1.770563812124458,-0.6500836042705146,-0.7030746009502787,-0.010684955963028146,-0.6865507261215884,-0.6874206446824462,1.2840570136679934,-0.17740154926422066,0.30808610381295615,1.1189310796905512,0.8310658757776596,0.6444333695131085,0.41390077802624936,1.015911034861701,1.077963277534152,1.1841253542929793,-1.2676136780735823,-1.2761757670616813
2.124367169983391,1.770563812124458,-0.5056205807161585,-0.7030746009502787,-0.010684955963028146,-0.6865507261215884,0.7814390789561825,1.5388777263739735,-0.596032182960713,0.4697813572268153,1.319432001581042,1.2061964318755325,0.8760464206432382,0.41390077802624936,0.8845475587074563,0.9092675189090841,1.0856411289581172,-0.4566823226196252,-0.4531769187051837
2.124367169983391,1.770563812124458,-0.3611575571618023,-0.7030746009502787,-0.010684955963028146,-0.6865507261215884,-0.6874206446824462,1.7187514060851743,-1.0146628166572054,0.7048188259973764,1.5417399183040503,1.6751340785920705,1.1412452968389588,0.41390077802624936,0.7160401832054955,0.6723124193967089,0.9391082877092833,-1.2676136780735823,-1.2761757670616813
2.124367169983391,1.770563812124458,-0.2166945336074462,-0.7030746009502787,-0.010684955963028146,-0.6865507261215884,-0.6874206446824462,1.8686460438773973,-0.9548584404148494,0.8851945630715685,1.7366586335854768,2.024863158223413,1.3489056728350863,0.41390077802624936,0.5824636718313408,0.5254919548860276,0.8495073814226731,-1.2676136780735823,-1.2761757670616813
2.124367169983391,1.770563812124458,-0.07223151005309006,-0.7030746009502787,-0.010684955963028146,-0.6865507261215884,-0.6874206446824462,1.568856768292951,-0.47642343047600094,1.06079228649041,1.8438351914632822,2.063640071149527,1.4145027204052256,0.41390077802624936,0.5298208133405716,0.5376831134630405,0.8480889849882653,-1.2676136780735823,-1.2761757670616813
2.124367169983391,1.770563812124458,0.07223151350126605,-0.7030746009502787,-0.010684955963028146,-0.6865507261215884,-0.6874206446824462,1.7187514060851743,-0.7156409354454252,1.219106246813833,1.9469866882375808,1.89139226634674,1.467619313464402,0.41390077802624936,0.4866610831184333,0.6544166990519913,0.8580492023146112,-1.2676136780735823,-1.2761757670616813
2.124367169983391,1.770563812124458,0.2166945370556222,-0.7030746009502787,-0.010684955963028146,-0.6865507261215884,-0.6874206446824462,1.7187514060851743,-0.7156409354454252,1.3480348019562247,2.033939140480877,1.7640956092217213,1.6310980504686656,0.41390077802624936,0.45900079407707856,0.7533250472104013,0.8109770440445238,-1.2676136780735823,-1.2761757670616813
2.124367169983391,1.770563812124458,0.3611575606099783,-0.7030746009502787,-0.010684955963028146,-0.6865507261215884,-0.6874206446824462,1.6587936081485515,-0.536227806718357,1.3885776242716812,2.1080663634552113,1.6683987004752845,2.019812494793812,0.41390077802624936,0.4442128405862507,0.8431198461305109,0.6560923457119314,-1.2676136780735823,-1.2761757670616813
2.124367169983391,1.770563812124458,0.5056205841643344,-0.7030746009502787,-0.010684955963028146,-0.6865507261215884,-0.6874206446824462,1.568856768292951,-0.47642343047600094,1.345759245979679,2.138306852779623,1.5761266726516336,2.4122172867232634,0.41390077802624936,0.43834451325730694,0.9018887168415514,0.4789831919175539,-1.2676136780735823,-1.2761757670616813
2.124367169983391,1.770563812124458,0.6500836077186906,-0.7030746009502787,-0.010684955963028146,-0.6865507261215884,-0.6874206446824462,1.568856768292951,-0.47642343047600094,1.2749842239459421,2.15958297092727,1.4802333222840205,2.6502744090063115,0.41390077802624936,0.4393828225284212,0.9653159660034089,0.38186932619204256,-1.2676136780735823,-1.2761757670616813
2.124367169983391,1.770563812124458,0.7945466312730467,0.5605485668684816,-0.010684955963028146,0.3808444054043431,-0.6874206446824462,1.4189621305007278,-0.23720592550657674,1.1891454136847097,2.1437944339245427,1.3655967888798721,2.6013974435145943,0.41390077802624936,0.4601923913464353,1.0323037951189684,0.4089762882224533,0.2613906710632716,0.25407715028770583
2.124367169983391,1.770563812124458,0.9390096548274028,-0.7030746009502787,-0.010684955963028146,1.0723951539179897,-0.6874206446824462,1.239088450789527,0.4206422131593399,1.0390770742992872,2.001209166518894,1.1950639111412775,2.179828733659969,0.41390077802624936,0.5929075012965039,1.1599871725134014,0.6371147429255839,-0.30792691826036545,-0.2786231598202685
2.124367169983391,1.770563812124458,1.083472678381759,1.300768350622284,-0.010684955963028146,0.380827983311576,-0.6874206446824462,1.194120173812393,0.4206422131593399,0.7974803808158726,1.7692543228814306,1.1369238222139026,1.557370845695747,0.41390077802624936,0.7918999069395083,1.2151867884505336,0.9776207204526387,0.7337241724372947,0.7207541192784804
2.124367169983391,1.770563812124458,1.227935701936115,-0.7030746009502787,-0.010684955963028146,1.1294731184104394,-0.6874206446824462,1.149151896835259,0.36083783691698385,0.7564079032300132,1.5723456897510792,1.2552595917164042,1.1888528153047195,0.41390077802624936,0.9590831247962737,1.1507489227346346,1.1846148932101501,-0.333794602185978,-0.3119886611666832
2.124367169983391,1.770563812124458,1.3723987254904713,2.266704514553104,-0.010684955963028146,-0.6865507261215884,-0.6874206446824462,1.1041833339567926,0.36083783691698385,0.695628326212793,1.4233732035156654,1.355111613741139,0.8534868822454145,0.41390077802624936,1.085957383568027,1.0930227654123992,1.3791295355162854,0.7809697450845601,0.7682551478059532
2.124367169983391,1.770563812124458,1.5168617490448273,-0.7030746009502787,-0.010684955963028146,0.7732582616213232,1.5334163499964713,1.0442255360201698,0.36083783691698385,0.7258912590146647,1.299699113429519,1.3176484559608657,0.4976600671215825,0.41390077802624936,1.1961372296255275,1.107890973505096,1.5938440994572618,0.713108572896954,0.708587661710827
2.124367169983391,1.770563812124458,1.6613247725991833,-0.7030746009502787,-0.010684955963028146,-0.6865507261215884,-0.6874206446824462,0.9842677380835471,0.4206422131593399,0.7020194998089878,1.2057694247564963,1.3206216040417065,0.5073168157478847,0.41390077802624936,1.2832404834193083,1.1116896772734626,1.5937794680926398,-1.2676136780735823,-1.2761757670616813
2.124367169983391,1.770563812124458,1.6613247725991833,-0.7030746009502787,-0.010684955963028146,-0.6865507261215884,-0.6874206446824462,0.9842677380835471,0.4206422131593399,0.7020194998089878,1.2057694247564963,1.3206216040417065,0.5073168157478847,0.41390077802624936,1.2832404834193083,1.1116896772734626,1.5937794680926398,-1.2676136780735823,-1.2761757670616813
